120102.793966 630.370467 121.582015 -0.006107 -0.005545
269277.329682 299.921115 156.301737 -0.018285 0.015148
1260731.205931 302.327645 191.698126 0.013063 -0.002957
973263.179405 632.954366 572.885052 0.008496 -0.005939
1683880.506867 289.117018 229.202988 -0.016817 -0.013039
1760997.696668 175.477140 580.311787 0.011721 -0.019815
354965.669268 681.941697 474.532209 -0.004793 -0.012052
306862.422408 411.988980 346.453283 -0.003479 0.002352
913598.742761 35.014013 562.684350 0.011156 0.014844
723511.401901 210.185845 397.894039 -0.007306 0.019057
27418.055584 126.980006 203.088026 -0.004125 -0.010455
1026719.971107 221.749407 272.864697 -0.000715 -0.017198
919235.655535 527.194754 552.694052 -0.009944 -0.018416
247720.705461 324.273074 333.782296 0.008062 0.012674
229642.751734 125.479032 517.252154 -0.017957 0.017146
1463437.116455 330.383463 118.980633 -0.004253 0.009172
349002.480669 325.721347 534.081983 0.001302 0.011305
253345.397419 21.880384 48.651506 0.003295 0.000362
301882.374241 33.127325 100.908556 -0.017031 -0.008248
417897.793659 158.407581 419.974312 0.010564 0.015940
1032678.423930 703.038542 34.638418 -0.004922 0.017254
1981626.739717 86.454985 206.285165 -0.012558 0.000486
148080.320166 291.185933 546.276977 0.018534 0.015040
1426235.401736 72.497299 542.635591 0.011804 0.006901
826207.458426 756.245390 428.175343 0.003245 -0.019250
17939.873048 633.088064 129.727946 0.008263 0.002243
229060.592236 178.608671 260.720758 -0.012986 0.003894
729567.630556 129.777308 425.661502 0.008443 -0.006083
424191.899795 625.380579 428.275128 -0.015123 0.009737
1179453.697605 667.588077 501.722394 -0.000343 0.005135
1017047.714916 724.831309 344.254867 -0.011065 -0.000462
1184883.571782 186.671176 168.517756 0.012304 0.017674
1669257.284919 737.976478 97.824064 -0.009230 -0.016962
1530870.404807 506.862388 153.100500 -0.001079 -0.006378
1211583.405366 549.610811 75.469332 -0.007255 0.012395
1741377.547263 727.225444 385.815007 0.008297 -0.003765
544004.606336 172.660334 185.174349 0.013869 -0.002454
1594854.852927 349.799350 402.296754 -0.016924 -0.010147
1223177.906695 729.749108 101.233304 0.010932 -0.013165
527324.168257 433.118582 487.518210 0.000764 -0.019356
312490.830343 99.660012 422.361870 -0.009761 -0.002874
1025907.483430 120.759788 212.161369 -0.013731 0.014353
1509229.653286 341.796376 43.525258 -0.018132 -0.009460
1023852.793045 688.093500 428.206983 -0.012674 0.017495
1918069.081343 635.146623 509.722072 -0.014813 0.002799
59433.087734 314.584500 68.012378 0.013714 0.016465
257531.464220 800.620641 21.710508 0.013270 -0.008795
961609.428265 277.305093 259.692554 0.013376 0.000057
582120.371322 470.069934 558.527678 -0.005431 0.005992
408974.288222 701.781004 306.490365 0.016838 -0.017666
899929.745542 700.293889 511.628057 -0.008030 -0.019846
849952.291162 263.269163 237.606946 0.001511 -0.013092
617567.269419 532.361901 103.649580 -0.006174 -0.000017
907629.657959 661.888546 507.033920 0.015498 0.006314
693382.430213 141.735810 148.668813 -0.008906 0.001676
1797970.130014 385.105604 250.764998 -0.003520 -0.004089
955435.349120 688.599462 163.901696 -0.006710 -0.013569
557659.864685 605.889962 293.268500 0.007015 -0.008252
1324351.926951 788.340823 575.569397 0.013342 -0.006823
917046.023028 230.626213 93.446610 -0.007870 -0.012901
1632997.046985 519.004313 212.637353 -0.017497 0.017129
1790149.784549 770.159936 244.846472 -0.007404 -0.004947
1613713.184192 632.057191 140.567202 -0.016801 -0.015063
791753.703166 288.651244 527.119389 0.015413 -0.018593
347958.385175 437.295957 12.034219 -0.014656 -0.004610
701432.257286 473.866327 403.427617 0.000325 0.015833
1693039.169392 258.611703 326.895836 -0.012034 -0.004482
944105.254926 76.440795 210.578146 0.015359 -0.003687
1451122.988691 550.761544 119.928945 0.018418 0.010774
644142.737912 284.956444 76.541837 -0.011889 -0.010298
328294.663843 300.246737 473.819395 -0.012113 0.000427
344141.964030 428.867727 60.427039 0.013707 -0.018295
1995072.262359 551.869183 220.759539 0.001689 0.015582
1509670.835691 11.075532 591.125079 -0.015723 0.015783
783939.521193 665.485269 350.142604 0.003520 0.011737
702233.533702 730.429653 89.016972 -0.000809 -0.015190
783487.379916 514.314867 295.311835 -0.012694 0.013069
1976.599918 282.043959 217.526369 -0.015851 -0.012077
812477.567611 81.039577 532.131673 0.010930 0.005808
1551513.418346 422.719909 395.132511 0.010375 0.005367
1106838.468046 120.684117 279.770165 -0.014513 0.009726
516376.429478 389.577504 394.355078 -0.004061 0.018673
1541877.001311 639.143002 367.090730 -0.009510 0.019229
877046.727052 211.039498 200.376130 0.012098 -0.005350
1062152.807164 166.445300 281.028921 -0.003289 0.019321
220503.739184 155.118527 306.246738 0.010777 0.018106
285758.867062 257.647349 62.737847 0.004286 -0.002055
1694852.848395 693.284478 566.620146 0.000255 -0.009247
1823523.613542 219.376248 44.360192 0.000925 0.001476
109429.840049 768.275932 480.109731 -0.004462 0.010485
331166.874772 736.382532 582.213633 0.005307 -0.006553
1904142.131984 594.098224 318.591182 -0.001587 0.000435
967910.745632 483.325638 499.208710 0.003517 -0.011505
581591.096978 348.376190 48.189916 -0.010664 0.017487
706572.319710 117.970187 128.411467 -0.003016 0.006871
1499518.371885 385.548542 378.887587 0.001970 0.014866
785875.055374 571.511251 474.362915 -0.005468 -0.006111
257524.722376 252.998701 54.452024 0.006471 0.011211
1201976.699383 114.812096 228.970816 -0.002616 0.009276
1186503.038363 580.076027 101.914292 0.006820 0.018388
215485.423904 20.057573 64.834039 -0.007116 -0.001908
1555844.913030 56.618814 560.873352 -0.003701 0.004791
1610655.802121 641.125666 200.266624 0.003835 -0.013392
1363983.919548 580.645398 288.298893 0.010879 -0.004605
515601.680854 298.552001 317.705106 0.005557 0.012248
521772.659627 185.425857 319.630073 -0.002813 0.016118
984056.433190 429.815064 558.434123 0.003466 0.013578
764465.851134 302.181991 558.097466 -0.007321 0.011436
1098768.237559 98.277122 352.960899 0.014575 0.008851
1505133.839094 452.457363 265.830038 -0.010754 -0.006517
1656881.889169 392.714422 425.871777 -0.005631 -0.014822
1035409.796534 493.462438 216.274012 -0.018004 -0.018103
532033.862794 432.384855 349.875408 -0.012178 -0.014335
885049.308131 462.071491 312.485957 -0.005103 0.015766
611963.250959 737.678389 10.478660 0.015698 0.012227
1469794.933437 516.315002 223.670963 -0.012387 0.015639
1419313.830053 5.368153 222.213577 -0.003138 -0.005435
1001399.715897 751.318917 589.971861 0.014479 0.019438
57920.523946 103.079777 316.866830 0.004567 -0.007021
1340168.589419 44.002740 541.140912 -0.012377 -0.002907
1593328.125585 397.103640 209.014030 0.012547 -0.004450
308175.125303 438.504581 21.630980 0.000920 0.009137
1829796.170737 187.860851 440.344954 -0.008568 0.006237
194622.977727 628.315520 356.814315 -0.016822 0.005970
1163384.351490 85.711720 466.940434 -0.015241 0.009245
203536.384834 623.420626 467.062093 -0.019844 0.018799
408990.508136 640.554631 279.663682 0.002447 0.004639
1709918.606891 566.561646 96.588697 0.015781 -0.010606
1776676.395804 644.385698 280.203689 0.004773 -0.016390
248411.979642 575.666320 526.910860 0.008749 0.011925
1052401.075630 239.732737 543.550854 -0.007833 -0.003532
1254879.329007 324.221628 114.378156 -0.003726 -0.003562
322021.593490 487.282132 125.302511 -0.000329 -0.015054
1647379.426121 386.281947 521.395146 0.019419 -0.005112
204691.412954 699.201892 106.324202 0.002788 -0.000169
536197.156895 555.203634 128.640370 -0.014201 -0.003475
25648.950611 538.024736 428.920678 0.016660 0.018935
247729.502734 436.821308 229.311933 -0.007399 0.018031
1580350.309415 379.693675 335.123747 -0.020009 -0.015902
1443766.372951 659.225916 351.135964 0.003683 0.012391
1912564.341869 554.209895 409.453235 -0.014675 -0.009431
357511.299829 321.077508 575.535331 -0.004439 0.001836
744693.135258 324.227013 130.778800 -0.016545 -0.007023
387589.365424 167.820406 523.082940 0.002987 0.000950
1645202.005117 291.581140 -0.154471 -0.004716 -0.005356
205411.871060 83.760226 113.585045 0.007511 0.007846
1996032.971887 514.947133 233.991788 0.007566 0.010317
1306804.762830 688.153418 106.551510 0.004502 -0.009855
1450619.077985 788.692687 394.961012 0.017713 -0.017182
1969754.747101 110.737450 168.502126 0.013603 0.008609
1609086.544071 543.936427 45.346589 0.012193 -0.017511
883645.576836 726.184795 99.682772 0.005757 0.003622
1722771.757153 502.363776 142.223151 -0.009969 -0.007549
28763.775727 722.588724 101.810096 -0.011943 0.000486
845989.907554 733.654659 301.428963 -0.016751 0.014410
1143645.596292 54.641550 600.479915 0.014091 0.016921
1423342.375748 525.764735 361.903717 0.011479 -0.001575
1329764.171191 184.968171 221.864615 0.013249 0.014449
1926056.274178 553.133877 294.525110 -0.012008 0.017726
1598411.507718 172.908323 507.788859 0.018775 -0.003700
726058.746095 314.152692 195.444483 0.014550 -0.001021
375371.614646 348.298849 324.752401 -0.012672 -0.008655
932014.105344 718.266504 567.119420 -0.017150 0.007097
811741.037672 587.860262 550.855025 0.010982 0.002642
1557690.799962 589.605287 155.038871 -0.009263 0.017507
399385.155365 53.189150 91.079452 -0.018132 -0.018558
1122038.441301 328.183175 256.514241 0.015486 -0.009119
1805346.826001 59.671819 425.593314 -0.001844 0.011156
1995636.369100 729.308178 97.220296 0.017696 0.019470
1695958.700821 279.154124 427.746723 0.010649 -0.015090
558004.577904 435.837814 516.817931 0.001461 0.012503
1597187.265566 589.427804 528.886739 0.018087 0.011277
1833981.536251 409.996574 114.621905 -0.006179 -0.003988
929917.220459 197.703526 284.889596 -0.013211 0.007540
1471826.909795 138.738396 361.134820 0.015871 -0.015403
1165988.196230 595.155826 277.979897 -0.008193 0.000421
1172216.120722 460.764853 32.276215 -0.002207 -0.015472
1736107.381869 196.537155 508.140414 0.009950 -0.012179
1259741.624473 533.115536 424.956312 0.012848 -0.019578
218963.730251 229.098885 155.182850 0.003364 -0.001616
1902503.935575 255.795781 379.480616 0.002183 -0.011334
1496596.111682 109.330047 576.164692 -0.011563 -0.002664
941537.357374 638.188027 5.823402 0.001072 -0.010185
245239.558744 315.937974 292.888080 0.018816 -0.014288
1372376.816986 480.075408 484.725288 -0.004177 -0.003134
1637971.852737 403.571450 423.874710 -0.017031 -0.016328
337179.376901 23.765982 245.422367 0.012145 0.003351
1249672.392965 440.350040 432.896966 0.003374 0.010441
310196.676436 44.243476 335.840592 -0.013358 0.003299
1607296.809371 230.189398 584.954070 -0.008229 -0.009714
236307.595035 784.074298 515.181674 0.017034 -0.004959
561161.337682 597.118295 528.919391 0.019436 0.012912
1939371.158341 125.296629 512.062454 -0.004855 0.018364
870700.636353 1.996797 305.616895 -0.013719 0.003550
541779.813609 249.522104 386.778109 0.013268 -0.000882
453110.709066 506.656119 459.766294 -0.011930 0.017063
47266.968548 257.024609 543.138369 0.015293 -0.010200
562186.379247 129.958012 594.499445 -0.013528 -0.013985
1629854.769274 105.356256 185.092652 0.006687 0.000383
534606.907766 82.344908 307.387901 0.011064 -0.009663
203362.833803 38.282504 342.375726 0.009818 0.015228
92345.910190 778.930983 306.390670 0.012418 -0.012993
877177.283576 667.512808 297.740515 -0.006205 0.008678
1484435.888699 501.001105 528.926517 0.009362 0.011482
64404.659935 438.955810 550.644010 -0.006313 -0.011456
856791.879449 487.195555 190.754987 0.017637 -0.004615
1153201.109335 33.851102 259.521715 -0.014241 0.011666
618554.387530 154.374773 456.548765 0.012847 -0.019886
1875266.974734 207.497594 503.050414 -0.002708 0.004179
1111007.126566 140.207991 138.673458 -0.002543 0.016426
34336.430968 375.504056 275.457248 0.017055 0.004061
1349224.196444 292.275136 249.823556 0.019693 -0.007783
1602661.077679 455.099678 209.680182 -0.010644 0.008549
276647.354605 434.548635 544.398835 0.016476 -0.005565
1822198.850020 671.201301 373.198120 0.009939 -0.009119
453696.245539 243.676263 268.663919 -0.001691 0.009706
713133.517985 379.677876 125.353465 0.012602 -0.003600
36437.158490 391.703471 464.280726 -0.002926 -0.000554
159010.190591 189.088657 31.254868 -0.002844 -0.001196
1535456.720523 453.629312 6.976659 0.007006 -0.001242
749811.288319 470.199912 183.194232 0.019846 -0.006525
1154889.427663 178.680872 384.623299 -0.018994 0.007210
762647.938338 304.994487 92.441561 0.003626 -0.012135
1129345.827331 486.693007 410.746175 -0.006545 -0.018329
337378.635228 333.900695 168.930260 -0.011172 0.013866
1499918.929068 791.368880 248.083904 0.010336 0.006650
1760744.261444 108.686911 149.723820 -0.012556 -0.014682
1172923.453698 610.409015 215.739506 -0.010960 0.011548
79642.974809 486.038797 100.925210 -0.012200 -0.012031
730713.756164 606.768970 483.769416 -0.017944 -0.016077
1702955.846536 175.350751 309.525743 -0.014686 -0.002388
724785.897287 706.042301 257.984459 0.011056 0.005770
187236.443249 524.287781 468.750991 -0.006230 0.013668
1828784.213322 744.176531 362.719865 -0.009434 -0.013167
787390.226865 250.421157 459.588635 0.002475 0.000228
1929498.061505 743.060901 161.233921 0.010612 0.019223
730520.102536 499.720976 120.250268 0.015155 0.010683
1281053.293162 194.167491 381.671638 -0.017204 -0.019254
562426.321470 130.117501 404.887193 -0.017497 0.000260
1033437.869061 779.927003 262.768026 -0.015122 -0.010095
1192859.900739 412.538080 336.252088 -0.005498 -0.016831
138898.690296 261.406586 3.472498 -0.006507 -0.015986
1973181.982512 560.962178 434.066221 -0.012567 0.003317
957790.512106 660.660955 496.925076 -0.015320 0.015869
1692076.045876 318.220485 36.190685 0.000830 -0.001623
1136829.509929 29.120686 260.314539 -0.019499 -0.013630
1367539.427880 482.384897 406.375675 -0.010178 0.018679
1509350.044424 252.448226 176.147953 0.010390 0.006123
785056.476847 597.921878 212.951092 -0.015366 0.017397
1873643.585422 476.179652 457.124765 0.010545 0.008429
1315983.134935 488.275735 64.620510 0.008813 -0.014708
1135951.929323 228.552276 100.537911 -0.019849 -0.008261
656102.584980 548.403936 539.351579 -0.019843 0.017278
1727078.126616 606.209998 148.308700 -0.013759 0.000842
1797488.349396 438.875590 161.453643 -0.009880 0.006607
406141.346510 152.172057 156.543266 0.018577 0.018125
1941231.998588 497.037631 337.355353 -0.016814 -0.006387
1386830.762674 518.628860 376.820856 0.014458 0.005997
1843128.023596 152.335315 201.627620 0.012789 -0.012235
538331.757550 546.171447 571.910726 0.000658 0.013529
944807.663069 332.463967 233.404917 0.009332 0.006545
106756.882792 754.888087 514.642682 -0.007562 0.016349
1618777.323337 226.552276 318.120689 -0.005083 -0.005217
1742666.514471 52.446108 7.036133 -0.000034 0.017117
1321460.731012 337.301406 69.626163 0.019886 -0.010388
620834.287545 213.073801 553.894956 -0.009467 0.011291
1523195.320518 587.305186 118.879032 -0.014019 -0.000938
1731081.362688 163.191166 252.017903 0.008919 0.000662
656632.629529 425.786290 480.651673 0.014354 0.016120
325566.043298 583.602343 580.952131 -0.013081 -0.010861
1792559.657149 666.215705 390.397674 -0.019493 0.013215
1778465.217808 259.420821 59.284258 0.012362 0.003548
1763427.173609 457.674372 193.070784 -0.017968 0.010360
1593951.392730 755.839225 556.311003 -0.011304 0.006596
886016.743670 435.732797 119.137199 -0.010416 -0.003811
204796.643092 323.695063 80.825423 -0.017152 0.002955
727276.621725 773.306671 248.519659 -0.019659 0.019085
488690.041233 721.708575 183.076983 -0.006264 0.008564
1781116.410057 179.137169 171.906238 -0.011461 -0.007823
20635.784613 7.682138 149.470694 0.017505 -0.010968
1834876.302553 303.277776 462.713946 -0.015328 0.004955
350019.654422 174.600935 16.679422 -0.007611 -0.008378
1214501.650638 537.597971 155.131418 -0.019200 0.007502
477760.385944 211.523899 353.534859 0.001772 0.004274
605806.972182 347.287910 499.336556 0.003595 0.005789
272576.070518 480.059804 392.521793 -0.004570 0.001526
1759240.741729 243.239482 550.239945 0.005982 -0.003293
1080301.612187 660.478131 382.533411 0.002796 -0.014589
1857771.559552 140.098946 484.252451 -0.012470 -0.012187
988850.145130 339.809447 276.944948 -0.016672 0.018750
134591.829094 309.722796 242.675850 0.015998 0.019021
96963.198901 28.671501 345.803807 0.008341 -0.003141
227820.812831 464.873145 434.690977 -0.018765 -0.010715
290631.014058 457.639005 34.153658 0.011516 -0.014525
385931.693197 569.380541 190.250106 -0.020037 0.015997
1023297.854244 397.222546 195.441432 0.018825 0.003280
589125.026292 31.617523 579.795067 0.007957 0.017440
1882412.602139 596.849401 583.996356 0.000683 -0.002104
790218.714061 504.651032 18.770813 -0.015187 0.006559
526777.357108 212.262005 139.745809 -0.007106 -0.017984
748590.766801 411.877959 457.615790 0.007589 0.000589
1324791.236466 162.337955 5.889863 0.019527 -0.013029
1179151.767483 226.057103 128.460111 0.002198 0.019233
301466.356172 395.895068 434.691518 -0.014975 -0.019519
349183.755158 414.915200 387.404328 -0.011761 0.005628
616335.581344 375.084790 543.843121 0.001726 0.011535
1910511.639859 733.826699 182.958385 0.008694 0.004282
1640005.631205 304.857893 484.965557 0.013294 -0.005353
1964468.728734 335.758908 391.260974 -0.012187 0.018995
1261209.360911 276.188223 282.361997 -0.005749 -0.001162
968463.258337 424.267472 593.916290 -0.014827 0.009417
1257770.379660 350.170422 124.093461 0.001244 0.019279
1991034.577596 391.341896 537.586528 -0.008007 -0.011742
1007596.648767 95.768079 353.545751 -0.006608 0.017882
1912045.142572 235.977380 222.799004 0.004268 -0.000411
692628.538559 190.278597 501.241003 0.008739 0.003775
609848.141023 240.608694 74.905382 -0.008218 -0.002767
1723251.459991 737.537064 520.928002 -0.017356 -0.001710
1696924.347289 50.432452 567.921873 0.009834 -0.005589
309029.791648 199.772238 289.730678 0.009620 0.002310
867302.640745 559.274926 513.451767 0.012173 -0.007825
691843.061099 120.464475 326.237927 -0.012873 0.018616
272265.500516 388.334815 162.272328 -0.009545 0.011207
1400582.436193 98.388397 421.198759 0.003037 -0.012267
320566.674844 332.945572 150.708335 -0.015710 -0.013505
1229627.376064 208.662106 246.034499 -0.016037 -0.019857
1946485.269790 425.052840 421.431187 0.007755 0.005867
15066.369444 140.514128 292.236292 0.002012 -0.005763
911695.870064 549.175026 506.368319 0.009047 0.017874
1245159.992597 340.265066 42.905763 -0.006148 0.020356
519428.529087 388.677716 247.052432 0.000336 0.003884
1147820.552414 102.315986 512.388660 0.019417 -0.011055
1717933.562453 767.121042 453.798742 0.002499 0.011441
183230.377819 455.353674 577.617710 0.003167 -0.015307
640928.558372 27.347924 483.337441 -0.013448 0.010269
1503776.668340 629.079851 110.946173 0.012839 -0.015525
360957.489517 65.413411 358.351342 0.003709 0.003714
380073.533570 131.825921 431.500991 -0.018230 -0.014040
1889061.825298 723.450091 66.006601 0.008015 -0.001336
1796955.322752 633.943107 20.353865 0.014481 -0.005168
306282.549308 147.119848 243.117707 0.018367 -0.006194
332156.324914 567.552092 78.927885 -0.005931 0.001326
485168.456326 426.762447 367.205926 0.012999 -0.014841
413343.113108 24.465180 173.481366 0.017105 -0.017006
883643.182406 697.265529 587.115705 0.002073 0.002801
887249.075289 360.291253 217.457415 -0.000906 -0.007435
1467432.667253 504.199580 297.531473 -0.014406 0.003561
1682910.725327 245.263280 179.560354 0.018980 0.006318
1660796.624450 172.283255 113.378158 -0.002231 -0.017765
629926.086697 520.391298 50.913478 0.004186 0.003115
318150.466456 37.137463 269.364622 -0.013744 0.003905
40123.955365 464.584278 28.939122 -0.004745 -0.017498
724761.667999 94.100285 413.571423 0.014319 -0.009805
558074.092752 559.701084 337.314510 0.003107 0.006874
438651.350531 326.384815 533.368720 -0.004295 0.014663
1885724.248311 578.826592 300.897513 -0.018901 -0.006830
158400.153815 149.294108 226.056714 0.001147 -0.006976
1952982.963972 437.430962 543.769655 -0.018963 0.017283
1927788.328346 311.067265 28.181572 0.006206 -0.010083
607879.136041 747.066679 567.565136 0.014624 0.000469
1236504.919471 67.947562 551.389843 0.000257 -0.000276
1541570.438790 358.730696 131.494372 -0.009125 -0.000972
1098586.873663 282.406876 398.493938 0.017053 0.015183
1973812.054831 723.205693 257.454357 0.015641 0.017462
717421.361579 684.416108 190.612555 -0.003730 0.000396
1128238.588166 568.344488 265.737901 0.000397 0.003057
1906900.824936 103.319555 396.804544 0.014912 0.005398
311031.282093 514.357264 50.763136 -0.004963 0.016682
1119457.958787 738.723803 161.491637 -0.010721 0.013996
295815.608602 167.827609 451.494154 0.003003 -0.015982
1365835.790227 746.554426 574.015195 -0.019994 -0.006447
933742.419320 452.521964 29.947675 0.016421 -0.016954
1254474.420685 689.988326 122.239357 -0.008479 0.009408
1674721.783807 355.725724 227.798135 0.016823 0.012742
589441.845468 384.436410 445.856890 0.002569 0.008107
1186208.380939 568.265711 547.225295 -0.006138 -0.008544
28320.921598 24.686459 131.542827 0.018879 -0.018779
1123059.363627 350.785346 356.731461 0.004353 -0.006045
1339490.994503 192.699251 126.493684 0.014921 0.001165
1892333.765464 567.751664 583.348864 -0.007238 0.005382
1580513.963280 495.706530 66.109567 0.001230 -0.012661
1628540.167412 101.083284 535.767519 0.009075 -0.001118
358744.990248 592.722818 301.847527 -0.004042 0.008490
1065496.480589 768.585731 90.565647 -0.014935 0.002936
996930.964755 638.406287 488.941316 0.008374 0.006815
685065.261407 523.939771 229.117430 -0.007682 0.019136
22284.613001 83.001892 360.103213 -0.014798 0.005091
1564209.169505 749.592944 458.206939 0.006967 0.006548
471659.941818 684.052581 242.361471 0.009524 -0.009786
234378.384535 216.363982 129.523286 -0.009226 -0.004013
1581110.075852 613.289776 117.727660 0.004189 -0.000948
1733102.233956 757.493517 78.114798 -0.010151 -0.009495
222272.466972 206.844508 219.648021 0.008456 -0.004765
7593.072023 394.903289 189.557719 0.010726 -0.013139
1961038.188991 2.021855 14.040864 -0.004565 0.009664
554464.627316 401.913796 7.729417 -0.000263 0.010868
821613.773155 227.370703 322.733946 0.003900 0.015632
24485.756655 378.249769 502.227521 -0.014262 0.008807
196372.594776 203.382754 588.044746 -0.001422 0.018536
718005.964867 375.076595 274.447079 0.007056 -0.010213
1252709.545778 525.462398 142.060307 0.005945 -0.018313
1958473.456073 741.907039 326.313307 0.019620 -0.003224
628831.249023 322.321839 421.259293 0.014054 -0.019646
1185057.482303 690.534362 288.771211 -0.002875 -0.019710
406775.272641 421.060245 157.405732 -0.012916 0.019368
452064.211691 433.158686 275.558403 0.007346 -0.011359
1391094.198167 249.288639 524.933213 0.017212 0.018300
1830316.959801 730.306480 532.260016 -0.001630 0.016126
610994.441719 618.025823 184.033783 -0.019666 0.004983
631021.334152 481.878759 291.992642 0.011829 -0.018556
989235.750860 1.854814 333.978722 0.010261 -0.012654
1098658.789461 784.259074 435.162371 -0.019667 0.006629
1883467.686308 564.613339 586.046926 0.012827 0.005363
1871849.530317 584.883281 330.465297 0.012870 -0.012446
911993.535660 102.303836 577.297201 0.010587 -0.014602
1176139.691461 61.481722 443.529347 -0.016928 0.015017
1537174.407177 456.311749 526.412576 -0.006937 -0.006928
123261.179832 700.968341 185.331813 0.011696 0.014859
1946848.674653 583.335540 354.100877 0.017980 0.001708
457599.283409 709.058905 164.586476 0.011210 0.008296
926562.791190 189.181570 501.763557 0.000095 0.020008
1942178.605097 12.110723 45.263176 0.008405 -0.016361
1905775.863633 382.796436 397.541096 0.013280 0.012158
1975712.466974 713.544783 408.009896 -0.008339 0.007173
1128937.655654 214.541567 243.625235 -0.013907 -0.011209
1900458.380534 306.125385 62.011435 -0.011065 -0.013422
1623668.112617 550.013657 239.509130 0.005846 -0.015472
798515.523224 494.052792 76.717175 -0.000979 -0.006941
438456.544857 343.796186 482.232524 0.015107 -0.009794
1216805.763178 694.567839 90.606315 -0.008498 -0.013391
1661706.700764 681.373833 259.031661 -0.010495 -0.019708
1303971.794110 150.879390 233.917035 0.010279 -0.003514
1107963.914568 455.424380 58.907793 0.018169 -0.011401
425643.800956 282.579142 500.055820 -0.007608 0.013866
318262.858465 449.229288 154.965930 0.018571 -0.002264
1036196.117772 457.928543 186.683155 0.006837 0.014634
948553.069005 401.569842 427.763967 0.016404 0.009334
1438074.149861 446.883871 555.715783 -0.015618 -0.007614
677338.477540 530.407255 530.692329 -0.002502 0.004692
197747.041563 521.252891 583.608413 0.017217 0.019649
1601492.672973 71.479449 330.508456 -0.017643 -0.017806
1987075.958395 461.474159 375.129706 -0.007821 -0.010049
971748.938305 621.693590 449.422535 -0.012076 0.007403
974474.447302 733.531192 146.038688 -0.003454 -0.018909
1121549.802423 602.042988 413.086805 -0.002208 -0.012398
613932.794246 434.601530 504.540562 -0.008853 -0.001013
1665525.531241 62.877633 338.560530 -0.004466 -0.014545
1238773.710671 302.353362 429.559773 -0.010181 0.007296
1925637.924078 585.404938 276.746637 0.008456 0.017210
290519.337305 158.608651 508.083705 -0.004363 0.004492
1745488.432117 760.840677 218.931789 0.002439 -0.004210
1111265.337612 695.126218 563.090674 -0.004283 -0.013837
829182.160473 184.398100 135.892780 0.019239 0.004581
728391.627189 478.712916 596.387097 -0.016888 0.013639
1349985.243450 33.223874 346.090384 -0.014493 0.010169
1010733.056353 223.849300 571.623433 -0.005911 0.006791
1129411.861826 180.457704 373.254421 0.017223 0.011491
33999.050983 389.345832 394.263446 0.022718 0.016074
1606354.705806 296.052167 66.644596 -0.018771 -0.005950
1451822.744427 315.213052 570.268637 0.008765 -0.000997
1590584.168020 314.810606 309.320619 -0.005147 0.001138
538209.161040 700.826264 484.813862 -0.011162 -0.010865
958317.440449 628.041789 272.248228 -0.015993 0.008652
479655.517489 94.624345 120.077902 0.015863 -0.017011
167238.956395 558.561277 267.481108 -0.012161 0.009131
1592486.357127 737.315821 73.298350 0.009845 0.005642
1189583.299304 432.923793 20.996624 -0.015525 0.016588
1124831.962923 303.231273 474.227412 -0.005197 0.004003
37146.621401 680.302093 232.808484 -0.001137 0.018058
205026.889315 568.811891 41.093316 -0.007902 0.004318
284161.461650 310.234487 183.829898 0.003495 0.003357
68690.410847 306.088942 301.598065 -0.013744 -0.014785
287411.349028 600.087263 404.025495 -0.012907 0.014467
1171263.018237 591.628031 143.539145 -0.004983 -0.015503
1682127.158941 314.908256 577.613882 -0.010870 0.014500
1824708.168313 265.046504 346.686283 0.019210 0.005357
369206.509725 98.053414 13.439356 -0.000372 0.008416
1208981.916871 419.325692 56.243830 -0.015648 0.007269
446720.970071 202.348732 259.071592 0.015800 -0.002837
586212.983628 385.055982 102.216746 0.001335 0.014308
560717.814863 299.206040 150.919115 -0.010355 0.004153
234257.601311 123.778733 558.798232 0.007811 -0.014627
1133248.557864 703.465089 154.175935 0.003533 -0.005175
1934248.125150 153.466154 536.582752 -0.017563 -0.007937
1152133.833222 226.007071 331.303077 -0.019690 -0.013014
1965200.129880 240.295348 396.931747 -0.013828 0.013362
1034901.121182 346.271132 125.927044 0.010902 0.006868
1623246.405098 709.087899 497.183261 0.009742 0.003206
1926329.093951 248.050709 276.407989 -0.011182 0.015960
1658576.383096 150.541824 54.696066 0.008984 -0.010063
786221.519479 241.055571 318.606978 0.017779 -0.007700
1421758.733421 742.879261 364.920123 -0.004768 -0.017442
888519.625593 711.353872 308.056950 0.005901 0.006137
374128.679919 371.272074 325.432742 -0.019385 -0.011589
247207.860577 783.048375 311.456012 0.003278 -0.012052
838233.393076 329.891650 231.405540 0.000743 -0.014312
1269501.125100 722.803386 262.902418 0.011022 0.019941
1490342.234955 701.519701 467.139942 -0.005843 -0.010059
1720173.599068 638.931243 82.395175 -0.005148 -0.001851
1589947.016719 447.772878 550.814170 -0.006496 0.003116
254199.274003 369.771497 331.648160 0.005915 -0.018217
1506623.924480 52.325120 274.487739 -0.014408 0.003087
1187558.641279 619.011433 289.713748 -0.018795 0.017646
663885.182079 619.888878 490.386692 -0.015549 -0.014783
134186.233456 776.549918 557.370318 -0.011870 -0.006224
763995.101100 799.254986 542.399015 -0.008054 -0.006507
960104.740672 340.635854 479.009243 -0.018585 -0.016980
1689167.128731 629.654463 84.956602 -0.007881 0.017129
1435140.350571 715.918842 422.298519 -0.012035 0.017046
1287450.956780 425.470732 421.095371 0.006642 -0.013083
1664884.491668 423.918835 368.636151 0.010644 0.009312
1916152.068375 115.774391 439.923973 0.014353 -0.002298
142374.806172 274.799597 522.093142 0.014830 -0.004937
1889104.925044 571.577080 97.726405 -0.016717 -0.019290
184043.514628 642.457480 546.789658 0.011780 -0.019919
1678137.485719 350.675828 320.207813 0.001594 0.016083
349432.717240 299.322918 257.149032 0.011501 -0.014628
327130.583267 597.908743 167.743926 0.015864 0.004361
1445781.852792 774.683207 571.636384 0.003712 0.013531
657045.848974 430.372860 332.894777 -0.000288 0.004924
1143416.638087 467.911324 254.882627 -0.000622 -0.004813
853229.746620 259.774714 491.300912 0.018361 0.014545
1436276.935710 106.351741 143.690565 -0.014017 0.016998
747046.145027 249.424155 400.611089 0.006111 -0.011878
555282.349025 300.012062 106.782363 -0.010820 0.018770
31011.744417 446.399972 303.396176 0.002807 -0.017980
259713.421697 113.427736 381.635490 0.002213 0.005067
30230.289339 785.942543 570.752684 0.013288 0.017712
1629124.594680 439.926569 45.045470 -0.017902 0.007950
1993199.337271 341.308805 5.355289 0.006601 -0.016784
437214.899080 754.076967 272.179372 -0.004247 -0.013121
847463.854052 329.302639 438.893889 0.017215 0.019223
1561464.248021 48.363604 73.550616 -0.003321 0.004596
1496915.452879 345.583145 357.961342 0.008038 -0.009433
1076064.875850 410.529029 489.290793 0.004505 0.002591
1028186.607653 487.315044 594.701780 0.000924 -0.009092
141764.248787 594.395724 129.603608 0.000990 -0.014454
778578.041484 758.701449 329.914730 -0.015285 0.015191
1058486.954802 720.288128 564.089124 0.005817 -0.007107
1112790.978101 319.293533 448.002598 -0.013857 -0.016078
24501.685065 554.023782 366.330045 0.013085 -0.007843
353571.678676 272.680664 548.688543 -0.013270 0.014603
375264.103699 191.456763 365.829899 -0.003806 0.010618
1493884.026769 634.860183 429.381188 -0.008213 0.016520
1188817.119779 659.953230 487.965969 0.001401 -0.000908
259519.063057 73.918333 525.277043 0.015152 -0.010163
1949033.547169 712.108234 562.613494 0.003482 0.008712
482529.103981 609.324511 36.261465 -0.013827 0.017269
1850091.109914 273.855437 102.862071 0.001406 0.009861
1871495.037280 224.987852 324.772578 0.006234 0.002848
908785.677938 195.169378 241.335679 -0.009271 0.011228
1755362.652128 318.475692 522.261333 0.010157 -0.009000
232765.271437 581.920140 98.728265 -0.018145 -0.007192
1765166.354256 236.552563 45.861873 0.017677 -0.001990
15434.920795 692.774398 474.715391 -0.012885 -0.004010
1077013.659792 90.520485 409.414966 -0.016798 0.010610
516053.778360 427.464086 5.804861 0.006391 0.012133
1576709.125925 429.948616 119.129734 0.006440 -0.008339
948767.654108 620.960097 12.286442 0.005599 0.013212
667159.362075 417.499635 74.287863 -0.003589 -0.001435
1146380.339352 334.060884 198.467810 -0.005344 0.003864
1462269.868451 722.394394 427.145879 -0.003603 0.019240
949273.004639 536.525219 309.714302 -0.000655 -0.006843
636841.273232 217.411153 521.087891 0.000689 0.017239
316267.470045 792.999650 424.499733 -0.012943 0.005318
1072709.865436 409.230326 92.942429 0.006415 0.016884
1234697.917120 187.614098 203.719640 0.017930 0.003946
1871003.135047 543.443440 300.054889 0.005846 -0.016345
968257.898916 95.508522 457.592588 -0.019779 0.004261
184803.100389 256.273878 526.012611 0.018279 0.013469
1613704.762242 94.163623 496.955515 0.000562 -0.008172
920804.219749 40.457514 484.241875 0.004885 0.008282
1455508.939668 184.263536 565.827737 -0.017309 -0.012833
1084419.887087 1.133383 515.156700 -0.018214 0.005931
1899527.167855 422.558244 461.415660 0.008448 0.001111
745706.753221 643.121035 509.188381 -0.010144 0.010540
1369434.811813 44.301452 529.150919 0.000579 0.002794
353913.564400 780.115057 371.912533 0.019272 0.003542
660308.989072 568.481090 492.129247 -0.009058 0.011117
1997036.600484 653.795073 469.028757 0.014265 0.014409
857968.969670 644.566292 232.647376 -0.012095 0.000744
1832483.595159 457.143199 194.369725 0.011826 0.011389
174050.590104 359.904498 525.631141 0.018771 0.018476
887791.815627 115.731472 561.154614 -0.017428 -0.014861
1048845.100705 314.611457 504.426268 -0.006252 0.006684
1236598.032171 273.643381 289.980010 -0.004025 -0.012099
688449.854352 662.733681 2.327047 0.009246 -0.018934
1047717.716101 519.173227 357.781715 0.013922 -0.003477
831685.772553 746.710113 517.357022 -0.008467 0.016126
1646809.537731 587.966054 29.531608 0.010384 0.011945
354697.854423 226.491993 115.113204 -0.019274 0.005154
1718570.137265 508.376005 581.311248 -0.006291 -0.018650
338487.908402 549.592363 517.411302 -0.012996 -0.003255
1776805.868268 558.737452 40.776199 -0.000622 0.001852
960078.654327 720.347863 286.932878 -0.006866 -0.012558
763596.911339 131.430836 556.170210 -0.002743 0.017027
1446903.674606 486.744749 125.349793 0.017848 0.005379
1673049.761761 619.925731 155.772597 0.012208 -0.015278
591079.477496 780.217765 482.627199 -0.013713 -0.013987
450261.526019 36.851315 509.535846 -0.008239 0.001254
788880.985598 619.088441 258.686174 0.014934 -0.015422
1247242.441982 204.438078 167.437209 0.002028 0.007426
405506.701397 217.994021 175.193531 -0.003530 -0.012347
1835863.754077 197.630943 576.245429 -0.012858 -0.017852
159031.381905 380.146494 18.662430 0.015405 0.005328
362722.217274 87.220124 407.206596 -0.018509 -0.003727
420997.232395 340.215124 105.261673 0.005874 -0.007692
580167.091722 213.302276 332.985254 0.002816 0.012587
479025.265425 617.116892 52.454446 0.001286 -0.012672
552036.800679 359.831409 258.463854 -0.010468 0.005057
969986.005207 253.900107 61.499125 0.000835 -0.011954
1471710.388303 557.476547 187.886448 -0.003393 0.009235
1430984.936390 500.993717 91.045258 0.015643 -0.009258
902052.609670 144.376094 321.250031 -0.019777 0.010001
700700.571156 195.511235 313.425822 -0.002450 0.011057
1408199.004553 571.141615 137.288295 -0.014608 0.018118
1713095.736556 496.434568 161.275326 0.018423 -0.014616
944491.339356 557.196784 498.589325 0.011372 -0.015566
1119457.834922 400.531059 441.389247 0.008483 -0.004375
8319.607940 130.648130 343.381880 0.001565 -0.013273
647061.014849 711.963363 247.342438 0.013813 -0.006813
379545.065751 439.159700 25.956972 -0.003345 0.007311
1990576.603445 218.539984 181.353128 -0.009383 -0.010683
876473.971119 589.541738 557.759799 -0.009188 0.000888
80381.552726 664.644427 13.463856 0.011018 0.001701
828036.629980 625.182703 423.007008 0.019524 -0.007174
1747623.103553 248.309750 124.327182 -0.008533 -0.013738
1072386.123739 381.233339 423.780324 0.003238 0.015734
777386.485961 459.695237 100.987388 0.007631 0.013597
801906.589792 103.695416 345.927462 -0.006815 -0.003936
197987.358178 295.831373 137.705053 -0.015162 -0.014146
1545926.498969 428.226567 556.367316 -0.000425 0.001297
492654.834172 281.815185 500.382433 -0.000711 0.004924
1978982.283724 793.005744 69.302358 0.007743 0.002833
17631.095842 66.001614 86.829791 -0.012954 0.010994
1966499.848276 461.764980 543.756580 0.003751 0.014781
611006.784537 527.346168 167.432678 0.001462 0.011203
850069.038966 246.984316 189.968707 -0.005924 0.011500
1676786.882652 479.164844 83.140928 0.006896 -0.017857
1557780.060711 529.893054 26.112563 0.015762 -0.005715
1227310.625476 722.778988 262.611595 -0.015005 -0.023078
428616.731627 591.900162 393.277423 -0.015228 -0.007965
1127178.874392 340.531911 576.841078 0.013655 0.018404
1480731.590409 212.614125 162.256984 -0.017761 0.004808
115335.758829 715.016820 130.675382 -0.012100 0.002661
541498.807511 780.866971 137.419555 -0.007450 0.014835
1167776.423119 741.807000 464.556432 -0.019056 0.007384
1705487.274428 189.988631 255.724120 0.000306 -0.005709
1455042.508177 58.284012 469.792260 0.007532 0.016570
1485351.840726 341.370454 108.564590 -0.019556 -0.000666
1600046.444498 55.418255 226.616205 -0.019271 -0.009266
1889695.885540 230.074606 146.920400 -0.013080 0.004151
230475.999522 606.016226 319.391185 0.015489 0.011171
434670.210087 593.601229 9.877420 0.005754 -0.009935
748135.628527 296.566930 192.919281 -0.013623 -0.017666
474188.291689 718.597775 292.872491 -0.003332 0.016179
1941577.332067 174.205959 588.445460 -0.006006 -0.010702
499196.726130 235.230412 314.383939 -0.000265 -0.001293
254300.674542 487.802337 134.030359 0.006373 -0.000118
6325.354803 699.849838 144.019121 -0.019182 0.000838
980919.682878 316.161251 534.949978 0.012558 0.001949
1900851.625903 40.249500 269.144516 -0.002607 -0.001274
719689.197242 326.155614 412.475073 -0.006338 0.010297
1844748.197982 472.710038 30.018710 -0.002190 -0.016552
1036199.990211 459.330646 416.221263 0.009632 -0.010775
385683.919483 595.597131 65.374721 -0.002701 0.010633
1256102.471266 738.645968 96.176520 0.000415 0.010481
1419511.694191 375.287533 473.019414 -0.013614 0.016236
511292.832210 415.445473 189.821468 0.017686 0.014410
145034.134456 691.038347 270.068820 -0.015049 -0.007553
1071721.370831 513.046661 530.617425 -0.010816 -0.004678
233847.819378 338.078176 77.514923 -0.011041 0.014188
1786277.592083 681.647970 467.355146 -0.017911 -0.005083
1031918.257955 609.566017 506.281918 -0.007876 0.016818
1499349.890975 446.152423 263.474885 -0.017308 0.000086
597617.807145 110.419038 218.964887 0.010023 -0.009531
1353622.215499 228.413460 541.960252 0.002471 0.000628
573296.933702 542.609922 564.162660 -0.003396 0.016134
1590131.532210 246.437328 453.713214 0.003020 -0.005542
258416.177825 73.159162 73.571117 0.018867 -0.004275
87595.200207 577.068348 571.800757 -0.000688 0.011451
906233.425674 625.976922 554.300555 0.012745 0.001239
370032.188655 395.720548 489.137895 -0.016452 -0.017750
664767.085884 299.479042 441.907727 -0.009129 0.011570
1278253.811075 52.977201 58.755089 -0.004110 0.005619
916040.443311 420.116249 438.711338 0.003214 -0.000171
249204.321880 499.023369 130.085612 -0.016949 -0.015721
8661.484350 424.663725 533.364691 0.017163 -0.006051
841302.204338 89.977190 505.985620 -0.010464 -0.011993
1802783.200425 455.972668 346.358206 0.005476 0.013644
731632.451868 220.836784 544.824488 -0.001392 0.006838
1096714.972098 736.646919 118.099976 -0.008791 -0.000130
1386984.768969 324.095366 76.203136 0.016472 -0.000732
469499.863903 731.982908 7.062459 -0.015002 0.013820
718651.906922 435.296967 574.730667 -0.011849 0.011212
316653.122342 84.425772 211.466990 0.010247 0.008804
385530.231700 79.527671 10.974703 -0.015987 0.002581
1379939.433830 519.624854 291.783998 0.015400 0.017185
1974529.288697 463.514022 199.387284 -0.015543 -0.000425
1626419.535664 279.868814 244.557217 0.012988 -0.001060
503204.831157 146.042245 10.621794 -0.011606 -0.004497
1600260.999799 292.898672 294.310358 -0.013935 -0.015951
467442.890847 275.230301 120.982105 -0.009910 -0.002200
1530910.291491 752.958800 56.726423 -0.010014 0.013188
43405.273949 189.880347 245.055001 -0.005777 -0.005879
1801413.789299 133.443839 421.576879 -0.007706 0.019689
348673.859774 447.415697 105.137845 -0.012277 0.010757
1122384.702378 793.180599 80.655792 -0.017931 -0.014254
474000.488629 229.224669 293.467530 -0.002427 0.001566
1867761.544822 162.528812 288.075672 -0.018845 -0.001853
617712.498930 39.689921 415.247156 0.008767 -0.003833
88793.583256 495.219360 343.033434 0.009906 0.016891
1123119.018564 736.303024 291.367328 0.009352 -0.015514
510837.786138 237.512360 62.566056 -0.004323 -0.005981
498234.962345 502.809141 381.251384 0.009534 -0.017336
350510.791107 537.883583 162.988385 0.006261 0.007947
1451432.125387 771.347966 449.437043 -0.003417 0.007372
303273.376219 370.408448 179.795823 0.008883 -0.011663
454803.713809 227.278023 75.790937 0.008610 -0.019196
480071.545802 775.421612 189.754899 -0.006262 -0.005553
1333575.176696 474.752203 592.816117 -0.007764 -0.006721
110627.538576 382.723482 1.716813 -0.007014 -0.014486
1406769.050940 41.557120 59.174725 -0.001859 -0.001178
1561676.394922 482.026517 559.259291 -0.016769 -0.007004
281255.947557 246.614705 364.594898 -0.009244 -0.019068
1257382.930842 407.614331 596.263817 0.017779 0.014116
706537.016996 489.440405 269.070174 -0.006345 0.016659
1558318.719993 318.236171 237.141563 0.011353 0.008937
1057752.200895 389.470233 466.136780 0.005111 0.017483
491364.625511 326.143753 325.136975 -0.012859 -0.000414
1734950.389590 255.119592 479.351718 -0.000920 0.003491
1643357.573842 84.836036 56.684828 0.012566 -0.017961
1898263.090243 133.902040 397.737110 -0.004153 0.000412
1157183.811607 141.240798 544.800094 0.018947 0.018329
1260090.642264 401.429425 266.390456 -0.003785 -0.014831
767107.214205 521.800817 323.435101 0.016969 0.013172
55740.578126 634.973742 88.688921 0.013003 -0.009337
1471867.368311 519.165412 224.855036 0.012754 -0.001706
851158.514084 623.982372 377.496986 -0.016454 -0.012926
279214.015361 532.778779 211.864504 -0.018206 0.005639
622537.959657 541.458913 84.523543 0.010270 -0.016707
543551.074594 112.562086 439.023810 0.012965 -0.017304
1125283.938425 670.536169 515.344172 0.008411 0.006509
255944.995329 357.695854 187.022210 0.000111 -0.008824
1549879.616848 742.572056 35.014133 -0.003811 -0.019286
474171.187949 435.938863 410.520444 0.003556 0.003661
648167.413030 720.755988 160.565300 -0.001358 0.006315
697835.028496 589.645501 478.525375 -0.016731 0.001912
1725670.433475 516.100464 231.056274 0.008582 -0.005219
99429.388577 679.106206 481.468586 -0.005527 -0.005962
163663.104253 109.220753 168.322331 -0.006337 0.000394
594763.153510 303.922921 52.999294 0.019284 0.018827
1355525.087265 245.141046 522.244369 0.017957 0.010964
1053977.892294 234.710127 305.573578 -0.007010 -0.004920
115031.983757 149.665933 12.997272 -0.002337 0.016302
752375.869431 393.602195 455.256722 -0.012744 0.014188
219437.964363 208.538629 594.958159 -0.004391 -0.003959
1068114.026016 550.306806 469.160075 0.004824 0.006936
1499866.051366 239.172639 584.088270 0.004713 -0.010300
1491842.997955 116.728216 322.366623 -0.009697 -0.001111
1826279.228472 251.298758 395.326273 0.017285 0.010255
1133058.067007 247.445673 149.317772 -0.007046 -0.000432
207507.431604 346.366930 450.453588 -0.016175 0.012953
304737.184339 504.581942 306.567188 0.017354 -0.010030
361247.467977 546.315917 329.228442 -0.013813 -0.007893
1585793.637478 720.344680 269.157177 -0.006747 -0.013872
1841064.114050 194.870615 281.119051 0.003202 -0.012813
451362.950938 116.064940 291.933564 -0.000991 -0.001229
1950936.490647 463.050784 542.299799 0.007587 0.008452
1454702.783122 701.578138 182.804851 -0.010464 0.012510
1108684.254395 335.018550 297.171596 -0.015858 0.002983
1596490.624173 716.705179 284.766070 -0.013023 -0.009688
1263706.185512 134.013800 282.601669 -0.015922 0.009880
1294332.516982 260.969788 535.882550 -0.014676 0.012037
723046.520130 86.989632 228.612608 -0.009386 0.013350
107937.715067 793.414531 426.745126 -0.005766 -0.010884
1046872.077066 728.707180 389.617350 -0.019409 -0.019570
450965.188654 653.762813 546.536162 0.008005 -0.017432
278162.196408 266.417559 139.736632 0.004373 -0.002623
1960316.196066 205.880506 456.528225 0.014896 -0.004399
1125740.257616 187.932316 299.747612 0.017725 -0.000074
668170.334151 796.605503 294.167931 -0.018201 -0.005847
1443825.863043 455.446309 160.067901 -0.005094 0.003562
564375.188464 478.047689 242.522594 -0.012222 -0.008027
938961.728913 267.193401 379.999339 0.008061 0.017683
132214.712972 546.809798 119.692104 0.013400 0.002238
1179224.623916 311.390378 473.073595 -0.016505 -0.006649
575213.267736 339.141710 197.865175 0.010966 -0.001184
1368718.602401 401.046073 24.132168 0.018036 0.014959
1254302.726711 185.567894 282.655583 -0.018624 -0.002903
1541011.519516 400.986695 456.050865 -0.003928 -0.011881
1407684.757098 375.607948 531.686010 0.016164 -0.008187
883750.411162 393.717332 411.812032 -0.010522 0.003305
38293.802197 414.483402 2.769723 -0.006034 -0.008073
949396.727117 26.727599 479.138503 0.000622 0.019464
1340193.529306 112.056121 129.762712 -0.014275 -0.013046
1289556.392138 729.359133 404.262322 -0.003841 -0.007438
1756783.113702 88.195895 468.850308 0.010434 -0.019785
157687.638028 166.134233 303.216225 0.010654 -0.002498
175039.783202 626.509454 573.127048 -0.016256 -0.014657
506304.289450 453.132909 99.105390 -0.017935 -0.016700
301433.914481 575.991047 133.954548 -0.005394 0.014569
790027.673724 9.423351 464.030357 -0.017178 -0.003249
176035.711624 758.896215 317.318535 0.014786 0.008527
1081972.172988 758.995684 552.388687 -0.018294 0.008723
715741.816310 106.901849 298.791447 -0.007396 -0.010926
1263880.632475 454.459574 476.795491 0.011929 0.004695
1751026.801649 758.554196 202.387737 -0.016195 -0.007298
399196.095951 395.012387 198.068193 0.019130 0.002335
1496994.359185 48.586095 306.670909 -0.008890 0.017278
445396.929255 653.478577 529.896431 -0.014305 0.014535
1193553.106484 399.680027 599.557703 -0.016106 0.012526
450224.472419 581.143804 229.335740 -0.019254 0.001035
1999453.321099 715.698143 285.974411 -0.003924 0.018835
1584501.028799 429.059102 291.146400 -0.015105 0.000396
94458.571679 696.645174 342.357770 0.002262 -0.014110
1007827.074736 623.546428 579.821401 -0.004564 0.016842
1658558.308919 786.785673 252.959228 0.013084 -0.016921
475365.567242 42.350477 482.735735 0.004243 -0.016869
663714.367274 496.216088 581.051321 0.012209 0.018148
1919117.403179 479.271071 297.034889 -0.002159 0.008817
9624.167350 393.743302 354.396913 0.003062 -0.018037
1478876.057770 64.706865 497.156618 0.007665 -0.001371
1502145.321808 426.408775 269.188340 -0.013016 -0.005533
1054818.871922 329.024375 247.531381 -0.006669 -0.018736
972186.690649 532.032541 390.579441 -0.001903 -0.001130
1216433.286302 329.379623 43.468532 -0.015858 0.014312
1585452.240699 85.703235 209.990630 -0.004643 0.007068
796849.675848 98.868647 459.208468 -0.011153 0.013053
461377.134761 782.893441 216.847603 0.007129 -0.013900
1447663.852688 165.064756 338.388878 -0.014468 0.001605
1190708.408687 498.675599 122.578480 -0.010124 -0.017105
1355477.244293 684.165963 294.663591 0.010007 0.018248
694211.989964 433.807150 39.564520 0.007921 0.017119
1497031.391364 75.987476 30.160934 0.000516 -0.007091
1759090.904966 594.342432 180.023433 -0.010332 -0.003082
904928.793621 771.793685 377.544150 -0.019378 -0.015859
341892.055395 489.108323 437.263164 -0.004958 0.014367
1609370.418642 43.062138 428.190611 -0.008162 0.012129
1339833.364515 513.619114 206.805183 0.009440 -0.006377
543533.833951 386.101694 260.700093 -0.007102 0.019767
1510075.678821 160.875948 443.545279 -0.017781 -0.002229
325429.097901 406.772368 246.074563 0.011709 0.000974
1027532.088117 770.823767 81.168538 -0.010410 -0.006330
1987715.010526 37.271585 236.708318 0.008296 -0.006360
396776.620483 301.265880 588.440195 0.001758 -0.015614
639902.701899 652.738945 355.751421 0.010163 -0.014510
1179865.857204 406.037276 204.150870 -0.006880 0.002542
1568458.621189 393.079284 42.225454 -0.012223 -0.008572
1190290.628555 566.866913 150.473866 0.009231 0.017977
1180185.991889 580.729136 597.212189 0.019380 -0.002820
672088.553511 146.449374 485.117195 -0.007426 0.009057
1837656.663655 510.378876 325.228014 0.000515 -0.004378
1360614.323691 81.350137 539.151649 -0.019219 -0.002766
924125.776125 643.733707 555.464968 0.001303 0.019921
418950.309241 102.520435 424.815518 -0.001826 0.014216
1312754.557148 39.449384 349.498390 0.006048 -0.018702
30587.249450 790.996614 130.168730 0.012878 -0.007748
1889215.610870 593.530063 565.897302 -0.000554 -0.009846
669560.509114 133.343815 213.994328 -0.010651 -0.012484
1579576.984783 556.915227 594.842994 0.008603 -0.010939
1982244.182370 739.158695 213.981218 0.007925 -0.004711
432350.935616 284.089763 257.860686 0.011966 -0.019779
930735.730068 652.678283 596.869183 0.007300 0.005505
600671.720971 501.545870 227.567174 -0.010149 -0.015435
1270601.892504 464.156131 169.679944 0.019697 0.012529
938976.299455 626.103536 304.953051 -0.001554 -0.000155
1474031.937064 361.531604 251.477102 -0.016259 -0.013940
1605130.416157 247.656649 302.458094 -0.010673 -0.015573
1023340.410098 559.403917 555.224075 0.000255 -0.004740
1128556.229700 645.916035 4.973564 0.017720 -0.017931
248420.950141 463.862480 377.925960 -0.004135 0.002529
884577.235619 701.260454 213.118600 0.017992 -0.006644
1704879.713107 549.631729 474.601168 -0.009086 0.011146
1882055.445519 60.074760 54.713709 -0.002197 -0.007588
404206.608610 765.710515 4.933367 -0.014906 -0.001412
780987.060993 553.509625 162.490061 -0.004091 0.005530
642018.800900 420.356334 130.969146 0.018039 0.017208
1579863.075903 313.706271 483.276554 -0.014249 -0.006314
286431.929230 799.275331 18.226295 0.017334 -0.009098
1625355.291937 700.254573 207.240760 0.016183 -0.007095
1310099.705732 85.557901 166.736508 0.006607 -0.010567
1485499.756171 42.192083 555.833245 -0.019434 -0.001827
1126826.147142 267.841881 586.666455 0.011206 -0.008657
1817754.082297 456.630163 407.075237 0.008593 0.008663
42605.713030 685.609422 428.945076 -0.017424 0.011460
1969490.396776 691.739456 399.961082 -0.006746 0.010788
1972945.507603 788.161710 525.934420 -0.009430 0.005961
221002.463354 5.489186 420.911817 -0.018475 -0.019153
314139.836614 479.675324 212.913397 -0.014574 -0.004780
1280098.799281 35.178071 571.134394 -0.007236 0.010300
1334025.561499 271.086491 370.158767 -0.004794 -0.004312
817314.073824 291.818744 154.326610 -0.016975 0.007880
52254.755074 49.465908 409.008306 0.016121 -0.006913
662711.798522 9.307295 199.574227 -0.018595 -0.017990
710212.109941 153.543397 389.796474 0.008414 -0.006920
61999.699130 281.208595 223.128170 0.019324 0.006777
261157.692532 519.741754 3.535346 0.009906 -0.018747
797766.605764 125.494337 237.028242 0.006234 -0.010781
184709.901076 545.800686 175.243683 0.010998 0.003287
1235796.007903 85.591316 357.257292 0.018128 -0.014407
1292608.929469 245.243713 198.139175 -0.008131 -0.019338
1317389.029692 261.125315 220.292413 -0.018776 -0.007596
71927.786838 127.648397 575.974874 -0.018264 0.016274
1977614.946653 353.544155 38.236573 -0.004681 -0.016032
591803.305127 381.803487 467.110591 0.003538 -0.009939
726241.200569 165.350920 213.893467 0.018403 -0.013690
995710.504705 485.395243 279.493285 0.013134 0.016104
963862.695249 391.283470 138.024332 0.013998 0.000718
1079147.418532 708.513094 408.181702 0.000056 0.017228
1174876.041326 389.940328 223.392016 0.006102 0.014862
937689.950195 758.183238 209.352200 -0.010105 0.001358
1200871.358253 489.861465 445.121201 0.018292 0.002819
1798372.363578 364.422319 105.741812 -0.005468 -0.008548
158766.744732 676.194200 464.602422 -0.007520 0.007885
584123.108808 680.032680 348.317516 0.018805 -0.006104
1019930.488905 447.482620 500.022375 0.015236 -0.011571
1412068.961846 279.144892 95.703893 -0.017831 0.003991
1390465.348675 524.106934 125.832395 -0.002537 0.004571
1560588.704217 269.708701 41.846707 0.018295 0.008043
709118.110458 28.571110 327.011999 -0.014813 -0.006333
481739.437432 336.877191 116.731260 0.012803 -0.004328
1084185.081108 265.240636 569.363219 -0.004954 -0.011511
321427.933090 65.573031 337.090150 -0.007607 -0.014303
322096.383349 11.874953 475.425626 -0.005127 -0.001934
811598.476400 120.520405 472.122571 -0.000989 -0.015694
975828.599639 662.710269 87.549325 -0.018663 0.018341
980873.326296 219.779281 226.111212 0.007430 -0.016138
1538962.265262 182.347197 256.997764 0.008857 0.004174
1281944.833362 703.472531 411.146360 -0.011728 -0.012082
1646853.441208 292.184957 129.492288 0.004647 0.009431
1334224.681991 17.318987 531.643288 -0.001746 -0.000145
1987979.200663 753.820196 196.582894 -0.014445 0.019161
567825.405192 503.437839 150.153149 0.006633 -0.007348
693992.653253 345.721064 324.341640 0.011193 -0.014026
290886.182473 333.399211 18.734195 0.013265 0.004842
461579.700216 523.939901 590.477964 -0.002184 -0.009217
1440439.939238 90.590479 175.781362 0.004288 0.002717
1578856.275221 479.515386 307.233038 -0.015373 0.009480
975708.803616 320.038585 219.791721 0.009551 -0.017499
1363849.989774 68.028790 296.484402 -0.011051 0.014438
1287670.666020 295.549026 165.434525 0.006994 -0.011984
1793086.186886 725.091782 513.145239 0.015254 -0.005938
253419.465503 481.141604 278.058015 -0.003018 -0.011632
65064.939701 167.197795 484.594385 0.001755 -0.007021
1093948.624606 26.137126 434.883008 0.016643 0.010810
1570950.974510 476.850605 514.241220 -0.008960 0.012897
1433502.711092 738.782231 113.701164 0.019644 0.003966
779698.448619 711.484281 301.999376 -0.010243 0.010921
1707668.152502 297.470456 224.316164 -0.007306 0.011718
1161722.038482 280.357801 1.113738 -0.004384 0.015821
650195.260835 747.990414 556.406744 -0.017960 0.014023
1393276.303724 667.727403 267.645645 0.002117 -0.015476
534900.189626 215.485246 20.770513 -0.001721 -0.009445
1264731.390059 676.513616 90.928739 -0.014611 -0.016290
1848317.172308 790.566879 278.226631 -0.008161 -0.007744
512088.236637 701.919627 394.102757 -0.009758 -0.009258
1104225.446984 465.373439 122.089266 -0.000853 0.005251
107543.810321 140.002881 279.644855 -0.000013 0.009159
1156781.673039 615.015174 597.784801 0.004529 -0.011046
520065.349769 196.726874 42.765210 -0.003457 -0.004743
327390.441823 269.845761 222.038408 0.005082 0.005381
1353004.063178 706.935663 306.578859 -0.006496 -0.014417
1558240.596931 709.842650 433.238926 0.019295 -0.005480
706633.334377 29.369670 323.799972 0.012782 0.001679
534505.464385 317.215409 182.400305 -0.009452 -0.019530
1061346.780072 419.755257 154.977087 0.004197 0.017623
1275778.349152 611.890259 164.388019 -0.019714 -0.004278
1816858.008419 547.080903 165.944144 -0.003172 -0.019295
837596.447597 159.036028 541.968888 -0.014420 -0.012817
537634.699856 396.259539 130.328906 0.012320 -0.007437
1509630.032587 59.484549 425.666571 -0.017993 -0.031110
1442342.147903 473.704690 518.115363 0.019194 -0.012375
1603574.954720 491.998543 575.838347 -0.016929 0.004958
706735.606634 787.867123 184.358557 0.005204 -0.003778
651319.147391 39.689368 362.229437 -0.010771 -0.012388
1573016.600485 398.073121 411.320848 -0.019952 -0.007659
1998835.487291 607.686773 230.233888 0.008374 0.012763
1445522.677826 344.917605 246.111094 0.003476 -0.003646
1207599.107738 311.345289 14.954908 0.002536 -0.001314
1297106.122271 734.059592 269.886110 0.018121 0.001903
1709409.523620 225.341934 358.940141 -0.001613 0.000449
1579454.636005 196.668664 5.810550 -0.000954 -0.009959
635151.660366 380.597857 5.000501 0.008027 -0.012568
1657542.871152 337.965535 368.680867 -0.010401 -0.019607
50074.195513 673.590890 239.432433 -0.017989 -0.003729
1728956.987955 558.548164 193.904510 -0.007467 0.006075
1741304.677791 135.016935 562.140861 -0.001268 0.005048
896425.988943 206.785184 524.909473 -0.001633 0.009340
248631.410417 620.314285 125.786372 -0.014694 -0.000945
789536.960791 769.005563 539.214159 -0.019609 -0.011930
1819863.026878 28.284004 26.035278 -0.007615 -0.016541
901731.744829 139.516016 470.670840 0.010950 -0.000464
878442.611954 515.139248 393.319885 -0.004976 -0.015505
569936.175165 658.513610 222.579234 -0.013656 -0.008684
212161.644461 226.378908 35.165100 -0.007360 -0.003237
1070836.321949 568.331083 228.074962 -0.002630 0.008850
1162154.364009 276.211026 454.566229 0.005045 0.006161
1685995.778854 61.549947 497.456240 0.005602 0.014005
631794.399876 54.250235 296.534068 0.018931 -0.002274
