120102.793966 630.340335 121.554665 -0.006112 -0.005546
269277.329682 299.830925 156.376436 -0.018291 0.015145
1260731.205931 302.392058 191.683547 0.013059 -0.002955
973263.179405 632.996252 572.855757 0.008490 -0.005941
1683880.506867 289.034092 229.138680 -0.016812 -0.013039
1760997.696668 175.534949 580.214074 0.011722 -0.019811
354965.669268 681.918052 474.472742 -0.004795 -0.012064
306862.422408 411.971824 346.464879 -0.003478 0.002350
913598.742761 35.069057 562.757560 0.011166 0.014845
723511.401901 210.149815 397.988019 -0.007305 0.019055
27418.055584 126.959667 203.036477 -0.004124 -0.010450
1026719.971107 221.745880 272.779882 -0.000715 -0.017197
919235.655535 527.145713 552.603223 -0.009944 -0.018418
247720.705461 324.312836 333.844794 0.008063 0.012671
229642.751734 125.390474 517.336650 -0.017957 0.017121
1463437.116455 330.362490 119.025856 -0.004252 0.009168
349002.480669 325.728012 534.137446 0.001402 0.011185
253345.397419 21.896629 48.653286 0.003293 0.000360
301882.374241 33.043338 100.867877 -0.017028 -0.008249
417897.793659 158.459680 420.052923 0.010564 0.015940
1032678.423930 703.014267 34.723520 -0.004922 0.017257
1981626.739717 86.393033 206.287662 -0.012565 0.000526
148080.320166 291.277338 546.351142 0.018534 0.015037
1426235.401736 72.555523 542.669623 0.011808 0.006900
826207.458426 756.261385 428.080410 0.003241 -0.019249
17939.873048 633.128801 129.739018 0.008258 0.002247
229060.592236 178.544671 260.739929 -0.012968 0.003881
729567.630556 129.818981 425.631474 0.008457 -0.006095
424191.899795 625.306005 428.323124 -0.015119 0.009727
1179453.697605 667.586362 501.747716 -0.000352 0.005134
1017047.714916 724.776739 344.252589 -0.011066 -0.000462
1184883.571782 186.731847 168.604933 0.012300 0.017679
1669257.284919 737.931041 97.740111 -0.009193 -0.017086
1530870.404807 506.857043 153.069026 -0.001089 -0.006386
1211583.405366 549.575028 75.530474 -0.007256 0.012400
1741377.547263 727.266374 385.796492 0.008301 -0.003744
544004.606336 172.728741 185.162248 0.013873 -0.002454
1594854.852927 349.715885 402.246705 -0.016924 -0.010149
1223177.906695 729.802989 101.168248 0.010919 -0.013217
527324.168257 433.122345 487.422745 0.000762 -0.019358
312490.830343 99.611611 422.347442 -0.009866 -0.002978
1025907.483430 120.692074 212.232162 -0.013729 0.014356
1509229.653286 341.706597 43.478473 -0.018280 -0.009512
1023852.793045 688.030993 428.293261 -0.012674 0.017493
1918069.081343 635.073576 509.735868 -0.014810 0.002796
59433.087734 314.652127 68.093578 0.013711 0.016465
257531.464220 800.686074 21.667123 0.013265 -0.008799
961609.428265 277.371073 259.692829 0.013381 0.000054
582120.371322 470.043151 558.557212 -0.005431 0.005985
408974.288222 701.864098 306.403230 0.016859 -0.017670
899929.745542 700.254285 511.530175 -0.008030 -0.019849
849952.291162 263.276621 237.542381 0.001514 -0.013092
617567.269419 532.331451 103.649507 -0.006174 -0.000013
907629.657959 661.964986 507.065039 0.015501 0.006306
693382.430213 141.691891 148.677076 -0.008905 0.001675
1797970.130014 385.088256 250.744824 -0.003516 -0.004092
955435.349120 688.566370 163.834781 -0.006709 -0.013567
557659.864685 605.924551 293.227801 0.007013 -0.008253
1324351.926951 788.406609 575.535736 0.013336 -0.006827
917046.023028 230.587404 93.383007 -0.007869 -0.012892
1632997.046985 518.918004 212.721844 -0.017504 0.017135
1790149.784549 770.123432 244.822099 -0.007399 -0.004938
1613713.184192 631.974322 140.492921 -0.016805 -0.015061
791753.703166 288.727256 527.027687 0.015413 -0.018596
347958.385175 437.223677 12.011504 -0.014656 -0.004601
701432.257286 473.867936 403.505707 0.000328 0.015835
1693039.169392 258.552350 326.873732 -0.012036 -0.004482
944105.254926 76.516583 210.559962 0.015375 -0.003687
1451122.988691 550.852371 119.982091 0.018416 0.010778
644142.737912 284.897815 76.491055 -0.011886 -0.010296
328294.663843 300.187116 473.821511 -0.012065 0.000431
344141.964030 428.935320 60.336810 0.013704 -0.018296
1995072.262359 551.877509 220.836388 0.001687 0.015583
1509670.835691 10.997998 591.202909 -0.015720 0.015780
783939.521193 665.502595 350.200498 0.003507 0.011740
702233.533702 730.425669 88.942108 -0.000807 -0.015170
783487.379916 514.252275 295.376278 -0.012690 0.013065
1976.599918 281.965792 217.466824 -0.015848 -0.012071
812477.567611 81.093480 532.160340 0.010930 0.005817
1551513.418346 422.771074 395.158980 0.010374 0.005368
1106838.468046 120.612554 279.818137 -0.014508 0.009728
516376.429478 389.556909 394.446895 -0.004331 0.018510
1541877.001311 639.096103 367.185559 -0.009509 0.019228
877046.727052 211.099166 200.349746 0.012100 -0.005350
1062152.807164 166.429079 281.124228 -0.003289 0.019329
220503.739184 155.171689 306.336028 0.010782 0.018104
285758.867062 257.668487 62.727617 0.004286 -0.002094
1694852.848395 693.285766 566.574485 0.000267 -0.009270
1823523.613542 219.380818 44.367480 0.000929 0.001479
109429.840049 768.253920 480.161438 -0.004465 0.010483
331166.874772 736.408709 582.181302 0.005308 -0.006559
1904142.131984 594.090391 318.593327 -0.001590 0.000435
967910.745632 483.342974 499.151971 0.003513 -0.011505
581591.096978 348.323572 48.276138 -0.010674 0.017479
706572.319710 117.955285 128.445370 -0.003027 0.006878
1499518.371885 385.558261 378.960910 0.001971 0.014869
785875.055374 571.484280 474.332775 -0.005470 -0.006111
257524.722376 253.030637 54.507352 0.006480 0.011226
1201976.699383 114.799200 229.016559 -0.002613 0.009274
1186503.038363 580.109648 102.004967 0.006814 0.018384
215485.423904 20.022489 64.824625 -0.007112 -0.001909
1555844.913030 56.600554 560.896977 -0.003704 0.004790
1610655.802121 641.144574 200.200581 0.003833 -0.013391
1363983.919548 580.699050 288.276184 0.010879 -0.004605
515601.680854 298.579411 317.765506 0.005558 0.012246
521772.659627 185.411990 319.709553 -0.002811 0.016113
984056.433190 429.832059 558.500926 0.003427 0.013513
764465.851134 302.145892 558.153862 -0.007319 0.011434
1098768.237559 98.348892 353.004570 0.014530 0.008859
1505133.839094 452.404304 265.797887 -0.010763 -0.006521
1656881.889169 392.686671 425.798671 -0.005623 -0.014824
1035409.796534 493.373653 216.184736 -0.018001 -0.018102
532033.862794 432.324794 349.804711 -0.012179 -0.014334
885049.308131 462.046328 312.563705 -0.005101 0.015764
611963.250959 737.755799 10.538966 0.015694 0.012229
1469794.933437 516.254027 223.748167 -0.012340 0.015669
1419313.830053 5.352684 222.186778 -0.003135 -0.005434
1001399.715897 751.390318 590.067709 0.014477 0.019432
57920.523946 103.102309 316.832204 0.004571 -0.007020
1340168.589419 43.941711 541.126575 -0.012373 -0.002908
1593328.125585 397.165527 208.992078 0.012550 -0.004452
308175.125303 438.509094 21.676065 0.000910 0.009146
1829796.170737 187.818598 440.375714 -0.008567 0.006237
194622.977727 628.232561 356.843762 -0.016821 0.005971
1163384.351490 85.636678 466.986107 -0.015190 0.009277
203536.384834 623.322759 467.154802 -0.019844 0.018798
408990.508136 640.566788 279.686572 0.002483 0.004643
1709918.606891 566.639532 96.536412 0.015805 -0.010597
1776676.395804 644.409213 280.122852 0.004763 -0.016392
248411.979642 575.709471 526.969670 0.008750 0.011925
1052401.075630 239.694113 543.533446 -0.007831 -0.003528
1254879.329007 324.203273 114.360608 -0.003717 -0.003555
322021.593490 487.276184 125.228939 -0.002159 -0.014695
1647379.426121 386.377718 521.369939 0.019419 -0.005111
204691.412954 699.215635 106.323369 0.002785 -0.000168
536197.156895 555.133592 128.623228 -0.014203 -0.003477
25648.950611 538.106881 429.014041 0.016652 0.018927
247729.502734 436.784820 229.400858 -0.007398 0.018031
1580350.309415 379.594990 335.045319 -0.020011 -0.015903
1443766.372951 659.244085 351.197078 0.003685 0.012393
1912564.341869 554.137519 409.406724 -0.014676 -0.009431
357511.299829 321.055570 575.544373 -0.004457 0.001831
744693.135258 324.145424 130.744155 -0.016542 -0.007027
387589.365424 167.835140 523.087619 0.002988 0.000947
1645202.005117 291.557881 -0.180873 -0.004717 -0.005351
205411.871060 83.797279 113.623745 0.007515 0.007848
1996032.971887 514.984506 234.042509 0.007590 0.010253
1306804.762830 688.175619 106.502908 0.004502 -0.009854
1450619.077985 788.780031 394.876271 0.017708 -0.017183
1969754.747101 110.804482 168.544583 0.013581 0.008608
1609086.544071 543.996563 45.260235 0.012194 -0.017508
883645.576836 726.213342 99.700598 0.005820 0.003607
1722771.757153 502.314614 142.185935 -0.009968 -0.007543
28763.775727 722.529904 101.812458 -0.011910 0.000472
845989.907554 733.572030 301.500016 -0.016757 0.014404
1143645.596292 54.711048 600.563355 0.014093 0.016917
1423342.375748 525.821331 361.895944 0.011472 -0.001577
1329764.171191 185.033516 221.935875 0.013251 0.014450
1926056.274178 553.074646 294.612534 -0.012012 0.017728
1598411.507718 173.000922 507.770608 0.018777 -0.003701
726058.746095 314.224446 195.439446 0.014548 -0.001021
375371.614646 348.236294 324.709656 -0.012697 -0.008679
932014.105344 718.181934 567.154344 -0.017146 0.007066
811741.037672 587.914424 550.868068 0.010982 0.002647
1557690.799962 589.559607 155.125207 -0.009262 0.017505
399385.155365 53.099729 90.987922 -0.018131 -0.018560
1122038.441301 328.259554 256.469253 0.015488 -0.009126
1805346.826001 59.635133 425.650939 -0.012223 0.010558
1995636.369100 729.395451 97.316407 0.017696 0.019506
1695958.700821 279.206646 427.672300 0.010650 -0.015091
558004.577904 435.845027 516.879586 0.001464 0.012501
1597187.265566 589.517008 528.942351 0.018088 0.011276
1833981.536251 409.966103 114.602244 -0.006178 -0.003985
929917.220459 197.638332 284.926736 -0.013228 0.007521
1471826.909795 138.816673 361.058855 0.015873 -0.015403
1165988.196230 595.115400 277.981977 -0.008201 0.000422
1172216.120722 460.753948 32.199924 -0.002215 -0.015467
1736107.381869 196.586225 508.080334 0.009950 -0.012185
1259741.624473 533.178901 424.859755 0.012848 -0.019579
218963.730251 229.115479 155.174863 0.003365 -0.001622
1902503.935575 255.806550 379.424724 0.002184 -0.011332
1496596.111682 109.273013 576.151541 -0.011566 -0.002669
941537.357374 638.193325 5.773184 0.001076 -0.010180
245239.558744 316.030772 292.817618 0.018816 -0.014287
1372376.816986 480.054804 484.709831 -0.004179 -0.003134
1637971.852737 403.487428 423.794215 -0.017043 -0.016315
337179.376901 23.825897 245.438901 0.012152 0.003354
1249672.392965 440.366670 432.948453 0.003370 0.010438
310196.676436 44.177600 335.856871 -0.013357 0.003302
1607296.809371 230.148828 584.906149 -0.008224 -0.009720
236307.595035 784.158300 515.157227 0.017032 -0.004955
561161.337682 597.214125 528.983069 0.019426 0.012911
1939371.158341 125.272688 512.153026 -0.004854 0.018366
870700.636353 1.929149 305.634406 -0.013715 0.003551
541779.813609 249.587551 386.773771 0.013273 -0.000878
453110.709066 506.597276 459.850443 -0.011932 0.017062
47266.968548 257.100030 543.088046 0.015292 -0.010208
562186.379247 129.891299 594.430464 -0.013527 -0.013990
1629854.769274 105.389239 185.094539 0.006688 0.000382
534606.907766 82.399476 307.340248 0.011065 -0.009662
203362.833803 38.330915 342.450858 0.009815 0.015241
92345.910190 778.992219 306.326590 0.012415 -0.012993
877177.283576 667.482211 297.783309 -0.006203 0.008676
1484435.888699 501.047278 528.983140 0.009362 0.011481
64404.659935 438.924688 550.587483 -0.006308 -0.011467
856791.879449 487.282530 190.732230 0.017634 -0.004614
1153201.109335 33.780844 259.579267 -0.014251 0.011673
618554.387530 154.438135 456.450685 0.012848 -0.019889
1875266.974734 207.484229 503.071030 -0.002712 0.004181
1111007.126566 140.195451 138.754479 -0.002542 0.016431
34336.430968 375.587984 275.476843 0.016982 0.003889
1349224.196444 292.372250 249.785169 0.019690 -0.007784
1602661.077679 455.047194 209.722326 -0.010640 0.008542
276647.354605 434.630085 544.371356 0.016557 -0.005578
1822198.850020 671.250309 373.153150 0.009936 -0.009118
453696.245539 243.667933 268.711803 -0.001687 0.009713
713133.517985 379.740027 125.335713 0.012602 -0.003599
36437.158490 391.688968 464.278041 -0.002955 -0.000535
159010.190591 189.074639 31.248974 -0.002841 -0.001194
1535456.720523 453.663859 6.970548 0.007004 -0.001236
749811.288319 470.297773 183.162063 0.019840 -0.006521
1154889.427663 178.587205 384.658846 -0.018991 0.007206
762647.938338 305.012370 92.381715 0.003626 -0.012134
1129345.827331 486.660698 410.655756 -0.006557 -0.018339
337378.635228 333.845595 168.998649 -0.011173 0.013868
1499918.929068 791.419818 248.116727 0.010321 0.006660
1760744.261444 108.624982 149.651393 -0.012558 -0.014690
1172923.453698 610.354955 215.796466 -0.010963 0.011551
79642.974809 485.978633 100.865881 -0.012199 -0.012029
730713.756164 606.680474 483.690128 -0.017944 -0.016077
1702955.846536 175.278333 309.513959 -0.014682 -0.002391
724785.897287 706.096841 258.012921 0.011061 0.005773
187236.443249 524.257055 468.818394 -0.006230 0.013667
1828784.213322 744.129907 362.655084 -0.009474 -0.013104
787390.226865 250.433352 459.589738 0.002471 0.000220
1929498.061505 743.113178 161.328729 0.010588 0.019225
730520.102536 499.795646 120.303107 0.015125 0.010745
1281053.293162 194.082644 381.576678 -0.017205 -0.019256
562426.321470 130.031220 404.888461 -0.017492 0.000254
1033437.869061 779.852422 262.718228 -0.015123 -0.010100
1192859.900739 412.510969 336.169087 -0.005497 -0.016829
138898.690296 261.374503 3.393670 -0.006504 -0.015982
1973181.982512 560.900196 434.082577 -0.012569 0.003316
957790.512106 660.585407 497.003339 -0.015317 0.015869
1692076.045876 318.224578 36.182682 0.000830 -0.001622
1136829.509929 29.024577 260.247319 -0.019476 -0.013630
1367539.427880 482.334707 406.467810 -0.010176 0.018684
1509350.044424 252.499447 176.178165 0.010382 0.006129
785056.476847 597.846098 213.036896 -0.015365 0.017399
1873643.585422 476.231654 457.166332 0.010544 0.008427
1315983.134935 488.319219 64.547989 0.008821 -0.014701
1135951.929323 228.454397 100.497163 -0.019845 -0.008263
656102.584980 548.306076 539.436790 -0.019843 0.017277
1727078.126616 606.142134 148.312858 -0.013762 0.000845
1797488.349396 438.826869 161.486230 -0.009878 0.006608
406141.346510 152.263679 156.632657 0.018578 0.018126
1941231.998588 496.954712 337.323849 -0.016813 -0.006389
1386830.762674 518.700162 376.850428 0.014457 0.005995
1843128.023596 152.398394 201.567285 0.012792 -0.012233
538331.757550 546.174692 571.977438 0.000658 0.013525
944807.663069 332.509938 233.437165 0.009311 0.006533
106756.882792 754.850770 514.723317 -0.007571 0.016351
1618777.323337 226.527218 318.095019 -0.005079 -0.005193
1742666.514471 52.445943 7.120557 -0.000033 0.017120
1321460.731012 337.399472 69.574940 0.019883 -0.010385
620834.287545 213.027119 553.950631 -0.009464 0.011287
1523195.320518 587.236040 118.874411 -0.014022 -0.000936
1731081.362688 163.235165 252.021172 0.008924 0.000663
656632.629529 425.857083 480.731171 0.014354 0.016118
325566.043298 583.537830 580.898558 -0.013082 -0.010864
1792559.657149 666.119563 390.462834 -0.019495 0.013210
1778465.217808 259.481762 59.301781 0.012352 0.003558
1763427.173609 457.585507 193.122594 -0.018066 0.010656
1593951.392730 755.783480 556.343504 -0.011302 0.006585
886016.743670 435.681391 119.118411 -0.010431 -0.003809
204796.643092 323.610477 80.839946 -0.017150 0.002935
727276.621725 773.209676 248.613739 -0.019675 0.019068
488690.041233 721.677685 183.119221 -0.006263 0.008565
1781116.410057 179.080663 171.867656 -0.011453 -0.007823
20635.784613 7.768474 149.416605 0.017507 -0.010967
1834876.302553 303.202185 462.738392 -0.015326 0.004959
350019.654422 174.563402 16.638107 -0.007610 -0.008377
1214501.650638 537.503280 155.168429 -0.019200 0.007507
477760.385944 211.532649 353.555936 0.001776 0.004273
605806.972182 347.305636 499.365098 0.003594 0.005786
272576.070518 480.037261 392.529326 -0.004572 0.001529
1759240.741729 243.268974 550.223681 0.005978 -0.003302
1080301.612187 660.491932 382.461466 0.002801 -0.014587
1857771.559552 140.037458 484.192342 -0.012465 -0.012189
988850.145130 339.727226 277.037418 -0.016672 0.018749
134591.829094 309.801702 242.769649 0.016001 0.019018
96963.198901 28.712710 345.788319 0.008371 -0.003140
227820.812831 464.780595 434.638129 -0.018767 -0.010717
290631.014058 457.695848 34.081981 0.011536 -0.014542
385931.693197 569.281703 190.328999 -0.020045 0.015997
1023297.854244 397.315375 195.457645 0.018820 0.003295
589125.026292 31.656780 579.881055 0.007963 0.017431
1882412.602139 596.852761 583.985969 0.000680 -0.002109
790218.714061 504.576132 18.803170 -0.015187 0.006563
526777.357108 212.226970 139.657124 -0.007102 -0.017981
748590.766801 411.915385 457.618686 0.007588 0.000586
1324791.236466 162.434260 5.825616 0.019528 -0.013026
1179151.767483 226.067948 128.554975 0.002200 0.019237
301466.356172 395.821231 434.595237 -0.014969 -0.019527
349183.755158 414.857202 387.432092 -0.011759 0.005631
616335.581344 375.093311 543.899991 0.001729 0.011528
1910511.639859 733.869570 182.979506 0.008692 0.004283
1640005.631205 304.923473 484.939137 0.013301 -0.005361
1964468.728734 335.698811 391.354651 -0.012185 0.018994
1261209.360911 276.159864 282.356280 -0.005751 -0.001156
968463.258337 424.194347 593.962722 -0.014828 0.009413
1257770.379660 350.176517 124.188561 0.001228 0.019288
1991034.577596 391.302405 537.528608 -0.008008 -0.011747
1007596.648767 95.735616 353.633911 -0.006557 0.017869
1912045.142572 235.998430 222.796976 0.004268 -0.000411
692628.538559 190.321266 501.259848 0.008569 0.003867
609848.141023 240.568168 74.891735 -0.008216 -0.002767
1723251.459991 737.451459 520.919565 -0.017360 -0.001711
1696924.347289 50.480958 567.894286 0.009837 -0.005599
309029.791648 199.819660 289.742034 0.009611 0.002295
867302.640745 559.334954 513.413166 0.012170 -0.007828
691843.061099 120.400965 326.329709 -0.012882 0.018604
272265.500516 388.287743 162.327599 -0.009544 0.011207
1400582.436193 98.403449 421.138315 0.003067 -0.012244
320566.674844 332.868092 150.641728 -0.015710 -0.013506
1229627.376064 208.583031 245.936563 -0.016030 -0.019859
1946485.269790 425.093689 421.457863 0.008760 0.004957
15066.369444 140.524056 292.207861 0.002014 -0.005766
911695.870064 549.219651 506.456465 0.009050 0.017872
1245159.992597 340.235178 43.006326 -0.005967 0.020425
519428.529087 388.679332 247.071629 0.000319 0.003901
1147820.552414 102.411748 512.334135 0.019417 -0.011057
1717933.562453 767.133375 453.855140 0.002503 0.011430
183230.377819 455.369295 577.542204 0.003168 -0.015313
640928.558372 27.281612 483.388040 -0.013444 0.010251
1503776.668340 629.143163 110.869613 0.012836 -0.015522
360957.489517 65.431710 358.369650 0.003712 0.003711
380073.533570 131.736011 431.431719 -0.018232 -0.014052
1889061.825298 723.489621 66.000027 0.008016 -0.001330
1796955.322752 634.014523 20.328377 0.014480 -0.005168
306282.549308 147.210442 243.087154 0.018372 -0.006197
332156.324914 567.522837 78.934440 -0.005933 0.001332
485168.456326 426.826438 367.132795 0.012952 -0.014816
413343.113108 24.549545 173.397499 0.017108 -0.017005
883643.182406 697.275751 587.129505 0.002073 0.002795
887249.075289 360.286781 217.420761 -0.000908 -0.007429
1467432.667253 504.128539 297.549037 -0.014404 0.003562
1682910.725327 245.356902 179.591517 0.018987 0.006319
1660796.624450 172.272259 113.290552 -0.002228 -0.017762
629926.086697 520.411933 50.928847 0.004182 0.003118
318150.466456 37.069845 269.383857 -0.013678 0.003896
40123.955365 464.560860 28.852866 -0.004752 -0.017482
724761.667999 94.170897 413.523060 0.014317 -0.009808
558074.092752 559.716408 337.348404 0.003107 0.006872
438651.350531 326.363413 533.441248 -0.004385 0.014750
1885724.248311 578.733378 300.863819 -0.018901 -0.006834
158400.153815 149.299773 226.022326 0.001150 -0.006969
1952982.963972 437.337426 543.854906 -0.018969 0.017289
1927788.328346 311.097882 28.131859 0.006211 -0.010077
607879.136041 747.138798 567.567458 0.014623 0.000473
1236504.919471 67.948836 551.388466 0.000259 -0.000282
1541570.438790 358.685683 131.489569 -0.009129 -0.000975
1098586.873663 282.490977 398.568816 0.017052 0.015182
1973812.054831 723.282815 257.540561 0.015635 0.017497
717421.361579 684.397715 190.614508 -0.003729 0.000397
1128238.588166 568.346447 265.752980 0.000397 0.003058
1906900.824936 103.393104 396.831172 0.014914 0.005401
311031.282093 514.332799 50.845416 -0.004958 0.016686
1119457.958787 738.671003 161.560661 -0.010692 0.013996
295815.608602 167.842410 451.415326 0.003000 -0.015986
1365835.790227 746.455816 573.983380 -0.019995 -0.006455
933742.419320 452.602959 29.864079 0.016425 -0.016947
1254474.420685 689.946506 122.285752 -0.008480 0.009407
1674721.783807 355.808688 227.860976 0.016822 0.012742
589441.845468 384.449096 445.896870 0.002575 0.008106
1186208.380939 568.235435 547.183158 -0.006139 -0.008544
28320.921598 24.779573 131.450217 0.018882 -0.018778
1123059.363627 350.806771 356.701662 0.004336 -0.006040
1339490.994503 192.772841 126.499438 0.014922 0.001169
1892333.765464 567.715899 583.375458 -0.007266 0.005403
1580513.963280 495.712572 66.047138 0.001221 -0.012656
1628540.167412 101.128041 535.761997 0.009075 -0.001121
358744.990248 592.702872 301.889395 -0.004047 0.008489
1065496.480589 768.512062 90.580116 -0.014940 0.002932
996930.964755 638.447585 488.974928 0.008374 0.006816
685065.261407 523.901818 229.211782 -0.007709 0.019127
22284.613001 82.928969 360.128264 -0.014776 0.005069
1564209.169505 749.627295 458.239234 0.006963 0.006548
471659.941818 684.099552 242.313215 0.009524 -0.009783
234378.384535 216.318498 129.503506 -0.009220 -0.004009
1581110.075852 613.310435 117.722990 0.004189 -0.000945
1733102.233956 757.443448 78.067979 -0.010154 -0.009492
222272.466972 206.886215 219.624526 0.008458 -0.004763
7593.072023 394.956196 189.492950 0.010730 -0.013126
1961038.188991 1.999348 14.088529 -0.004562 0.009666
554464.627316 401.912500 7.783030 -0.000263 0.010874
821613.773155 227.389814 322.811086 0.003850 0.015651
24485.756655 378.179438 502.270950 -0.014260 0.008805
196372.594776 203.375739 588.136145 -0.001422 0.018529
718005.964867 375.111402 274.396724 0.007059 -0.010208
1252709.545778 525.491712 141.969997 0.005943 -0.018311
1958473.456073 742.003794 326.297405 0.019617 -0.003225
628831.249023 322.391152 421.162400 0.014055 -0.019648
1185057.482303 690.520180 288.674012 -0.002877 -0.019707
406775.272641 420.996502 157.501152 -0.012934 0.019328
452064.211691 433.194909 275.502373 0.007344 -0.011363
1391094.198167 249.373490 525.023442 0.017198 0.018291
1830316.959801 730.298440 532.339533 -0.001630 0.016121
610994.441719 617.928825 184.058357 -0.019670 0.004982
631021.334152 481.937078 291.901168 0.011821 -0.018540
989235.750860 1.905433 333.916312 0.010266 -0.012655
1098658.789461 784.162071 435.195064 -0.019671 0.006629
1883467.686308 564.676664 586.073311 0.012853 0.005337
1871849.530317 584.946754 330.403909 0.012870 -0.012449
911993.535660 102.356079 577.225170 0.010599 -0.014609
1176139.691461 61.398243 443.603399 -0.016925 0.015014
1537174.407177 456.277543 526.378415 -0.006935 -0.006926
123261.179832 701.026059 185.404928 0.011710 0.014791
1946848.674653 583.424208 354.109292 0.017978 0.001705
457599.283409 709.114189 164.627388 0.011209 0.008296
926562.791190 189.182380 501.862079 0.000231 0.019946
1942178.605097 12.152184 45.182490 0.008409 -0.016360
1905775.863633 382.861942 397.601057 0.013285 0.012158
1975712.466974 713.503614 408.045277 -0.008357 0.007176
1128937.655654 214.472958 243.569966 -0.013917 -0.011205
1900458.380534 306.070809 61.945247 -0.011067 -0.013420
1623668.112617 550.042482 239.432817 0.005844 -0.015475
798515.523224 494.047959 76.682939 -0.000981 -0.006942
438456.544857 343.870660 482.184192 0.015095 -0.009806
1216805.763178 694.525926 90.540283 -0.008499 -0.013387
1661706.700764 681.322069 258.934472 -0.010496 -0.019706
1303971.794110 150.930089 233.899706 0.010281 -0.003513
1107963.914568 455.513982 58.851568 0.018168 -0.011400
425643.800956 282.541072 500.124426 -0.007836 0.013957
318262.858465 449.320887 154.954786 0.018575 -0.002255
1036196.117772 457.962264 186.755394 0.006839 0.014661
948553.069005 401.650755 427.809935 0.016409 0.009308
1438074.149861 446.806855 555.678166 -0.015615 -0.007641
677338.477540 530.394911 530.715467 -0.002503 0.004691
197747.041563 521.337796 583.705313 0.017214 0.019647
1601492.672973 71.392433 330.420651 -0.017645 -0.017802
1987075.958395 461.435596 375.080158 -0.007818 -0.010044
971748.938305 621.634035 449.459040 -0.012076 0.007401
974474.447302 733.514153 145.945441 -0.003456 -0.018906
1121549.802423 602.032096 413.025655 -0.002209 -0.012400
613932.794246 434.557875 504.535562 -0.008851 -0.001015
1665525.531241 62.855643 338.488778 -0.004452 -0.014553
1238773.710671 302.303154 429.595756 -0.010180 0.007297
1925637.924078 585.446644 276.831521 0.008457 0.017214
290519.337305 158.587142 508.105854 -0.004360 0.004491
1745488.432117 760.852694 218.911014 0.002434 -0.004215
1111265.337612 695.105061 563.022506 -0.004297 -0.013808
829182.160473 184.492991 135.915375 0.019243 0.004582
728391.627189 478.629612 596.454318 -0.016895 0.013622
1349985.243450 33.152425 346.140537 -0.014482 0.010170
1010733.056353 223.820151 571.656919 -0.005910 0.006789
1129411.861826 180.542649 373.311099 0.017225 0.011493
33999.050983 389.466140 394.347168 0.026681 0.018662
1606354.705806 295.959604 66.615254 -0.018766 -0.005949
1451822.744427 315.256281 570.263738 0.008766 -0.000990
1590584.168020 314.785221 309.326230 -0.005147 0.001137
538209.161040 700.771211 484.760277 -0.011164 -0.010866
958317.440449 627.962912 272.290899 -0.015994 0.008653
479655.517489 94.702587 119.994016 0.015867 -0.017007
167238.956395 558.501307 267.526140 -0.012158 0.009131
1592486.357127 737.364368 73.326185 0.009842 0.005646
1189583.299304 432.847240 21.078445 -0.015519 0.016593
1124831.962923 303.205633 474.247150 -0.005200 0.004001
37146.621401 680.296487 232.897552 -0.001137 0.018061
205026.889315 568.772905 41.114617 -0.007908 0.004321
284161.461650 310.251725 183.846465 0.003496 0.003362
68690.410847 306.021161 301.525151 -0.013743 -0.014784
287411.349028 600.023610 404.096851 -0.012907 0.014470
1171263.018237 591.603455 143.462702 -0.004984 -0.015498
1682127.158941 314.854653 577.685360 -0.010867 0.014487
1824708.168313 265.141243 346.712699 0.019209 0.005356
369206.509725 98.051580 13.480868 -0.000372 0.008418
1208981.916871 419.248524 56.279684 -0.015646 0.007271
446720.970071 202.426647 259.057594 0.015797 -0.002839
586212.983628 385.062564 102.287319 0.001334 0.014311
560717.814863 299.154961 150.939613 -0.010359 0.004160
234257.601311 123.817268 558.726088 0.007816 -0.014629
1133248.557864 703.482514 154.150419 0.003533 -0.005172
1934248.125150 153.379541 536.543611 -0.017561 -0.007935
1152133.833222 225.909964 331.238843 -0.019690 -0.013036
1965200.129880 240.227176 396.997637 -0.013818 0.013359
1034901.121182 346.324946 125.960890 0.010922 0.006857
1623246.405098 709.135938 497.199072 0.009740 0.003206
1926329.093951 247.995561 276.486698 -0.011182 0.015959
1658576.383096 150.586134 54.646441 0.008986 -0.010061
786221.519479 241.143234 318.568993 0.017772 -0.007704
1421758.733421 742.855853 364.833904 -0.004724 -0.017523
888519.625593 711.382924 308.087173 0.005880 0.006119
374128.679919 371.176472 325.375596 -0.019385 -0.011585
247207.860577 783.064533 311.396571 0.003274 -0.012054
838233.393076 329.895366 231.335009 0.000763 -0.014291
1269501.125100 722.856494 262.992372 0.010507 0.017091
1490342.234955 701.490874 467.090333 -0.005847 -0.010059
1720173.599068 638.905838 82.386058 -0.005155 -0.001846
1589947.016719 447.740833 550.829565 -0.006500 0.003128
254199.274003 369.800678 331.558313 0.005919 -0.018219
1506623.924480 52.254059 274.502959 -0.014410 0.003086
1187558.641279 618.918736 289.800773 -0.018797 0.017646
663885.182079 619.812193 490.313786 -0.015549 -0.014783
134186.233456 776.491362 557.339621 -0.011876 -0.006225
763995.101100 799.215253 542.366918 -0.008059 -0.006509
960104.740672 340.544205 478.925509 -0.018582 -0.016977
1689167.128731 629.615608 85.041082 -0.007876 0.017131
1435140.350571 715.859487 422.382587 -0.012035 0.017046
1287450.956780 425.499541 421.034262 0.005117 -0.011707
1664884.491668 423.971362 368.682061 0.010657 0.009306
1916152.068375 115.845141 439.912625 0.014339 -0.002304
142374.806172 274.872736 522.068788 0.014830 -0.004939
1889104.925044 571.494591 97.631275 -0.016735 -0.019289
184043.514628 642.515578 546.691426 0.011780 -0.019917
1678137.485719 350.683672 320.287148 0.001587 0.016090
349432.717240 299.379628 257.076879 0.011497 -0.014633
327130.583267 597.986979 167.765432 0.015863 0.004361
1445781.852792 774.701510 571.703107 0.003710 0.013528
657045.848974 430.371437 332.919064 -0.000289 0.004925
1143416.638087 467.908257 254.858892 -0.000622 -0.004812
853229.746620 259.865267 491.372636 0.018361 0.014541
1436276.935710 106.282633 143.774431 -0.014008 0.017012
747046.145027 249.454299 400.552449 0.006114 -0.011902
555282.349025 299.958700 106.874936 -0.010820 0.018771
31011.744417 446.413820 303.307499 0.002808 -0.017981
259713.421697 113.438653 381.660484 0.002214 0.005069
30230.289339 786.008076 570.840061 0.013288 0.017723
1629124.594680 439.838277 45.084678 -0.017904 0.007950
1993199.337271 341.341358 5.272527 0.006600 -0.016779
437214.899080 754.056009 272.114660 -0.004252 -0.013122
847463.854052 329.387534 438.988695 0.017213 0.019223
1561464.248021 48.347231 73.573273 -0.003319 0.004592
1496915.452879 345.622815 357.914817 0.008049 -0.009434
1076064.875850 410.551248 489.303562 0.004506 0.002587
1028186.607653 487.319589 594.656922 0.000919 -0.009099
141764.248787 594.400597 129.532330 0.000986 -0.014451
778578.041484 758.626051 329.989644 -0.015291 0.015189
1058486.954802 720.316760 564.054109 0.005794 -0.007093
1112790.978101 319.225194 447.923305 -0.013857 -0.016078
24501.685065 554.088310 366.291362 0.013083 -0.007844
353571.678676 272.615216 548.760553 -0.013272 0.014599
375264.103699 191.437993 365.882267 -0.003806 0.010619
1493884.026769 634.819668 429.462656 -0.008217 0.016518
1188817.119779 659.960138 487.961501 0.001400 -0.000904
259519.063057 73.993070 525.226928 0.015156 -0.010160
1949033.547169 712.125421 562.656464 0.003488 0.008714
482529.103981 609.256318 36.346636 -0.013828 0.017271
1850091.109914 273.862382 102.910695 0.001411 0.009858
1871495.037280 225.018663 324.786571 0.006261 0.002826
908785.677938 195.123662 241.391064 -0.009269 0.011233
1755362.652128 318.525783 522.216944 0.010157 -0.009001
232765.271437 581.830595 98.692865 -0.018168 -0.007164
1765166.354256 236.639748 45.852069 0.017679 -0.001986
15434.920795 692.710846 474.695606 -0.012888 -0.004014
1077013.659792 90.437650 409.467302 -0.016794 0.010614
516053.778360 427.495609 5.864714 0.006393 0.012140
1576709.125925 429.980394 119.088615 0.006447 -0.008336
948767.654108 620.987713 12.351610 0.005601 0.013216
667159.362075 417.481937 74.280792 -0.003588 -0.001433
1146380.339352 334.034545 198.486868 -0.005338 0.003865
1462269.868451 722.376596 427.240752 -0.003615 0.019233
949273.004639 536.521988 309.680539 -0.000655 -0.006848
636841.273232 217.414549 521.172906 0.000688 0.017238
316267.470045 792.935808 424.525979 -0.012947 0.005326
1072709.865436 409.261967 93.025708 0.006416 0.016888
1234697.917120 187.702531 203.739106 0.017932 0.003948
1871003.135047 543.472275 299.974278 0.005848 -0.016346
968257.898916 95.411016 457.613629 -0.019763 0.004272
184803.100389 256.363998 526.079037 0.018268 0.013469
1613704.762242 94.166395 496.915215 0.000562 -0.008171
920804.219749 40.481661 484.282675 0.004907 0.008264
1455508.939668 184.178176 565.764449 -0.017307 -0.012833
1084419.887087 1.043568 515.185950 -0.018209 0.005931
1899527.167855 422.599897 461.421129 0.008444 0.001107
745706.753221 643.070985 509.240356 -0.010153 0.010538
1369434.811813 44.304315 529.164704 0.000582 0.002796
353913.564400 780.210089 371.930005 0.019266 0.003544
660308.989072 568.436410 492.184074 -0.009061 0.011117
1997036.600484 653.865427 469.099824 0.014265 0.014411
857968.969670 644.506639 232.651045 -0.012096 0.000744
1832483.595159 457.201806 194.425206 0.011938 0.011105
174050.590104 359.997079 525.722257 0.018773 0.018474
887791.815627 115.645530 561.081317 -0.017425 -0.014863
1048845.100705 314.580625 504.459223 -0.006252 0.006681
1236598.032171 273.623538 289.920323 -0.004022 -0.012106
688449.854352 662.779274 2.233675 0.009243 -0.018931
1047717.716101 519.241897 357.764576 0.013927 -0.003473
831685.772553 746.668331 517.436556 -0.008476 0.016128
1646809.537731 588.017264 29.590526 0.010383 0.011948
354697.854423 226.396945 115.138634 -0.019271 0.005158
1718570.137265 508.344972 581.219261 -0.006294 -0.018654
338487.908402 549.528276 517.395240 -0.012994 -0.003259
1776805.868268 558.734380 40.785343 -0.000624 0.001856
960078.654327 720.313863 286.870901 -0.006922 -0.012576
763596.911339 131.417325 556.254197 -0.002737 0.017033
1446903.674606 486.833747 125.376183 0.018261 0.005303
1673049.761761 619.985920 155.697252 0.012201 -0.015277
591079.477496 780.150127 482.558215 -0.013717 -0.013989
450261.526019 36.810692 509.542031 -0.008235 0.001254
788880.985598 619.162090 258.610122 0.014933 -0.015420
1247242.441982 204.448095 167.473831 0.002034 0.007426
405506.701397 217.976617 175.132676 -0.003528 -0.012332
1835863.754077 197.567531 576.157378 -0.012858 -0.017856
159031.381905 380.222468 18.688717 0.015405 0.005332
362722.217274 87.128904 407.188252 -0.018484 -0.003712
420997.232395 340.244121 105.223846 0.005885 -0.007648
580167.091722 213.316181 333.047321 0.002823 0.012583
479025.265425 617.123229 52.391959 0.001284 -0.012669
552036.800679 359.779788 258.488766 -0.010466 0.005046
969986.005207 253.904278 61.440162 0.000856 -0.011957
1471710.388303 557.459819 187.932030 -0.003391 0.009250
1430984.936390 501.070859 90.999604 0.015641 -0.009256
902052.609670 144.278563 321.299351 -0.019775 0.010000
700700.571156 195.499150 313.480349 -0.002450 0.011055
1408199.004553 571.069576 137.377653 -0.014606 0.018120
1713095.736556 496.525434 161.203238 0.018426 -0.014618
944491.339356 557.252865 498.512559 0.011371 -0.015565
1119457.834922 400.572894 441.367660 0.008483 -0.004379
8319.607940 130.655852 343.316418 0.001566 -0.013274
647061.014849 712.031491 247.308856 0.013815 -0.006806
379545.065751 439.143194 25.993020 -0.003349 0.007308
1990576.603445 218.493714 181.300431 -0.009382 -0.010687
876473.971119 589.496427 557.764179 -0.009188 0.000888
80381.552726 664.698756 13.472246 0.011015 0.001702
828036.629980 625.278996 422.971645 0.019526 -0.007167
1747623.103553 248.267669 124.259435 -0.008532 -0.013736
1072386.123739 381.249328 423.857916 0.003247 0.015733
777386.485961 459.732864 101.054451 0.007628 0.013599
801906.589792 103.661799 345.908064 -0.006818 -0.003931
197987.358178 295.756592 137.635283 -0.015164 -0.014149
1545926.498969 428.224556 556.373790 -0.000391 0.001328
492654.834172 281.812161 500.406515 -0.000511 0.004841
1978982.283724 793.043922 69.316339 0.007739 0.002837
17631.095842 65.937728 86.884009 -0.012954 0.010993
1966499.848276 461.783745 543.829163 0.003858 0.014654
611006.784537 527.353382 167.487925 0.001464 0.011202
850069.038966 246.955098 190.025425 -0.005925 0.011501
1676786.882652 479.198856 83.052862 0.006897 -0.017856
1557780.060711 529.970788 26.084391 0.015762 -0.005710
1227310.625476 722.706259 262.506415 -0.014481 -0.020148
428616.731627 591.825060 393.238143 -0.015228 -0.007965
1127178.874392 340.599250 576.931832 0.013653 0.018400
1480731.590409 212.526533 162.280709 -0.017761 0.004813
115335.758829 714.957145 130.688508 -0.012100 0.002662
541498.807511 780.830222 137.492721 -0.007454 0.014836
1167776.423119 741.713026 464.592838 -0.019054 0.007380
1705487.274428 189.990125 255.695971 0.000300 -0.005707
1455042.508177 58.321166 469.873979 0.007535 0.016570
1485351.840726 341.273997 108.561296 -0.019561 -0.000670
1600046.444498 55.323224 226.570513 -0.019268 -0.009264
1889695.885540 230.010101 146.940876 -0.013079 0.004153
230475.999522 606.092599 319.446274 0.015482 0.011169
434670.210087 593.629608 9.828437 0.005754 -0.009930
748135.628527 296.499777 192.832154 -0.013610 -0.017667
474188.291689 718.581326 292.952219 -0.003339 0.016154
1941577.332067 174.176349 588.392645 -0.006002 -0.010716
499196.726130 235.229095 314.377572 -0.000269 -0.001290
254300.674542 487.833777 134.029765 0.006377 -0.000123
6325.354803 699.755239 144.023265 -0.019181 0.000842
980919.682878 316.223193 534.959575 0.012561 0.001943
1900851.625903 40.236625 269.138228 -0.002614 -0.001275
719689.197242 326.124357 412.525857 -0.006338 0.010298
1844748.197982 472.699227 29.937088 -0.002195 -0.016548
1036199.990211 459.378144 416.168105 0.009629 -0.010782
385683.919483 595.583808 65.427168 -0.002702 0.010636
1256102.471266 738.647801 96.228628 0.000326 0.010653
1419511.694191 375.220404 473.099474 -0.013609 0.016231
511292.832210 415.532695 189.892540 0.017685 0.014412
145034.134456 690.964126 270.031571 -0.015050 -0.007553
1071721.370831 512.993310 530.594348 -0.010820 -0.004680
233847.819378 338.023715 77.584885 -0.011045 0.014183
1786277.592083 681.559630 467.330083 -0.017913 -0.005081
1031918.257955 609.527174 506.364857 -0.007876 0.016816
1499349.890975 446.067090 263.475321 -0.017298 0.000091
597617.807145 110.468479 218.917887 0.010027 -0.009529
1353622.215499 228.425652 541.963350 0.002473 0.000628
573296.933702 542.593180 564.242226 -0.003394 0.016133
1590131.532210 246.452232 453.685894 0.003024 -0.005538
258416.177825 73.252208 73.550031 0.018866 -0.004276
87595.200207 577.064952 571.857230 -0.000689 0.011451
906233.425674 626.039773 554.306660 0.012744 0.001237
370032.188655 395.639413 489.050348 -0.016450 -0.017754
664767.085884 299.434025 441.964785 -0.009127 0.011569
1278253.811075 52.956946 58.782797 -0.004104 0.005617
916040.443311 420.132095 438.710483 0.003212 -0.000175
249204.321880 498.939775 130.008071 -0.016951 -0.015725
8661.484350 424.748381 533.334849 0.017167 -0.006051
841302.204338 89.925594 505.926460 -0.010460 -0.011998
1802783.200425 455.999672 346.425494 0.005475 0.013644
731632.451868 220.829938 544.858203 -0.001384 0.006834
1096714.972098 736.603577 118.099281 -0.008786 -0.000152
1386984.768969 324.176605 76.199534 0.016473 -0.000729
469499.863903 731.908930 7.130628 -0.014999 0.013825
718651.906922 435.238531 574.785945 -0.011849 0.011205
316653.122342 84.476544 211.510105 0.010343 0.008679
385530.231700 79.448826 10.987440 -0.015987 0.002584
1379939.433830 519.700789 291.868764 0.015394 0.017190
1974529.288697 463.437334 199.385162 -0.015556 -0.000436
1626419.535664 279.932874 244.551989 0.012991 -0.001059
503204.831157 145.985018 10.599623 -0.011602 -0.004494
1600260.999799 292.829944 294.231691 -0.013936 -0.015952
467442.890847 275.181429 120.971255 -0.009909 -0.002200
1530910.291491 752.909406 56.791477 -0.010017 0.013193
43405.273949 189.851875 245.026016 -0.005770 -0.005875
1801413.789299 133.405820 421.673998 -0.007712 0.019696
348673.859774 447.355156 105.190900 -0.012275 0.010759
1122384.702378 793.092157 80.585485 -0.017936 -0.014258
474000.488629 229.212705 293.475260 -0.002425 0.001569
1867761.544822 162.435891 288.066525 -0.018838 -0.001857
617712.498930 39.733175 415.228265 0.008774 -0.003828
88793.583256 495.268228 343.116692 0.009912 0.016873
1123119.018564 736.349124 291.290816 0.009343 -0.015514
510837.786138 237.491050 62.536564 -0.004319 -0.005979
498234.962345 502.856165 381.165884 0.009535 -0.017337
350510.791107 537.914474 163.027570 0.006266 0.007944
1451432.125387 771.331080 449.473424 -0.003431 0.007381
303273.376219 370.452255 179.738307 0.008883 -0.011661
454803.713809 227.320498 75.696273 0.008615 -0.019194
480071.545802 775.390716 189.727521 -0.006268 -0.005550
1333575.176696 474.713936 592.782969 -0.007755 -0.006721
110627.538576 382.688871 1.645412 -0.007021 -0.014469
1406769.050940 41.547969 59.168920 -0.001852 -0.001176
1561676.394922 481.943810 559.224743 -0.016772 -0.007007
281255.947557 246.569119 364.500858 -0.009242 -0.019068
1257382.930842 407.702007 596.333427 0.017776 0.014113
706537.016996 489.409110 269.152339 -0.006346 0.016662
1558318.719993 318.292166 237.185640 0.011355 0.008938
1057752.200895 389.495442 466.222989 0.005112 0.017477
491364.625511 326.080336 325.134932 -0.012858 -0.000415
1734950.389590 255.115059 479.368935 -0.000918 0.003491
1643357.573842 84.898008 56.596253 0.012565 -0.017960
1898263.090243 133.881559 397.739148 -0.004153 0.000415
1157183.811607 141.334246 544.890481 0.018949 0.018327
1260090.642264 401.410757 266.317311 -0.003786 -0.014832
767107.214205 521.884490 323.500059 0.016963 0.013171
55740.578126 635.037854 88.642841 0.012996 -0.009350
1471867.368311 519.228186 224.846612 0.012703 -0.001709
851158.514084 623.901227 377.433232 -0.016453 -0.012928
279214.015361 532.688977 211.892324 -0.018212 0.005643
622537.959657 541.509564 84.441152 0.010271 -0.016705
543551.074594 112.626164 438.938504 0.013020 -0.017290
1125283.938425 670.577639 515.376256 0.008407 0.006502
255944.995329 357.696402 186.978695 0.000111 -0.008822
1549879.616848 742.553258 34.919030 -0.003812 -0.019282
474171.187949 435.956389 410.538504 0.003552 0.003663
648167.413030 720.749290 160.596448 -0.001359 0.006317
697835.028496 589.562987 478.534801 -0.016732 0.001911
1725670.433475 516.142747 231.030634 0.008566 -0.005180
99429.388577 679.078944 481.439173 -0.005528 -0.005966
163663.104253 109.190157 168.324357 -0.006076 0.000428
594763.153510 304.018034 53.092172 0.019287 0.018838
1355525.087265 245.229644 522.298466 0.017973 0.010974
1053977.892294 234.675559 305.549326 -0.007008 -0.004915
115031.983757 149.654399 13.077663 -0.002341 0.016299
752375.869431 393.539370 455.326692 -0.012734 0.014187
219437.964363 208.516976 594.938616 -0.004391 -0.003966
1068114.026016 550.330591 469.194327 0.004822 0.006954
1499866.051366 239.195866 584.037464 0.004706 -0.010304
1491842.997955 116.680409 322.361160 -0.009690 -0.001105
1826279.228472 251.383988 395.376852 0.017279 0.010257
1133058.067007 247.410918 149.315646 -0.007048 -0.000430
207507.431604 346.287158 450.517467 -0.016175 0.012952
304737.184339 504.667530 306.517705 0.017354 -0.010037
361247.467977 546.247791 329.189510 -0.013814 -0.007895
1585793.637478 720.311420 269.088724 -0.006741 -0.013887
1841064.114050 194.886417 281.055892 0.003206 -0.012800
451362.950938 116.060060 291.927499 -0.000988 -0.001230
1950936.490647 463.087917 542.341792 0.007472 0.008577
1454702.783122 701.526527 182.866563 -0.010466 0.012517
1108684.254395 334.940339 297.186307 -0.015859 0.002983
1596490.624173 716.640589 284.718812 -0.013165 -0.009479
1263706.185512 133.935280 282.650396 -0.015920 0.009880
1294332.516982 260.897401 535.941905 -0.014679 0.012034
723046.520130 86.943351 228.678438 -0.009383 0.013347
107937.715067 793.386069 426.691403 -0.005776 -0.010903
1046872.077066 728.611418 389.520759 -0.019425 -0.019601
450965.188654 653.802284 546.450184 0.008002 -0.017434
278162.196408 266.439127 139.723697 0.004373 -0.002622
1960316.196066 205.953970 456.506528 0.014896 -0.004400
1125740.257616 188.019736 299.747241 0.017726 -0.000076
668170.334151 796.515727 294.139090 -0.018206 -0.005849
1443825.863043 455.421186 160.085474 -0.005095 0.003565
564375.188464 477.987412 242.483007 -0.012222 -0.008027
938961.728913 267.233142 380.086538 0.008056 0.017679
132214.712972 546.875960 119.703153 0.013430 0.002243
1179224.623916 311.308959 473.040812 -0.016513 -0.006645
575213.267736 339.195753 197.859344 0.010951 -0.001180
1368718.602401 401.135022 24.205951 0.018036 0.014963
1254302.726711 185.476067 282.641264 -0.018615 -0.002903
1541011.519516 400.967317 455.992260 -0.003930 -0.011885
1407684.757098 375.687676 531.645628 0.016168 -0.008189
883750.411162 393.665507 411.828336 -0.010494 0.003306
38293.802197 414.453643 2.729923 -0.006034 -0.008067
949396.727117 26.730686 479.234522 0.000629 0.019475
1340193.529306 111.985739 129.698381 -0.014267 -0.013042
1289556.392138 729.340173 404.225635 -0.003848 -0.007440
1756783.113702 88.247286 468.752669 0.010406 -0.019810
157687.638028 166.186792 303.203902 0.010660 -0.002499
175039.783202 626.429291 573.054767 -0.016253 -0.014655
506304.289450 453.044467 99.023043 -0.017931 -0.016694
301433.914481 575.964420 134.026425 -0.005405 0.014579
790027.673724 9.338647 464.014335 -0.017173 -0.003248
176035.711624 758.969122 317.360590 0.014780 0.008528
1081972.172988 758.905420 552.431743 -0.018311 0.008738
715741.816310 106.865383 298.737564 -0.007392 -0.010926
1263880.632475 454.518401 476.818643 0.011928 0.004694
1751026.801649 758.474300 202.351743 -0.016206 -0.007298
399196.095951 395.106786 198.079672 0.019152 0.002320
1496994.359185 48.542261 306.756119 -0.008886 0.017277
445396.929255 653.408026 529.968108 -0.014306 0.014532
1193553.106484 399.600609 599.619463 -0.016100 0.012520
450224.472419 581.048837 229.340846 -0.019258 0.001035
1999453.321099 715.679143 286.066911 -0.003785 0.018678
1584501.028799 428.984610 291.148350 -0.015104 0.000394
94458.571679 696.656325 342.288182 0.002260 -0.014110
1007827.074736 623.523919 579.904451 -0.004564 0.016837
1658558.308919 786.850201 252.875763 0.013084 -0.016927
475365.567242 42.371315 482.652620 0.004208 -0.016837
663714.367274 496.276287 581.140794 0.012204 0.018136
1919117.403179 479.260435 297.078368 -0.002155 0.008815
9624.167350 393.758403 354.307961 0.003062 -0.018036
1478876.057770 64.744540 497.149867 0.007613 -0.001367
1502145.321808 426.344589 269.161057 -0.013013 -0.005532
1054818.871922 328.991486 247.438977 -0.006669 -0.018736
972186.690649 532.023148 390.573863 -0.001906 -0.001132
1216433.286302 329.301424 43.539119 -0.015854 0.014314
1585452.240699 85.680313 210.025432 -0.004652 0.007046
796849.675848 98.813588 459.272822 -0.011175 0.013044
461377.134761 782.928582 216.779053 0.007122 -0.013899
1447663.852688 164.993409 338.396790 -0.014466 0.001604
1190708.408687 498.625702 122.494053 -0.010111 -0.017133
1355477.244293 684.215325 294.753577 0.010011 0.018244
694211.989964 433.846232 39.648962 0.007928 0.017125
1497031.391364 75.990021 30.125970 0.000516 -0.007088
1759090.904966 594.291474 180.008229 -0.010333 -0.003083
904928.793621 771.698110 377.465936 -0.019381 -0.015859
341892.055395 489.083870 437.334031 -0.004959 0.014372
1609370.418642 43.021900 428.250427 -0.008155 0.012128
1339833.364515 513.665682 206.773762 0.009445 -0.006365
543533.833951 386.066665 260.797563 -0.007103 0.019761
1510075.678821 160.788256 443.534287 -0.017781 -0.002229
325429.097901 406.830108 246.079370 0.011707 0.000975
1027532.088117 770.772412 81.137330 -0.010417 -0.006326
1987715.010526 37.312509 236.676959 0.008300 -0.006357
396776.620483 301.274552 588.363175 0.001759 -0.015620
639902.701899 652.789079 355.679854 0.010169 -0.014513
1179865.857204 406.003332 204.163408 -0.006886 0.002543
1568458.621189 393.019003 42.183185 -0.012223 -0.008570
1190290.628555 566.912439 150.562525 0.009231 0.017977
1180185.991889 580.824709 597.198263 0.019378 -0.002828
672088.553511 146.412715 485.161854 -0.007440 0.009053
1837656.663655 510.381415 325.206422 0.000515 -0.004379
1360614.323691 81.255346 539.137993 -0.019222 -0.002772
924125.776125 643.740130 555.563205 0.001301 0.019918
418950.309241 102.511393 424.885591 -0.001841 0.014201
1312754.557148 39.479203 349.406141 0.006044 -0.018708
30587.249450 791.060116 130.130522 0.012874 -0.007747
1889215.610870 593.527323 565.848731 -0.000557 -0.009851
669560.509114 133.291288 213.932764 -0.010651 -0.012483
1579576.984783 556.957668 594.789024 0.008608 -0.010948
1982244.182370 739.197780 213.957982 0.007925 -0.004712
432350.935616 284.148770 257.763130 0.011963 -0.019783
930735.730068 652.714283 596.896324 0.007299 0.005501
600671.720971 501.495838 227.491049 -0.010141 -0.015436
1270601.892504 464.253270 169.741740 0.019695 0.012532
938976.299455 626.095863 304.952280 -0.001557 -0.000158
1474031.937064 361.451412 251.408359 -0.016261 -0.013938
1605130.416157 247.604003 302.381295 -0.010676 -0.015571
1023340.410098 559.405178 555.200693 0.000257 -0.004742
1128556.229700 646.003408 4.885145 0.017713 -0.017926
248420.950141 463.842007 377.938341 -0.004167 0.002493
884577.235619 701.349177 213.085796 0.017988 -0.006659
1704879.713107 549.586922 474.656109 -0.009084 0.011134
1882055.445519 60.063913 54.676300 -0.002202 -0.007583
404206.608610 765.636998 4.926410 -0.014908 -0.001409
780987.060993 553.489421 162.517348 -0.004102 0.005536
642018.800900 420.445303 131.054013 0.018041 0.017208
1579863.075903 313.635975 483.245400 -0.014258 -0.006320
286431.929230 799.360819 18.181446 0.017334 -0.009090
1625355.291937 700.334387 207.205788 0.016184 -0.007087
1310099.705732 85.590501 166.684409 0.006614 -0.010561
1485499.756171 42.096252 555.824239 -0.019429 -0.001826
1126826.147142 267.897146 586.623748 0.011206 -0.008662
1817754.082297 456.672545 407.117967 0.008594 0.008666
42605.713030 685.523615 429.001556 -0.017374 0.011444
1969490.396776 691.706190 400.014290 -0.006744 0.010789
1972945.507603 788.115193 525.963818 -0.009434 0.005961
221002.463354 5.398081 420.817358 -0.018471 -0.019153
314139.836614 479.603450 212.889820 -0.014573 -0.004781
1280098.799281 35.142400 571.185175 -0.007230 0.010293
1334025.561499 271.062841 370.137506 -0.004797 -0.004310
817314.073824 291.735041 154.365479 -0.016970 0.007883
52254.755074 49.545423 408.974224 0.016125 -0.006908
662711.798522 9.215594 199.485510 -0.018592 -0.017988
710212.109941 153.584894 389.762344 0.008414 -0.006920
61999.699130 281.303911 223.161609 0.019330 0.006783
261157.692532 519.790607 3.442900 0.009905 -0.018743
797766.605764 125.525086 236.975069 0.006236 -0.010783
184709.901076 545.854929 175.259879 0.010999 0.003281
1235796.007903 85.680732 357.186236 0.018134 -0.014409
1292608.929469 245.203618 198.043794 -0.008129 -0.019342
1317389.029692 261.032720 220.254954 -0.018774 -0.007594
71927.786838 127.558325 576.055117 -0.018263 0.016267
1977614.946653 353.521052 38.157525 -0.004688 -0.016025
591803.305127 381.820948 467.061570 0.003543 -0.009940
726241.200569 165.441685 213.825953 0.018405 -0.013689
995710.504705 485.460007 279.572705 0.013130 0.016104
963862.695249 391.352510 138.027868 0.014000 0.000716
1079147.418532 708.513404 408.266681 0.000070 0.017234
1174876.041326 389.970422 223.465313 0.006102 0.014862
937689.950195 758.133393 209.358878 -0.010109 0.001350
1200871.358253 489.951672 445.135098 0.018289 0.002817
1798372.363578 364.395350 105.699663 -0.005469 -0.008545
158766.744732 676.157146 464.641329 -0.007507 0.007893
584123.108808 680.125414 348.287412 0.018802 -0.006104
1019930.488905 447.557757 499.965309 0.015235 -0.011572
1412068.961846 279.056948 95.723594 -0.017833 0.003999
1390465.348675 524.094420 125.854950 -0.002538 0.004576
1560588.704217 269.798927 41.886384 0.018295 0.008048
709118.110458 28.498082 326.980717 -0.014802 -0.006352
481739.437432 336.940320 116.709916 0.012797 -0.004327
1084185.081108 265.216201 569.306442 -0.004955 -0.011514
321427.933090 65.535408 337.019668 -0.007651 -0.014280
322096.383349 11.849680 475.416082 -0.005121 -0.001936
811598.476400 120.515534 472.045169 -0.000987 -0.015695
975828.599639 662.618228 87.639787 -0.018663 0.018344
980873.326296 219.815926 226.031628 0.007431 -0.016136
1538962.265262 182.390898 257.018351 0.008866 0.004175
1281944.833362 703.414726 411.086754 -0.011714 -0.012090
1646853.441208 292.207879 129.538805 0.004648 0.009433
1334224.681991 17.310386 531.642571 -0.001742 -0.000146
1987979.200663 753.748962 196.677419 -0.014442 0.019172
567825.405192 503.470594 150.116934 0.006650 -0.007338
693992.653253 345.776336 324.272455 0.011222 -0.014031
290886.182473 333.464632 18.758086 0.013265 0.004847
461579.700216 523.929124 590.432494 -0.002186 -0.009223
1440439.939238 90.611639 175.794760 0.004292 0.002716
1578856.275221 479.439570 307.279770 -0.015373 0.009472
975708.803616 320.085689 219.705428 0.009551 -0.017495
1363849.989774 67.974291 296.555608 -0.011050 0.014439
1287670.666020 295.583520 165.375417 0.006995 -0.011986
1793086.186886 725.167010 513.115958 0.015254 -0.005937
253419.465503 481.126759 278.000667 -0.003002 -0.011625
65064.939701 167.206451 484.559761 0.001755 -0.007021
1093948.624606 26.219218 434.936318 0.016649 0.010809
1570950.974510 476.806383 514.304858 -0.008974 0.012911
1433502.711092 738.879084 113.720740 0.019633 0.003973
779698.448619 711.433745 302.053259 -0.010251 0.010930
1707668.152502 297.434417 224.373965 -0.007309 0.011723
1161722.038482 280.336195 1.191774 -0.004378 0.015825
650195.260835 747.901859 556.475903 -0.017952 0.014023
1393276.303724 667.737847 267.569322 0.002118 -0.015475
534900.189626 215.476761 20.723941 -0.001720 -0.009441
1264731.390059 676.441557 90.848405 -0.014611 -0.016288
1848317.172308 790.526619 278.188435 -0.008166 -0.007746
512088.236637 701.871494 394.057114 -0.009761 -0.009252
1104225.446984 465.369233 122.115169 -0.000852 0.005253
107543.810321 140.002805 279.690036 -0.000018 0.009163
1156781.673039 615.037504 597.730309 0.004527 -0.011052
520065.349769 196.709835 42.741826 -0.003454 -0.004741
327390.441823 269.870816 222.064948 0.005079 0.005382
1353004.063178 706.903652 306.507743 -0.006485 -0.014422
1558240.596931 709.937813 433.211882 0.019296 -0.005487
706633.334377 29.432708 323.808304 0.012782 0.001700
534505.464385 317.168783 182.303998 -0.009456 -0.019526
1061346.780072 419.775982 155.064039 0.004207 0.017639
1275778.349152 611.793027 164.366914 -0.019716 -0.004281
1816858.008419 547.065263 165.848980 -0.003171 -0.019297
837596.447597 158.964892 541.905654 -0.014428 -0.012826
537634.699856 396.320296 130.292236 0.012319 -0.007434
1509630.032587 59.428817 425.510032 -0.005578 -0.030392
1442342.147903 473.799377 518.054292 0.019205 -0.012391
1603574.954720 491.915057 575.862803 -0.016927 0.004959
706735.606634 787.892773 184.339927 0.005198 -0.003776
651319.147391 39.636256 362.168329 -0.010768 -0.012393
1573016.600485 397.974687 411.283090 -0.019966 -0.007653
1998835.487291 607.728066 230.296830 0.008372 0.012762
1445522.677826 344.934745 246.093113 0.003475 -0.003646
1207599.107738 311.357801 14.948447 0.002537 -0.001306
1297106.122271 734.148933 269.895492 0.018109 0.001902
1709409.523620 225.333980 358.942351 -0.001612 0.000447
1579454.636005 196.663963 5.761441 -0.000953 -0.009956
635151.660366 380.637450 4.938528 0.008029 -0.012565
1657542.871152 337.914247 368.584164 -0.010398 -0.019609
50074.195513 673.502173 239.414048 -0.017988 -0.003727
1728956.987955 558.511329 193.934441 -0.007471 0.006063
1741304.677791 135.010674 562.165737 -0.001271 0.005040
896425.988943 206.777134 524.955524 -0.001631 0.009336
248631.410417 620.241808 125.781711 -0.014698 -0.000946
789536.960791 768.908844 539.155323 -0.019613 -0.011930
1819863.026878 28.246454 25.953707 -0.007613 -0.016539
901731.744829 139.570022 470.668560 0.010951 -0.000461
878442.611954 515.114705 393.243411 -0.004977 -0.015508
569936.175165 658.446259 222.536411 -0.013658 -0.008683
212161.644461 226.342611 35.149156 -0.007360 -0.003229
1070836.321949 568.318106 228.118607 -0.002633 0.008849
1162154.364009 276.235910 454.596612 0.005047 0.006160
1685995.778854 61.577699 497.525297 0.005652 0.013999
631794.399876 54.343605 296.522861 0.018934 -0.002271
