120102.793966 630.477370 121.679197 -0.006089 -0.005542
269277.329682 300.241467 156.036105 -0.018264 0.015158
1260731.205931 302.098512 191.750067 0.013079 -0.002969
973263.179405 632.805270 572.989089 0.008515 -0.005931
1683880.506867 289.411975 229.431571 -0.016834 -0.013039
1760997.696668 175.271708 580.659274 0.011716 -0.019830
354965.669268 682.025662 474.743136 -0.004787 -0.012012
306862.422408 412.050006 346.411960 -0.003483 0.002362
913598.742761 34.818750 562.424134 0.011121 0.014843
723511.401901 210.313969 397.559902 -0.007311 0.019064
27418.055584 127.052336 203.271449 -0.004127 -0.010472
1026719.971107 221.761950 273.166205 -0.000716 -0.017201
919235.655535 527.369064 553.016819 -0.009943 -0.018408
247720.705461 324.131808 333.560015 0.008055 0.012686
229642.751734 125.793792 516.950814 -0.017953 0.017234
1463437.116455 330.458049 118.819724 -0.004257 0.009186
349002.480669 325.701400 533.880449 0.000984 0.011674
253345.397419 21.822572 48.645135 0.003301 0.000365
301882.374241 33.425976 101.053144 -0.017042 -0.008248
417897.793659 158.222369 419.694888 0.010566 0.015939
1032678.423930 703.124806 34.336056 -0.004920 0.017242
1981626.739717 86.674888 206.277926 -0.012529 0.000339
148080.320166 290.861048 546.013241 0.018532 0.015050
1426235.401736 72.290506 542.514577 0.011789 0.006905
826207.458426 756.188401 428.512807 0.003257 -0.019251
17939.873048 632.943069 129.688759 0.008280 0.002228
229060.592236 178.836877 260.652081 -0.013050 0.003943
729567.630556 129.629691 425.767794 0.008400 -0.006045
424191.899795 625.645801 428.104139 -0.015135 0.009772
1179453.697605 667.593804 501.632354 -0.000310 0.005138
1017047.714916 725.025240 344.262942 -0.011061 -0.000460
1184883.571782 186.455373 168.208111 0.012317 0.017653
1669257.284919 738.138886 98.118153 -0.009282 -0.016612
1530870.404807 506.880985 153.212088 -0.001043 -0.006353
1211583.405366 549.737967 75.252181 -0.007252 0.012379
1741377.547263 727.080130 385.881608 0.008282 -0.003831
544004.606336 172.417333 185.217358 0.013855 -0.002453
1594854.852927 350.096022 402.474585 -0.016923 -0.010141
1223177.906695 729.557092 101.462622 0.010975 -0.013003
527324.168257 433.105158 487.857435 0.000768 -0.019346
312490.830343 99.827770 422.409386 -0.009376 -0.002563
1025907.483430 121.000549 211.909832 -0.013737 0.014344
1509229.653286 342.110701 43.689444 -0.017765 -0.009274
1023852.793045 688.315669 427.900235 -0.012673 0.017501
1918069.081343 635.406418 509.672910 -0.014827 0.002810
59433.087734 314.344008 67.723741 0.013724 0.016466
257531.464220 800.387869 21.864560 0.013287 -0.008781
961609.428265 277.070749 259.691455 0.013360 0.000068
582120.371322 470.165127 558.422433 -0.005430 0.006015
408974.288222 701.486450 306.799911 0.016769 -0.017650
899929.745542 700.434656 511.975857 -0.008030 -0.019834
849952.291162 263.242771 237.836436 0.001500 -0.013091
617567.269419 532.470132 103.649985 -0.006174 -0.000030
907629.657959 661.616976 506.922970 0.015485 0.006344
693382.430213 141.891960 148.639414 -0.008909 0.001678
1797970.130014 385.167420 250.836596 -0.003533 -0.004079
955435.349120 688.717131 164.139609 -0.006714 -0.013574
557659.864685 605.766935 293.413116 0.007021 -0.008247
1324351.926951 788.106751 575.688900 0.013363 -0.006810
917046.023028 230.764190 93.673029 -0.007872 -0.012931
1632997.046985 519.310852 212.337247 -0.017475 0.017109
1790149.784549 770.289898 244.933463 -0.007424 -0.004978
1613713.184192 632.351565 140.831306 -0.016784 -0.015069
791753.703166 288.381059 527.445247 0.015412 -0.018584
347958.385175 437.552851 12.115335 -0.014653 -0.004644
701432.257286 473.860725 403.150122 0.000314 0.015826
1693039.169392 258.822600 326.974377 -0.012027 -0.004479
944105.254926 76.172025 210.642748 0.015305 -0.003684
1451122.988691 550.438609 119.740190 0.018426 0.010761
644142.737912 285.164963 76.722403 -0.011900 -0.010303
328294.663843 300.460609 473.812021 -0.012290 0.000414
344141.964030 428.627380 60.747746 0.013714 -0.018294
1995072.262359 551.839507 220.486417 0.001696 0.015578
1509670.835691 11.351270 590.848312 -0.015736 0.015793
783939.521193 665.423169 349.936951 0.003565 0.011726
702233.533702 730.443904 89.283877 -0.000816 -0.015262
783487.379916 514.537528 295.082584 -0.012710 0.013087
1976.599918 282.321906 217.738259 -0.015860 -0.012098
812477.567611 80.848002 532.030110 0.010927 0.005779
1551513.418346 422.537983 395.038474 0.010380 0.005362
1106838.468046 120.938675 279.599721 -0.014529 0.009719
516376.429478 389.645862 394.027282 -0.003807 0.018699
1541877.001311 639.309726 366.753627 -0.009512 0.019231
877046.727052 210.827479 200.469918 0.012091 -0.005350
1062152.807164 166.502978 280.690467 -0.003291 0.019293
220503.739184 154.929737 305.929291 0.010762 0.018111
285758.867062 257.572142 62.772638 0.004296 -0.001915
1694852.848395 693.280394 566.781527 0.000210 -0.009165
1823523.613542 219.360175 44.334395 0.000909 0.001467
109429.840049 768.354071 479.925857 -0.004453 0.010493
331166.874772 736.289525 582.328300 0.005304 -0.006530
1904142.131984 594.125938 318.583526 -0.001575 0.000438
967910.745632 483.263894 499.410388 0.003528 -0.011505
581591.096978 348.562822 47.883103 -0.010628 0.017517
706572.319710 118.022739 128.291265 -0.002979 0.006843
1499518.371885 385.514018 378.627084 0.001968 0.014855
785875.055374 571.607039 474.470055 -0.005460 -0.006112
257524.722376 252.885542 54.255942 0.006439 0.011160
1201976.699383 114.858056 228.808146 -0.002627 0.009283
1186503.038363 579.956256 101.591818 0.006844 0.018403
215485.423904 20.182428 64.867450 -0.007129 -0.001904
1555844.913030 56.683585 560.789335 -0.003689 0.004795
1610655.802121 641.058365 200.501415 0.003843 -0.013395
1363983.919548 580.454707 288.379604 0.010877 -0.004604
515601.680854 298.454614 317.490319 0.005554 0.012257
521772.659627 185.475216 319.347365 -0.002819 0.016136
984056.433190 429.752952 558.193967 0.003627 0.013827
764465.851134 302.310366 557.896921 -0.007326 0.011444
1098768.237559 98.019962 352.806053 0.014776 0.008814
1505133.839094 452.645585 265.944165 -0.010720 -0.006503
1656881.889169 392.813418 426.131551 -0.005663 -0.014815
1035409.796534 493.778146 216.591386 -0.018015 -0.018106
532033.862794 432.598327 350.126732 -0.012177 -0.014338
885049.308131 462.161037 312.209532 -0.005113 0.015771
611963.250959 737.403058 10.264372 0.015714 0.012221
1469794.933437 516.533682 223.397917 -0.012564 0.015506
1419313.830053 5.423294 222.308879 -0.003153 -0.005438
1001399.715897 751.065019 589.630916 0.014488 0.019460
57920.523946 102.999853 316.989947 0.004552 -0.007025
1340168.589419 44.219829 541.191839 -0.012391 -0.002904
1593328.125585 396.883756 209.091970 0.012539 -0.004442
308175.125303 438.488144 21.471081 0.000956 0.009106
1829796.170737 188.011063 440.235616 -0.008570 0.006237
194622.977727 628.610458 356.709695 -0.016827 0.005966
1163384.351490 85.980389 466.779535 -0.015405 0.009107
203536.384834 623.768499 466.732533 -0.019844 0.018800
408990.508136 640.512842 279.582554 0.002322 0.004615
1709918.606891 566.285679 96.774903 0.015707 -0.010637
1776676.395804 644.301687 280.490954 0.004811 -0.016383
248411.979642 575.512984 526.701813 0.008745 0.011925
1052401.075630 239.870107 543.612919 -0.007840 -0.003549
1254879.329007 324.287261 114.440798 -0.003762 -0.003585
322021.593490 487.251756 125.563519 0.003183 -0.014548
1647379.426121 385.941521 521.484780 0.019420 -0.005115
204691.412954 699.152889 106.327189 0.002802 -0.000172
536197.156895 555.452529 128.701257 -0.014195 -0.003472
25648.950611 537.732420 428.588496 0.016691 0.018964
247729.502734 436.951047 228.995831 -0.007403 0.018033
1580350.309415 380.044389 335.402502 -0.020003 -0.015901
1443766.372951 659.161456 350.918810 0.003671 0.012384
1912564.341869 554.467095 409.618556 -0.014669 -0.009430
357511.299829 321.154775 575.503007 -0.004375 0.001852
744693.135258 324.517133 130.901803 -0.016555 -0.007010
387589.365424 167.768052 523.066204 0.002986 0.000959
1645202.005117 291.663770 -0.060414 -0.004712 -0.005375
205411.871060 83.628659 113.447588 0.007499 0.007837
1996032.971887 514.815312 233.808812 0.007470 0.010565
1306804.762830 688.074509 106.724311 0.004501 -0.009859
1450619.077985 788.382049 395.262205 0.017728 -0.017180
1969754.747101 110.498129 168.351171 0.013712 0.008612
1609086.544071 543.722694 45.653643 0.012191 -0.017520
883645.576836 726.085786 99.618787 0.005542 0.003678
1722771.757153 502.538569 142.355695 -0.009973 -0.007572
28763.775727 722.799160 101.801103 -0.012067 0.000542
845989.907554 733.948135 301.176154 -0.016731 0.014433
1143645.596292 54.394565 600.183147 0.014087 0.016937
1423342.375748 525.563289 361.931242 0.011504 -0.001566
1329764.171191 184.735982 221.611364 0.013241 0.014445
1926056.274178 553.344252 294.214446 -0.011994 0.017718
1598411.507718 172.579273 507.853686 0.018766 -0.003696
726058.746095 313.897556 195.462392 0.014558 -0.001022
375371.614646 348.520333 324.903437 -0.012600 -0.008579
932014.105344 718.567312 566.993973 -0.017171 0.007219
811741.037672 587.667744 550.808869 0.010982 0.002624
1557690.799962 589.767672 154.731913 -0.009264 0.017514
399385.155365 53.507066 91.404735 -0.018138 -0.018553
1122038.441301 327.911730 256.673891 0.015482 -0.009095
1805346.826001 59.612650 425.588646 0.002383 -0.005961
1995636.369100 728.997949 96.879999 0.017698 0.019356
1695958.700821 278.967494 428.011247 0.010644 -0.015089
558004.577904 435.812260 516.598699 0.001454 0.012510
1597187.265566 589.110784 528.689044 0.018082 0.011278
1833981.536251 410.104934 114.691888 -0.006183 -0.003997
929917.220459 197.934557 284.756849 -0.013145 0.007604
1471826.909795 138.460215 361.404836 0.015866 -0.015403
1165988.196230 595.299180 277.972549 -0.008163 0.000417
1172216.120722 460.803302 32.547592 -0.002180 -0.015489
1736107.381869 196.362743 508.353730 0.009949 -0.012158
1259741.624473 532.890301 425.299477 0.012849 -0.019573
218963.730251 229.039963 155.211008 0.003358 -0.001596
1902503.935575 255.757546 379.679387 0.002179 -0.011343
1496596.111682 109.532639 576.211265 -0.011551 -0.002649
941537.357374 638.169347 6.002106 0.001058 -0.010203
245239.558744 315.608115 293.138593 0.018817 -0.014293
1372376.816986 480.148578 484.780245 -0.004171 -0.003136
1637971.852737 403.869598 424.161347 -0.016983 -0.016373
337179.376901 23.553295 245.363678 0.012120 0.003344
1249672.392965 440.290766 432.713825 0.003388 0.010453
310196.676436 44.477708 335.782838 -0.013365 0.003290
1607296.809371 230.333821 585.124150 -0.008248 -0.009691
236307.595035 783.775628 515.268735 0.017041 -0.004974
561161.337682 596.777261 528.693011 0.019472 0.012915
1939371.158341 125.381752 511.740560 -0.004857 0.018360
870700.636353 2.237422 305.554676 -0.013734 0.003548
541779.813609 249.289694 386.793704 0.013248 -0.000898
453110.709066 506.865195 459.467125 -0.011923 0.017068
47266.968548 256.756483 543.316933 0.015297 -0.010173
562186.379247 130.195177 594.744444 -0.013530 -0.013967
1629854.769274 105.239059 185.085910 0.006684 0.000386
534606.907766 82.150979 307.557308 0.011061 -0.009665
203362.833803 38.110293 342.109170 0.009830 0.015183
92345.910190 778.713207 306.618448 0.012428 -0.012993
877177.283576 667.621609 297.588327 -0.006208 0.008685
1484435.888699 500.836976 528.725203 0.009363 0.011486
64404.659935 439.066664 550.844488 -0.006334 -0.011417
856791.879449 486.886311 190.835927 0.017645 -0.004619
1153201.109335 34.100470 259.317441 -0.014209 0.011638
618554.387530 154.149593 456.897302 0.012843 -0.019878
1875266.974734 207.544942 502.977194 -0.002694 0.004174
1111007.126566 140.252609 138.385655 -0.002547 0.016409
34336.430968 375.202294 275.378869 0.017399 0.004989
1349224.196444 291.929844 249.959968 0.019701 -0.007780
1602661.077679 455.286394 209.530075 -0.010658 0.008576
276647.354605 434.261861 544.496017 0.016257 -0.005523
1822198.850020 671.026978 373.358028 0.009950 -0.009125
453696.245539 243.706036 268.494016 -0.001706 0.009678
713133.517985 379.456938 125.416621 0.012604 -0.003605
36437.158490 391.753793 464.290998 -0.002812 -0.000617
159010.190591 189.138586 31.275921 -0.002853 -0.001205
1535456.720523 453.506458 6.998638 0.007011 -0.001265
749811.288319 469.851825 183.308748 0.019867 -0.006540
1154889.427663 179.013932 384.496791 -0.019005 0.007223
762647.938338 304.930941 92.654349 0.003624 -0.012141
1129345.827331 486.807417 411.067181 -0.006509 -0.018295
337378.635228 334.096516 168.687227 -0.011169 0.013861
1499918.929068 791.187225 247.967624 0.010388 0.006616
1760744.261444 108.906989 149.980993 -0.012553 -0.014659
1172923.453698 610.601018 215.537141 -0.010946 0.011539
79642.974809 486.252683 101.136169 -0.012202 -0.012037
730713.756164 607.083538 484.051255 -0.017945 -0.016078
1702955.846536 175.608310 309.567528 -0.014699 -0.002379
724785.897287 705.848622 257.883404 0.011040 0.005760
187236.443249 524.396987 468.511364 -0.006229 0.013671
1828784.213322 744.340679 362.952544 -0.009295 -0.013377
787390.226865 250.377656 459.584377 0.002489 0.000258
1929498.061505 742.874097 160.897043 0.010703 0.019211
730520.102536 499.454650 120.064790 0.015221 0.010483
1281053.293162 194.469053 382.009104 -0.017201 -0.019247
562426.321470 130.424389 404.882450 -0.017515 0.000281
1033437.869061 780.192045 262.944839 -0.015116 -0.010077
1192859.900739 412.634479 336.547182 -0.005500 -0.016836
138898.690296 261.520737 3.752855 -0.006517 -0.016000
1973181.982512 561.182433 434.008030 -0.012561 0.003322
957790.512106 660.929592 496.646882 -0.015328 0.015870
1692076.045876 318.205928 36.219183 0.000831 -0.001628
1136829.509929 29.463231 260.553433 -0.019581 -0.013625
1367539.427880 482.563355 406.048372 -0.010182 0.018663
1509350.044424 252.265819 176.040813 0.010420 0.006101
785056.476847 598.191262 212.646171 -0.015368 0.017391
1873643.585422 475.994779 456.976951 0.010547 0.008435
1315983.134935 488.121498 64.878569 0.008784 -0.014733
1135951.929323 228.900345 100.682673 -0.019862 -0.008254
656102.584980 548.751791 539.048660 -0.019843 0.017281
1727078.126616 606.451118 148.294044 -0.013750 0.000830
1797488.349396 439.048880 161.337862 -0.009890 0.006602
406141.346510 151.846417 156.225562 0.018575 0.018122
1941231.998588 497.332406 337.467268 -0.016817 -0.006381
1386830.762674 518.375385 376.715675 0.014461 0.006003
1843128.023596 152.111198 201.842177 0.012780 -0.012243
538331.757550 546.159937 571.673410 0.000655 0.013546
944807.663069 332.299613 233.289759 0.009423 0.006595
106756.882792 755.020404 514.356126 -0.007533 0.016343
1618777.323337 226.641495 318.212920 -0.005096 -0.005307
1742666.514471 52.446735 6.736167 -0.000038 0.017106
1321460.731012 336.952725 69.808349 0.019895 -0.010398
620834.287545 213.239859 553.696910 -0.009478 0.011304
1523195.320518 587.550869 118.895559 -0.014011 -0.000947
1731081.362688 163.034936 252.006322 0.008905 0.000659
656632.629529 425.534652 480.369016 0.014355 0.016128
325566.043298 583.831618 581.142445 -0.013077 -0.010851
1792559.657149 666.557376 390.165846 -0.019487 0.013234
1778465.217808 259.203776 59.222383 0.012400 0.003511
1763427.173609 457.985473 192.896706 -0.017510 0.009569
1593951.392730 756.037456 556.195022 -0.011312 0.006636
886016.743670 435.914918 119.204066 -0.010363 -0.003818
204796.643092 323.995794 80.772982 -0.017156 0.003029
727276.621725 773.650767 248.184567 -0.019596 0.019145
488690.041233 721.818453 182.926862 -0.006272 0.008563
1781116.410057 179.338333 172.043388 -0.011489 -0.007823
20635.784613 7.375361 149.662999 0.017495 -0.010972
1834876.302553 303.546553 462.627231 -0.015336 0.004939
350019.654422 174.734389 16.826334 -0.007615 -0.008383
1214501.650638 537.934567 155.000055 -0.019201 0.007485
477760.385944 211.492961 353.459884 0.001758 0.004279
605806.972182 347.224876 499.234971 0.003597 0.005801
272576.070518 480.139846 392.495151 -0.004562 0.001514
1759240.741729 243.134502 550.297373 0.005995 -0.003259
1080301.612187 660.429274 382.789210 0.002778 -0.014595
1857771.559552 140.317730 484.466039 -0.012491 -0.012181
988850.145130 340.101690 276.616209 -0.016670 0.018755
134591.829094 309.442466 242.342319 0.015985 0.019032
96963.198901 28.526159 345.858875 0.008243 -0.003141
227820.812831 465.202054 434.878743 -0.018760 -0.010707
290631.014058 457.437704 34.407809 0.011452 -0.014472
385931.693197 569.731527 189.969703 -0.020007 0.015994
1023297.854244 396.892390 195.384362 0.018842 0.003231
589125.026292 31.478210 579.489057 0.007937 0.017472
1882412.602139 596.837337 584.033082 0.000694 -0.002086
790218.714061 504.917247 18.655971 -0.015185 0.006543
526777.357108 212.386694 140.061149 -0.007120 -0.017993
748590.766801 411.744871 457.605377 0.007595 0.000599
1324791.236466 161.995687 6.118357 0.019522 -0.013040
1179151.767483 226.018623 128.123060 0.002192 0.019220
301466.356172 396.157763 435.033458 -0.014996 -0.019493
349183.755158 415.121454 387.305790 -0.011770 0.005614
616335.581344 375.054619 543.640676 0.001716 0.011562
1910511.639859 733.674222 182.883335 0.008702 0.004280
1640005.631205 304.625059 485.059116 0.013270 -0.005322
1964468.728734 335.972610 390.927988 -0.012194 0.018995
1261209.360911 276.288964 282.382525 -0.005744 -0.001180
968463.258337 424.527368 593.751055 -0.014824 0.009434
1257770.379660 350.148133 123.755763 0.001298 0.019249
1991034.577596 391.482217 537.792219 -0.008002 -0.011725
1007596.648767 95.885796 353.231834 -0.006836 0.017934
1912045.142572 235.902565 222.806236 0.004267 -0.000414
692628.538559 190.118540 501.177761 0.009605 0.003446
609848.141023 240.752824 74.953910 -0.008225 -0.002769
1723251.459991 737.841209 520.957973 -0.017343 -0.001709
1696924.347289 50.260133 568.019536 0.009826 -0.005554
309029.791648 199.603341 289.689698 0.009649 0.002366
867302.640745 559.061438 513.588859 0.012183 -0.007815
691843.061099 120.689814 325.911200 -0.012835 0.018660
272265.500516 388.502166 162.075890 -0.009548 0.011205
1400582.436193 98.336091 421.414443 0.002929 -0.012336
320566.674844 333.220977 150.945076 -0.015710 -0.013504
1229627.376064 208.943449 246.382535 -0.016061 -0.019850
1946485.269790 424.976726 421.303647 -0.001303 0.007698
15066.369444 140.478918 292.337239 0.002005 -0.005754
911695.870064 549.016521 506.054958 0.009036 0.017878
1245159.992597 340.377170 42.551157 -0.006598 0.020104
519428.529087 388.671343 246.984871 0.000391 0.003824
1147820.552414 101.975590 512.582367 0.019418 -0.011045
1717933.562453 767.077367 453.597869 0.002484 0.011477
183230.377819 455.298158 577.885848 0.003166 -0.015285
640928.558372 27.583782 483.156895 -0.013460 0.010329
1503776.668340 628.854665 111.218428 0.012852 -0.015536
360957.489517 65.348500 358.286158 0.003697 0.003723
380073.533570 132.145414 431.746774 -0.018221 -0.014002
1889061.825298 723.309645 66.030184 0.008009 -0.001355
1796955.322752 633.689200 20.444478 0.014486 -0.005170
306282.549308 146.798041 243.226189 0.018348 -0.006183
332156.324914 567.656001 78.904848 -0.005924 0.001303
485168.456326 426.532962 367.466834 0.013189 -0.014924
413343.113108 24.165418 173.779540 0.017095 -0.017012
883643.182406 697.229174 587.066417 0.002075 0.002822
887249.075289 360.307056 217.587928 -0.000897 -0.007455
1467432.667253 504.452176 297.469055 -0.014413 0.003560
1682910.725327 244.930772 179.449630 0.018956 0.006314
1660796.624450 172.322452 113.689696 -0.002241 -0.017778
629926.086697 520.317824 50.858972 0.004197 0.003104
318150.466456 37.380555 269.295910 -0.013996 0.003934
40123.955365 464.667226 29.246340 -0.004719 -0.017552
724761.667999 93.849239 413.743163 0.014322 -0.009788
558074.092752 559.646594 337.193946 0.003109 0.006881
438651.350531 326.457543 533.114060 -0.004010 0.014401
1885724.248311 579.157928 301.017139 -0.018901 -0.006818
158400.153815 149.274118 226.179222 0.001134 -0.007001
1952982.963972 437.763287 543.466839 -0.018953 0.017265
1927788.328346 310.958634 28.358524 0.006188 -0.010105
607879.136041 746.810290 567.557044 0.014627 0.000454
1236504.919471 67.943101 551.394485 0.000252 -0.000254
1541570.438790 358.890527 131.511314 -0.009110 -0.000961
1098586.873663 282.107895 398.227739 0.017057 0.015187
1973812.054831 722.931341 257.149309 0.015658 0.017343
717421.361579 684.481536 190.605646 -0.003734 0.000393
1128238.588166 568.337511 265.684370 0.000399 0.003051
1906900.824936 103.058186 396.709991 0.014907 0.005389
311031.282093 514.444409 50.470824 -0.004980 0.016668
1119457.958787 738.912719 161.246257 -0.010836 0.014000
295815.608602 167.774893 451.774190 0.003012 -0.015967
1365835.790227 746.904885 574.127933 -0.019989 -0.006416
933742.419320 452.234251 30.245071 0.016404 -0.016976
1254474.420685 690.136952 122.074409 -0.008477 0.009411
1674721.783807 355.430803 227.574789 0.016824 0.012740
589441.845468 384.391561 445.714712 0.002548 0.008114
1186208.380939 568.373275 547.375083 -0.006134 -0.008545
28320.921598 24.355585 131.872047 0.018870 -0.018782
1123059.363627 350.708502 356.837572 0.004414 -0.006061
1339490.994503 192.437723 126.473395 0.014916 0.001150
1892333.765464 567.877719 583.255133 -0.007145 0.005315
1580513.963280 495.684708 66.331655 0.001260 -0.012677
1628540.167412 100.924183 535.787041 0.009076 -0.001109
358744.990248 592.793533 301.698663 -0.004026 0.008494
1065496.480589 768.847393 90.514059 -0.014918 0.002950
996930.964755 638.259517 488.821861 0.008371 0.006813
685065.261407 524.073567 228.781716 -0.007584 0.019165
22284.613001 83.262071 360.013170 -0.014890 0.005189
1564209.169505 749.470686 458.092156 0.006981 0.006547
471659.941818 683.885597 242.533127 0.009527 -0.009798
234378.384535 216.525897 129.593762 -0.009247 -0.004027
1581110.075852 613.216310 117.744381 0.004192 -0.000959
1733102.233956 757.671369 78.281350 -0.010140 -0.009507
222272.466972 206.696344 219.731622 0.008448 -0.004773
7593.072023 394.715414 189.788460 0.010709 -0.013186
1961038.188991 2.101970 13.871533 -0.004575 0.009655
554464.627316 401.918405 7.539082 -0.000263 0.010847
821613.773155 227.300878 322.460432 0.004062 0.015578
24485.756655 378.499816 502.073087 -0.014266 0.008813
196372.594776 203.407668 587.719577 -0.001420 0.018562
718005.964867 374.953037 274.626375 0.007040 -0.010248
1252709.545778 525.358136 142.381396 0.005950 -0.018320
1958473.456073 741.562992 326.369789 0.019632 -0.003220
628831.249023 322.075515 421.603634 0.014049 -0.019640
1185057.482303 690.584673 289.116841 -0.002865 -0.019722
406775.272641 421.286040 157.065054 -0.012844 0.019496
452064.211691 433.029831 275.757409 0.007355 -0.011345
1391094.198167 248.986477 524.612135 0.017262 0.018332
1830316.959801 730.335054 531.977185 -0.001630 0.016142
610994.441719 618.370473 183.946400 -0.019654 0.004986
631021.334152 481.671132 292.318505 0.011860 -0.018624
989235.750860 1.675073 334.200543 0.010245 -0.012653
1098658.789461 784.603681 435.046165 -0.019649 0.006629
1883467.686308 564.389262 585.952188 0.012739 0.005443
1871849.530317 584.657665 330.683369 0.012870 -0.012434
911993.535660 102.118578 577.552992 0.010549 -0.014581
1176139.691461 61.778559 443.266006 -0.016938 0.015028
1537174.407177 456.433397 526.534090 -0.006942 -0.006936
123261.179832 700.763905 185.069295 0.011623 0.015087
1946848.674653 583.020322 354.070863 0.017983 0.001717
457599.283409 708.862351 164.441046 0.011214 0.008296
926562.791190 189.185342 501.410849 -0.000586 0.020228
1942178.605097 11.963516 45.550006 0.008390 -0.016363
1905775.863633 382.563808 397.327966 0.013261 0.012158
1975712.466974 713.690403 407.884233 -0.008276 0.007164
1128937.655654 214.785068 243.821863 -0.013874 -0.011224
1900458.380534 306.319294 62.246788 -0.011058 -0.013430
1623668.112617 549.911132 239.780288 0.005851 -0.015464
798515.523224 494.069898 76.838822 -0.000972 -0.006937
438456.544857 343.530992 482.403778 0.015150 -0.009742
1216805.763178 694.716766 90.841188 -0.008493 -0.013405
1661706.700764 681.557798 259.377202 -0.010493 -0.019715
1303971.794110 150.699280 233.978675 0.010270 -0.003518
1107963.914568 455.105859 59.107689 0.018171 -0.011405
425643.800956 282.706739 499.815400 -0.006993 0.013572
318262.858465 448.903830 155.005905 0.018560 -0.002296
1036196.117772 457.808767 186.427424 0.006828 0.014542
948553.069005 401.282525 427.599532 0.016374 0.009425
1438074.149861 447.157725 555.848395 -0.015626 -0.007517
677338.477540 530.451081 530.610048 -0.002498 0.004695
197747.041563 520.950977 583.263893 0.017228 0.019657
1601492.672973 71.788701 330.820712 -0.017639 -0.017819
1987075.958395 461.611358 375.306025 -0.007833 -0.010067
971748.938305 621.905286 449.292728 -0.012076 0.007407
974474.447302 733.591688 146.370292 -0.003448 -0.018923
1121549.802423 602.081685 413.304094 -0.002207 -0.012392
613932.794246 434.756792 504.558278 -0.008861 -0.001008
1665525.531241 62.956372 338.815274 -0.004517 -0.014519
1238773.710671 302.531840 429.431920 -0.010182 0.007291
1925637.924078 585.256722 276.445068 0.008454 0.017196
290519.337305 158.685235 508.004936 -0.004374 0.004495
1745488.432117 760.797751 219.005457 0.002458 -0.004194
1111265.337612 695.200850 563.334127 -0.004231 -0.013939
829182.160473 184.060974 135.812490 0.019224 0.004579
728391.627189 479.008759 596.147486 -0.016864 0.013698
1349985.243450 33.478315 345.912186 -0.014535 0.010162
1010733.056353 223.952983 571.504321 -0.005917 0.006798
1129411.861826 180.155873 373.053050 0.017213 0.011483
33999.050983 388.986402 393.991626 0.019336 0.015329
1606354.705806 296.381412 66.748913 -0.018792 -0.005952
1451822.744427 315.059422 570.286358 0.008762 -0.001025
1590584.168020 314.900838 309.300631 -0.005147 0.001142
538209.161040 701.021891 485.004304 -0.011157 -0.010863
958317.440449 628.322129 272.096610 -0.015990 0.008646
479655.517489 94.346372 120.376214 0.015850 -0.017023
167238.956395 558.774569 267.321048 -0.012173 0.009130
1592486.357127 737.143155 73.199604 0.009854 0.005624
1189583.299304 433.196159 20.706003 -0.015549 0.016569
1124831.962923 303.322274 474.157157 -0.005184 0.004012
37146.621401 680.322011 232.492009 -0.001136 0.018048
205026.889315 568.950206 41.017722 -0.007879 0.004307
284161.461650 310.173251 183.771203 0.003492 0.003340
68690.410847 306.329916 301.857270 -0.013748 -0.014787
287411.349028 600.313516 403.771971 -0.012906 0.014457
1171263.018237 591.715345 143.811071 -0.004979 -0.015521
1682127.158941 315.098896 577.359267 -0.010880 0.014549
1824708.168313 264.709708 346.592350 0.019214 0.005360
369206.509725 98.059930 13.291909 -0.000372 0.008406
1208981.916871 419.600073 56.116481 -0.015655 0.007260
446720.970071 202.071681 259.121284 0.015809 -0.002832
586212.983628 385.032559 101.966020 0.001337 0.014297
560717.814863 299.387466 150.846507 -0.010343 0.004130
234257.601311 123.641924 559.054587 0.007797 -0.014620
1133248.557864 703.403145 154.266760 0.003534 -0.005187
1934248.125150 153.774127 536.721950 -0.017573 -0.007944
1152133.833222 226.352214 331.530547 -0.019687 -0.012939
1965200.129880 240.538056 396.697423 -0.013863 0.013372
1034901.121182 346.080606 125.806314 0.010837 0.006906
1623246.405098 708.917051 497.127039 0.009750 0.003208
1926329.093951 248.246720 276.128201 -0.011181 0.015961
1658576.383096 150.384385 54.872539 0.008978 -0.010070
786221.519479 240.743677 318.741859 0.017805 -0.007688
1421758.733421 742.964155 365.223504 -0.004916 -0.017174
888519.625593 711.249727 307.948789 0.005982 0.006202
374128.679919 371.611882 325.636039 -0.019384 -0.011604
247207.860577 782.990761 311.667221 0.003295 -0.012045
838233.393076 329.879323 231.657108 0.000659 -0.014391
1269501.125100 722.936644 262.518388 -0.014442 0.015921
1490342.234955 701.622034 467.316262 -0.005832 -0.010057
1720173.599068 639.021265 82.427787 -0.005123 -0.001869
1589947.016719 447.886635 550.759896 -0.006483 0.003077
254199.274003 369.667907 331.967465 0.005903 -0.018212
1506623.924480 52.577654 274.433610 -0.014403 0.003089
1187558.641279 619.340844 289.404402 -0.018787 0.017647
663885.182079 620.161453 490.645832 -0.015549 -0.014782
134186.233456 776.757836 557.479427 -0.011851 -0.006224
763995.101100 799.396027 542.513025 -0.008037 -0.006500
960104.740672 340.961790 479.307027 -0.018601 -0.016995
1689167.128731 629.792763 84.656406 -0.007898 0.017120
1435140.350571 716.129825 421.999695 -0.012036 0.017046
1287450.956780 425.263663 421.362059 0.020357 -0.015852
1664884.491668 423.732713 368.472723 0.010589 0.009333
1916152.068375 115.522323 439.964071 0.014406 -0.002278
142374.806172 274.539607 522.179654 0.014832 -0.004933
1889104.925044 571.869642 98.064597 -0.016664 -0.019295
184043.514628 642.250957 547.138891 0.011781 -0.019925
1678137.485719 350.647700 319.926116 0.001615 0.016056
349432.717240 299.121191 257.405318 0.011514 -0.014612
327130.583267 597.630590 167.667476 0.015870 0.004361
1445781.852792 774.618046 571.399089 0.003722 0.013542
657045.848974 430.377898 332.808499 -0.000287 0.004919
1143416.638087 467.922206 254.967031 -0.000620 -0.004816
853229.746620 259.452839 491.045798 0.018361 0.014560
1436276.935710 106.597715 143.393009 -0.014045 0.016951
747046.145027 249.317068 400.818579 0.006107 -0.011795
555282.349025 300.201768 106.453344 -0.010823 0.018767
31011.744417 446.350787 303.711340 0.002804 -0.017977
259713.421697 113.388980 381.546726 0.002209 0.005060
30230.289339 785.709556 570.442515 0.013294 0.017676
1629124.594680 440.240349 44.906085 -0.017897 0.007952
1993199.337271 341.193066 5.649704 0.006604 -0.016805
437214.899080 754.151244 272.409365 -0.004227 -0.013118
847463.854052 329.000803 438.556900 0.017221 0.019223
1561464.248021 48.421899 73.469951 -0.003330 0.004607
1496915.452879 345.442591 358.126685 0.007998 -0.009431
1076064.875850 410.450075 489.245260 0.004503 0.002604
1028186.607653 487.298700 594.860963 0.000941 -0.009069
141764.248787 594.378266 129.857066 0.001002 -0.014463
778578.041484 758.969214 329.648394 -0.015264 0.015195
1058486.954802 720.185423 564.214237 0.005902 -0.007170
1112790.978101 319.536427 448.284415 -0.013855 -0.016075
24501.685065 553.794344 366.467489 0.013091 -0.007838
353571.678676 272.913231 548.432435 -0.013263 0.014616
375264.103699 191.523493 365.643822 -0.003807 0.010612
1493884.026769 635.004037 429.091544 -0.008199 0.016525
1188817.119779 659.928653 487.982002 0.001403 -0.000922
259519.063057 73.652861 525.455291 0.015135 -0.010173
1949033.547169 712.047387 562.460818 0.003460 0.008707
482529.103981 609.566859 35.958822 -0.013822 0.017260
1850091.109914 273.830951 102.689141 0.001388 0.009869
1871495.037280 224.879385 324.721952 0.006142 0.002928
908785.677938 195.331963 241.138996 -0.009278 0.011211
1755362.652128 318.297635 522.419082 0.010157 -0.008997
232765.271437 582.237441 98.855222 -0.018052 -0.007292
1765166.354256 236.242712 45.896893 0.017673 -0.002005
15434.920795 693.000209 474.785571 -0.012877 -0.003997
1077013.659792 90.815078 409.229088 -0.016810 0.010596
516053.778360 427.352103 5.592384 0.006385 0.012108
1576709.125925 429.835950 119.275987 0.006415 -0.008347
948767.654108 620.862013 12.054968 0.005592 0.013197
667159.362075 417.562560 74.313059 -0.003590 -0.001440
1146380.339352 334.154750 198.400122 -0.005366 0.003859
1462269.868451 722.457197 426.808373 -0.003562 0.019266
949273.004639 536.536739 309.834120 -0.000659 -0.006826
636841.273232 217.399019 520.785660 0.000695 0.017242
316267.470045 793.226405 424.406734 -0.012927 0.005293
1072709.865436 409.117875 92.646545 0.006414 0.016873
1234697.917120 187.299831 203.650529 0.017924 0.003939
1871003.135047 543.341008 300.341373 0.005841 -0.016340
968257.898916 95.855784 457.518226 -0.019841 0.004223
184803.100389 255.953109 525.776484 0.018317 0.013471
1613704.762242 94.153786 497.098833 0.000560 -0.008179
920804.219749 40.372704 484.096148 0.004787 0.008344
1455508.939668 184.566999 566.052701 -0.017313 -0.012833
1084419.887087 1.452814 515.052710 -0.018230 0.005933
1899527.167855 422.410037 461.396088 0.008461 0.001122
745706.753221 643.298591 509.003535 -0.010113 0.010549
1369434.811813 44.291417 529.102016 0.000566 0.002785
353913.564400 779.777003 371.850506 0.019296 0.003535
660308.989072 568.639790 491.934338 -0.009048 0.011120
1997036.600484 653.544997 468.776191 0.014265 0.014406
857968.969670 644.778280 232.634349 -0.012090 0.000742
1832483.595159 456.940127 194.162825 0.011329 0.012150
174050.590104 359.575514 525.307182 0.018762 0.018484
887791.815627 116.037090 561.415057 -0.017440 -0.014853
1048845.100705 314.721043 504.309008 -0.006251 0.006694
1236598.032171 273.714003 290.191921 -0.004032 -0.012077
688449.854352 662.571488 2.659080 0.009258 -0.018947
1047717.716101 518.929336 357.842781 0.013904 -0.003490
831685.772553 746.858261 517.074395 -0.008435 0.016118
1646809.537731 587.783989 29.322316 0.010387 0.011933
354697.854423 226.829949 115.022959 -0.019283 0.005142
1718570.137265 508.486172 581.638060 -0.006278 -0.018636
338487.908402 549.820241 517.468220 -0.013003 -0.003239
1776805.868268 558.748281 40.743865 -0.000614 0.001837
960078.654327 720.466488 287.152397 -0.006669 -0.012485
763596.911339 131.479103 555.871924 -0.002764 0.017005
1446903.674606 486.440089 125.256261 0.017047 0.005253
1673049.761761 619.711519 156.040461 0.012232 -0.015282
591079.477496 780.458025 482.872348 -0.013698 -0.013982
450261.526019 36.995890 509.513834 -0.008255 0.001257
788880.985598 618.826606 258.956574 0.014938 -0.015428
1247242.441982 204.402726 167.307046 0.002005 0.007424
405506.701397 218.055946 175.410466 -0.003536 -0.012403
1835863.754077 197.856312 576.558253 -0.012855 -0.017838
159031.381905 379.876463 18.569127 0.015403 0.005316
362722.217274 87.545406 407.272426 -0.018603 -0.003783
420997.232395 340.112577 105.397834 0.005823 -0.007841
580167.091722 213.253156 332.764459 0.002788 0.012603
479025.265425 617.094309 52.676662 0.001291 -0.012681
552036.800679 360.014959 258.374875 -0.010474 0.005095
969986.005207 253.886139 61.708557 0.000758 -0.011939
1471710.388303 557.536066 187.725007 -0.003398 0.009184
1430984.936390 500.719436 91.207602 0.015650 -0.009264
902052.609670 144.722863 321.074692 -0.019785 0.010003
700700.571156 195.554192 313.231908 -0.002450 0.011066
1408199.004553 571.397731 136.970736 -0.014612 0.018112
1713095.736556 496.111690 161.531465 0.018414 -0.014607
944491.339356 556.997391 498.862218 0.011377 -0.015568
1119457.834922 400.382337 441.465801 0.008485 -0.004359
8319.607940 130.620737 343.614553 0.001560 -0.013272
647061.014849 711.721245 247.462100 0.013809 -0.006839
379545.065751 439.218234 25.828695 -0.003333 0.007324
1990576.603445 218.704492 181.540307 -0.009386 -0.010672
876473.971119 589.702797 557.744235 -0.009187 0.000888
80381.552726 664.451189 13.434067 0.011029 0.001698
828036.629980 624.840520 423.132961 0.019515 -0.007196
1747623.103553 248.459343 124.568097 -0.008534 -0.013747
1072386.123739 381.176862 423.504481 0.003206 0.015737
777386.485961 459.561357 100.749095 0.007644 0.013589
801906.589792 103.814776 345.996617 -0.006803 -0.003954
197987.358178 296.097115 137.952940 -0.015156 -0.014136
1545926.498969 428.235173 556.345636 -0.000561 0.001173
492654.834172 281.832686 500.293676 -0.001249 0.005194
1978982.283724 792.869869 69.252856 0.007758 0.002815
17631.095842 66.228713 86.637037 -0.012955 0.010997
1966499.848276 461.702818 543.493246 0.003329 0.015274
611006.784537 527.320598 167.236240 0.001455 0.011208
850069.038966 247.088118 189.767112 -0.005919 0.011500
1676786.882652 479.044023 83.454025 0.006889 -0.017863
1557780.060711 529.616727 26.212890 0.015764 -0.005732
1227310.625476 722.704059 263.051301 0.011367 -0.018865
428616.731627 592.167103 393.417045 -0.015227 -0.007965
1127178.874392 340.292487 576.518340 0.013661 0.018417
1480731.590409 212.925453 162.172863 -0.017759 0.004790
115335.758829 715.228916 130.628746 -0.012098 0.002660
541498.807511 780.997439 137.159517 -0.007435 0.014832
1167776.423119 742.141102 464.426826 -0.019062 0.007402
1705487.274428 189.983109 255.824259 0.000324 -0.005716
1455042.508177 58.152083 469.501799 0.007520 0.016569
1485351.840726 341.713083 108.576153 -0.019534 -0.000654
1600046.444498 55.756153 226.778678 -0.019280 -0.009271
1889695.885540 230.303939 146.847731 -0.013084 0.004140
230475.999522 605.744482 319.195284 0.015514 0.011179
434670.210087 593.500337 10.051724 0.005756 -0.009952
748135.628527 296.806175 193.228930 -0.013673 -0.017661
474188.291689 718.655971 292.588072 -0.003308 0.016272
1941577.332067 174.311334 588.632659 -0.006016 -0.010655
499196.726130 235.234959 314.406710 -0.000254 -0.001305
254300.674542 487.690714 134.032256 0.006362 -0.000099
6325.354803 700.186108 144.004563 -0.019183 0.000823
980919.682878 315.941180 534.915617 0.012549 0.001971
1900851.625903 40.294932 269.166814 -0.002576 -0.001270
719689.197242 326.266736 412.294592 -0.006340 0.010294
1844748.197982 472.748267 30.309012 -0.002172 -0.016568
1036199.990211 459.161695 416.409933 0.009643 -0.010750
385683.919483 595.644433 65.188424 -0.002696 0.010621
1256102.471266 738.636709 95.997334 0.000618 0.009991
1419511.694191 375.526334 472.734634 -0.013631 0.016254
511292.832210 415.135412 189.568932 0.017688 0.014402
145034.134456 691.302155 270.201232 -0.015048 -0.007554
1071721.370831 513.236154 530.699388 -0.010803 -0.004673
233847.819378 338.271606 77.266038 -0.011027 0.014207
1786277.592083 681.961899 467.444294 -0.017904 -0.005088
1031918.257955 609.704092 505.987045 -0.007877 0.016824
1499349.890975 446.456138 263.473515 -0.017343 0.000070
597617.807145 110.243478 219.132020 0.010007 -0.009537
1353622.215499 228.370174 541.949228 0.002467 0.000629
573296.933702 542.669499 563.879811 -0.003401 0.016136
1590131.532210 246.384535 453.810479 0.003003 -0.005555
258416.177825 72.828423 73.646022 0.018867 -0.004271
87595.200207 577.080396 571.600020 -0.000686 0.011451
906233.425674 625.753483 554.278806 0.012747 0.001243
370032.188655 396.009016 489.448935 -0.016459 -0.017736
664767.085884 299.639121 441.704851 -0.009134 0.011576
1278253.811075 53.049431 58.656535 -0.004131 0.005625
916040.443311 420.059823 438.714219 0.003223 -0.000157
249204.321880 499.320429 130.361100 -0.016942 -0.015709
8661.484350 424.362985 533.470787 0.017148 -0.006053
841302.204338 90.160779 506.195711 -0.010481 -0.011976
1802783.200425 455.876663 346.119037 0.005477 0.013643
731632.451868 220.861431 544.704488 -0.001420 0.006852
1096714.972098 736.801169 118.101580 -0.008806 -0.000051
1386984.768969 323.806630 76.216080 0.016469 -0.000745
469499.863903 732.245980 6.820386 -0.015012 0.013798
718651.906922 435.504715 574.533880 -0.011852 0.011239
316653.122342 84.249116 211.309113 0.009909 0.009193
385530.231700 79.807936 10.929578 -0.015988 0.002568
1379939.433830 519.354663 291.482899 0.015426 0.017166
1974529.288697 463.786083 199.394384 -0.015497 -0.000386
1626419.535664 279.641243 244.575838 0.012976 -0.001064
503204.831157 146.245847 10.700730 -0.011623 -0.004509
1600260.999799 293.142926 294.589944 -0.013931 -0.015947
467442.890847 275.404088 121.020688 -0.009917 -0.002202
1530910.291491 753.134243 56.495381 -0.010002 0.013171
43405.273949 189.981838 245.158192 -0.005802 -0.005894
1801413.789299 133.578761 421.231892 -0.007688 0.019670
348673.859774 447.630993 104.949317 -0.012286 0.010752
1122384.702378 793.494772 80.905567 -0.017913 -0.014243
474000.488629 229.267286 293.440168 -0.002435 0.001556
1867761.544822 162.859365 288.108012 -0.018868 -0.001837
617712.498930 39.536414 415.314480 0.008746 -0.003848
88793.583256 495.045918 342.736737 0.009881 0.016959
1123119.018564 736.138798 291.639266 0.009384 -0.015512
510837.786138 237.588268 62.670952 -0.004337 -0.005987
498234.962345 502.642039 381.555268 0.009530 -0.017334
350510.791107 537.773958 162.848976 0.006246 0.007958
1451432.125387 771.407405 449.308108 -0.003364 0.007338
303273.376219 370.252738 180.000337 0.008882 -0.011670
454803.713809 227.127220 76.127517 0.008595 -0.019204
480071.545802 775.531212 189.852315 -0.006242 -0.005561
1333575.176696 474.888593 592.933947 -0.007797 -0.006722
110627.538576 382.846225 1.971250 -0.006989 -0.014542
1406769.050940 41.589925 59.195427 -0.001884 -0.001184
1561676.394922 482.320393 559.381982 -0.016759 -0.006994
281255.947557 246.776816 364.929202 -0.009251 -0.019072
1257382.930842 407.302561 596.016301 0.017791 0.014123
706537.016996 489.551571 268.778247 -0.006338 0.016647
1558318.719993 318.037249 236.984885 0.011342 0.008938
1057752.200895 389.380647 465.830106 0.005109 0.017504
491364.625511 326.369205 325.144202 -0.012862 -0.000411
1734950.389590 255.135770 479.290496 -0.000926 0.003493
1643357.573842 84.615725 56.999722 0.012569 -0.017965
1898263.090243 133.974821 397.730003 -0.004151 0.000399
1157183.811607 140.908727 544.478733 0.018939 0.018335
1260090.642264 401.495746 266.650391 -0.003782 -0.014825
767107.214205 521.503195 323.204150 0.016987 0.013177
55740.578126 634.745585 88.852214 0.013027 -0.009292
1471867.368311 518.940161 224.884691 0.012947 -0.001670
851158.514084 624.270842 377.723537 -0.016457 -0.012921
279214.015361 533.097753 211.765759 -0.018186 0.005627
622537.959657 541.278935 84.816482 0.010264 -0.016714
543551.074594 112.336571 439.327538 0.012761 -0.017346
1125283.938425 670.388609 515.229879 0.008424 0.006531
255944.995329 357.693893 187.176966 0.000112 -0.008831
1549879.616848 742.638809 35.352340 -0.003805 -0.019300
474171.187949 435.876419 410.456353 0.003569 0.003651
648167.413030 720.779763 160.454662 -0.001355 0.006308
697835.028496 589.938759 478.491857 -0.016727 0.001912
1725670.433475 515.949419 231.149131 0.008655 -0.005382
99429.388577 679.203056 481.572949 -0.005523 -0.005945
163663.104253 109.342282 168.316402 -0.007656 0.000294
594763.153510 303.584968 52.669556 0.019272 0.018793
1355525.087265 244.826774 522.052504 0.017898 0.010926
1053977.892294 234.833066 305.659982 -0.007016 -0.004938
115031.983757 149.706757 12.711382 -0.002320 0.016315
752375.869431 393.825893 455.007966 -0.012778 0.014192
219437.964363 208.615597 595.027353 -0.004391 -0.003935
1068114.026016 550.222172 469.039052 0.004831 0.006871
1499866.051366 239.089813 584.268682 0.004737 -0.010284
1491842.997955 116.898445 322.386271 -0.009724 -0.001131
1826279.228472 250.995566 395.146558 0.017306 0.010249
1133058.067007 247.569152 149.325395 -0.007041 -0.000438
207507.431604 346.650476 450.226476 -0.016174 0.012958
304737.184339 504.277724 306.742824 0.017354 -0.010008
361247.467977 546.558031 329.366739 -0.013809 -0.007885
1585793.637478 720.463114 269.399909 -0.006765 -0.013821
1841064.114050 194.814651 281.344039 0.003183 -0.012856
451362.950938 116.082396 291.955105 -0.001001 -0.001228
1950936.490647 462.913955 542.155754 0.008036 0.007970
1454702.783122 701.761501 182.585761 -0.010455 0.012486
1108684.254395 335.296531 297.119301 -0.015856 0.002983
1596490.624173 716.927182 284.942616 -0.012218 -0.010443
1263706.185512 134.292989 282.428459 -0.015930 0.009881
1294332.516982 261.226959 535.671444 -0.014665 0.012048
723046.520130 87.154243 228.378486 -0.009395 0.013361
107937.715067 793.515336 426.935388 -0.005736 -0.010825
1046872.077066 729.046920 389.959588 -0.019351 -0.019479
450965.188654 653.622386 546.841691 0.008016 -0.017425
278162.196408 266.340899 139.782655 0.004373 -0.002627
1960316.196066 205.619384 456.605303 0.014895 -0.004395
1125740.257616 187.621626 299.748844 0.017721 -0.000067
668170.334151 796.924414 294.270338 -0.018183 -0.005837
1443825.863043 455.535583 160.005581 -0.005091 0.003548
564375.188464 478.261946 242.663330 -0.012222 -0.008029
938961.728913 267.051953 379.689256 0.008077 0.017694
132214.712972 546.575852 119.653029 0.013290 0.002221
1179224.623916 311.679465 473.190253 -0.016477 -0.006660
575213.267736 338.948994 197.886061 0.011022 -0.001198
1368718.602401 400.729904 23.870060 0.018035 0.014945
1254302.726711 185.894670 282.706466 -0.018658 -0.002902
1541011.519516 401.055462 456.259013 -0.003918 -0.011866
1407684.757098 375.324715 531.829453 0.016150 -0.008178
883750.411162 393.902644 411.754142 -0.010619 0.003299
38293.802197 414.589199 2.911429 -0.006036 -0.008094
949396.727117 26.716919 478.797642 0.000596 0.019425
1340193.529306 112.306584 129.991553 -0.014300 -0.013062
1289556.392138 729.426225 404.392672 -0.003814 -0.007433
1756783.113702 88.012188 469.196254 0.010521 -0.019680
157687.638028 165.947651 303.259980 0.010633 -0.002494
175039.783202 626.794518 573.384046 -0.016267 -0.014664
506304.289450 453.447466 99.398321 -0.017953 -0.016720
301433.914481 576.085244 133.699461 -0.005353 0.014533
790027.673724 9.724637 464.087341 -0.017196 -0.003252
176035.711624 758.636838 317.169091 0.014806 0.008523
1081972.172988 759.315861 552.236237 -0.018235 0.008671
715741.816310 107.031619 298.982984 -0.007409 -0.010926
1263880.632475 454.250436 476.713163 0.011932 0.004698
1751026.801649 758.837736 202.515703 -0.016155 -0.007302
399196.095951 394.677699 198.026781 0.019054 0.002390
1496994.359185 48.742078 306.367993 -0.008906 0.017281
445396.929255 653.729302 529.641518 -0.014300 0.014548
1193553.106484 399.962582 599.337926 -0.016130 0.012548
450224.472419 581.481232 229.317577 -0.019242 0.001037
1999453.321099 715.772728 285.639226 -0.004654 0.019397
1584501.028799 429.323921 291.139382 -0.015108 0.000404
94458.571679 696.605461 342.605104 0.002269 -0.014108
1007827.074736 623.626417 579.525983 -0.004562 0.016862
1658558.308919 786.556270 253.255656 0.013088 -0.016899
475365.567242 42.274772 483.032429 0.004403 -0.016980
663714.367274 496.001860 580.732792 0.012232 0.018194
1919117.403179 479.309052 296.880245 -0.002175 0.008827
9624.167350 393.689631 354.713108 0.003061 -0.018038
1478876.057770 64.570853 497.180721 0.007854 -0.001376
1502145.321808 426.637029 269.285373 -0.013025 -0.005538
1054818.871922 329.141281 247.859838 -0.006669 -0.018737
972186.690649 532.065815 390.599203 -0.001893 -0.001125
1216433.286302 329.657742 43.217682 -0.015872 0.014307
1585452.240699 85.784394 209.865953 -0.004618 0.007160
796849.675848 99.063472 458.979358 -0.011073 0.013086
461377.134761 782.768270 217.091318 0.007152 -0.013905
1447663.852688 165.318437 338.360695 -0.014475 0.001610
1190708.408687 498.853338 122.877546 -0.010149 -0.017018
1355477.244293 683.990674 294.343559 0.009992 0.018264
694211.989964 433.668500 39.264625 0.007897 0.017096
1497031.391364 75.978437 30.285324 0.000515 -0.007101
1759090.904966 594.523508 180.077414 -0.010327 -0.003077
904928.793621 772.133282 377.822135 -0.019366 -0.015856
341892.055395 489.195173 437.011464 -0.004951 0.014350
1609370.418642 43.205428 427.977968 -0.008186 0.012131
1339833.364515 513.453817 206.917323 0.009419 -0.006417
543533.833951 386.226188 260.353368 -0.007101 0.019791
1510075.678821 161.187676 443.584371 -0.017783 -0.002231
325429.097901 406.567051 246.057519 0.011716 0.000970
1027532.088117 771.006030 81.279638 -0.010385 -0.006345
1987715.010526 37.126265 236.819871 0.008283 -0.006367
396776.620483 301.235122 588.713733 0.001752 -0.015594
639902.701899 652.560971 356.005688 0.010143 -0.014499
1179865.857204 406.157690 204.106351 -0.006859 0.002537
1568458.621189 393.293578 42.375775 -0.012225 -0.008578
1190290.628555 566.705066 150.158715 0.009234 0.017978
1180185.991889 580.389320 597.261380 0.019389 -0.002792
672088.553511 146.579096 484.958313 -0.007373 0.009069
1837656.663655 510.369848 325.304716 0.000515 -0.004373
1360614.323691 81.686930 539.199970 -0.019206 -0.002747
924125.776125 643.710787 555.115646 0.001311 0.019933
418950.309241 102.551963 424.565821 -0.001769 0.014272
1312754.557148 39.343246 349.826039 0.006061 -0.018679
30587.249450 790.770705 130.304593 0.012895 -0.007753
1889215.610870 593.539657 566.069779 -0.000541 -0.009831
669560.509114 133.530547 214.213204 -0.010653 -0.012488
1579576.984783 556.764558 595.034455 0.008587 -0.010905
1982244.182370 739.019783 214.063784 0.007923 -0.004709
432350.935616 283.879868 258.207315 0.011980 -0.019767
930735.730068 652.550253 596.772556 0.007306 0.005519
600671.720971 501.724039 227.837700 -0.010178 -0.015429
1270601.892504 463.810771 169.460397 0.019704 0.012519
938976.299455 626.130704 304.955690 -0.001545 -0.000146
1474031.937064 361.816567 251.721539 -0.016252 -0.013948
1605130.416157 247.843662 302.731138 -0.010663 -0.015578
1023340.410098 559.399492 555.307076 0.000250 -0.004730
1128556.229700 645.605187 5.288040 0.017745 -0.017947
248420.950141 463.933916 377.880472 -0.004012 0.002663
884577.235619 700.944954 213.234636 0.018003 -0.006594
1704879.713107 549.791051 474.405404 -0.009091 0.011189
1882055.445519 60.113116 54.846885 -0.002179 -0.007606
404206.608610 765.971751 4.958209 -0.014898 -0.001422
780987.060993 553.580991 162.393300 -0.004052 0.005510
642018.800900 420.040138 130.667453 0.018035 0.017211
1579863.075903 313.955794 483.387065 -0.014219 -0.006294
286431.929230 798.971457 18.386023 0.017334 -0.009125
1625355.291937 699.970894 207.365387 0.016181 -0.007124
1310099.705732 85.442316 166.921930 0.006580 -0.010588
1485499.756171 42.532891 555.865307 -0.019449 -0.001831
1126826.147142 267.645406 586.818051 0.011209 -0.008638
1817754.082297 456.479524 406.923470 0.008593 0.008652
42605.713030 685.916410 428.743632 -0.017601 0.011524
1969490.396776 691.857807 399.771982 -0.006756 0.010786
1972945.507603 788.326898 525.829905 -0.009416 0.005963
221002.463354 5.813201 421.247588 -0.018491 -0.019154
314139.836614 479.930825 212.997148 -0.014576 -0.004775
1280098.799281 35.305083 570.953598 -0.007255 0.010326
1334025.561499 271.170415 370.234447 -0.004781 -0.004322
817314.073824 292.116475 154.188542 -0.016993 0.007872
52254.755074 49.183409 409.129636 0.016109 -0.006929
662711.798522 9.633374 199.889659 -0.018607 -0.017997
710212.109941 153.395903 389.917795 0.008413 -0.006921
61999.699130 280.869992 223.009539 0.019307 0.006758
261157.692532 519.568071 3.864149 0.009909 -0.018765
797766.605764 125.385094 237.217174 0.006229 -0.010774
184709.901076 545.607925 175.185862 0.010994 0.003310
1235796.007903 85.273719 357.509772 0.018107 -0.014399
1292608.929469 245.386279 198.478050 -0.008135 -0.019324
1317389.029692 261.454529 220.425645 -0.018784 -0.007604
71927.786838 127.968577 575.689379 -0.018265 0.016298
1977614.946653 353.626002 38.517806 -0.004656 -0.016054
591803.305127 381.741590 467.284807 0.003524 -0.009937
726241.200569 165.028362 214.133485 0.018397 -0.013693
995710.504705 485.164872 279.210992 0.013149 0.016103
963862.695249 391.038112 138.011700 0.013994 0.000723
1079147.418532 708.512536 407.879879 0.000008 0.017206
1174876.041326 389.833376 223.131452 0.006100 0.014865
937689.950195 758.360275 209.328132 -0.010093 0.001388
1200871.358253 489.540704 445.071724 0.018303 0.002826
1798372.363578 364.518111 105.891775 -0.005461 -0.008561
158766.744732 676.326406 464.464439 -0.007563 0.007857
584123.108808 679.702907 348.424553 0.018818 -0.006107
1019930.488905 447.215505 500.225192 0.015239 -0.011568
1412068.961846 279.457388 95.634159 -0.017822 0.003965
1390465.348675 524.151363 125.752397 -0.002532 0.004556
1560588.704217 269.388016 41.705883 0.018292 0.008024
709118.110458 28.831058 327.122432 -0.014842 -0.006266
481739.437432 336.652556 116.807174 0.012826 -0.004333
1084185.081108 265.327454 569.564910 -0.004951 -0.011500
321427.933090 65.705009 337.341593 -0.007452 -0.014383
322096.383349 11.965016 475.459486 -0.005148 -0.001929
811598.476400 120.537782 472.397657 -0.000994 -0.015690
975828.599639 663.037433 87.227899 -0.018663 0.018330
980873.326296 219.649095 226.394159 0.007423 -0.016143
1538962.265262 182.192227 256.924652 0.008824 0.004167
1281944.833362 703.678525 411.357919 -0.011774 -0.012054
1646853.441208 292.103518 129.327012 0.004644 0.009425
1334224.681991 17.349752 531.645787 -0.001763 -0.000140
1987979.200663 754.073500 196.247346 -0.014453 0.019122
567825.405192 503.322058 150.282274 0.006576 -0.007383
693992.653253 345.525639 324.587331 0.011106 -0.014004
290886.182473 333.166667 18.649473 0.013265 0.004824
461579.700216 523.978124 590.639344 -0.002177 -0.009195
1440439.939238 90.515425 175.733697 0.004274 0.002721
1578856.275221 479.784899 307.066628 -0.015375 0.009506
975708.803616 319.871171 220.098618 0.009549 -0.017514
1363849.989774 68.222532 296.231339 -0.011053 0.014434
1287670.666020 295.426439 165.644573 0.006992 -0.011980
1793086.186886 724.824379 513.249360 0.015254 -0.005941
253419.465503 481.195051 278.262127 -0.003082 -0.011655
65064.939701 167.167033 484.717458 0.001755 -0.007021
1093948.624606 25.845566 434.693490 0.016621 0.010812
1570950.974510 477.007282 514.015525 -0.008917 0.012855
1433502.711092 738.437514 113.631895 0.019683 0.003937
779698.448619 711.663603 301.808175 -0.010216 0.010893
1707668.152502 297.598409 224.110905 -0.007293 0.011700
1161722.038482 280.434822 0.836514 -0.004404 0.015807
650195.260835 748.305502 556.160894 -0.017988 0.014025
1393276.303724 667.690318 267.916946 0.002114 -0.015477
534900.189626 215.515461 20.936222 -0.001726 -0.009460
1264731.390059 676.769727 91.214405 -0.014609 -0.016301
1848317.172308 790.709794 278.362325 -0.008144 -0.007737
512088.236637 702.090610 394.265248 -0.009749 -0.009281
1104225.446984 465.388439 121.997271 -0.000858 0.005244
107543.810321 140.002950 279.484448 0.000006 0.009141
1156781.673039 614.935711 597.978273 0.004537 -0.011027
520065.349769 196.787565 42.848410 -0.003468 -0.004750
327390.441823 269.756573 221.944138 0.005094 0.005375
1353004.063178 707.049933 306.831450 -0.006542 -0.014400
1558240.596931 709.504432 433.334782 0.019292 -0.005456
706633.334377 29.145614 323.771224 0.012778 0.001601
534505.464385 317.381015 182.742792 -0.009441 -0.019544
1061346.780072 419.682015 154.668655 0.004159 0.017567
1275778.349152 612.235796 164.462893 -0.019708 -0.004264
1816858.008419 547.136539 166.282325 -0.003175 -0.019288
837596.447597 159.288574 542.193280 -0.014393 -0.012784
537634.699856 396.043523 130.459381 0.012325 -0.007449
1509630.032587 59.909517 425.983743 -0.023063 -0.010652
1442342.147903 473.368519 518.331842 0.019161 -0.012325
1603574.954720 492.295396 575.751453 -0.016938 0.004955
706735.606634 787.775726 184.424859 0.005224 -0.003786
651319.147391 39.878291 362.446440 -0.010783 -0.012370
1573016.600485 398.422445 411.455324 -0.019903 -0.007682
1998835.487291 607.539923 230.010095 0.008380 0.012769
1445522.677826 344.856625 246.174978 0.003481 -0.003643
1207599.107738 311.300862 14.978217 0.002532 -0.001345
1297106.122271 733.741526 269.852697 0.018166 0.001909
1709409.523620 225.370253 358.932205 -0.001618 0.000456
1579454.636005 196.685424 5.985250 -0.000958 -0.009972
635151.660366 380.457184 5.220907 0.008022 -0.012578
1657542.871152 338.147966 369.024515 -0.010412 -0.019600
50074.195513 673.906266 239.497880 -0.017992 -0.003738
1728956.987955 558.678965 193.797628 -0.007455 0.006119
1741304.677791 135.039088 562.052088 -0.001259 0.005079
896425.988943 206.813885 524.745625 -0.001641 0.009354
248631.410417 620.571739 125.802909 -0.014679 -0.000942
789536.960791 769.349190 539.423312 -0.019595 -0.011932
1819863.026878 28.417539 26.325327 -0.007620 -0.016550
901731.744829 139.324079 470.679038 0.010948 -0.000472
878442.611954 515.226466 393.591595 -0.004974 -0.015494
569936.175165 658.752932 222.731501 -0.013648 -0.008688
212161.644461 226.507961 35.222115 -0.007363 -0.003268
1070836.321949 568.377076 227.919813 -0.002618 0.008851
1162154.364009 276.122636 454.458197 0.005039 0.006164
1685995.778854 61.453356 497.210580 0.005417 0.014019
631794.399876 53.918465 296.574012 0.018921 -0.002284
