120102.793966 630.430268 121.636350 -0.006097 -0.005543
269277.329682 300.100246 156.153265 -0.018273 0.015153
1260731.205931 302.199589 191.727137 0.013072 -0.002964
973263.179405 632.871058 572.943229 0.008506 -0.005934
1683880.506867 289.281871 229.330772 -0.016827 -0.013039
1760997.696668 175.362288 580.506009 0.011718 -0.019823
354965.669268 681.988650 474.650209 -0.004789 -0.012030
306862.422408 412.023087 346.430204 -0.003481 0.002358
913598.742761 34.904780 562.538879 0.011137 0.014844
723511.401901 210.257459 397.707263 -0.007309 0.019061
27418.055584 127.020435 203.190528 -0.004126 -0.010464
1026719.971107 221.756418 273.033243 -0.000715 -0.017199
919235.655535 527.292200 552.874505 -0.009943 -0.018412
247720.705461 324.194089 333.658059 0.008058 0.012681
229642.751734 125.654999 517.083887 -0.017955 0.017195
1463437.116455 330.425151 118.890712 -0.004255 0.009180
349002.480669 325.709513 533.970110 0.001117 0.011521
253345.397419 21.848079 48.647952 0.003298 0.000364
301882.374241 33.294257 100.989386 -0.017037 -0.008248
417897.793659 158.304047 419.818106 0.010565 0.015940
1032678.423930 703.086770 34.469364 -0.004921 0.017247
1981626.739717 86.577979 206.280802 -0.012543 0.000404
148080.320166 291.004310 546.129564 0.018533 0.015045
1426235.401736 72.381665 542.567949 0.011795 0.006903
826207.458426 756.213558 428.363991 0.003252 -0.019250
17939.873048 633.007045 129.706008 0.008272 0.002234
229060.592236 178.736105 260.682473 -0.013022 0.003920
729567.630556 129.694693 425.721004 0.008418 -0.006061
424191.899795 625.528819 428.179617 -0.015130 0.009756
1179453.697605 667.591349 501.672066 -0.000325 0.005136
1017047.714916 724.939730 344.259386 -0.011062 -0.000461
1184883.571782 186.550565 168.344611 0.012311 0.017662
1669257.284919 738.067166 97.989216 -0.009271 -0.016750
1530870.404807 506.872861 153.162936 -0.001059 -0.006364
1211583.405366 549.681902 75.347903 -0.007253 0.012386
1741377.547263 727.144176 385.852097 0.008288 -0.003804
544004.606336 172.524460 185.198393 0.013861 -0.002453
1594854.852927 349.965199 402.396180 -0.016923 -0.010144
1223177.906695 729.641858 101.361849 0.010956 -0.013070
527324.168257 433.111087 487.707866 0.000766 -0.019350
312490.830343 99.754628 422.389100 -0.009547 -0.002688
1025907.483430 120.894366 212.020734 -0.013734 0.014348
1509229.653286 341.972870 43.617447 -0.017900 -0.009354
1023852.793045 688.217701 428.035516 -0.012673 0.017499
1918069.081343 635.291827 509.694612 -0.014821 0.002805
59433.087734 314.450081 67.851024 0.013719 0.016465
257531.464220 800.490552 21.796658 0.013279 -0.008787
961609.428265 277.174053 259.691963 0.013367 0.000063
582120.371322 470.123152 558.468894 -0.005430 0.006005
408974.288222 701.616191 306.663445 0.016798 -0.017657
899929.745542 700.372583 511.822511 -0.008030 -0.019839
849952.291162 263.254386 237.735239 0.001505 -0.013091
617567.269419 532.422406 103.649778 -0.006174 -0.000024
907629.657959 661.736704 506.971959 0.015491 0.006331
693382.430213 141.823095 148.652383 -0.008908 0.001677
1797970.130014 385.140133 250.805044 -0.003527 -0.004084
955435.349120 688.665234 164.034684 -0.006713 -0.013572
557659.864685 605.821202 293.349354 0.007018 -0.008249
1324351.926951 788.210015 575.636231 0.013354 -0.006816
917046.023028 230.703341 93.573118 -0.007871 -0.012918
1632997.046985 519.175726 212.469543 -0.017485 0.017118
1790149.784549 770.232546 244.895034 -0.007415 -0.004964
1613713.184192 632.221790 140.714830 -0.016791 -0.015066
791753.703166 288.500202 527.301573 0.015413 -0.018588
347958.385175 437.439573 12.079491 -0.014654 -0.004629
701432.257286 473.863174 403.272475 0.000319 0.015829
1693039.169392 258.729614 326.939748 -0.012030 -0.004480
944105.254926 76.290428 210.614266 0.015328 -0.003685
1451122.988691 550.581032 119.823396 0.018422 0.010767
644142.737912 285.072989 76.642767 -0.011895 -0.010301
328294.663843 300.365915 473.815244 -0.012210 0.000420
344141.964030 428.733384 60.606326 0.013711 -0.018294
1995072.262359 551.852609 220.606848 0.001693 0.015580
1509670.835691 11.229651 590.970381 -0.015730 0.015789
783939.521193 665.450652 350.027613 0.003545 0.011731
702233.533702 730.437604 89.166023 -0.000813 -0.015229
783487.379916 514.439305 295.183716 -0.012702 0.013078
1976.599918 282.199319 217.644776 -0.015856 -0.012088
812477.567611 80.932475 532.074833 0.010928 0.005792
1551513.418346 422.618219 395.079932 0.010378 0.005364
1106838.468046 120.826387 279.674868 -0.014522 0.009722
516376.429478 389.616201 394.171856 -0.003872 0.018704
1541877.001311 639.236201 366.902285 -0.009511 0.019230
877046.727052 210.920959 200.428559 0.012094 -0.005350
1062152.807164 166.477539 280.839655 -0.003290 0.019305
220503.739184 155.012955 306.069288 0.010768 0.018109
285758.867062 257.605327 62.757598 0.004290 -0.001976
1694852.848395 693.282098 566.710541 0.000230 -0.009201
1823523.613542 219.367230 44.345750 0.000916 0.001471
109429.840049 768.319634 480.006956 -0.004457 0.010489
331166.874772 736.330532 582.277784 0.005305 -0.006540
1904142.131984 594.113741 318.586909 -0.001580 0.000437
967910.745632 483.291146 499.321454 0.003523 -0.011505
581591.096978 348.480600 48.018465 -0.010644 0.017504
706572.319710 117.999646 128.344210 -0.002996 0.006855
1499518.371885 385.529238 378.741934 0.001969 0.014860
785875.055374 571.564815 474.422808 -0.005464 -0.006112
257524.722376 252.935374 54.342297 0.006453 0.011182
1201976.699383 114.837765 228.879893 -0.002622 0.009280
1186503.038363 580.009123 101.734052 0.006834 0.018396
215485.423904 20.127342 64.852726 -0.007123 -0.001906
1555844.913030 56.655049 560.826393 -0.003694 0.004793
1610655.802121 641.088060 200.397872 0.003840 -0.013394
1363983.919548 580.538793 288.344014 0.010878 -0.004604
515601.680854 298.497551 317.585052 0.005555 0.012253
521772.659627 185.453438 319.472069 -0.002816 0.016128
984056.433190 429.780692 558.300409 0.003551 0.013713
764465.851134 302.253745 557.985371 -0.007323 0.011440
1098768.237559 98.133797 352.874256 0.014678 0.008831
1505133.839094 452.562657 265.893869 -0.010735 -0.006509
1656881.889169 392.769695 426.017013 -0.005649 -0.014818
1035409.796534 493.638905 216.451425 -0.018010 -0.018105
532033.862794 432.504195 350.015899 -0.012177 -0.014337
885049.308131 462.121530 312.331440 -0.005109 0.015769
611963.250959 737.524505 10.358854 0.015707 0.012223
1469794.933437 516.436866 223.518035 -0.012484 0.015570
1419313.830053 5.398948 222.266846 -0.003146 -0.005437
1001399.715897 751.177000 589.781312 0.014484 0.019450
57920.523946 103.035066 316.935648 0.004558 -0.007023
1340168.589419 44.124069 541.169388 -0.012384 -0.002905
1593328.125585 396.980700 209.057617 0.012543 -0.004446
308175.125303 438.495472 21.541525 0.000940 0.009119
1829796.170737 187.944820 440.283831 -0.008569 0.006237
194622.977727 628.480388 356.755820 -0.016825 0.005968
1163384.351490 85.861561 466.850188 -0.015337 0.009171
203536.384834 623.615097 466.877864 -0.019844 0.018800
408990.508136 640.530999 279.618277 0.002376 0.004627
1709918.606891 566.407214 96.692725 0.015737 -0.010624
1776676.395804 644.338815 280.364293 0.004795 -0.016387
248411.979642 575.580592 526.793998 0.008747 0.011925
1052401.075630 239.809516 543.585513 -0.007837 -0.003541
1254879.329007 324.258242 114.413124 -0.003746 -0.003575
322021.593490 487.272391 125.449725 0.002080 -0.014888
1647379.426121 386.091640 521.445247 0.019419 -0.005113
204691.412954 699.174528 106.325866 0.002796 -0.000171
536197.156895 555.342786 128.674415 -0.014198 -0.003473
25648.950611 537.861391 428.735041 0.016677 0.018951
247729.502734 436.893828 229.135226 -0.007401 0.018032
1580350.309415 379.889746 335.279583 -0.020006 -0.015901
1443766.372951 659.189857 351.014554 0.003676 0.012387
1912564.341869 554.353689 409.545654 -0.014671 -0.009431
357511.299829 321.120841 575.517296 -0.004404 0.001845
744693.135258 324.389177 130.847589 -0.016550 -0.007016
387589.365424 167.791135 523.073604 0.002986 0.000955
1645202.005117 291.627341 -0.101931 -0.004713 -0.005366
205411.871060 83.686650 113.508183 0.007504 0.007841
1996032.971887 514.873232 233.890036 0.007515 0.010451
1306804.762830 688.109304 106.648102 0.004501 -0.009858
1450619.077985 788.519064 395.129391 0.017721 -0.017181
1969754.747101 110.603898 168.417744 0.013656 0.008612
1609086.544071 543.816940 45.518220 0.012192 -0.017516
883645.576836 726.128982 99.647124 0.005635 0.003653
1722771.757153 502.461482 142.297197 -0.009971 -0.007562
28763.775727 722.706097 101.805189 -0.012011 0.000516
845989.907554 733.818764 301.287684 -0.016740 0.014423
1143645.596292 54.503469 600.314048 0.014089 0.016930
1423342.375748 525.652174 361.919124 0.011493 -0.001570
1329764.171191 184.838355 221.723032 0.013245 0.014446
1926056.274178 553.251514 294.351424 -0.012000 0.017721
1598411.507718 172.724357 507.825108 0.018770 -0.003698
726058.746095 314.010081 195.454493 0.014555 -0.001022
375371.614646 348.422819 324.836998 -0.012629 -0.008611
932014.105344 718.434618 567.049557 -0.017160 0.007162
811741.037672 587.752639 550.829183 0.010982 0.002632
1557690.799962 589.696062 154.867288 -0.009263 0.017511
399385.155365 53.366861 91.261306 -0.018136 -0.018555
1122038.441301 328.031421 256.603541 0.015484 -0.009106
1805346.826001 59.638767 425.555123 0.004375 -0.002157
1995636.369100 729.134755 97.029816 0.017697 0.019405
1695958.700821 279.049781 427.894603 0.010646 -0.015089
558004.577904 435.823513 516.695389 0.001457 0.012506
1597187.265566 589.250571 528.776225 0.018084 0.011277
1833981.536251 410.057141 114.661008 -0.006182 -0.003993
929917.220459 197.832822 284.815526 -0.013176 0.007576
1471826.909795 138.582874 361.285768 0.015868 -0.015403
1165988.196230 595.236029 277.975780 -0.008176 0.000419
1172216.120722 460.786406 32.427884 -0.002192 -0.015482
1736107.381869 196.439652 508.259710 0.009949 -0.012167
1259741.624473 532.989624 425.148161 0.012848 -0.019575
218963.730251 229.065934 155.198635 0.003361 -0.001605
1902503.935575 255.774398 379.591715 0.002181 -0.011339
1496596.111682 109.443326 576.190761 -0.011556 -0.002656
941537.357374 638.177554 5.923264 0.001065 -0.010195
245239.558744 315.753575 293.028114 0.018817 -0.014291
1372376.816986 480.116325 484.756008 -0.004174 -0.003135
1637971.852737 403.738226 424.034850 -0.017005 -0.016354
337179.376901 23.647029 245.389543 0.012131 0.003347
1249672.392965 440.316935 432.794610 0.003382 0.010448
310196.676436 44.374404 335.808285 -0.013362 0.003294
1607296.809371 230.270093 585.049199 -0.008240 -0.009701
236307.595035 783.907348 515.230312 0.017038 -0.004967
561161.337682 596.927725 528.792845 0.019456 0.012914
1939371.158341 125.344211 511.882497 -0.004856 0.018362
870700.636353 2.131281 305.582108 -0.013727 0.003549
541779.813609 249.392138 386.786792 0.013257 -0.000890
453110.709066 506.773014 459.599062 -0.011926 0.017066
47266.968548 256.874728 543.238250 0.015295 -0.010184
562186.379247 130.090588 594.636445 -0.013529 -0.013975
1629854.769274 105.290731 185.088889 0.006685 0.000385
534606.907766 82.236490 307.482600 0.011062 -0.009664
203362.833803 38.186260 342.226617 0.009824 0.015203
92345.910190 778.809262 306.518005 0.012423 -0.012993
877177.283576 667.573622 297.655452 -0.006207 0.008682
1484435.888699 500.909354 528.813986 0.009363 0.011484
64404.659935 439.017734 550.756166 -0.006325 -0.011434
856791.879449 487.022696 190.800226 0.017641 -0.004617
1153201.109335 33.990576 259.407459 -0.014223 0.011651
618554.387530 154.248883 456.743624 0.012845 -0.019882
1875266.974734 207.524093 503.009471 -0.002700 0.004176
1111007.126566 140.232925 138.512532 -0.002545 0.016417
34336.430968 375.336108 275.415436 0.017227 0.004498
1349224.196444 292.082127 249.899822 0.019697 -0.007781
1602661.077679 455.204027 209.596327 -0.010652 0.008564
276647.354605 434.387855 544.453253 0.016342 -0.005541
1822198.850020 671.103874 373.287501 0.009945 -0.009122
453696.245539 243.692875 268.568880 -0.001699 0.009690
713133.517985 379.554369 125.388760 0.012603 -0.003603
36437.158490 391.731850 464.286332 -0.002865 -0.000590
159010.190591 189.116549 31.266618 -0.002849 -0.001201
1535456.720523 453.560644 6.988896 0.007008 -0.001255
749811.288319 470.005368 183.258216 0.019858 -0.006533
1154889.427663 178.867039 384.552607 -0.019000 0.007217
762647.938338 304.958959 92.560502 0.003625 -0.012139
1129345.827331 486.757044 410.925700 -0.006524 -0.018309
337378.635228 334.010170 168.794387 -0.011170 0.013863
1499918.929068 791.267441 248.018826 0.010366 0.006631
1760744.261444 108.809948 149.867636 -0.012554 -0.014669
1172923.453698 610.516380 215.626359 -0.010952 0.011543
79642.974809 486.158360 101.043127 -0.012201 -0.012034
730713.756164 606.944822 483.926971 -0.017944 -0.016077
1702955.846536 175.494705 309.549122 -0.014693 -0.002383
724785.897287 705.933994 257.927945 0.011047 0.005764
187236.443249 524.348831 468.617041 -0.006230 0.013670
1828784.213322 744.268594 362.849486 -0.009355 -0.013286
787390.226865 250.396870 459.586319 0.002482 0.000245
1929498.061505 742.956670 161.045572 0.010661 0.019216
730520.102536 499.572233 120.146149 0.015198 0.010567
1281053.293162 194.336078 381.860305 -0.017202 -0.019250
562426.321470 130.289022 404.884588 -0.017507 0.000272
1033437.869061 780.075181 262.866908 -0.015119 -0.010085
1192859.900739 412.591964 336.417042 -0.005499 -0.016834
138898.690296 261.470378 3.629195 -0.006512 -0.015994
1973181.982512 561.085319 434.033701 -0.012564 0.003320
957790.512106 660.811112 496.769558 -0.015325 0.015869
1692076.045876 318.212349 36.206606 0.000830 -0.001626
1136829.509929 29.312001 260.448099 -0.019545 -0.013627
1367539.427880 482.484651 406.192667 -0.010180 0.018670
1509350.044424 252.346320 176.088011 0.010407 0.006110
785056.476847 598.072466 212.780619 -0.015367 0.017394
1873643.585422 476.076309 457.042146 0.010546 0.008432
1315983.134935 488.189450 64.764718 0.008797 -0.014722
1135951.929323 228.746826 100.618853 -0.019856 -0.008257
656102.584980 548.598395 539.182246 -0.019843 0.017280
1727078.126616 606.344811 148.300482 -0.013754 0.000835
1797488.349396 438.972442 161.388909 -0.009886 0.006604
406141.346510 151.990010 156.365654 0.018576 0.018123
1941231.998588 497.202411 337.417929 -0.016815 -0.006384
1386830.762674 518.487166 376.762070 0.014460 0.006000
1843128.023596 152.210008 201.747545 0.012784 -0.012240
538331.757550 546.165007 571.778095 0.000656 0.013538
944807.663069 332.372284 233.340648 0.009380 0.006572
106756.882792 754.962118 514.482477 -0.007546 0.016346
1618777.323337 226.602124 318.172054 -0.005090 -0.005266
1742666.514471 52.446450 6.868420 -0.000036 0.017111
1321460.731012 337.106503 69.727988 0.019891 -0.010393
620834.287545 213.166607 553.784272 -0.009473 0.011298
1523195.320518 587.442548 118.888251 -0.014014 -0.000943
1731081.362688 163.103797 252.011422 0.008911 0.000660
656632.629529 425.645619 480.493676 0.014355 0.016124
325566.043298 583.730521 581.058544 -0.013079 -0.010856
1792559.657149 666.406722 390.268117 -0.019490 0.013226
1778465.217808 259.299568 59.249587 0.012383 0.003527
1763427.173609 457.849290 192.971782 -0.017722 0.009867
1593951.392730 755.950026 556.246252 -0.011308 0.006618
886016.743670 435.834721 119.174563 -0.010386 -0.003815
204796.643092 323.863173 80.796266 -0.017156 0.002996
727276.621725 773.499167 248.332463 -0.019625 0.019119
488690.041233 721.769984 182.993058 -0.006268 0.008563
1781116.410057 179.249564 171.982909 -0.011477 -0.007824
20635.784613 7.510621 149.578189 0.017499 -0.010970
1834876.302553 303.428013 462.665436 -0.015333 0.004946
350019.654422 174.675532 16.761539 -0.007613 -0.008381
1214501.650638 537.786135 155.057945 -0.019201 0.007492
477760.385944 211.506573 353.492957 0.001764 0.004277
605806.972182 347.252677 499.279792 0.003596 0.005795
272576.070518 480.104566 392.506873 -0.004566 0.001519
1759240.741729 243.180824 550.272123 0.005989 -0.003274
1080301.612187 660.450779 382.676397 0.002786 -0.014592
1857771.559552 140.221208 484.371867 -0.012482 -0.012184
988850.145130 339.972823 276.761183 -0.016671 0.018753
134591.829094 309.566055 242.489420 0.015990 0.019027
96963.198901 28.590040 345.834591 0.008285 -0.003141
227820.812831 465.057026 434.795960 -0.018762 -0.010711
290631.014058 457.526333 34.295850 0.011479 -0.014494
385931.693197 569.576816 190.093347 -0.020020 0.015995
1023297.854244 397.038017 195.409421 0.018835 0.003253
589125.026292 31.539599 579.624068 0.007946 0.017458
1882412.602139 596.842680 584.016925 0.000689 -0.002094
790218.714061 504.799857 18.706580 -0.015186 0.006550
526777.357108 212.331680 139.922071 -0.007114 -0.017989
748590.766801 411.803571 457.609991 0.007592 0.000595
1324791.236466 162.146608 6.017573 0.019524 -0.013035
1179151.767483 226.035579 128.271662 0.002195 0.019226
301466.356172 396.041876 434.882727 -0.014987 -0.019504
349183.755158 415.030483 387.349214 -0.011766 0.005620
616335.581344 375.067902 543.730006 0.001720 0.011550
1910511.639859 733.741477 182.916425 0.008698 0.004281
1640005.631205 304.727681 485.017925 0.013280 -0.005335
1964468.728734 335.878357 391.074828 -0.012191 0.018995
1261209.360911 276.244552 282.373433 -0.005746 -0.001172
968463.258337 424.412766 593.823956 -0.014825 0.009427
1257770.379660 350.158077 123.904615 0.001275 0.019262
1991034.577596 391.420348 537.701551 -0.008004 -0.011733
1007596.648767 95.833393 353.370375 -0.006725 0.017910
1912045.142572 235.935554 222.803042 0.004268 -0.000413
692628.538559 190.191000 501.204932 0.009160 0.003587
609848.141023 240.689250 74.932507 -0.008222 -0.002768
1723251.459991 737.707117 520.944759 -0.017349 -0.001710
1696924.347289 50.336103 567.976545 0.009829 -0.005569
309029.791648 199.677883 289.707890 0.009636 0.002341
867302.640745 559.155603 513.528427 0.012179 -0.007820
691843.061099 120.590528 326.055372 -0.012852 0.018640
272265.500516 388.428363 162.162509 -0.009547 0.011206
1400582.436193 98.358922 421.319184 0.002978 -0.012308
320566.674844 333.099531 150.840683 -0.015710 -0.013505
1229627.376064 208.819333 246.229078 -0.016050 -0.019853
1946485.269790 424.991253 421.364777 0.004403 0.007636
15066.369444 140.494429 292.292745 0.002008 -0.005758
911695.870064 549.086394 506.193150 0.009041 0.017876
1245159.992597 340.326782 42.706984 -0.006432 0.020212
519428.529087 388.674273 247.014534 0.000367 0.003850
1147820.552414 102.125697 512.496968 0.019418 -0.011049
1717933.562453 767.096595 453.686526 0.002491 0.011461
183230.377819 455.322637 577.767655 0.003167 -0.015294
640928.558372 27.479748 483.236640 -0.013455 0.010303
1503776.668340 628.953993 111.098348 0.012846 -0.015531
360957.489517 65.377099 358.314923 0.003702 0.003719
380073.533570 132.004545 431.638474 -0.018225 -0.014018
1889061.825298 723.371565 66.019743 0.008011 -0.001346
1796955.322752 633.801177 20.404517 0.014484 -0.005169
306282.549308 146.939908 243.178374 0.018356 -0.006188
332156.324914 567.610195 78.914957 -0.005927 0.001313
485168.456326 426.634571 367.351603 0.013101 -0.014889
413343.113108 24.297582 173.648041 0.017099 -0.017009
883643.182406 697.245209 587.088197 0.002074 0.002813
887249.075289 360.300105 217.530332 -0.000901 -0.007446
1467432.667253 504.340773 297.496577 -0.014410 0.003561
1682910.725327 245.077346 179.498448 0.018966 0.006316
1660796.624450 172.305147 113.552289 -0.002237 -0.017772
629926.086697 520.350249 50.882984 0.004192 0.003109
318150.466456 37.272811 269.326273 -0.013881 0.003922
40123.955365 464.630704 29.110747 -0.004730 -0.017528
724761.667999 93.959952 413.667466 0.014321 -0.009796
558074.092752 559.670627 337.247128 0.003108 0.006878
438651.350531 326.426085 533.225796 -0.004130 0.014509
1885724.248311 579.011817 300.964414 -0.018901 -0.006823
158400.153815 149.282905 226.125146 0.001140 -0.006990
1952982.963972 437.616761 543.600334 -0.018956 0.017273
1927788.328346 311.006499 28.280446 0.006196 -0.010095
607879.136041 746.923356 567.560581 0.014626 0.000461
1236504.919471 67.945056 551.392486 0.000254 -0.000263
1541570.438790 358.820078 131.503867 -0.009116 -0.000966
1098586.873663 282.239746 398.345133 0.017055 0.015185
1973812.054831 723.052360 257.283570 0.015652 0.017394
717421.361579 684.452675 190.608686 -0.003733 0.000394
1128238.588166 568.340591 265.707962 0.000398 0.003053
1906900.824936 103.173431 396.751667 0.014909 0.005393
311031.282093 514.405945 50.599694 -0.004972 0.016674
1119457.958787 738.829161 161.354472 -0.010782 0.013998
295815.608602 167.798159 451.650733 0.003008 -0.015974
1365835.790227 746.750354 574.078285 -0.019991 -0.006429
933742.419320 452.361090 30.113880 0.016411 -0.016966
1254474.420685 690.071416 122.147153 -0.008478 0.009410
1674721.783807 355.560859 227.673274 0.016824 0.012741
589441.845468 384.411292 445.777422 0.002557 0.008111
1186208.380939 568.325852 547.309029 -0.006136 -0.008545
28320.921598 24.501471 131.726863 0.018874 -0.018780
1123059.363627 350.742519 356.790744 0.004387 -0.006054
1339490.994503 192.553040 126.482311 0.014918 0.001156
1892333.765464 567.822334 583.296322 -0.007185 0.005342
1580513.963280 495.694396 66.233684 0.001247 -0.012670
1628540.167412 100.994345 535.778452 0.009076 -0.001113
358744.990248 592.762385 301.764316 -0.004033 0.008492
1065496.480589 768.732044 90.536839 -0.014925 0.002944
996930.964755 638.324234 488.874533 0.008372 0.006814
685065.261407 524.014778 228.929820 -0.007626 0.019152
22284.613001 83.147140 360.053089 -0.014846 0.005141
1564209.169505 749.524628 458.142769 0.006975 0.006548
471659.941818 683.959237 242.457407 0.009526 -0.009793
234378.384535 216.454451 129.562653 -0.009238 -0.004021
1581110.075852 613.248713 117.736984 0.004191 -0.000955
1733102.233956 757.592964 78.207879 -0.010145 -0.009502
222272.466972 206.761664 219.694740 0.008451 -0.004769
7593.072023 394.798226 189.686607 0.010716 -0.013165
1961038.188991 2.066620 13.946186 -0.004571 0.009659
554464.627316 401.916372 7.622970 -0.000263 0.010856
821613.773155 227.332018 322.580929 0.003994 0.015598
24485.756655 378.389543 502.141201 -0.014264 0.008810
196372.594776 203.396686 587.863024 -0.001421 0.018551
718005.964867 375.007488 274.547236 0.007048 -0.010228
1252709.545778 525.404125 142.239789 0.005948 -0.018317
1958473.456073 741.714732 326.344890 0.019627 -0.003222
628831.249023 322.184128 421.451802 0.014051 -0.019642
1185057.482303 690.562508 288.964403 -0.002869 -0.019717
406775.272641 421.186625 157.215561 -0.012876 0.019442
452064.211691 433.086671 275.669683 0.007351 -0.011351
1391094.198167 249.119830 524.753790 0.017239 0.018318
1830316.959801 730.322455 532.101941 -0.001630 0.016135
610994.441719 618.218517 183.984940 -0.019660 0.004985
631021.334152 481.762758 292.174662 0.011845 -0.018592
989235.750860 1.754298 334.102729 0.010252 -0.012654
1098658.789461 784.451756 435.097408 -0.019657 0.006629
1883467.686308 564.487883 585.994139 0.012777 0.005410
1871849.530317 584.757155 330.587231 0.012870 -0.012439
911993.535660 102.200190 577.440242 0.010566 -0.014590
1176139.691461 61.647642 443.382156 -0.016933 0.015023
1537174.407177 456.379741 526.480488 -0.006940 -0.006932
123261.179832 700.853898 185.185550 0.011659 0.014990
1946848.674653 583.159333 354.084119 0.017982 0.001713
457599.283409 708.949034 164.505177 0.011213 0.008296
926562.791190 189.182202 501.566863 -0.000240 0.020134
1942178.605097 12.028398 45.423517 0.008397 -0.016362
1905775.863633 382.666350 397.421949 0.013269 0.012158
1975712.466974 713.626325 407.939628 -0.008303 0.007168
1128937.655654 214.677763 243.735123 -0.013888 -0.011217
1900458.380534 306.233802 62.142986 -0.011061 -0.013426
1623668.112617 549.956355 239.660734 0.005849 -0.015468
798515.523224 494.062369 76.785188 -0.000975 -0.006939
438456.544857 343.648030 482.328372 0.015130 -0.009767
1216805.763178 694.651103 90.737584 -0.008495 -0.013399
1661706.700764 681.476679 259.224813 -0.010494 -0.019712
1303971.794110 150.778685 233.951485 0.010274 -0.003516
1107963.914568 455.246323 59.019533 0.018170 -0.011403
425643.800956 282.651781 499.920787 -0.007232 0.013695
318262.858465 449.047323 154.988208 0.018565 -0.002282
1036196.117772 457.861565 186.539995 0.006832 0.014582
948553.069005 401.409159 427.672240 0.016389 0.009386
1438074.149861 447.036946 555.790126 -0.015622 -0.007559
677338.477540 530.431764 530.646339 -0.002500 0.004694
197747.041563 521.084136 583.415834 0.017223 0.019653
1601492.672973 71.652339 330.682987 -0.017641 -0.017813
1987075.958395 461.550832 375.228234 -0.007827 -0.010059
971748.938305 621.811933 449.349979 -0.012076 0.007405
974474.447302 733.565024 146.224034 -0.003451 -0.018917
1121549.802423 602.064624 413.208288 -0.002207 -0.012395
613932.794246 434.688308 504.550477 -0.008857 -0.001010
1665525.531241 62.921540 338.702996 -0.004495 -0.014530
1238773.710671 302.453133 429.488290 -0.010181 0.007293
1925637.924078 585.322076 276.578021 0.008455 0.017202
290519.337305 158.651439 508.039679 -0.004369 0.004494
1745488.432117 760.816720 218.973006 0.002450 -0.004201
1111265.337612 695.168051 563.226550 -0.004254 -0.013894
829182.160473 184.209606 135.847890 0.019230 0.004580
728391.627189 478.878354 596.253276 -0.016875 0.013672
1349985.243450 33.366023 345.990751 -0.014517 0.010165
1010733.056353 223.907249 571.556863 -0.005915 0.006795
1129411.861826 180.288952 373.141832 0.017217 0.011487
33999.050983 389.138577 394.110361 0.020112 0.015406
1606354.705806 296.236180 66.702909 -0.018783 -0.005951
1451822.744427 315.127163 570.278483 0.008764 -0.001012
1590584.168020 314.861048 309.309453 -0.005147 0.001140
538209.161040 700.935636 484.920330 -0.011159 -0.010864
958317.440449 628.198513 272.163457 -0.015992 0.008649
479655.517489 94.468924 120.244640 0.015856 -0.017018
167238.956395 558.680488 267.391628 -0.012168 0.009130
1592486.357127 737.219317 73.243111 0.009850 0.005632
1189583.299304 433.076003 20.834118 -0.015538 0.016577
1124831.962923 303.282174 474.188156 -0.005191 0.004008
37146.621401 680.313230 232.631544 -0.001136 0.018052
205026.889315 568.889263 41.051033 -0.007889 0.004312
284161.461650 310.200248 183.797049 0.003493 0.003347
68690.410847 306.223644 301.742962 -0.013746 -0.014786
287411.349028 600.213746 403.883747 -0.012906 0.014462
1171263.018237 591.676850 143.691119 -0.004981 -0.015513
1682127.158941 315.014809 577.471651 -0.010876 0.014527
1824708.168313 264.858234 346.633779 0.019213 0.005358
369206.509725 98.057058 13.356909 -0.000372 0.008410
1208981.916871 419.479063 56.172620 -0.015652 0.007264
446720.970071 202.193872 259.099383 0.015805 -0.002834
586212.983628 385.042894 102.076558 0.001336 0.014302
560717.814863 299.307488 150.878476 -0.010349 0.004141
234257.601311 123.702223 558.941557 0.007803 -0.014623
1133248.557864 703.430462 154.226685 0.003534 -0.005182
1934248.125150 153.638299 536.660554 -0.017569 -0.007941
1152133.833222 226.200022 331.430399 -0.019688 -0.012971
1965200.129880 240.430953 396.800775 -0.013847 0.013367
1034901.121182 346.164483 125.859633 0.010864 0.006889
1623246.405098 708.992408 497.151836 0.009746 0.003207
1926329.093951 248.160287 276.251583 -0.011181 0.015960
1658576.383096 150.453799 54.794704 0.008981 -0.010067
786221.519479 240.881270 318.682406 0.017793 -0.007694
1421758.733421 742.926400 365.090301 -0.004852 -0.017289
888519.625593 711.295827 307.996624 0.005945 0.006174
374128.679919 371.462038 325.546359 -0.019384 -0.011598
247207.860577 783.016202 311.574098 0.003288 -0.012048
838233.393076 329.884575 231.546003 0.000699 -0.014355
1269501.125100 722.821309 262.651558 -0.015528 0.019481
1490342.234955 701.576933 467.238513 -0.005837 -0.010058
1720173.599068 638.981623 82.413367 -0.005134 -0.001861
1589947.016719 447.836498 550.783745 -0.006488 0.003094
254199.274003 369.713562 331.826672 0.005909 -0.018214
1506623.924480 52.466304 274.457484 -0.014405 0.003088
1187558.641279 619.195599 289.540817 -0.018791 0.017647
663885.182079 620.041256 490.531560 -0.015549 -0.014782
134186.233456 776.666192 557.431314 -0.011859 -0.006224
763995.101100 799.333869 542.462766 -0.008045 -0.006503
960104.740672 340.818029 479.175680 -0.018594 -0.016988
1689167.128731 629.731740 84.788766 -0.007890 0.017124
1435140.350571 716.036787 422.131469 -0.012035 0.017046
1287450.956780 425.383799 421.237065 0.011721 -0.015758
1664884.491668 423.814668 368.544835 0.010614 0.009324
1916152.068375 115.633593 439.946432 0.014382 -0.002286
142374.806172 274.654258 522.141515 0.014831 -0.004935
1889104.925044 571.740745 97.915453 -0.016685 -0.019292
184043.514628 642.342031 546.984874 0.011781 -0.019922
1678137.485719 350.660148 320.050280 0.001606 0.016068
349432.717240 299.210175 257.292338 0.011508 -0.014619
327130.583267 597.753259 167.701189 0.015867 0.004361
1445781.852792 774.646800 571.503753 0.003718 0.013537
657045.848974 430.375680 332.846535 -0.000287 0.004921
1143416.638087 467.917411 254.929804 -0.000621 -0.004815
853229.746620 259.594777 491.158329 0.018361 0.014554
1436276.935710 106.489187 143.524122 -0.014033 0.016971
747046.145027 249.364282 400.727261 0.006108 -0.011831
555282.349025 300.118108 106.598425 -0.010822 0.018768
31011.744417 446.372469 303.572369 0.002805 -0.017978
259713.421697 113.406061 381.585854 0.002211 0.005063
30230.289339 785.812309 570.579214 0.013291 0.017691
1629124.594680 440.101992 44.967553 -0.017899 0.007951
1993199.337271 341.244109 5.519830 0.006602 -0.016796
437214.899080 754.118532 272.307950 -0.004236 -0.013120
847463.854052 329.133918 438.705502 0.017218 0.019223
1561464.248021 48.396174 73.505548 -0.003326 0.004602
1496915.452879 345.504485 358.053779 0.008015 -0.009432
1076064.875850 410.484887 489.265366 0.004504 0.002598
1028186.607653 487.305945 594.790819 0.000933 -0.009079
141764.248787 594.385990 129.745279 0.000997 -0.014459
778578.041484 758.851184 329.765851 -0.015273 0.015193
1058486.954802 720.230897 564.158929 0.005863 -0.007140
1112790.978101 319.429322 448.160148 -0.013856 -0.016076
24501.685065 553.895533 366.406890 0.013088 -0.007840
353571.678676 272.810689 548.545400 -0.013266 0.014610
375264.103699 191.494065 365.725864 -0.003807 0.010614
1493884.026769 634.940631 429.219281 -0.008205 0.016523
1188817.119779 659.939495 487.974903 0.001402 -0.000915
259519.063057 73.769891 525.376667 0.015143 -0.010169
1949033.547169 712.074172 562.528133 0.003470 0.008709
482529.103981 609.460000 36.092260 -0.013824 0.017264
1850091.109914 273.841709 102.765415 0.001396 0.009865
1871495.037280 224.927018 324.744448 0.006182 0.002893
908785.677938 195.260251 241.225693 -0.009275 0.011219
1755362.652128 318.376154 522.349526 0.010157 -0.008998
232765.271437 582.097722 98.799022 -0.018095 -0.007248
1765166.354256 236.379339 45.881418 0.017675 -0.001999
15434.920795 692.900650 474.754652 -0.012881 -0.004003
1077013.659792 90.685145 409.311024 -0.016806 0.010603
516053.778360 427.401472 5.686027 0.006388 0.012119
1576709.125925 429.885579 119.211476 0.006425 -0.008343
948767.654108 620.905250 12.157009 0.005595 0.013203
667159.362075 417.534808 74.301936 -0.003590 -0.001438
1146380.339352 334.113309 198.429961 -0.005356 0.003861
1462269.868451 722.429591 426.957259 -0.003580 0.019254
949273.004639 536.531651 309.781320 -0.000657 -0.006834
636841.273232 217.404382 520.918943 0.000693 0.017241
316267.470045 793.126447 424.447691 -0.012934 0.005303
1072709.865436 409.167460 92.776996 0.006415 0.016878
1234697.917120 187.438400 203.680989 0.017927 0.003942
1871003.135047 543.386167 300.215050 0.005843 -0.016342
968257.898916 95.702517 457.550935 -0.019813 0.004240
184803.100389 256.094643 525.880613 0.018300 0.013470
1613704.762242 94.158121 497.035620 0.000561 -0.008176
920804.219749 40.409890 484.160545 0.004833 0.008317
1455508.939668 184.433171 565.953497 -0.017311 -0.012833
1084419.887087 1.311918 515.098571 -0.018223 0.005932
1899527.167855 422.475421 461.404744 0.008455 0.001117
745706.753221 643.220361 509.085065 -0.010127 0.010545
1369434.811813 44.295815 529.123562 0.000572 0.002789
353913.564400 779.926126 371.877843 0.019285 0.003538
660308.989072 568.569830 492.020293 -0.009052 0.011119
1997036.600484 653.655274 468.887557 0.014265 0.014407
857968.969670 644.684809 232.640090 -0.012092 0.000743
1832483.595159 457.028587 194.255686 0.011557 0.011864
174050.590104 359.720568 525.450055 0.018766 0.018480
887791.815627 115.902295 561.300228 -0.017434 -0.014856
1048845.100705 314.672721 504.360740 -0.006251 0.006690
1236598.032171 273.682844 290.098522 -0.004029 -0.012087
688449.854352 662.643035 2.512635 0.009253 -0.018941
1047717.716101 519.036847 357.815824 0.013912 -0.003484
831685.772553 746.793002 517.199009 -0.008449 0.016122
1646809.537731 587.864282 29.414582 0.010386 0.011938
354697.854423 226.680899 115.062727 -0.019279 0.005147
1718570.137265 508.437618 581.493976 -0.006284 -0.018642
338487.908402 549.719737 517.443154 -0.013000 -0.003246
1776805.868268 558.743523 40.758091 -0.000617 0.001844
960078.654327 720.414603 287.055752 -0.006755 -0.012518
763596.911339 131.457773 556.003412 -0.002755 0.017014
1446903.674606 486.572782 125.297185 0.017301 0.005334
1673049.761761 619.806032 155.922332 0.012221 -0.015280
591079.477496 780.352108 482.764255 -0.013705 -0.013984
450261.526019 36.932101 509.523546 -0.008248 0.001256
788880.985598 618.942077 258.837322 0.014936 -0.015425
1247242.441982 204.418267 167.364441 0.002015 0.007425
405506.701397 218.028626 175.314684 -0.003533 -0.012378
1835863.754077 197.756937 576.420336 -0.012856 -0.017844
159031.381905 379.995535 18.610246 0.015404 0.005322
362722.217274 87.401761 407.243276 -0.018561 -0.003759
420997.232395 340.157686 105.337469 0.005847 -0.007777
580167.091722 213.274757 332.861857 0.002800 0.012596
479025.265425 617.104278 52.578651 0.001289 -0.012677
552036.800679 359.934006 258.414196 -0.010471 0.005078
969986.005207 253.892132 61.616235 0.000792 -0.011946
1471710.388303 557.509808 187.796087 -0.003396 0.009206
1430984.936390 500.840402 91.136000 0.015647 -0.009261
902052.609670 144.569929 321.152017 -0.019782 0.010002
700700.571156 195.535250 313.317437 -0.002450 0.011062
1408199.004553 571.284780 137.110758 -0.014610 0.018115
1713095.736556 496.254050 161.418534 0.018418 -0.014611
944491.339356 557.085328 498.741875 0.011374 -0.015567
1119457.834922 400.447923 441.432076 0.008484 -0.004366
8319.607940 130.632806 343.511953 0.001562 -0.013273
647061.014849 711.828004 247.409275 0.013811 -0.006828
379545.065751 439.192448 25.885289 -0.003338 0.007318
1990576.603445 218.631942 181.457791 -0.009384 -0.010677
876473.971119 589.631776 557.751097 -0.009188 0.000888
80381.552726 664.536425 13.447197 0.011024 0.001699
828036.629980 624.991394 423.077370 0.019519 -0.007186
1747623.103553 248.393373 124.461840 -0.008534 -0.013743
1072386.123739 381.201699 423.626128 0.003220 0.015736
777386.485961 459.620422 100.854159 0.007638 0.013593
801906.589792 103.762168 345.966083 -0.006808 -0.003946
197987.358178 295.979943 137.843649 -0.015159 -0.014140
1545926.498969 428.231083 556.354927 -0.000498 0.001230
492654.834172 281.823822 500.333397 -0.001039 0.005081
1978982.283724 792.929818 69.274647 0.007752 0.002823
17631.095842 66.128566 86.722042 -0.012955 0.010996
1966499.848276 461.729315 543.610434 0.003524 0.015048
611006.784537 527.331859 167.322874 0.001458 0.011206
850069.038966 247.042354 189.856009 -0.005921 0.011500
1676786.882652 479.097287 83.315945 0.006892 -0.017861
1557780.060711 529.738583 26.168612 0.015763 -0.005724
1227310.625476 722.795688 262.894940 0.012475 -0.022570
428616.731627 592.049392 393.355475 -0.015227 -0.007965
1127178.874392 340.398079 576.660687 0.013658 0.018411
1480731.590409 212.788170 162.209919 -0.017759 0.004798
115335.758829 715.135391 130.649308 -0.012099 0.002660
541498.807511 780.939937 137.274181 -0.007442 0.014834
1167776.423119 741.993759 464.484017 -0.019059 0.007394
1705487.274428 189.985584 255.780085 0.000316 -0.005713
1455042.508177 58.210234 469.629882 0.007525 0.016569
1485351.840726 341.562040 108.571080 -0.019544 -0.000659
1600046.444498 55.607129 226.707021 -0.019276 -0.009268
1889695.885540 230.202801 146.879753 -0.013082 0.004145
230475.999522 605.864367 319.281687 0.015503 0.011175
434670.210087 593.544832 9.974824 0.005755 -0.009944
748135.628527 296.700566 193.092395 -0.013650 -0.017664
474188.291689 718.630359 292.713694 -0.003318 0.016230
1941577.332067 174.264844 588.550213 -0.006012 -0.010676
499196.726130 235.232979 314.396642 -0.000259 -0.001300
254300.674542 487.739912 134.031460 0.006367 -0.000107
6325.354803 700.037820 144.010950 -0.019182 0.000830
980919.682878 316.038205 534.930818 0.012553 0.001961
1900851.625903 40.274965 269.156992 -0.002590 -0.001272
719689.197242 326.217730 412.374172 -0.006339 0.010295
1844748.197982 472.731448 30.180963 -0.002180 -0.016561
1036199.990211 459.236221 416.326788 0.009638 -0.010761
385683.919483 595.623585 65.270551 -0.002698 0.010626
1256102.471266 738.641221 96.075303 0.000546 0.010185
1419511.694191 375.420992 472.860254 -0.013623 0.016246
511292.832210 415.272146 189.680276 0.017687 0.014405
145034.134456 691.185825 270.142840 -0.015049 -0.007553
1071721.370831 513.152620 530.663257 -0.010809 -0.004675
233847.819378 338.186340 77.375830 -0.011033 0.014199
1786277.592083 681.823480 467.404971 -0.017907 -0.005086
1031918.257955 609.643204 506.117088 -0.007876 0.016821
1499349.890975 446.322132 263.474084 -0.017327 0.000077
597617.807145 110.320861 219.058305 0.010014 -0.009534
1353622.215499 228.389253 541.954092 0.002469 0.000629
573296.933702 542.643215 564.004545 -0.003399 0.016135
1590131.532210 246.407780 453.767558 0.003011 -0.005549
258416.177825 72.974271 73.612999 0.018867 -0.004273
87595.200207 577.075087 571.688540 -0.000687 0.011451
906233.425674 625.852019 554.288405 0.012746 0.001241
370032.188655 395.881795 489.311804 -0.016456 -0.017742
664767.085884 299.568518 441.794325 -0.009132 0.011573
1278253.811075 53.017533 58.700007 -0.004121 0.005622
916040.443311 420.084725 438.712979 0.003219 -0.000164
249204.321880 499.189448 130.239643 -0.016945 -0.015714
8661.484350 424.495570 533.423998 0.017155 -0.006052
841302.204338 90.079785 506.103104 -0.010474 -0.011983
1802783.200425 455.919002 346.224502 0.005477 0.013643
731632.451868 220.850502 544.757435 -0.001408 0.006846
1096714.972098 736.733115 118.101044 -0.008800 -0.000087
1386984.768969 323.933948 76.210345 0.016471 -0.000739
469499.863903 732.129949 6.927087 -0.015007 0.013808
718651.906922 435.413097 574.620715 -0.011851 0.011227
316653.122342 84.326287 211.379567 0.010057 0.009033
385530.231700 79.684345 10.949448 -0.015988 0.002573
1379939.433830 519.473865 291.615634 0.015414 0.017175
1974529.288697 463.666211 199.391337 -0.015517 -0.000403
1626419.535664 279.741570 244.567619 0.012981 -0.001062
503204.831157 146.156028 10.665896 -0.011615 -0.004503
1600260.999799 293.035225 294.466662 -0.013933 -0.015949
467442.890847 275.327439 121.003671 -0.009914 -0.002201
1530910.291491 753.056902 56.597227 -0.010007 0.013179
43405.273949 189.937030 245.112656 -0.005791 -0.005887
1801413.789299 133.519303 421.383980 -0.007695 0.019678
348673.859774 447.536033 105.032441 -0.012282 0.010754
1122384.702378 793.356269 80.795449 -0.017921 -0.014248
474000.488629 229.248476 293.452212 -0.002432 0.001560
1867761.544822 162.713550 288.093784 -0.018858 -0.001844
617712.498930 39.604059 415.284759 0.008755 -0.003841
88793.583256 495.122346 342.867718 0.009893 0.016929
1123119.018564 736.211286 291.519353 0.009370 -0.015512
510837.786138 237.554763 62.624683 -0.004331 -0.005984
498234.962345 502.715718 381.421269 0.009532 -0.017335
350510.791107 537.822266 162.910475 0.006253 0.007953
1451432.125387 771.381307 449.364893 -0.003388 0.007353
303273.376219 370.321400 179.910138 0.008882 -0.011667
454803.713809 227.193686 75.979077 0.008602 -0.019200
480071.545802 775.482925 189.809338 -0.006251 -0.005558
1333575.176696 474.828377 592.881987 -0.007782 -0.006722
110627.538576 382.792154 1.858930 -0.007000 -0.014518
1406769.050940 41.575405 59.186285 -0.001873 -0.001181
1561676.394922 482.190823 559.327900 -0.016763 -0.006998
281255.947557 246.705315 364.781776 -0.009248 -0.019070
1257382.930842 407.440068 596.125464 0.017785 0.014120
706537.016996 489.502564 268.906954 -0.006341 0.016652
1558318.719993 318.124946 237.053976 0.011347 0.008938
1057752.200895 389.420148 465.965386 0.005110 0.017495
491364.625511 326.269781 325.141021 -0.012861 -0.000412
1734950.389590 255.128623 479.317497 -0.000923 0.003493
1643357.573842 84.712883 56.860853 0.012568 -0.017963
1898263.090243 133.942730 397.733110 -0.004152 0.000405
1157183.811607 141.055143 544.620458 0.018942 0.018332
1260090.642264 401.466506 266.535779 -0.003783 -0.014827
767107.214205 521.634478 323.306003 0.016979 0.013175
55740.578126 634.846247 88.780303 0.013017 -0.009312
1471867.368311 519.039909 224.871695 0.012860 -0.001691
851158.514084 624.143628 377.623647 -0.016456 -0.012923
279214.015361 532.957138 211.809276 -0.018194 0.005632
622537.959657 541.358289 84.687288 0.010266 -0.016711
543551.074594 112.435575 439.193513 0.012853 -0.017329
1125283.938425 670.453709 515.280327 0.008418 0.006521
255944.995329 357.694760 187.108708 0.000112 -0.008828
1549879.616848 742.609385 35.203169 -0.003808 -0.019294
474171.187949 435.903983 410.484595 0.003563 0.003655
648167.413030 720.769286 160.503436 -0.001356 0.006311
697835.028496 589.809448 478.506639 -0.016729 0.001912
1725670.433475 516.016184 231.107829 0.008619 -0.005305
99429.388577 679.160357 481.526964 -0.005525 -0.005952
163663.104253 109.285835 168.318797 -0.006977 0.000329
594763.153510 303.733970 52.814886 0.019278 0.018808
1355525.087265 244.965232 522.137030 0.017924 0.010943
1053977.892294 234.778841 305.621841 -0.007013 -0.004930
115031.983757 149.688791 12.837478 -0.002328 0.016309
752375.869431 393.727174 455.117668 -0.012763 0.014190
219437.964363 208.581656 594.996892 -0.004391 -0.003946
1068114.026016 550.259509 469.092279 0.004828 0.006900
1499866.051366 239.126389 584.189160 0.004726 -0.010291
1491842.997955 116.823320 322.377563 -0.009712 -0.001122
1826279.228472 251.129311 395.225796 0.017297 0.010251
1133058.067007 247.514712 149.322021 -0.007043 -0.000435
207507.431604 346.525442 450.326636 -0.016175 0.012956
304737.184339 504.411874 306.665421 0.017354 -0.010018
361247.467977 546.451273 329.305771 -0.013811 -0.007889
1585793.637478 720.410849 269.292981 -0.006757 -0.013843
1841064.114050 194.839288 281.244732 0.003191 -0.012837
451362.950938 116.074677 291.945609 -0.000996 -0.001229
1950936.490647 462.975265 542.218230 0.007829 0.008191
1454702.783122 701.680662 182.682324 -0.010459 0.012496
1108684.254395 335.173953 297.142363 -0.015857 0.002983
1596490.624173 716.831043 284.863117 -0.012639 -0.010119
1263706.185512 134.169857 282.504841 -0.015927 0.009881
1294332.516982 261.113578 535.764560 -0.014670 0.012043
723046.520130 87.081634 228.481752 -0.009391 0.013356
107937.715067 793.470950 426.851613 -0.005748 -0.010849
1046872.077066 728.897229 389.808866 -0.019377 -0.019516
450965.188654 653.684335 546.706977 0.008011 -0.017428
278162.196408 266.374703 139.762352 0.004373 -0.002626
1960316.196066 205.734530 456.571323 0.014896 -0.004397
1125740.257616 187.758622 299.748317 0.017723 -0.000070
668170.334151 796.783822 294.225201 -0.018191 -0.005841
1443825.863043 455.496221 160.033033 -0.005092 0.003554
564375.188464 478.167465 242.601265 -0.012222 -0.008028
938961.728913 267.114363 379.826019 0.008070 0.017689
132214.712972 546.678776 119.670224 0.013339 0.002228
1179224.623916 311.552046 473.138785 -0.016489 -0.006655
575213.267736 339.034099 197.876820 0.010996 -0.001192
1368718.602401 400.869325 23.985613 0.018036 0.014951
1254302.726711 185.750497 282.684030 -0.018643 -0.002903
1541011.519516 401.025159 456.167259 -0.003922 -0.011873
1407684.757098 375.449582 531.766218 0.016156 -0.008182
883750.411162 393.820719 411.779656 -0.010577 0.003302
38293.802197 414.542542 2.848896 -0.006035 -0.008085
949396.727117 26.721572 478.947870 0.000608 0.019442
1340193.529306 112.196080 129.890608 -0.014289 -0.013055
1289556.392138 729.396697 404.335202 -0.003826 -0.007435
1756783.113702 88.093385 469.043929 0.010486 -0.019729
157687.638028 166.029882 303.240695 0.010642 -0.002496
175039.783202 626.668789 573.270702 -0.016262 -0.014661
506304.289450 453.308717 99.269104 -0.017945 -0.016711
301433.914481 576.043794 133.811870 -0.005371 0.014549
790027.673724 9.591740 464.062206 -0.017188 -0.003251
176035.711624 758.751259 317.234984 0.014797 0.008525
1081972.172988 759.174800 552.303350 -0.018261 0.008693
715741.816310 106.974366 298.898521 -0.007403 -0.010926
1263880.632475 454.342667 476.749474 0.011930 0.004697
1751026.801649 758.712789 202.459266 -0.016172 -0.007300
399196.095951 394.825122 198.045160 0.019087 0.002366
1496994.359185 48.673260 306.501578 -0.008899 0.017280
445396.929255 653.618748 529.753954 -0.014302 0.014542
1193553.106484 399.837932 599.434891 -0.016119 0.012538
450224.472419 581.332461 229.325589 -0.019248 0.001036
1999453.321099 715.738245 285.788258 -0.004280 0.019157
1584501.028799 429.207137 291.142494 -0.015107 0.000401
94458.571679 696.622987 342.496040 0.002266 -0.014109
1007827.074736 623.591147 579.656295 -0.004563 0.016853
1658558.308919 786.657440 253.124987 0.013086 -0.016908
475365.567242 42.308502 482.901354 0.004326 -0.016932
663714.367274 496.096378 580.873353 0.012222 0.018173
1919117.403179 479.292268 296.948460 -0.002167 0.008822
9624.167350 393.713297 354.573672 0.003062 -0.018037
1478876.057770 64.631239 497.170082 0.007770 -0.001376
1502145.321808 426.536355 269.242574 -0.013021 -0.005535
1054818.871922 329.089729 247.714996 -0.006669 -0.018737
972186.690649 532.051164 390.590501 -0.001897 -0.001127
1216433.286302 329.535068 43.328288 -0.015866 0.014309
1585452.240699 85.748659 209.921132 -0.004628 0.007117
796849.675848 98.977734 459.080461 -0.011109 0.013071
461377.134761 782.823517 216.983836 0.007142 -0.013903
1447663.852688 165.206556 338.373134 -0.014471 0.001608
1190708.408687 498.774908 122.745855 -0.010142 -0.017054
1355477.244293 684.067938 294.484718 0.009998 0.018257
694211.989964 433.729590 39.396822 0.007908 0.017106
1497031.391364 75.982421 30.230450 0.000516 -0.007096
1759090.904966 594.443669 180.053621 -0.010329 -0.003079
904928.793621 771.983554 377.699556 -0.019371 -0.015857
341892.055395 489.156889 437.122420 -0.004954 0.014357
1609370.418642 43.142190 428.071743 -0.008175 0.012130
1339833.364515 513.526663 206.867786 0.009428 -0.006399
543533.833951 386.171294 260.506316 -0.007102 0.019780
1510075.678821 161.050208 443.567129 -0.017782 -0.002230
325429.097901 406.657605 246.065027 0.011713 0.000972
1027532.088117 770.925711 81.230613 -0.010396 -0.006339
1987715.010526 37.190320 236.770662 0.008289 -0.006364
396776.620483 301.248673 588.593155 0.001754 -0.015603
639902.701899 652.639410 355.893586 0.010151 -0.014504
1179865.857204 406.104637 204.125973 -0.006868 0.002539
1568458.621189 393.199075 42.309473 -0.012224 -0.008575
1190290.628555 566.776441 150.297690 0.009233 0.017978
1180185.991889 580.539189 597.239748 0.019385 -0.002804
672088.553511 146.522006 485.028402 -0.007397 0.009064
1837656.663655 510.373829 325.270902 0.000515 -0.004375
1360614.323691 81.538441 539.178704 -0.019211 -0.002755
924125.776125 643.720912 555.269714 0.001308 0.019928
418950.309241 102.538185 424.676051 -0.001796 0.014247
1312754.557148 39.390077 349.681604 0.006055 -0.018689
30587.249450 790.870362 130.244671 0.012888 -0.007751
1889215.610870 593.535454 565.993754 -0.000546 -0.009838
669560.509114 133.448200 214.116677 -0.010652 -0.012486
1579576.984783 556.830963 594.950099 0.008594 -0.010920
1982244.182370 739.081036 214.027379 0.007924 -0.004710
432350.935616 283.972456 258.054487 0.011974 -0.019773
930735.730068 652.606724 596.815195 0.007304 0.005513
600671.720971 501.645408 227.718418 -0.010165 -0.015432
1270601.892504 463.963081 169.557191 0.019701 0.012523
938976.299455 626.118744 304.954546 -0.001549 -0.000150
1474031.937064 361.690921 251.613732 -0.016255 -0.013944
1605130.416157 247.761217 302.610722 -0.010667 -0.015576
1023340.410098 559.401432 555.270496 0.000252 -0.004734
1128556.229700 645.742316 5.149329 0.017734 -0.017940
248420.950141 463.902682 377.900823 -0.004069 0.002602
884577.235619 701.084106 213.183576 0.017998 -0.006616
1704879.713107 549.720785 474.491823 -0.009089 0.011170
1882055.445519 60.096242 54.788119 -0.002187 -0.007598
404206.608610 765.856569 4.947233 -0.014902 -0.001418
780987.060993 553.549605 162.435925 -0.004069 0.005519
642018.800900 420.179562 130.800498 0.018037 0.017210
1579863.075903 313.845826 483.338377 -0.014232 -0.006303
286431.929230 799.105457 18.315528 0.017334 -0.009113
1625355.291937 700.095984 207.310369 0.016182 -0.007111
1310099.705732 85.493229 166.840119 0.006592 -0.010578
1485499.756171 42.382571 555.851160 -0.019442 -0.001829
1126826.147142 267.732052 586.751242 0.011208 -0.008647
1817754.082297 456.545951 406.990373 0.008593 0.008657
42605.713030 685.780653 428.832601 -0.017522 0.011495
1969490.396776 691.805597 399.855364 -0.006752 0.010787
1972945.507603 788.254085 525.875996 -0.009422 0.005962
221002.463354 5.670284 421.099519 -0.018484 -0.019154
314139.836614 479.818152 212.960226 -0.014575 -0.004777
1280098.799281 35.249033 571.033380 -0.007246 0.010315
1334025.561499 271.133434 370.201053 -0.004787 -0.004318
817314.073824 291.985144 154.249408 -0.016985 0.007875
52254.755074 49.307957 409.076097 0.016114 -0.006922
662711.798522 9.489558 199.750546 -0.018602 -0.017994
710212.109941 153.460943 389.864295 0.008414 -0.006921
61999.699130 281.019269 223.061810 0.019314 0.006766
261157.692532 519.644666 3.719117 0.009908 -0.018757
797766.605764 125.433255 237.133874 0.006231 -0.010777
184709.901076 545.692917 175.211410 0.010996 0.003300
1235796.007903 85.413726 357.398453 0.018116 -0.014402
1292608.929469 245.323403 198.328645 -0.008133 -0.019330
1317389.029692 261.309338 220.366878 -0.018780 -0.007601
71927.786838 127.827384 575.815326 -0.018265 0.016287
1977614.946653 353.589964 38.393741 -0.004667 -0.016044
591803.305127 381.768855 467.207987 0.003530 -0.009938
726241.200569 165.170588 214.027637 0.018400 -0.013692
995710.504705 485.266493 279.335474 0.013142 0.016103
963862.695249 391.146299 138.017283 0.013996 0.000721
1079147.418532 708.512678 408.012925 0.000029 0.017216
1174876.041326 389.880535 223.246359 0.006101 0.014864
937689.950195 758.282233 209.338810 -0.010098 0.001375
1200871.358253 489.682173 445.093557 0.018298 0.002823
1798372.363578 364.475884 105.825618 -0.005464 -0.008555
158766.744732 676.268014 464.525226 -0.007544 0.007869
584123.108808 679.848356 348.377347 0.018812 -0.006106
1019930.488905 447.333302 500.135760 0.015238 -0.011569
1412068.961846 279.319606 95.664854 -0.017826 0.003976
1390465.348675 524.131780 125.787641 -0.002534 0.004563
1560588.704217 269.529424 41.767942 0.018293 0.008032
709118.110458 28.716365 327.073880 -0.014831 -0.006296
481739.437432 336.751663 116.773688 0.012815 -0.004331
1084185.081108 265.289177 569.475994 -0.004952 -0.011505
321427.933090 65.647145 337.230540 -0.007519 -0.014348
322096.383349 11.925256 475.444566 -0.005139 -0.001931
811598.476400 120.530108 472.276360 -0.000992 -0.015692
975828.599639 662.893162 87.369615 -0.018663 0.018335
980873.326296 219.706490 226.269374 0.007426 -0.016141
1538962.265262 182.260494 256.956878 0.008838 0.004170
1281944.833362 703.587588 411.264689 -0.011754 -0.012067
1646853.441208 292.139423 129.399880 0.004645 0.009428
1334224.681991 17.336149 531.644694 -0.001756 -0.000142
1987979.200663 753.961782 196.395229 -0.014450 0.019139
567825.405192 503.372990 150.225260 0.006601 -0.007368
693992.653253 345.611630 324.479034 0.011142 -0.014014
290886.182473 333.269213 18.686796 0.013265 0.004832
461579.700216 523.961284 590.568227 -0.002180 -0.009204
1440439.939238 90.548492 175.754724 0.004281 0.002719
1578856.275221 479.666048 307.140067 -0.015374 0.009494
975708.803616 319.944993 219.963253 0.009550 -0.017508
1363849.989774 68.137093 296.342924 -0.011052 0.014436
1287670.666020 295.480491 165.551957 0.006993 -0.011982
1793086.186886 724.942297 513.203439 0.015254 -0.005940
253419.465503 481.171344 278.172069 -0.003052 -0.011645
65064.939701 167.180597 484.663186 0.001755 -0.007021
1093948.624606 25.974090 434.777067 0.016631 0.010811
1570950.974510 476.938285 514.114961 -0.008935 0.012872
1433502.711092 738.589608 113.662378 0.019667 0.003950
779698.448619 711.584584 301.892429 -0.010228 0.010905
1707668.152502 297.542014 224.201380 -0.007298 0.011708
1161722.038482 280.400814 0.958732 -0.004395 0.015813
650195.260835 748.166496 556.269311 -0.017976 0.014024
1393276.303724 667.706664 267.797307 0.002115 -0.015476
534900.189626 215.502127 20.863117 -0.001724 -0.009454
1264731.390059 676.656793 91.088412 -0.014610 -0.016296
1848317.172308 790.646809 278.302503 -0.008151 -0.007740
512088.236637 702.015231 394.193545 -0.009753 -0.009271
1104225.446984 465.381815 122.037824 -0.000856 0.005247
107543.810321 140.002960 279.555145 -0.000003 0.009149
1156781.673039 614.970769 597.893000 0.004533 -0.011035
520065.349769 196.760779 42.811706 -0.003463 -0.004747
327390.441823 269.795929 221.985695 0.005088 0.005377
1353004.063178 706.999445 306.720101 -0.006521 -0.014408
1558240.596931 709.653569 433.292564 0.019293 -0.005467
706633.334377 29.244406 323.783733 0.012781 0.001635
534505.464385 317.308011 182.591734 -0.009446 -0.019538
1061346.780072 419.714229 154.804546 0.004176 0.017591
1275778.349152 612.083438 164.429904 -0.019711 -0.004270
1816858.008419 547.111998 166.133212 -0.003174 -0.019291
837596.447597 159.177267 542.094402 -0.014405 -0.012798
537634.699856 396.138791 130.401820 0.012323 -0.007444
1509630.032587 59.722057 425.886407 -0.025438 -0.015196
1442342.147903 473.516691 518.236487 0.019174 -0.012345
1603574.954720 492.164472 575.789763 -0.016934 0.004957
706735.606634 787.816073 184.395606 0.005215 -0.003783
651319.147391 39.794955 362.350788 -0.010778 -0.012378
1573016.600485 398.268509 411.395975 -0.019924 -0.007673
1998835.487291 607.604694 230.108793 0.008377 0.012766
1445522.677826 344.883526 246.146813 0.003479 -0.003644
1207599.107738 311.320444 14.967872 0.002534 -0.001331
1297106.122271 733.881882 269.867443 0.018146 0.001906
1709409.523620 225.357756 358.935720 -0.001616 0.000453
1579454.636005 196.678024 5.908186 -0.000956 -0.009966
635151.660366 380.519204 5.123691 0.008024 -0.012574
1657542.871152 338.067495 368.872992 -0.010407 -0.019603
50074.195513 673.767187 239.469001 -0.017991 -0.003734
1728956.987955 558.621311 193.844855 -0.007461 0.006100
1741304.677791 135.029338 562.091301 -0.001263 0.005066
896425.988943 206.801212 524.817908 -0.001638 0.009347
248631.410417 620.458241 125.795623 -0.014685 -0.000943
789536.960791 769.197692 539.331079 -0.019601 -0.011931
1819863.026878 28.358643 26.197404 -0.007618 -0.016546
901731.744829 139.408712 470.675405 0.010949 -0.000468
878442.611954 515.188009 393.471801 -0.004975 -0.015499
569936.175165 658.647413 222.664346 -0.013652 -0.008686
212161.644461 226.451046 35.196908 -0.007362 -0.003254
1070836.321949 568.356819 227.988232 -0.002623 0.008850
1162154.364009 276.161602 454.505844 0.005042 0.006163
1685995.778854 61.495551 497.318939 0.005499 0.014015
631794.399876 54.064744 296.556376 0.018925 -0.002279
