120102.793966 630.360323 121.572805 -0.006109 -0.005546
269277.329682 299.890746 156.326895 -0.018287 0.015147
1260731.205931 302.349339 191.693215 0.013061 -0.002956
973263.179405 632.968474 572.875188 0.008494 -0.005940
1683880.506867 289.089089 229.181331 -0.016815 -0.013039
1760997.696668 175.496608 580.278878 0.011722 -0.019814
354965.669268 681.933735 474.512189 -0.004794 -0.012056
306862.422408 411.983202 346.457190 -0.003479 0.002352
913598.742761 35.032545 562.709004 0.011159 0.014845
723511.401901 210.173711 397.925689 -0.007306 0.019056
27418.055584 126.973156 203.070664 -0.004124 -0.010453
1026719.971107 221.748219 272.836134 -0.000715 -0.017198
919235.655535 527.178239 552.663465 -0.009944 -0.018417
247720.705461 324.286464 333.803345 0.008062 0.012673
229642.751734 125.449209 517.280623 -0.017957 0.017137
1463437.116455 330.376399 118.995865 -0.004253 0.009170
349002.480669 325.723536 534.100727 0.001335 0.011266
253345.397419 21.885856 48.652106 0.003294 0.000361
301882.374241 33.099040 100.894857 -0.017030 -0.008248
417897.793659 158.425126 420.000785 0.010564 0.015940
1032678.423930 703.030368 34.667076 -0.004922 0.017255
1981626.739717 86.434125 206.285984 -0.012560 0.000500
148080.320166 291.216715 546.301955 0.018534 0.015039
1426235.401736 72.516905 542.647053 0.011805 0.006901
826207.458426 756.250779 428.143373 0.003244 -0.019249
17939.873048 633.101786 129.731672 0.008261 0.002244
229060.592236 178.587108 260.727221 -0.012980 0.003889
729567.630556 129.791335 425.651397 0.008448 -0.006087
424191.899795 625.355463 428.291297 -0.015122 0.009733
1179453.697605 667.587504 501.730922 -0.000346 0.005134
1017047.714916 724.812933 344.254100 -0.011065 -0.000462
1184883.571782 186.691610 168.547111 0.012303 0.017676
1669257.284919 737.961156 97.795859 -0.009219 -0.017002
1530870.404807 506.860593 153.089905 -0.001082 -0.006381
1211583.405366 549.598761 75.489920 -0.007255 0.012397
1741377.547263 727.239225 385.808760 0.008299 -0.003758
544004.606336 172.683369 185.170274 0.013870 -0.002454
1594854.852927 349.771242 402.279900 -0.016924 -0.010148
1223177.906695 729.767260 101.211424 0.010927 -0.013183
527324.168257 433.119850 487.486062 0.000763 -0.019357
312490.830343 99.643770 422.357068 -0.009797 -0.002908
1025907.483430 120.736983 212.185208 -0.013730 0.014354
1509229.653286 341.766223 43.509531 -0.018179 -0.009478
1023852.793045 688.072450 428.236039 -0.012674 0.017494
1918069.081343 635.122021 509.726719 -0.014812 0.002798
59433.087734 314.607275 68.039723 0.013713 0.016465
257531.464220 800.642679 21.695900 0.013268 -0.008796
961609.428265 277.327310 259.692648 0.013378 0.000056
582120.371322 470.060915 558.537627 -0.005431 0.005990
408974.288222 701.808975 306.461023 0.016845 -0.017667
899929.745542 700.280552 511.595095 -0.008030 -0.019847
849952.291162 263.271673 237.585203 0.001512 -0.013092
617567.269419 532.351647 103.649553 -0.006174 -0.000015
907629.657959 661.914286 507.044404 0.015499 0.006311
693382.430213 141.721019 148.671596 -0.008905 0.001676
1797970.130014 385.099760 250.758206 -0.003518 -0.004090
955435.349120 688.588317 163.879160 -0.006710 -0.013568
557659.864685 605.901611 293.254795 0.007014 -0.008252
1324351.926951 788.362981 575.558063 0.013340 -0.006825
917046.023028 230.613143 93.425186 -0.007869 -0.012898
1632997.046985 518.975250 212.665804 -0.017500 0.017131
1790149.784549 770.147640 244.838259 -0.007402 -0.004944
1613713.184192 632.029286 140.542186 -0.016802 -0.015062
791753.703166 288.676842 527.088509 0.015413 -0.018594
347958.385175 437.271616 12.026564 -0.014656 -0.004607
701432.257286 473.866867 403.453914 0.000326 0.015834
1693039.169392 258.591716 326.888393 -0.012034 -0.004482
944105.254926 76.466309 210.572023 0.015365 -0.003687
1451122.988691 550.792132 119.946841 0.018417 0.010776
644142.737912 284.936698 76.524735 -0.011888 -0.010297
328294.663843 300.226632 473.820105 -0.012097 0.000428
344141.964030 428.890491 60.396654 0.013706 -0.018295
1995072.262359 551.871988 220.785418 0.001689 0.015582
1509670.835691 11.049419 591.151291 -0.015722 0.015782
783939.521193 665.491111 350.162099 0.003515 0.011738
702233.533702 730.428310 88.991750 -0.000808 -0.015183
783487.379916 514.293786 295.333539 -0.012692 0.013068
1976.599918 282.017633 217.506313 -0.015850 -0.012075
812477.567611 81.057729 532.141322 0.010930 0.005811
1551513.418346 422.737141 395.141424 0.010375 0.005367
1106838.468046 120.660015 279.786319 -0.014511 0.009727
516376.429478 389.570707 394.386073 -0.004126 0.018648
1541877.001311 639.127208 367.122665 -0.009510 0.019228
877046.727052 211.059591 200.367244 0.012098 -0.005350
1062152.807164 166.439837 281.061013 -0.003289 0.019324
220503.739184 155.136428 306.276809 0.010779 0.018105
285758.867062 257.654468 62.734424 0.004286 -0.002068
1694852.848395 693.284905 566.604782 0.000259 -0.009255
1823523.613542 219.377785 44.362645 0.000926 0.001477
109429.840049 768.268521 480.127146 -0.004463 0.010485
331166.874772 736.391347 582.202749 0.005308 -0.006555
1904142.131984 594.095588 318.591905 -0.001588 0.000435
967910.745632 483.331478 499.189603 0.003516 -0.011505
581591.096978 348.358476 48.218957 -0.010667 0.017484
706572.319710 117.965174 128.422880 -0.003020 0.006873
1499518.371885 385.551815 378.912278 0.001971 0.014867
785875.055374 571.502169 474.352765 -0.005469 -0.006111
257524.722376 253.009451 54.470648 0.006474 0.011216
1201976.699383 114.807751 228.986222 -0.002615 0.009276
1186503.038363 580.087353 101.944830 0.006818 0.018387
215485.423904 20.045756 64.830869 -0.007114 -0.001909
1555844.913030 56.612667 560.881309 -0.003702 0.004790
1610655.802121 641.132035 200.244383 0.003834 -0.013392
1363983.919548 580.663466 288.291246 0.010879 -0.004605
515601.680854 298.561231 317.725447 0.005558 0.012248
521772.659627 185.421186 319.656842 -0.002812 0.016117
984056.433190 429.820808 558.456656 0.003452 0.013556
764465.851134 302.169834 558.116459 -0.007320 0.011436
1098768.237559 98.301316 352.975601 0.014560 0.008854
1505133.839094 452.439500 265.819213 -0.010757 -0.006519
1656881.889169 392.705072 425.847158 -0.005628 -0.014823
1035409.796534 493.432537 216.243947 -0.018003 -0.018102
532033.862794 432.364628 349.851599 -0.012178 -0.014335
885049.308131 462.063015 312.512140 -0.005103 0.015765
611963.250959 737.704460 10.498968 0.015697 0.012228
1469794.933437 516.294442 223.696946 -0.012371 0.015649
1419313.830053 5.362941 222.204552 -0.003137 -0.005434
1001399.715897 751.342963 590.004143 0.014478 0.019436
57920.523946 103.087363 316.855168 0.004568 -0.007021
1340168.589419 43.982186 541.136084 -0.012375 -0.002907
1593328.125585 397.124480 209.006639 0.012548 -0.004451
308175.125303 438.506106 21.646158 0.000917 0.009140
1829796.170737 187.846621 440.355313 -0.008568 0.006237
194622.977727 628.287582 356.824231 -0.016822 0.005971
1163384.351490 85.686420 466.955797 -0.015224 0.009256
203536.384834 623.387668 467.093314 -0.019844 0.018798
408990.508136 640.558705 279.671388 0.002459 0.004641
1709918.606891 566.587862 96.571085 0.015789 -0.010603
1776676.395804 644.393623 280.176467 0.004770 -0.016391
248411.979642 575.680851 526.930665 0.008749 0.011925
1052401.075630 239.719729 543.544989 -0.007832 -0.003531
1254879.329007 324.215441 114.372243 -0.003723 -0.003559
322021.593490 487.281123 125.277557 -0.000894 -0.014989
1647379.426121 386.314199 521.386657 0.019419 -0.005111
204691.412954 699.206522 106.323921 0.002787 -0.000169
536197.156895 555.180047 128.634598 -0.014202 -0.003476
25648.950611 538.052404 428.952124 0.016657 0.018932
247729.502734 436.809020 229.341880 -0.007399 0.018031
1580350.309415 379.660442 335.097336 -0.020010 -0.015902
1443766.372951 659.232033 351.156544 0.003684 0.012392
1912564.341869 554.185523 409.437572 -0.014675 -0.009431
357511.299829 321.070130 575.538379 -0.004445 0.001834
744693.135258 324.199535 130.767135 -0.016544 -0.007024
387589.365424 167.825368 523.084517 0.002987 0.000949
1645202.005117 291.573308 -0.163365 -0.004716 -0.005354
205411.871060 83.772702 113.598076 0.007513 0.007847
1996032.971887 514.959706 234.008904 0.007574 0.010295
1306804.762830 688.160894 106.535142 0.004502 -0.009855
1450619.077985 788.722104 394.932475 0.017711 -0.017182
1969754.747101 110.760036 168.516424 0.013595 0.008609
1609086.544071 543.956678 45.317507 0.012194 -0.017510
883645.576836 726.194374 99.688784 0.005778 0.003617
1722771.757153 502.347219 142.210614 -0.009969 -0.007547
28763.775727 722.568898 101.810899 -0.011932 0.000481
845989.907554 733.626835 301.452894 -0.016753 0.014408
1143645.596292 54.664954 600.508017 0.014092 0.016920
1423342.375748 525.783798 361.901101 0.011477 -0.001576
1329764.171191 184.990176 221.888612 0.013250 0.014449
1926056.274178 553.113933 294.554550 -0.012009 0.017726
1598411.507718 172.939506 507.782714 0.018775 -0.003701
726058.746095 314.176858 195.442786 0.014549 -0.001021
375371.614646 348.277796 324.738019 -0.012680 -0.008663
932014.105344 718.238022 567.131198 -0.017148 0.007086
811741.037672 587.878502 550.859414 0.010982 0.002644
1557690.799962 589.589903 155.067947 -0.009263 0.017506
399385.155365 53.159035 91.048629 -0.018132 -0.018559
1122038.441301 328.208896 256.499094 0.015487 -0.009121
1805346.826001 59.665504 425.612863 -0.005794 0.012164
1995636.369100 729.337568 97.252643 0.017696 0.019482
1695958.700821 279.171811 427.721660 0.010649 -0.015091
558004.577904 435.840242 516.838696 0.001462 0.012502
1597187.265566 589.457844 528.905467 0.018087 0.011276
1833981.536251 409.986312 114.615282 -0.006179 -0.003987
929917.220459 197.681580 284.902114 -0.013217 0.007534
1471826.909795 138.764756 361.109238 0.015872 -0.015403
1165988.196230 595.142217 277.980597 -0.008196 0.000422
1172216.120722 460.761185 32.250520 -0.002210 -0.015470
1736107.381869 196.553680 508.120184 0.009950 -0.012181
1259741.624473 533.136875 424.923796 0.012848 -0.019578
218963.730251 229.104473 155.180163 0.003364 -0.001618
1902503.935575 255.799407 379.461792 0.002183 -0.011333
1496596.111682 109.310842 576.160265 -0.011564 -0.002666
941537.357374 638.189809 5.806488 0.001074 -0.010183
245239.558744 315.969225 292.864350 0.018816 -0.014288
1372376.816986 480.068470 484.720083 -0.004177 -0.003134
1637971.852737 403.543161 423.847595 -0.017035 -0.016324
337179.376901 23.786155 245.427934 0.012148 0.003352
1249672.392965 440.355643 432.914307 0.003373 0.010440
310196.676436 44.221290 335.846073 -0.013358 0.003300
1607296.809371 230.175733 584.937936 -0.008227 -0.009716
236307.595035 784.102588 515.173439 0.017033 -0.004958
561161.337682 597.150572 528.940836 0.019433 0.012912
1939371.158341 125.288567 512.092955 -0.004855 0.018365
870700.636353 1.974014 305.622791 -0.013717 0.003551
541779.813609 249.544141 386.776646 0.013269 -0.000880
453110.709066 506.636304 459.794633 -0.011931 0.017063
47266.968548 257.050008 543.121427 0.015293 -0.010203
562186.379247 129.935545 594.476218 -0.013527 -0.013986
1629854.769274 105.367363 185.093288 0.006688 0.000383
534606.907766 82.363284 307.371853 0.011064 -0.009663
203362.833803 38.298809 342.401021 0.009817 0.015232
92345.910190 778.951607 306.369090 0.012417 -0.012993
877177.283576 667.502503 297.754928 -0.006204 0.008678
1484435.888699 501.016655 528.945587 0.009362 0.011481
64404.659935 438.945326 550.624980 -0.006311 -0.011460
856791.879449 487.224846 190.747323 0.017636 -0.004615
1153201.109335 33.827446 259.541093 -0.014245 0.011669
618554.387530 154.396110 456.515736 0.012848 -0.019887
1875266.974734 207.493096 503.057356 -0.002709 0.004180
1111007.126566 140.203767 138.700741 -0.002543 0.016428
34336.430968 375.532360 275.463942 0.017030 0.004000
1349224.196444 292.307842 249.810629 0.019692 -0.007784
1602661.077679 455.082001 209.694379 -0.010643 0.008547
276647.354605 434.576020 544.389588 0.016502 -0.005570
1822198.850020 671.217807 373.182975 0.009938 -0.009119
453696.245539 243.673456 268.680040 -0.001690 0.009708
713133.517985 379.698806 125.347486 0.012602 -0.003600
36437.158490 391.698603 464.279811 -0.002936 -0.000547
159010.190591 189.083935 31.252882 -0.002843 -0.001196
1535456.720523 453.640947 6.974597 0.007005 -0.001240
749811.288319 470.232871 183.183396 0.019844 -0.006524
1154889.427663 178.649326 384.635272 -0.018993 0.007208
762647.938338 305.000509 92.421406 0.003626 -0.012135
1129345.827331 486.682133 410.715731 -0.006549 -0.018332
337378.635228 333.882140 168.953290 -0.011172 0.013867
1499918.929068 791.386042 248.094952 0.010331 0.006654
1760744.261444 108.666056 149.699433 -0.012557 -0.014685
1172923.453698 610.390811 215.758686 -0.010961 0.011549
79642.974809 486.018536 100.905229 -0.012199 -0.012030
730713.756164 606.739168 483.742715 -0.017944 -0.016077
1702955.846536 175.326361 309.521776 -0.014685 -0.002389
724785.897287 706.060666 257.994042 0.011058 0.005771
187236.443249 524.277434 468.773691 -0.006230 0.013667
1828784.213322 744.160852 362.698015 -0.009447 -0.013146
787390.226865 250.425266 459.589011 0.002473 0.000225
1929498.061505 743.078519 161.265847 0.010604 0.019224
730520.102536 499.746138 120.268029 0.015145 0.010704
1281053.293162 194.138918 381.639659 -0.017204 -0.019254
562426.321470 130.088441 404.887623 -0.017496 0.000258
1033437.869061 779.901888 262.751259 -0.015122 -0.010097
1192859.900739 412.528950 336.224136 -0.005497 -0.016830
138898.690296 261.395780 3.445950 -0.006506 -0.015984
1973181.982512 560.941306 434.071730 -0.012568 0.003317
957790.512106 660.635512 496.951432 -0.015319 0.015869
1692076.045876 318.221864 36.187989 0.000830 -0.001623
1136829.509929 29.088307 260.291902 -0.019491 -0.013630
1367539.427880 482.367994 406.406700 -0.010177 0.018681
1509350.044424 252.465480 176.158124 0.010387 0.006125
785056.476847 597.896358 212.979987 -0.015366 0.017398
1873643.585422 476.197165 457.138764 0.010544 0.008429
1315983.134935 488.290374 64.596083 0.008816 -0.014706
1135951.929323 228.519311 100.524190 -0.019847 -0.008262
656102.584980 548.370980 539.380275 -0.019843 0.017278
1727078.126616 606.187145 148.310098 -0.013760 0.000843
1797488.349396 438.859181 161.464617 -0.009879 0.006607
406141.346510 152.202912 156.573369 0.018578 0.018125
1941231.998588 497.009706 337.344744 -0.016813 -0.006388
1386830.762674 518.652873 376.830816 0.014458 0.005996
1843128.023596 152.356556 201.607300 0.012790 -0.012234
538331.757550 546.172539 571.933195 0.000658 0.013528
944807.663069 332.479460 233.415784 0.009325 0.006541
106756.882792 754.875524 514.669836 -0.007565 0.016350
1618777.323337 226.543835 318.112031 -0.005082 -0.005209
1742666.514471 52.446052 7.064562 -0.000034 0.017118
1321460.731012 337.334433 69.608911 0.019885 -0.010387
620834.287545 213.058078 553.913707 -0.009466 0.011289
1523195.320518 587.281901 118.877474 -0.014020 -0.000937
1731081.362688 163.205981 252.019003 0.008921 0.000663
656632.629529 425.810131 480.678446 0.014354 0.016120
325566.043298 583.580618 580.934091 -0.013081 -0.010862
1792559.657149 666.183329 390.419620 -0.019494 0.013213
1778465.217808 259.441350 59.290153 0.012359 0.003551
1763427.173609 457.644500 193.088070 -0.018003 0.010456
1593951.392730 755.820451 556.321954 -0.011304 0.006592
886016.743670 435.715494 119.130871 -0.010421 -0.003810
204796.643092 323.666576 80.830325 -0.017152 0.002948
727276.621725 773.274016 248.551351 -0.019665 0.019079
488690.041233 721.698171 183.091207 -0.006264 0.008564
1781116.410057 179.118135 171.893245 -0.011459 -0.007823
20635.784613 7.711212 149.452478 0.017506 -0.010968
1834876.302553 303.252318 462.722176 -0.015328 0.004956
350019.654422 174.588295 16.665508 -0.007611 -0.008377
1214501.650638 537.566082 155.143880 -0.019200 0.007504
477760.385944 211.526843 353.541958 0.001773 0.004274
605806.972182 347.293880 499.346169 0.003594 0.005788
272576.070518 480.052213 392.524328 -0.004570 0.001527
1759240.741729 243.249416 550.234473 0.005981 -0.003296
1080301.612187 660.482776 382.509181 0.002798 -0.014588
1857771.559552 140.078236 484.232210 -0.012468 -0.012188
988850.145130 339.781758 276.976089 -0.016672 0.018750
134591.829094 309.749366 242.707440 0.015999 0.019020
96963.198901 28.685362 345.798591 0.008351 -0.003141
227820.812831 464.841979 434.673181 -0.018766 -0.010716
290631.014058 457.658137 34.129529 0.011523 -0.014531
385931.693197 569.347261 190.276674 -0.020040 0.015997
1023297.854244 397.253810 195.446884 0.018823 0.003285
589125.026292 31.630740 579.824029 0.007959 0.017437
1882412.602139 596.850534 583.992861 0.000682 -0.002105
790218.714061 504.625809 18.781707 -0.015187 0.006560
526777.357108 212.250204 139.715942 -0.007105 -0.017983
748590.766801 411.890563 457.616767 0.007589 0.000588
1324791.236466 162.370386 5.868225 0.019527 -0.013028
1179151.767483 226.060755 128.492056 0.002199 0.019235
301466.356172 395.870199 434.659098 -0.014973 -0.019521
349183.755158 414.895667 387.413676 -0.011760 0.005629
616335.581344 375.087658 543.862276 0.001727 0.011533
1910511.639859 733.841137 182.965498 0.008693 0.004283
1640005.631205 304.879974 484.956664 0.013296 -0.005356
1964468.728734 335.738668 391.292521 -0.012186 0.018995
1261209.360911 276.178674 282.360069 -0.005750 -0.001160
968463.258337 424.242847 593.931929 -0.014827 0.009416
1257770.379660 350.172483 124.125483 0.001239 0.019282
1991034.577596 391.328597 537.567026 -0.008007 -0.011743
1007596.648767 95.757118 353.575447 -0.006591 0.017878
1912045.142572 235.984468 222.798321 0.004268 -0.000411
692628.538559 190.293060 501.247298 0.008679 0.003806
609848.141023 240.595045 74.900786 -0.008217 -0.002767
1723251.459991 737.508237 520.925161 -0.017357 -0.001711
1696924.347289 50.448786 567.912588 0.009835 -0.005592
309029.791648 199.788213 289.734511 0.009617 0.002305
867302.640745 559.295143 513.438769 0.012172 -0.007826
691843.061099 120.443093 326.268842 -0.012876 0.018612
272265.500516 388.318962 162.290941 -0.009545 0.011207
1400582.436193 98.393450 421.178391 0.003047 -0.012260
320566.674844 332.919479 150.685904 -0.015710 -0.013506
1229627.376064 208.635473 246.001519 -0.016035 -0.019858
1946485.269790 425.066035 421.440673 0.008128 0.005557
15066.369444 140.517470 292.226719 0.002013 -0.005764
911695.870064 549.190052 506.398004 0.009048 0.017873
1245159.992597 340.254902 42.939590 -0.006091 0.020380
519428.529087 388.678269 247.058888 0.000330 0.003890
1147820.552414 102.348235 512.370299 0.019417 -0.011055
1717933.562453 767.125193 453.817741 0.002500 0.011437
183230.377819 455.358935 577.592286 0.003167 -0.015309
640928.558372 27.325590 483.354491 -0.013447 0.010263
1503776.668340 629.101174 110.920389 0.012838 -0.015524
360957.489517 65.419572 358.357509 0.003710 0.003713
380073.533570 131.795644 431.477669 -0.018230 -0.014044
1889061.825298 723.463402 66.004384 0.008015 -0.001334
1796955.322752 633.967158 20.345281 0.014481 -0.005168
306282.549308 147.150354 243.107420 0.018369 -0.006195
332156.324914 567.542241 78.930089 -0.005932 0.001328
485168.456326 426.784023 367.181284 0.012983 -0.014833
413343.113108 24.493589 173.453122 0.017106 -0.017006
883643.182406 697.268971 587.120356 0.002073 0.002799
887249.075289 360.289748 217.445068 -0.000906 -0.007433
1467432.667253 504.175655 297.537388 -0.014405 0.003561
1682910.725327 245.294805 179.570848 0.018982 0.006319
1660796.624450 172.279551 113.348653 -0.002230 -0.017764
629926.086697 520.398249 50.918652 0.004185 0.003116
318150.466456 37.114655 269.371105 -0.013721 0.003902
40123.955365 464.576396 28.910065 -0.004747 -0.017492
724761.667999 94.124065 413.555138 0.014318 -0.009806
558074.092752 559.706245 337.325925 0.003107 0.006873
438651.350531 326.377656 533.393098 -0.004325 0.014692
1885724.248311 578.795201 300.886168 -0.018901 -0.006831
158400.153815 149.296014 226.045129 0.001148 -0.006974
1952982.963972 437.399465 543.798362 -0.018965 0.017285
1927788.328346 311.077573 28.164827 0.006207 -0.010081
607879.136041 747.090967 567.565916 0.014624 0.000470
1236504.919471 67.947990 551.389383 0.000258 -0.000278
1541570.438790 358.715540 131.492756 -0.009126 -0.000973
1098586.873663 282.435199 398.519154 0.017053 0.015183
1973812.054831 723.231668 257.483368 0.015639 0.017474
717421.361579 684.409913 190.613212 -0.003730 0.000396
1128238.588166 568.345148 265.742978 0.000397 0.003057
1906900.824936 103.344323 396.813510 0.014913 0.005399
311031.282093 514.349023 50.790843 -0.004961 0.016683
1119457.958787 738.706006 161.514882 -0.010711 0.013996
295815.608602 167.832595 451.467610 0.003002 -0.015983
1365835.790227 746.521219 574.004485 -0.019995 -0.006450
933742.419320 452.549238 29.919520 0.016422 -0.016952
1254474.420685 689.974243 122.254981 -0.008479 0.009407
1674721.783807 355.753663 227.819297 0.016822 0.012742
589441.845468 384.440679 445.870355 0.002571 0.008107
1186208.380939 568.255516 547.211104 -0.006139 -0.008544
28320.921598 24.717815 131.511639 0.018880 -0.018778
1123059.363627 350.792571 356.721423 0.004347 -0.006043
1339490.994503 192.724033 126.495619 0.014921 0.001166
1892333.765464 567.739635 583.357808 -0.007247 0.005389
1580513.963280 495.708569 66.088541 0.001227 -0.012659
1628540.167412 101.098357 535.765661 0.009075 -0.001119
358744.990248 592.716104 301.861627 -0.004044 0.008490
1065496.480589 768.560924 90.570522 -0.014937 0.002934
996930.964755 638.420194 488.952635 0.008374 0.006815
685065.261407 523.927005 229.149209 -0.007691 0.019133
22284.613001 82.977322 360.111661 -0.014790 0.005083
1564209.169505 749.604514 458.217815 0.006966 0.006548
471659.941818 684.068400 242.345218 0.009524 -0.009785
234378.384535 216.348661 129.516623 -0.009224 -0.004012
1581110.075852 613.296734 117.726086 0.004189 -0.000947
1733102.233956 757.476657 78.099029 -0.010152 -0.009494
222272.466972 206.858552 219.640108 0.008456 -0.004765
7593.072023 394.921104 189.535900 0.010727 -0.013135
1961038.188991 2.014274 14.056915 -0.004564 0.009664
554464.627316 401.913359 7.747469 -0.000263 0.010870
821613.773155 227.377167 322.759913 0.003883 0.015638
24485.756655 378.226084 502.242147 -0.014261 0.008806
196372.594776 203.380392 588.075530 -0.001422 0.018534
718005.964867 375.088315 274.430118 0.007057 -0.010211
1252709.545778 525.472271 142.029893 0.005944 -0.018312
1958473.456073 741.939624 326.307952 0.019619 -0.003224
628831.249023 322.345181 421.226664 0.014054 -0.019646
1185057.482303 690.529587 288.738476 -0.002875 -0.019709
406775.272641 421.038789 157.437888 -0.012922 0.019354
452064.211691 433.170886 275.539536 0.007345 -0.011360
1391094.198167 249.317221 524.963604 0.017207 0.018297
1830316.959801 730.303772 532.286797 -0.001630 0.016124
610994.441719 617.993159 184.042059 -0.019667 0.004983
631021.334152 481.898403 291.961827 0.011826 -0.018550
989235.750860 1.871859 333.957704 0.010263 -0.012654
1098658.789461 784.226409 435.173380 -0.019668 0.006629
1883467.686308 564.634650 586.055826 0.012836 0.005354
1871849.530317 584.904656 330.444626 0.012870 -0.012447
911993.535660 102.321423 577.272947 0.010591 -0.014604
1176139.691461 61.453608 443.554287 -0.016927 0.015016
1537174.407177 456.300229 526.401070 -0.006936 -0.006927
123261.179832 700.987771 185.356473 0.011701 0.014836
1946848.674653 583.365401 354.103712 0.017979 0.001707
457599.283409 709.077523 164.600254 0.011210 0.008296
926562.791190 189.181767 501.796770 0.000143 0.019987
1942178.605097 12.124684 45.236004 0.008406 -0.016361
1905775.863633 382.818493 397.561289 0.013282 0.012158
1975712.466974 713.530929 408.021809 -0.008345 0.007174
1128937.655654 214.518467 243.606620 -0.013910 -0.011208
1900458.380534 306.107007 61.989144 -0.011066 -0.013421
1623668.112617 550.023365 239.483432 0.005845 -0.015473
798515.523224 494.051165 76.705646 -0.000980 -0.006942
438456.544857 343.821272 482.216254 0.015103 -0.009798
1216805.763178 694.553725 90.584076 -0.008498 -0.013390
1661706.700764 681.356401 258.998930 -0.010496 -0.019707
1303971.794110 150.896462 233.911198 0.010280 -0.003514
1107963.914568 455.454555 58.888858 0.018168 -0.011401
425643.800956 282.566446 500.078874 -0.007681 0.013896
318262.858465 449.260133 154.962172 0.018573 -0.002261
1036196.117772 457.939898 186.707468 0.006837 0.014643
948553.069005 401.597088 427.779462 0.016406 0.009325
1438074.149861 446.857933 555.703131 -0.015617 -0.007623
677338.477540 530.403099 530.700122 -0.002503 0.004692
197747.041563 521.281486 583.641047 0.017216 0.019648
1601492.672973 71.450146 330.478884 -0.017644 -0.017805
1987075.958395 461.461171 375.113017 -0.007820 -0.010047
971748.938305 621.673534 449.434829 -0.012076 0.007402
974474.447302 733.525455 146.007284 -0.003455 -0.018908
1121549.802423 602.039320 413.066213 -0.002209 -0.012399
613932.794246 434.586828 504.538879 -0.008852 -0.001014
1665525.531241 62.870219 338.536370 -0.004461 -0.014548
1238773.710671 302.336453 429.571890 -0.010180 0.007296
1925637.924078 585.418982 276.775221 0.008456 0.017211
290519.337305 158.601406 508.091165 -0.004362 0.004491
1745488.432117 760.844727 218.924795 0.002438 -0.004212
1111265.337612 695.119101 563.067701 -0.004288 -0.013827
829182.160473 184.430054 135.900389 0.019240 0.004582
728391.627189 478.684866 596.409744 -0.016890 0.013633
1349985.243450 33.199806 346.107273 -0.014489 0.010169
1010733.056353 223.839483 571.634711 -0.005911 0.006790
1129411.861826 180.486309 373.273507 0.017224 0.011492
33999.050983 389.384314 394.290459 0.023664 0.016488
1606354.705806 296.020992 66.634715 -0.018769 -0.005950
1451822.744427 315.227610 570.266983 0.008765 -0.000995
1590584.168020 314.802057 309.322509 -0.005147 0.001138
538209.161040 700.807725 484.795817 -0.011163 -0.010865
958317.440449 628.015226 272.262597 -0.015993 0.008652
479655.517489 94.650692 120.049650 0.015864 -0.017010
167238.956395 558.541079 267.496273 -0.012160 0.009131
1592486.357127 737.332172 73.307721 0.009844 0.005643
1189583.299304 432.898009 21.024175 -0.015523 0.016590
1124831.962923 303.222640 474.234061 -0.005198 0.004003
37146.621401 680.300205 232.838477 -0.001137 0.018059
205026.889315 568.798766 41.100487 -0.007904 0.004319
284161.461650 310.240292 183.835475 0.003495 0.003358
68690.410847 306.066115 301.573510 -0.013744 -0.014785
287411.349028 600.065827 404.049524 -0.012907 0.014468
1171263.018237 591.619755 143.513399 -0.004983 -0.015501
1682127.158941 314.890203 577.637960 -0.010869 0.014495
1824708.168313 265.078409 346.695179 0.019210 0.005356
369206.509725 98.052797 13.453335 -0.000372 0.008417
1208981.916871 419.299704 56.255903 -0.015648 0.007270
446720.970071 202.374972 259.066879 0.015799 -0.002838
586212.983628 385.058199 102.240510 0.001335 0.014309
560717.814863 299.188840 150.926014 -0.010356 0.004155
234257.601311 123.791708 558.773937 0.007813 -0.014628
1133248.557864 703.470957 154.167340 0.003533 -0.005174
1934248.125150 153.436985 536.569570 -0.017563 -0.007937
1152133.833222 225.974369 331.281457 -0.019690 -0.013021
1965200.129880 240.272385 396.953938 -0.013825 0.013361
1034901.121182 346.289244 125.938448 0.010908 0.006865
1623246.405098 709.104078 497.188586 0.009741 0.003206
1926329.093951 248.032137 276.434496 -0.011182 0.015960
1658576.383096 150.556745 54.679353 0.008984 -0.010063
786221.519479 241.085097 318.594188 0.017776 -0.007701
1421758.733421 742.871354 364.891132 -0.004753 -0.017469
888519.625593 711.363667 308.067138 0.005894 0.006131
374128.679919 371.239879 325.413495 -0.019385 -0.011588
247207.860577 783.053819 311.435995 0.003277 -0.012052
838233.393076 329.892891 231.381776 0.000750 -0.014305
1269501.125100 722.821565 262.934323 0.010860 0.018576
1490342.234955 701.509995 467.123236 -0.005844 -0.010059
1720173.599068 638.922692 82.392102 -0.005150 -0.001850
1589947.016719 447.762089 550.819348 -0.006497 0.003120
254199.274003 369.781322 331.617904 0.005916 -0.018218
1506623.924480 52.301190 274.492865 -0.014409 0.003086
1187558.641279 618.980217 289.743055 -0.018796 0.017646
663885.182079 619.863053 490.362140 -0.015549 -0.014783
134186.233456 776.530201 557.359980 -0.011872 -0.006224
763995.101100 799.241608 542.388207 -0.008056 -0.006508
960104.740672 340.604988 478.981043 -0.018584 -0.016979
1689167.128731 629.641376 84.985051 -0.007879 0.017129
1435140.350571 715.898854 422.326830 -0.012035 0.017046
1287450.956780 425.481286 421.074032 0.006076 -0.012614
1664884.491668 423.936516 368.651615 0.010649 0.009310
1916152.068375 115.798225 439.920155 0.014348 -0.002300
142374.806172 274.824228 522.084941 0.014830 -0.004938
1889104.925044 571.549311 97.694368 -0.016723 -0.019289
184043.514628 642.477046 546.756576 0.011780 -0.019918
1678137.485719 350.678473 320.234526 0.001592 0.016085
349432.717240 299.342018 257.124736 0.011500 -0.014629
327130.583267 597.935091 167.751168 0.015864 0.004361
1445781.852792 774.689372 571.658855 0.003712 0.013530
657045.848974 430.372381 332.902955 -0.000288 0.004924
1143416.638087 467.910291 254.874634 -0.000622 -0.004813
853229.746620 259.805209 491.325068 0.018361 0.014544
1436276.935710 106.328464 143.718800 -0.014014 0.017003
747046.145027 249.434305 400.591354 0.006112 -0.011886
555282.349025 299.994091 106.813537 -0.010820 0.018771
31011.744417 446.404635 303.366313 0.002808 -0.017980
259713.421697 113.431412 381.643906 0.002213 0.005067
30230.289339 785.964612 570.782103 0.013288 0.017715
1629124.594680 439.896836 45.058674 -0.017903 0.007950
1993199.337271 341.319768 5.327415 0.006601 -0.016782
437214.899080 754.069912 272.157580 -0.004249 -0.013121
847463.854052 329.331229 438.925816 0.017214 0.019223
1561464.248021 48.358089 73.558248 -0.003320 0.004595
1496915.452879 345.596498 357.945674 0.008042 -0.009434
1076064.875850 410.536511 489.295095 0.004505 0.002590
1028186.607653 487.316578 594.686678 0.000922 -0.009095
141764.248787 594.397367 129.579602 0.000989 -0.014453
778578.041484 758.676061 329.939959 -0.015287 0.015190
1058486.954802 720.297783 564.077325 0.005809 -0.007102
1112790.978101 319.270519 447.975896 -0.013857 -0.016078
24501.685065 554.045513 366.317019 0.013085 -0.007843
353571.678676 272.658625 548.712796 -0.013270 0.014602
375264.103699 191.450442 365.847534 -0.003806 0.010618
1493884.026769 634.846541 429.408625 -0.008214 0.016519
1188817.119779 659.955557 487.964463 0.001401 -0.000907
259519.063057 73.943499 525.260165 0.015153 -0.010162
1949033.547169 712.114019 562.627964 0.003484 0.008712
482529.103981 609.301547 36.290146 -0.013827 0.017269
1850091.109914 273.857773 102.878447 0.001407 0.009860
1871495.037280 224.998213 324.777303 0.006243 0.002841
908785.677938 195.153981 241.354328 -0.009270 0.011229
1755362.652128 318.492561 522.246385 0.010157 -0.009001
232765.271437 581.889997 98.716328 -0.018153 -0.007183
1765166.354256 236.581923 45.858569 0.017678 -0.001989
15434.920795 692.752997 474.708730 -0.012886 -0.004011
1077013.659792 90.492587 409.432589 -0.016797 0.010611
516053.778360 427.474701 5.825013 0.006392 0.012135
1576709.125925 429.959313 119.115885 0.006442 -0.008338
948767.654108 620.969396 12.308386 0.005599 0.013213
667159.362075 417.493674 74.285481 -0.003589 -0.001434
1146380.339352 334.052011 198.474227 -0.005342 0.003864
1462269.868451 722.388407 427.177833 -0.003607 0.019238
949273.004639 536.524130 309.702934 -0.000655 -0.006845
636841.273232 217.412297 521.116521 0.000689 0.017238
316267.470045 792.978152 424.508568 -0.012944 0.005320
1072709.865436 409.240982 92.970473 0.006416 0.016886
1234697.917120 187.643878 203.726194 0.017931 0.003947
1871003.135047 543.453150 300.027742 0.005846 -0.016345
968257.898916 95.475677 457.599668 -0.019774 0.004265
184803.100389 256.304233 526.034981 0.018275 0.013469
1613704.762242 94.164556 496.941942 0.000562 -0.008172
920804.219749 40.465633 484.255625 0.004892 0.008276
1455508.939668 184.234789 565.806424 -0.017308 -0.012833
1084419.887087 1.103134 515.166550 -0.018212 0.005931
1899527.167855 422.572273 461.417503 0.008446 0.001109
745706.753221 643.104184 509.205886 -0.010147 0.010539
1369434.811813 44.302414 529.155560 0.000580 0.002795
353913.564400 780.147064 371.918416 0.019270 0.003542
660308.989072 568.466045 492.147711 -0.009059 0.011117
1997036.600484 653.818766 469.052689 0.014265 0.014410
857968.969670 644.546204 232.648611 -0.012095 0.000744
1832483.595159 457.162873 194.388565 0.011866 0.011297
174050.590104 359.935675 525.661827 0.018772 0.018476
887791.815627 115.702528 561.129932 -0.017427 -0.014862
1048845.100705 314.601074 504.437368 -0.006252 0.006683
1236598.032171 273.636697 289.959913 -0.004024 -0.012102
688449.854352 662.749037 2.295601 0.009245 -0.018933
1047717.716101 519.196350 357.775941 0.013923 -0.003476
831685.772553 746.696047 517.383805 -0.008470 0.016127
1646809.537731 587.983300 29.551447 0.010384 0.011946
354697.854423 226.459983 115.121766 -0.019273 0.005156
1718570.137265 508.365556 581.280272 -0.006292 -0.018651
338487.908402 549.570780 517.405895 -0.012995 -0.003256
1776805.868268 558.736419 40.779276 -0.000623 0.001853
960078.654327 720.336444 286.912017 -0.006885 -0.012564
763596.911339 131.426283 556.198490 -0.002741 0.017029
1446903.674606 486.774496 125.358717 0.017976 0.005366
1673049.761761 619.946004 155.747223 0.012205 -0.015278
591079.477496 780.194989 482.603969 -0.013714 -0.013988
450261.526019 36.837632 509.537930 -0.008238 0.001254
788880.985598 619.113244 258.660561 0.014934 -0.015421
1247242.441982 204.441448 167.449542 0.002030 0.007426
405506.701397 217.988159 175.173029 -0.003529 -0.012342
1835863.754077 197.609589 576.215779 -0.012858 -0.017853
159031.381905 380.172079 18.671281 0.015405 0.005330
362722.217274 87.189390 407.200410 -0.018501 -0.003722
420997.232395 340.224883 105.248910 0.005878 -0.007677
580167.091722 213.306954 333.006159 0.002818 0.012586
479025.265425 617.119027 52.433401 0.001285 -0.012671
552036.800679 359.814024 258.472249 -0.010467 0.005053
969986.005207 253.901500 61.479270 0.000842 -0.011955
1471710.388303 557.470913 187.901790 -0.003392 0.009240
1430984.936390 501.019697 91.029882 0.015642 -0.009257
902052.609670 144.343248 321.266640 -0.019776 0.010001
700700.571156 195.507166 313.444186 -0.002450 0.011057
1408199.004553 571.117354 137.318387 -0.014607 0.018118
1713095.736556 496.465167 161.251051 0.018424 -0.014617
944491.339356 557.215670 498.563473 0.011371 -0.015566
1119457.834922 400.545148 441.381980 0.008483 -0.004376
8319.607940 130.650730 343.359835 0.001566 -0.013273
647061.014849 711.986305 247.331125 0.013814 -0.006810
379545.065751 439.154143 25.969114 -0.003346 0.007310
1990576.603445 218.524402 181.335383 -0.009382 -0.010685
876473.971119 589.526479 557.761274 -0.009188 0.000888
80381.552726 664.662724 13.466681 0.011017 0.001701
828036.629980 625.215130 422.995095 0.019525 -0.007171
1747623.103553 248.295578 124.304366 -0.008533 -0.013737
1072386.123739 381.238719 423.806455 0.003241 0.015733
777386.485961 459.707910 101.009971 0.007630 0.013598
801906.589792 103.684097 345.920927 -0.006816 -0.003934
197987.358178 295.806190 137.681559 -0.015163 -0.014147
1545926.498969 428.225871 556.369479 -0.000413 0.001308
492654.834172 281.814058 500.390589 -0.000646 0.004897
1978982.283724 793.018603 69.307064 0.007742 0.002834
17631.095842 65.980099 86.848050 -0.012954 0.010994
1966499.848276 461.771240 543.781094 0.003788 0.014738
611006.784537 527.348596 167.451284 0.001463 0.011203
850069.038966 246.974477 189.987807 -0.005924 0.011500
1676786.882652 479.176297 83.111270 0.006896 -0.017857
1557780.060711 529.919232 26.103073 0.015762 -0.005713
1227310.625476 722.754195 262.574517 -0.014840 -0.021671
428616.731627 591.874871 393.264195 -0.015228 -0.007965
1127178.874392 340.554589 576.871642 0.013654 0.018402
1480731.590409 212.584628 162.264971 -0.017761 0.004810
115335.758829 714.996724 130.679802 -0.012100 0.002661
541498.807511 780.854598 137.444194 -0.007451 0.014835
1167776.423119 741.775352 464.568695 -0.019055 0.007383
1705487.274428 189.989137 255.714639 0.000304 -0.005708
1455042.508177 58.296522 469.819780 0.007533 0.016570
1485351.840726 341.337974 108.563483 -0.019557 -0.000667
1600046.444498 55.386251 226.600817 -0.019270 -0.009265
1889695.885540 230.052882 146.927294 -0.013080 0.004151
230475.999522 606.041950 319.409738 0.015487 0.011171
434670.210087 593.610786 9.860922 0.005754 -0.009933
748135.628527 296.544308 192.889940 -0.013619 -0.017666
474188.291689 718.592239 292.899354 -0.003334 0.016170
1941577.332067 174.195986 588.427681 -0.006005 -0.010707
499196.726130 235.229970 314.381793 -0.000266 -0.001292
254300.674542 487.812923 134.030162 0.006374 -0.000120
6325.354803 699.817980 144.020515 -0.019182 0.000840
980919.682878 316.182110 534.953213 0.012559 0.001947
1900851.625903 40.245168 269.142399 -0.002609 -0.001275
719689.197242 326.145088 412.492175 -0.006338 0.010297
1844748.197982 472.706400 29.991220 -0.002191 -0.016551
1036199.990211 459.346643 416.203366 0.009631 -0.010777
385683.919483 595.592645 65.392381 -0.002701 0.010634
1256102.471266 738.646634 96.193974 0.000387 0.010537
1419511.694191 375.264924 473.046378 -0.013612 0.016234
511292.832210 415.474847 189.845401 0.017686 0.014411
145034.134456 691.013352 270.056275 -0.015049 -0.007553
1071721.370831 513.028696 530.609655 -0.010817 -0.004679
233847.819378 338.059838 77.538487 -0.011042 0.014187
1786277.592083 681.618222 467.346705 -0.017912 -0.005082
1031918.257955 609.552936 506.309850 -0.007876 0.016818
1499349.890975 446.123681 263.475029 -0.017304 0.000088
597617.807145 110.435686 218.949058 0.010024 -0.009530
1353622.215499 228.417565 541.961296 0.002472 0.000628
573296.933702 542.604283 564.189455 -0.003395 0.016133
1590131.532210 246.442345 453.704011 0.003021 -0.005540
258416.177825 73.190497 73.564016 0.018867 -0.004275
87595.200207 577.067205 571.819775 -0.000688 0.011451
906233.425674 625.998088 554.302611 0.012744 0.001238
370032.188655 395.693224 489.108415 -0.016452 -0.017751
664767.085884 299.463881 441.926943 -0.009128 0.011570
1278253.811075 52.970377 58.764421 -0.004108 0.005618
916040.443311 420.121587 438.711052 0.003213 -0.000173
249204.321880 498.995218 130.059501 -0.016950 -0.015722
8661.484350 424.692232 533.354641 0.017165 -0.006051
841302.204338 89.959812 505.965700 -0.010463 -0.011995
1802783.200425 455.981762 346.380866 0.005476 0.013644
731632.451868 220.834474 544.835844 -0.001389 0.006837
1096714.972098 736.632320 118.099754 -0.008789 -0.000138
1386984.768969 324.122724 76.201921 0.016472 -0.000731
469499.863903 731.957993 7.085413 -0.015001 0.013821
718651.906922 435.277287 574.749287 -0.011849 0.011210
316653.122342 84.442817 211.481578 0.010279 0.008763
385530.231700 79.501119 10.978990 -0.015987 0.002582
1379939.433830 519.650430 291.812541 0.015398 0.017187
1974529.288697 463.488204 199.386576 -0.015547 -0.000429
1626419.535664 279.890385 244.555456 0.012989 -0.001060
503204.831157 146.022971 10.614326 -0.011604 -0.004496
1600260.999799 292.875528 294.283867 -0.013936 -0.015951
467442.890847 275.213842 120.978451 -0.009910 -0.002200
1530910.291491 752.942168 56.748328 -0.010015 0.013190
43405.273949 189.870755 245.045238 -0.005774 -0.005878
1801413.789299 133.431039 421.609582 -0.007708 0.019691
348673.859774 447.395308 105.155711 -0.012276 0.010758
1122384.702378 793.150818 80.632117 -0.017932 -0.014255
474000.488629 229.220638 293.470132 -0.002426 0.001567
1867761.544822 162.497516 288.072594 -0.018842 -0.001854
617712.498930 39.704484 415.240792 0.008770 -0.003831
88793.583256 495.235814 343.061482 0.009908 0.016885
1123119.018564 736.318554 291.341562 0.009349 -0.015514
510837.786138 237.505181 62.556124 -0.004322 -0.005980
498234.962345 502.824976 381.222591 0.009535 -0.017336
350510.791107 537.893984 163.001583 0.006263 0.007946
1451432.125387 771.342288 449.449290 -0.003422 0.007375
303273.376219 370.423200 179.776453 0.008883 -0.011663
454803.713809 227.292325 75.759057 0.008612 -0.019195
480071.545802 775.411211 189.745678 -0.006264 -0.005552
1333575.176696 474.739311 592.804954 -0.007761 -0.006721
110627.538576 382.711830 1.692759 -0.007017 -0.014480
1406769.050940 41.554034 59.172770 -0.001857 -0.001177
1561676.394922 481.998666 559.247658 -0.016770 -0.007005
281255.947557 246.599353 364.563228 -0.009244 -0.019068
1257382.930842 407.643859 596.287260 0.017778 0.014115
706537.016996 489.429867 269.097842 -0.006345 0.016660
1558318.719993 318.255027 237.156406 0.011354 0.008937
1057752.200895 389.478722 466.165816 0.005111 0.017481
491364.625511 326.122396 325.136287 -0.012859 -0.000414
1734950.389590 255.118065 479.357516 -0.000919 0.003491
1643357.573842 84.856907 56.654998 0.012566 -0.017960
1898263.090243 133.895143 397.737794 -0.004153 0.000413
1157183.811607 141.272266 544.830534 0.018948 0.018328
1260090.642264 401.423139 266.365825 -0.003785 -0.014831
767107.214205 521.828998 323.456978 0.016967 0.013172
55740.578126 634.995336 88.673410 0.013001 -0.009341
1471867.368311 519.186581 224.852201 0.012737 -0.001708
851158.514084 623.955045 377.475517 -0.016454 -0.012927
279214.015361 532.748540 211.873871 -0.018208 0.005640
622537.959657 541.475970 84.495795 0.010270 -0.016706
543551.074594 112.583635 438.995074 0.012984 -0.017300
1125283.938425 670.550137 515.354980 0.008409 0.006507
255944.995329 357.696039 187.007555 0.000111 -0.008824
1549879.616848 742.565726 34.982103 -0.003811 -0.019284
474171.187949 435.944768 410.526524 0.003554 0.003662
648167.413030 720.753733 160.575789 -0.001358 0.006315
697835.028496 589.617713 478.528549 -0.016731 0.001911
1725670.433475 516.114712 231.047618 0.008576 -0.005205
99429.388577 679.097026 481.458684 -0.005527 -0.005963
163663.104253 109.210305 168.322994 -0.006245 0.000405
594763.153510 303.954950 53.030566 0.019285 0.018831
1355525.087265 245.170873 522.262581 0.017962 0.010967
1053977.892294 234.698485 305.565408 -0.007010 -0.004918
115031.983757 149.662051 13.024346 -0.002338 0.016301
752375.869431 393.581033 455.280286 -0.012740 0.014188
219437.964363 208.531337 594.951581 -0.004391 -0.003961
1068114.026016 550.314817 469.171600 0.004823 0.006942
1499866.051366 239.180465 584.071163 0.004711 -0.010301
1491842.997955 116.712112 322.364780 -0.009695 -0.001109
1826279.228472 251.327464 395.343305 0.017283 0.010255
1133058.067007 247.433969 149.317055 -0.007047 -0.000431
207507.431604 346.340066 450.475101 -0.016175 0.012953
304737.184339 504.610765 306.550527 0.017354 -0.010032
361247.467977 546.292975 329.215332 -0.013813 -0.007894
1585793.637478 720.333476 269.134133 -0.006745 -0.013877
1841064.114050 194.875934 281.097775 0.003203 -0.012809
451362.950938 116.063295 291.931522 -0.000990 -0.001230
1950936.490647 463.063352 542.313872 0.007548 0.008495
1454702.783122 701.560758 182.825629 -0.010465 0.012512
1108684.254395 334.992212 297.176550 -0.015858 0.002983
1596490.624173 716.683506 284.750040 -0.013074 -0.009616
1263706.185512 133.987356 282.618078 -0.015921 0.009880
1294332.516982 260.945412 535.902540 -0.014677 0.012036
723046.520130 86.974045 228.634779 -0.009385 0.013349
107937.715067 793.404952 426.727045 -0.005769 -0.010890
1046872.077066 728.674940 389.584838 -0.019415 -0.019580
450965.188654 653.776107 546.507209 0.008004 -0.017433
278162.196408 266.424822 139.732276 0.004373 -0.002623
1960316.196066 205.905246 456.520919 0.014896 -0.004399
1125740.257616 187.961755 299.747488 0.017726 -0.000075
668170.334151 796.575273 294.158220 -0.018203 -0.005848
1443825.863043 455.437849 160.073817 -0.005094 0.003563
564375.188464 478.027390 242.509262 -0.012222 -0.008027
938961.728913 267.206787 380.028706 0.008059 0.017682
132214.712972 546.832063 119.695822 0.013410 0.002239
1179224.623916 311.362963 473.062553 -0.016508 -0.006648
575213.267736 339.159918 197.863209 0.010961 -0.001183
1368718.602401 401.076027 24.157014 0.018036 0.014960
1254302.726711 185.536965 282.650761 -0.018621 -0.002903
1541011.519516 400.980171 456.031131 -0.003929 -0.011883
1407684.757098 375.634796 531.672413 0.016166 -0.008188
883750.411162 393.699864 411.817522 -0.010513 0.003306
38293.802197 414.473380 2.756317 -0.006034 -0.008071
949396.727117 26.728635 479.170833 0.000625 0.019468
1340193.529306 112.032415 129.741045 -0.014272 -0.013045
1289556.392138 729.352752 404.249968 -0.003843 -0.007439
1756783.113702 88.213217 468.817441 0.010425 -0.019794
157687.638028 166.151930 303.212076 0.010656 -0.002499
175039.783202 626.482457 573.102706 -0.016255 -0.014656
506304.289450 453.103123 99.077655 -0.017934 -0.016698
301433.914481 575.982086 133.978748 -0.005397 0.014572
790027.673724 9.394823 464.024961 -0.017176 -0.003249
176035.711624 758.920770 317.332697 0.014784 0.008527
1081972.172988 758.965296 552.403178 -0.018300 0.008728
715741.816310 106.889567 298.773301 -0.007395 -0.010926
1263880.632475 454.479385 476.803289 0.011928 0.004695
1751026.801649 758.527297 202.375615 -0.016198 -0.007298
399196.095951 395.044165 198.072067 0.019138 0.002330
1496994.359185 48.571331 306.699605 -0.008889 0.017278
445396.929255 653.454818 529.920571 -0.014305 0.014534
1193553.106484 399.653278 599.578505 -0.016104 0.012524
450224.472419 581.111824 229.337459 -0.019256 0.001035
1999453.321099 715.691668 286.005648 -0.003874 0.018781
1584501.028799 429.034015 291.147058 -0.015105 0.000396
94458.571679 696.648930 342.334335 0.002261 -0.014110
1007827.074736 623.538848 579.849372 -0.004564 0.016841
1658558.308919 786.807404 252.931124 0.013084 -0.016923
475365.567242 42.357514 482.707728 0.004231 -0.016858
663714.367274 496.236364 581.081459 0.012207 0.018144
1919117.403179 479.267487 297.049532 -0.002157 0.008816
9624.167350 393.748387 354.366957 0.003062 -0.018036
1478876.057770 64.719581 497.154342 0.007648 -0.001370
1502145.321808 426.387158 269.179152 -0.013015 -0.005532
1054818.871922 329.013299 247.500262 -0.006669 -0.018736
972186.690649 532.029379 390.577563 -0.001904 -0.001131
1216433.286302 329.353286 43.492302 -0.015857 0.014313
1585452.240699 85.695521 210.002362 -0.004646 0.007060
796849.675848 98.850117 459.230145 -0.011161 0.013050
461377.134761 782.905279 216.824517 0.007127 -0.013900
1447663.852688 165.040728 338.391543 -0.014467 0.001605
1190708.408687 498.658788 122.550063 -0.010120 -0.017115
1355477.244293 684.182584 294.693898 0.010008 0.018247
694211.989964 433.820307 39.592953 0.007923 0.017121
1497031.391364 75.988333 30.149158 0.000516 -0.007090
1759090.904966 594.325272 180.018313 -0.010332 -0.003082
904928.793621 771.761501 377.517811 -0.019379 -0.015859
341892.055395 489.100089 437.287027 -0.004958 0.014368
1609370.418642 43.048583 428.210756 -0.008160 0.012129
1339833.364515 513.634794 206.794595 0.009441 -0.006373
543533.833951 386.089898 260.732921 -0.007103 0.019765
1510075.678821 160.846416 443.541577 -0.017781 -0.002229
325429.097901 406.791814 246.076181 0.011708 0.000975
1027532.088117 770.806476 81.158026 -0.010412 -0.006329
1987715.010526 37.285365 236.697756 0.008297 -0.006359
396776.620483 301.268799 588.414261 0.001758 -0.015616
639902.701899 652.755825 355.727322 0.010165 -0.014511
1179865.857204 406.025849 204.155091 -0.006882 0.002542
1568458.621189 393.058983 42.211218 -0.012223 -0.008571
1190290.628555 566.882245 150.503723 0.009231 0.017977
1180185.991889 580.761323 597.207504 0.019379 -0.002822
672088.553511 146.437036 485.132237 -0.007431 0.009056
1837656.663655 510.379731 325.220744 0.000515 -0.004378
1360614.323691 81.318217 539.147053 -0.019220 -0.002768
924125.776125 643.735871 555.498053 0.001303 0.019920
418950.309241 102.517398 424.839125 -0.001831 0.014211
1312754.557148 39.459428 349.467327 0.006047 -0.018704
30587.249450 791.018002 130.155862 0.012877 -0.007748
1889215.610870 593.529143 565.880947 -0.000555 -0.009848
669560.509114 133.326126 213.973595 -0.010651 -0.012483
1579576.984783 556.929517 594.824824 0.008605 -0.010942
1982244.182370 739.171857 213.973393 0.007925 -0.004711
432350.935616 284.109637 257.827834 0.011965 -0.019780
930735.730068 652.690408 596.878325 0.007300 0.005504
600671.720971 501.529017 227.541539 -0.010146 -0.015435
1270601.892504 464.188845 169.700753 0.019697 0.012530
938976.299455 626.100953 304.952793 -0.001555 -0.000156
1474031.937064 361.504599 251.453951 -0.016260 -0.013939
1605130.416157 247.638922 302.432230 -0.010674 -0.015572
1023340.410098 559.404341 555.216203 0.000256 -0.004741
1128556.229700 645.945463 4.943785 0.017718 -0.017929
248420.950141 463.855603 377.930149 -0.004146 0.002516
884577.235619 701.290335 213.107560 0.017991 -0.006649
1704879.713107 549.616639 474.619676 -0.009086 0.011142
1882055.445519 60.071110 54.701108 -0.002199 -0.007586
404206.608610 765.685758 4.931022 -0.014906 -0.001411
780987.060993 553.502827 162.499247 -0.004095 0.005532
642018.800900 420.386295 130.997727 0.018040 0.017208
1579863.075903 313.682602 483.266066 -0.014252 -0.006316
286431.929230 799.304120 18.211187 0.017334 -0.009095
1625355.291937 700.281451 207.228979 0.016184 -0.007092
1310099.705732 85.568876 166.718960 0.006609 -0.010565
1485499.756171 42.159808 555.830212 -0.019432 -0.001826
1126826.147142 267.860493 586.652076 0.011206 -0.008659
1817754.082297 456.644436 407.089625 0.008594 0.008664
42605.713030 685.580498 428.964105 -0.017407 0.011455
1969490.396776 691.728251 399.979000 -0.006746 0.010789
1972945.507603 788.146047 525.944320 -0.009431 0.005961
221002.463354 5.458502 420.880007 -0.018474 -0.019153
314139.836614 479.651119 212.905458 -0.014574 -0.004780
1280098.799281 35.166055 571.151499 -0.007234 0.010298
1334025.561499 271.078528 370.151606 -0.004795 -0.004311
817314.073824 291.790553 154.339698 -0.016973 0.007881
52254.755074 49.492684 408.996826 0.016122 -0.006911
662711.798522 9.276412 199.544349 -0.018594 -0.017989
710212.109941 153.557372 389.784981 0.008414 -0.006920
61999.699130 281.240691 223.139428 0.019326 0.006779
261157.692532 519.758206 3.504211 0.009906 -0.018746
797766.605764 125.504691 237.010336 0.006235 -0.010781
184709.901076 545.818952 175.249141 0.010999 0.003285
1235796.007903 85.621424 357.233364 0.018130 -0.014407
1292608.929469 245.230210 198.107057 -0.008130 -0.019339
1317389.029692 261.094131 220.279797 -0.018775 -0.007596
71927.786838 127.618064 576.001900 -0.018264 0.016272
1977614.946653 353.536379 38.209949 -0.004684 -0.016029
591803.305127 381.809365 467.094083 0.003540 -0.009940
726241.200569 165.381485 213.870730 0.018404 -0.013690
995710.504705 485.417055 279.520031 0.013133 0.016104
963862.695249 391.306719 138.025524 0.013999 0.000717
1079147.418532 708.513191 408.210317 0.000061 0.017230
1174876.041326 389.950463 223.416700 0.006102 0.014862
937689.950195 758.166454 209.354454 -0.010106 0.001355
1200871.358253 489.891845 445.125882 0.018291 0.002818
1798372.363578 364.413238 105.727616 -0.005468 -0.008547
158766.744732 676.181714 464.615520 -0.007515 0.007888
584123.108808 680.063912 348.307378 0.018804 -0.006104
1019930.488905 447.507924 500.003157 0.015236 -0.011571
1412068.961846 279.115277 95.710523 -0.017832 0.003994
1390465.348675 524.102720 125.839989 -0.002537 0.004573
1560588.704217 269.739085 41.860066 0.018295 0.008044
709118.110458 28.546511 327.001475 -0.014809 -0.006340
481739.437432 336.898454 116.724072 0.012801 -0.004328
1084185.081108 265.232408 569.344100 -0.004954 -0.011512
321427.933090 65.560386 337.066401 -0.007621 -0.014295
322096.383349 11.866439 475.422413 -0.005125 -0.001935
811598.476400 120.518764 472.096505 -0.000988 -0.015694
975828.599639 662.679273 87.579788 -0.018663 0.018342
980873.326296 219.791621 226.084410 0.007430 -0.016137
1538962.265262 182.361909 257.004696 0.008860 0.004174
1281944.833362 703.453057 411.126291 -0.011723 -0.012085
1646853.441208 292.192676 129.507952 0.004648 0.009432
1334224.681991 17.316088 531.643047 -0.001745 -0.000145
1987979.200663 753.796205 196.614720 -0.014444 0.019165
567825.405192 503.448861 150.140948 0.006639 -0.007345
693992.653253 345.739662 324.318344 0.011202 -0.014028
290886.182473 333.421243 18.742238 0.013265 0.004843
461579.700216 523.936273 590.462655 -0.002185 -0.009219
1440439.939238 90.597603 175.785874 0.004290 0.002717
1578856.275221 479.489854 307.248780 -0.015373 0.009477
975708.803616 320.054448 219.762658 0.009551 -0.017498
1363849.989774 68.010437 296.508381 -0.011051 0.014438
1287670.666020 295.560642 165.414620 0.006994 -0.011985
1793086.186886 725.117116 513.135378 0.015254 -0.005937
253419.465503 481.136596 278.038699 -0.003013 -0.011629
65064.939701 167.200710 484.582725 0.001755 -0.007021
1093948.624606 26.164768 434.900962 0.016645 0.010810
1570950.974510 476.835720 514.262644 -0.008964 0.012901
1433502.711092 738.814854 113.707753 0.019640 0.003968
779698.448619 711.467267 302.017517 -0.010246 0.010924
1707668.152502 297.458322 224.335626 -0.007307 0.011719
1161722.038482 280.350522 1.140016 -0.004382 0.015822
650195.260835 747.960588 556.430034 -0.017957 0.014023
1393276.303724 667.730920 267.619942 0.002118 -0.015476
534900.189626 215.482388 20.754827 -0.001721 -0.009444
1264731.390059 676.489349 90.901684 -0.014611 -0.016289
1848317.172308 790.553323 278.213769 -0.008163 -0.007745
512088.236637 701.903419 394.087383 -0.009759 -0.009256
1104225.446984 465.372022 122.097988 -0.000853 0.005252
107543.810321 140.002858 279.660068 -0.000015 0.009160
1156781.673039 615.022695 597.766453 0.004528 -0.011048
520065.349769 196.721134 42.757334 -0.003456 -0.004742
327390.441823 269.854200 222.047345 0.005081 0.005381
1353004.063178 706.924876 306.554913 -0.006493 -0.014419
1558240.596931 709.874697 433.229822 0.019296 -0.005482
706633.334377 29.390899 323.802766 0.012782 0.001686
534505.464385 317.199709 182.367870 -0.009454 -0.019528
1061346.780072 419.762230 155.006360 0.004201 0.017628
1275778.349152 611.857516 164.380914 -0.019715 -0.004279
1816858.008419 547.075636 165.912097 -0.003172 -0.019296
837596.447597 159.012076 541.947598 -0.014423 -0.012820
537634.699856 396.280001 130.316555 0.012320 -0.007436
1509630.032587 59.458555 425.613681 -0.013268 -0.032314
1442342.147903 473.736571 518.094805 0.019198 -0.012380
1603574.954720 491.970427 575.846583 -0.016929 0.004959
706735.606634 787.875764 184.352282 0.005202 -0.003778
651319.147391 39.671480 362.208861 -0.010770 -0.012390
1573016.600485 398.039980 411.308129 -0.019957 -0.007657
1998835.487291 607.700680 230.255085 0.008373 0.012763
1445522.677826 344.923378 246.105039 0.003476 -0.003646
1207599.107738 311.349502 14.952727 0.002537 -0.001312
1297106.122271 734.089686 269.889270 0.018117 0.001903
1709409.523620 225.339255 358.940886 -0.001613 0.000448
1579454.636005 196.667080 5.794010 -0.000953 -0.009958
635151.660366 380.611190 4.979629 0.008028 -0.012567
1657542.871152 337.948261 368.648302 -0.010400 -0.019608
50074.195513 673.561013 239.426240 -0.017989 -0.003728
1728956.987955 558.535761 193.914597 -0.007468 0.006071
1741304.677791 135.014828 562.149243 -0.001269 0.005045
896425.988943 206.782472 524.924984 -0.001633 0.009338
248631.410417 620.289880 125.784803 -0.014695 -0.000945
789536.960791 768.972994 539.194345 -0.019611 -0.011930
1819863.026878 28.271358 26.007807 -0.007614 -0.016540
901731.744829 139.534203 470.670071 0.010950 -0.000463
878442.611954 515.130983 393.294133 -0.004976 -0.015506
569936.175165 658.490930 222.564812 -0.013656 -0.008683
212161.644461 226.366684 35.159726 -0.007360 -0.003234
1070836.321949 568.326714 228.089660 -0.002631 0.008850
1162154.364009 276.219405 454.576462 0.005045 0.006161
1685995.778854 61.559265 497.479500 0.005619 0.014003
631794.399876 54.281677 296.530292 0.018932 -0.002273
