120102.793966 630.380678 121.591288 -0.006106 -0.005545
269277.329682 299.951690 156.276406 -0.018283 0.015149
1260731.205931 302.305800 191.703072 0.013064 -0.002958
973263.179405 632.940158 572.894982 0.008497 -0.005938
1683880.506867 289.145141 229.224792 -0.016819 -0.013039
1760997.696668 175.457541 580.344922 0.011721 -0.019816
354965.669268 681.949711 474.552360 -0.004793 -0.012048
306862.422408 411.994798 346.449349 -0.003480 0.002353
913598.742761 34.995360 562.659527 0.011153 0.014844
723511.401901 210.198063 397.862171 -0.007307 0.019058
27418.055584 126.986904 203.105510 -0.004125 -0.010456
1026719.971107 221.750603 272.893456 -0.000715 -0.017198
919235.655535 527.211382 552.724847 -0.009944 -0.018415
247720.705461 324.259594 333.761101 0.008061 0.012675
229642.751734 125.509059 517.223476 -0.017956 0.017154
1463437.116455 330.390575 118.965295 -0.004253 0.009173
349002.480669 325.719198 534.063045 0.001269 0.011344
253345.397419 21.874874 48.650901 0.003295 0.000362
301882.374241 33.155806 100.922349 -0.017032 -0.008248
417897.793659 158.389915 419.947657 0.010564 0.015940
1032678.423930 703.046772 34.609567 -0.004922 0.017253
1981626.739717 86.475982 206.284365 -0.012556 0.000472
148080.320166 291.154941 546.251827 0.018533 0.015041
1426235.401736 72.477562 542.624051 0.011802 0.006902
826207.458426 756.239963 428.207533 0.003246 -0.019250
17939.873048 633.074246 129.724197 0.008264 0.002241
229060.592236 178.630391 260.714244 -0.012992 0.003898
729567.630556 129.763193 425.671671 0.008439 -0.006079
424191.899795 625.405869 428.258844 -0.015124 0.009740
1179453.697605 667.588648 501.713807 -0.000340 0.005135
1017047.714916 724.849812 344.255639 -0.011064 -0.000462
1184883.571782 186.650601 168.488204 0.012305 0.017672
1669257.284919 737.991921 97.852395 -0.009240 -0.016923
1530870.404807 506.864189 153.111164 -0.001075 -0.006376
1211583.405366 549.622943 75.448605 -0.007255 0.012394
1741377.547263 727.211570 385.821309 0.008296 -0.003772
544004.606336 172.637143 185.178452 0.013867 -0.002454
1594854.852927 349.827650 402.313722 -0.016924 -0.010147
1223177.906695 729.730824 101.255305 0.010936 -0.013148
527324.168257 433.117305 487.550576 0.000764 -0.019355
312490.830343 99.676305 422.366647 -0.009725 -0.002840
1025907.483430 120.782749 212.137368 -0.013731 0.014352
1509229.653286 341.826659 43.541063 -0.018087 -0.009442
1023852.793045 688.114694 428.177727 -0.012674 0.017496
1918069.081343 635.171395 509.717390 -0.014815 0.002800
59433.087734 314.561567 67.984845 0.013715 0.016465
257531.464220 800.598450 21.725214 0.013271 -0.008794
961609.428265 277.282727 259.692457 0.013375 0.000058
582120.371322 470.079016 558.517656 -0.005431 0.005994
408974.288222 701.752853 306.519905 0.016831 -0.017664
899929.745542 700.307318 511.661242 -0.008030 -0.019845
849952.291162 263.266637 237.628838 0.001510 -0.013091
617567.269419 532.372225 103.649609 -0.006174 -0.000018
907629.657959 661.862631 507.023359 0.015497 0.006317
693382.430213 141.750703 148.666010 -0.008906 0.001676
1797970.130014 385.111491 250.771835 -0.003521 -0.004088
955435.349120 688.610684 163.924387 -0.006711 -0.013569
557659.864685 605.878231 293.282298 0.007015 -0.008251
1324351.926951 788.318510 575.580806 0.013344 -0.006822
917046.023028 230.639373 93.468185 -0.007870 -0.012904
1632997.046985 519.033571 212.608711 -0.017495 0.017127
1790149.784549 770.172319 244.854746 -0.007406 -0.004950
1613713.184192 632.085284 140.592390 -0.016799 -0.015063
791753.703166 288.625471 527.150480 0.015413 -0.018592
347958.385175 437.320464 12.041931 -0.014655 -0.004614
701432.257286 473.865785 403.401141 0.000324 0.015832
1693039.169392 258.631825 326.903330 -0.012033 -0.004481
944105.254926 76.415115 210.584311 0.015354 -0.003686
1451122.988691 550.730745 119.910929 0.018418 0.010773
644142.737912 284.976327 76.559058 -0.011890 -0.010298
328294.663843 300.267006 473.818682 -0.012129 0.000426
344141.964030 428.844806 60.457633 0.013707 -0.018295
1995072.262359 551.866357 220.733483 0.001690 0.015582
1509670.835691 11.101826 591.098686 -0.015724 0.015784
783939.521193 665.479380 350.122978 0.003524 0.011736
702233.533702 730.431007 89.042379 -0.000810 -0.015196
783487.379916 514.336094 295.289979 -0.012695 0.013070
1976.599918 282.070465 217.546566 -0.015852 -0.012079
812477.567611 81.021300 532.121963 0.010929 0.005806
1551513.418346 422.702559 395.123537 0.010376 0.005366
1106838.468046 120.708387 279.753901 -0.014514 0.009726
516376.429478 389.584251 394.323840 -0.004011 0.018687
1541877.001311 639.158904 367.058575 -0.009510 0.019229
877046.727052 211.019269 200.385076 0.012097 -0.005350
1062152.807164 166.450801 280.996615 -0.003289 0.019318
220503.739184 155.100507 306.216461 0.010776 0.018106
285758.867062 257.640181 62.741272 0.004287 -0.002041
1694852.848395 693.284054 566.635603 0.000251 -0.009239
1823523.613542 219.374703 44.357724 0.000923 0.001475
109429.840049 768.283393 480.092197 -0.004461 0.010486
331166.874772 736.373658 582.224589 0.005307 -0.006550
1904142.131984 594.100876 318.590454 -0.001586 0.000436
967910.745632 483.319757 499.227948 0.003518 -0.011505
581591.096978 348.394020 48.160672 -0.010661 0.017490
706572.319710 117.975228 128.399980 -0.003013 0.006868
1499518.371885 385.545247 378.862729 0.001970 0.014865
785875.055374 571.520394 474.373135 -0.005467 -0.006111
257524.722376 252.987883 54.433280 0.006468 0.011206
1201976.699383 114.816472 228.955304 -0.002617 0.009277
1186503.038363 580.064620 101.883542 0.006823 0.018389
215485.423904 20.069473 64.837229 -0.007117 -0.001908
1555844.913030 56.625002 560.865341 -0.003700 0.004791
1610655.802121 641.119252 200.289019 0.003836 -0.013392
1363983.919548 580.627207 288.306593 0.010878 -0.004604
515601.680854 298.542709 317.684623 0.005557 0.012249
521772.659627 185.430561 319.603118 -0.002813 0.016120
984056.433190 429.809257 558.411399 0.003479 0.013600
764465.851134 302.194233 558.078341 -0.007321 0.011437
1098768.237559 98.252735 352.946101 0.014592 0.008847
1505133.839094 452.475344 265.840935 -0.010751 -0.006516
1656881.889169 392.723842 425.896562 -0.005634 -0.014822
1035409.796534 493.492546 216.304284 -0.018005 -0.018103
532033.862794 432.405219 349.899379 -0.012178 -0.014336
885049.308131 462.080026 312.459593 -0.005104 0.015766
611963.250959 737.652136 10.458214 0.015700 0.012226
1469794.933437 516.335729 223.644821 -0.012403 0.015628
1419313.830053 5.373402 222.222665 -0.003140 -0.005435
1001399.715897 751.294704 589.939355 0.014480 0.019440
57920.523946 103.072142 316.878571 0.004565 -0.007022
1340168.589419 44.023438 541.145772 -0.012378 -0.002906
1593328.125585 397.082658 209.021471 0.012547 -0.004449
308175.125303 438.503041 21.615703 0.000923 0.009134
1829796.170737 187.875178 440.334524 -0.008568 0.006237
194622.977727 628.343651 356.804332 -0.016822 0.005970
1163384.351490 85.737221 466.924985 -0.015258 0.009233
203536.384834 623.453810 467.030657 -0.019844 0.018799
408990.508136 640.550550 279.655927 0.002435 0.004637
1709918.606891 566.535264 96.606436 0.015773 -0.010609
1776676.395804 644.377713 280.231096 0.004777 -0.016390
248411.979642 575.651690 526.890919 0.008749 0.011925
1052401.075630 239.745836 543.556761 -0.007833 -0.003534
1254879.329007 324.227862 114.384114 -0.003730 -0.003564
322021.593490 487.282244 125.327708 0.000187 -0.015078
1647379.426121 386.249474 521.403694 0.019419 -0.005112
204691.412954 699.197228 106.324485 0.002790 -0.000169
536197.156895 555.227381 128.646181 -0.014201 -0.003475
25648.950611 537.996875 428.889013 0.016663 0.018938
247729.502734 436.833682 229.281781 -0.007399 0.018031
1580350.309415 379.727134 335.150339 -0.020009 -0.015902
1443766.372951 659.219759 351.115244 0.003682 0.012390
1912564.341869 554.234434 409.469005 -0.014674 -0.009431
357511.299829 321.084927 575.532260 -0.004433 0.001837
744693.135258 324.254680 130.790542 -0.016546 -0.007022
387589.365424 167.815411 523.081350 0.002987 0.000951
1645202.005117 291.589025 -0.145513 -0.004715 -0.005358
205411.871060 83.747666 113.571926 0.007510 0.007845
1996032.971887 514.934487 233.974518 0.007558 0.010339
1306804.762830 688.145890 106.567991 0.004502 -0.009856
1450619.077985 788.663066 394.989744 0.017714 -0.017182
1969754.747101 110.714696 168.487729 0.013611 0.008610
1609086.544071 543.916037 45.375872 0.012193 -0.017512
883645.576836 726.175186 99.676711 0.005736 0.003627
1722771.757153 502.380447 142.235777 -0.009969 -0.007552
28763.775727 722.608705 101.809279 -0.011955 0.000491
845989.907554 733.682669 301.404864 -0.016750 0.014412
1143645.596292 54.617987 600.451618 0.014091 0.016923
1423342.375748 525.745538 361.906350 0.011481 -0.001574
1329764.171191 184.946017 221.840454 0.013248 0.014448
1926056.274178 553.153956 294.495470 -0.012007 0.017725
1598411.507718 172.876929 507.795046 0.018774 -0.003700
726058.746095 314.128361 195.446191 0.014551 -0.001021
375371.614646 348.320033 324.766867 -0.012664 -0.008647
932014.105344 718.295183 567.107544 -0.017151 0.007108
811741.037672 587.841898 550.850608 0.010982 0.002640
1557690.799962 589.620776 155.009596 -0.009263 0.017507
399385.155365 53.219471 91.110485 -0.018133 -0.018558
1122038.441301 328.157279 256.529488 0.015486 -0.009117
1805346.826001 59.672035 425.576469 0.001418 0.008846
1995636.369100 729.278586 97.187747 0.017696 0.019459
1695958.700821 279.136317 427.771957 0.010648 -0.015090
558004.577904 435.835371 516.797024 0.001461 0.012503
1597187.265566 589.397560 528.867882 0.018086 0.011277
1833981.536251 410.006907 114.628573 -0.006180 -0.003989
929917.220459 197.725613 284.876982 -0.013205 0.007546
1471826.909795 138.711856 361.160578 0.015871 -0.015403
1165988.196230 595.169523 277.979193 -0.008190 0.000421
1172216.120722 460.768541 32.302088 -0.002204 -0.015473
1736107.381869 196.520517 508.160778 0.009950 -0.012177
1259741.624473 533.094051 424.989051 0.012848 -0.019578
218963.730251 229.093261 155.185551 0.003363 -0.001615
1902503.935575 255.792131 379.499570 0.002183 -0.011335
1496596.111682 109.349381 576.169146 -0.011561 -0.002663
941537.357374 638.186235 5.840435 0.001071 -0.010187
245239.558744 315.906509 292.911973 0.018816 -0.014288
1372376.816986 480.082392 484.730530 -0.004176 -0.003134
1637971.852737 403.599925 423.902018 -0.017027 -0.016333
337179.376901 23.745674 245.416764 0.012143 0.003351
1249672.392965 440.344397 432.879505 0.003375 0.010443
310196.676436 44.265814 335.835075 -0.013359 0.003298
1607296.809371 230.203160 584.970312 -0.008231 -0.009711
236307.595035 784.045813 515.189967 0.017035 -0.004960
561161.337682 597.085791 528.897799 0.019440 0.012912
1939371.158341 125.304748 512.031745 -0.004855 0.018364
870700.636353 2.019739 305.610958 -0.013720 0.003550
541779.813609 249.499920 386.779585 0.013266 -0.000883
453110.709066 506.676069 459.737760 -0.011930 0.017064
47266.968548 256.999035 543.155423 0.015294 -0.010197
562186.379247 129.980633 594.522829 -0.013528 -0.013983
1629854.769274 105.345074 185.092011 0.006687 0.000383
534606.907766 82.326407 307.404060 0.011064 -0.009663
203362.833803 38.266086 342.350266 0.009819 0.015224
92345.910190 778.910217 306.412398 0.012419 -0.012993
877177.283576 667.523183 297.726003 -0.006205 0.008679
1484435.888699 500.985449 528.907317 0.009362 0.011482
64404.659935 438.966368 550.663163 -0.006315 -0.011452
856791.879449 487.166062 190.762705 0.017637 -0.004616
1153201.109335 33.874914 259.502208 -0.014238 0.011664
618554.387530 154.353290 456.582018 0.012847 -0.019885
1875266.974734 207.502122 503.043426 -0.002707 0.004179
1111007.126566 140.212244 138.645992 -0.002544 0.016424
34336.430968 375.475514 275.450404 0.017082 0.004125
1349224.196444 292.242205 249.836571 0.019693 -0.007783
1602661.077679 455.117478 209.665884 -0.010645 0.008552
276647.354605 434.521105 544.408138 0.016451 -0.005561
1822198.850020 671.184681 373.213369 0.009940 -0.009120
453696.245539 243.679092 268.647691 -0.001692 0.009703
713133.517985 379.656801 125.359485 0.012603 -0.003601
36437.158490 391.708356 464.281657 -0.002916 -0.000560
159010.190591 189.093413 31.256870 -0.002844 -0.001197
1535456.720523 453.617597 6.978738 0.007006 -0.001244
749811.288319 470.166724 183.205144 0.019848 -0.006526
1154889.427663 178.712634 384.611241 -0.018995 0.007211
762647.938338 304.988424 92.461854 0.003626 -0.012136
1129345.827331 486.703949 410.776822 -0.006542 -0.018326
337378.635228 333.919376 168.907073 -0.011172 0.013866
1499918.929068 791.351591 248.072786 0.010341 0.006647
1760744.261444 108.707907 149.748370 -0.012556 -0.014680
1172923.453698 610.427340 215.720195 -0.010958 0.011547
79642.974809 486.059198 100.945328 -0.012200 -0.012031
730713.756164 606.798977 483.796301 -0.017944 -0.016077
1702955.846536 175.375309 309.529736 -0.014687 -0.002387
724785.897287 706.023814 257.974812 0.011055 0.005769
187236.443249 524.298198 468.728136 -0.006230 0.013668
1828784.213322 744.192295 362.741900 -0.009420 -0.013187
787390.226865 250.417018 459.588251 0.002476 0.000231
1929498.061505 743.043149 161.201777 0.010620 0.019222
730520.102536 499.695627 120.232420 0.015163 0.010663
1281053.293162 194.196259 381.703833 -0.017203 -0.019253
562426.321470 130.146761 404.886757 -0.017499 0.000262
1033437.869061 779.952290 262.784906 -0.015121 -0.010093
1192859.900739 412.547274 336.280233 -0.005498 -0.016831
138898.690296 261.417468 3.499231 -0.006508 -0.015987
1973181.982512 560.983193 434.060674 -0.012567 0.003317
957790.512106 660.686574 496.898539 -0.015321 0.015869
1692076.045876 318.219097 36.193400 0.000830 -0.001624
1136829.509929 29.153299 260.337331 -0.019507 -0.013629
1367539.427880 482.401916 406.344441 -0.010178 0.018678
1509350.044424 252.430849 176.137716 0.010393 0.006121
785056.476847 597.947573 212.922001 -0.015366 0.017397
1873643.585422 476.162019 457.110670 0.010545 0.008430
1315983.134935 488.261000 64.645107 0.008810 -0.014711
1135951.929323 228.585468 100.551726 -0.019850 -0.008261
656102.584980 548.437118 539.322686 -0.019843 0.017279
1727078.126616 606.233006 148.307293 -0.013758 0.000841
1797488.349396 438.892113 161.442596 -0.009881 0.006606
406141.346510 152.140992 156.512958 0.018577 0.018125
1941231.998588 497.065747 337.366033 -0.016814 -0.006386
1386830.762674 518.604683 376.810827 0.014458 0.005998
1843128.023596 152.313929 201.648080 0.012788 -0.012236
538331.757550 546.170347 571.888100 0.000658 0.013531
944807.663069 332.448355 233.393969 0.009340 0.006549
106756.882792 754.900731 514.615343 -0.007560 0.016349
1618777.323337 226.560777 318.129420 -0.005084 -0.005225
1742666.514471 52.446165 7.007510 -0.000034 0.017116
1321460.731012 337.268152 69.643534 0.019887 -0.010389
620834.287545 213.089632 553.876075 -0.009468 0.011292
1523195.320518 587.328628 118.880602 -0.014018 -0.000939
1731081.362688 163.176252 252.016796 0.008918 0.000662
656632.629529 425.762287 480.624716 0.014354 0.016121
325566.043298 583.624216 580.970293 -0.013080 -0.010860
1792559.657149 666.248302 390.375574 -0.019493 0.013217
1778465.217808 259.400146 59.278327 0.012366 0.003545
1763427.173609 457.704386 193.053539 -0.017930 0.010267
1593951.392730 755.858128 556.299969 -0.011305 0.006600
886016.743670 435.750210 119.143572 -0.010410 -0.003811
204796.643092 323.723746 80.820476 -0.017153 0.002962
727276.621725 773.339541 248.487740 -0.019654 0.019091
488690.041233 721.719051 183.062662 -0.006265 0.008564
1781116.410057 179.156337 171.919321 -0.011464 -0.007823
20635.784613 7.652867 149.489035 0.017504 -0.010968
1834876.302553 303.303409 462.705663 -0.015329 0.004953
350019.654422 174.613663 16.693432 -0.007611 -0.008378
1214501.650638 537.630078 155.118874 -0.019200 0.007501
477760.385944 211.520937 353.527711 0.001771 0.004275
605806.972182 347.281899 499.326874 0.003595 0.005790
272576.070518 480.067445 392.519242 -0.004569 0.001525
1759240.741729 243.229478 550.245449 0.005983 -0.003290
1080301.612187 660.473457 382.557807 0.002794 -0.014590
1857771.559552 140.119800 484.272831 -0.012472 -0.012187
988850.145130 339.837326 276.913593 -0.016671 0.018751
134591.829094 309.696045 242.644043 0.015997 0.019022
96963.198901 28.657561 345.809059 0.008331 -0.003141
227820.812831 464.904524 434.708894 -0.018765 -0.010714
290631.014058 457.619753 34.177943 0.011510 -0.014520
385931.693197 569.414045 190.223356 -0.020034 0.015996
1023297.854244 397.191066 195.435950 0.018827 0.003276
589125.026292 31.604218 579.765901 0.007955 0.017443
1882412.602139 596.848258 583.999873 0.000684 -0.002102
790218.714061 504.676428 18.759846 -0.015187 0.006557
526777.357108 212.273889 139.775882 -0.007107 -0.017984
748590.766801 411.865268 457.614805 0.007590 0.000590
1324791.236466 162.305302 5.911651 0.019526 -0.013030
1179151.767483 226.053428 128.427950 0.002198 0.019232
301466.356172 395.920111 434.724155 -0.014977 -0.019516
349183.755158 414.934868 387.394918 -0.011762 0.005626
616335.581344 375.081904 543.823829 0.001725 0.011538
1910511.639859 733.812160 182.951224 0.008695 0.004282
1640005.631205 304.835665 484.974505 0.013292 -0.005350
1964468.728734 335.779287 391.229211 -0.012187 0.018995
1261209.360911 276.197837 282.363941 -0.005749 -0.001164
968463.258337 424.292265 593.900541 -0.014827 0.009419
1257770.379660 350.168337 124.061225 0.001249 0.019276
1991034.577596 391.355284 537.606162 -0.008006 -0.011740
1007596.648767 95.779145 353.515845 -0.006627 0.017887
1912045.142572 235.970242 222.799692 0.004268 -0.000412
692628.538559 190.263932 501.234717 0.008802 0.003743
609848.141023 240.622437 74.910010 -0.008219 -0.002768
1723251.459991 737.566086 520.930862 -0.017355 -0.001710
1696924.347289 50.416008 567.931216 0.009833 -0.005585
309029.791648 199.756149 289.726811 0.009623 0.002315
867302.640745 559.254569 513.464852 0.012174 -0.007824
691843.061099 120.485998 326.206793 -0.012869 0.018620
272265.500516 388.350777 162.253588 -0.009545 0.011207
1400582.436193 98.383326 421.219279 0.003027 -0.012275
320566.674844 332.971843 150.730919 -0.015710 -0.013505
1229627.376064 208.688926 246.067704 -0.016039 -0.019857
1946485.269790 425.040217 421.421114 0.007336 0.006181
15066.369444 140.510764 292.245928 0.002011 -0.005762
911695.870064 549.159898 506.338431 0.009046 0.017874
1245159.992597 340.275394 42.871744 -0.006203 0.020331
519428.529087 388.677151 247.045942 0.000341 0.003878
1147820.552414 102.283516 512.407145 0.019417 -0.011054
1717933.562453 767.116865 453.779608 0.002497 0.011444
183230.377819 455.348378 577.643305 0.003167 -0.015305
640928.558372 27.370413 483.320265 -0.013449 0.010275
1503776.668340 629.058380 110.972136 0.012840 -0.015526
360957.489517 65.407211 358.345132 0.003708 0.003714
380073.533570 131.856404 431.524466 -0.018229 -0.014036
1889061.825298 723.436689 66.008836 0.008014 -0.001337
1796955.322752 633.918891 20.362508 0.014482 -0.005168
306282.549308 147.089136 243.128063 0.018365 -0.006193
332156.324914 567.562009 78.925670 -0.005930 0.001323
485168.456326 426.740697 367.230751 0.013015 -0.014849
413343.113108 24.436577 173.509805 0.017104 -0.017007
883643.182406 697.262062 587.111019 0.002073 0.002803
887249.075289 360.292766 217.469850 -0.000905 -0.007437
1467432.667253 504.223670 297.525518 -0.014406 0.003561
1682910.725327 245.231544 179.549789 0.018978 0.006318
1660796.624450 172.286987 113.407866 -0.002232 -0.017766
629926.086697 520.384298 50.908270 0.004187 0.003114
318150.466456 37.160464 269.358090 -0.013766 0.003908
40123.955365 464.592210 28.968386 -0.004742 -0.017503
724761.667999 94.076341 413.587817 0.014319 -0.009803
558074.092752 559.695888 337.303015 0.003108 0.006874
438651.350531 326.391973 533.344223 -0.004266 0.014635
1885724.248311 578.858198 300.908933 -0.018901 -0.006829
158400.153815 149.292192 226.068381 0.001146 -0.006978
1952982.963972 437.462672 543.740756 -0.018962 0.017281
1927788.328346 311.056890 28.198435 0.006204 -0.010085
607879.136041 747.042224 567.564353 0.014624 0.000467
1236504.919471 67.947132 551.390303 0.000257 -0.000274
1541570.438790 358.745954 131.495996 -0.009123 -0.000971
1098586.873663 282.378359 398.468548 0.017054 0.015184
1973812.054831 723.179536 257.425167 0.015643 0.017450
717421.361579 684.422346 190.611893 -0.003731 0.000395
1128238.588166 568.343824 265.732790 0.000397 0.003056
1906900.824936 103.294619 396.795518 0.014912 0.005397
311031.282093 514.365565 50.735241 -0.004964 0.016680
1119457.958787 738.741739 161.468233 -0.010731 0.013996
295815.608602 167.822587 451.520878 0.003003 -0.015980
1365835.790227 746.587861 574.025972 -0.019994 -0.006444
933742.419320 452.494507 29.976027 0.016419 -0.016956
1254474.420685 690.002505 122.223625 -0.008479 0.009408
1674721.783807 355.697592 227.776829 0.016823 0.012741
589441.845468 384.432116 445.843332 0.002567 0.008108
1186208.380939 568.275975 547.239582 -0.006138 -0.008544
28320.921598 24.654890 131.574229 0.018878 -0.018779
1123059.363627 350.778062 356.741571 0.004359 -0.006046
1339490.994503 192.674300 126.491738 0.014920 0.001163
1892333.765464 567.763760 583.339871 -0.007229 0.005375
1580513.963280 495.704471 66.130739 0.001233 -0.012662
1628540.167412 101.068108 535.769388 0.009075 -0.001117
358744.990248 592.729576 301.833329 -0.004041 0.008490
1065496.480589 768.610704 90.560737 -0.014933 0.002937
996930.964755 638.392285 488.929920 0.008373 0.006815
685065.261407 523.952608 229.085428 -0.007672 0.019139
22284.613001 83.026644 360.094694 -0.014806 0.005098
1564209.169505 749.581292 458.195989 0.006969 0.006548
471659.941818 684.036654 242.377836 0.009525 -0.009787
234378.384535 216.379411 129.529998 -0.009228 -0.004014
1581110.075852 613.282770 117.729247 0.004190 -0.000949
1733102.233956 757.510491 78.130676 -0.010150 -0.009496
222272.466972 206.830369 219.655990 0.008455 -0.004766
7593.072023 394.885355 189.579694 0.010724 -0.013144
1961038.188991 2.029490 14.024706 -0.004566 0.009663
554464.627316 401.914235 7.711245 -0.000263 0.010866
821613.773155 227.364168 322.707812 0.003917 0.015625
24485.756655 378.273618 502.212794 -0.014262 0.008807
196372.594776 203.385132 588.013748 -0.001422 0.018539
718005.964867 375.064798 274.464159 0.007055 -0.010215
1252709.545778 525.452457 142.090930 0.005945 -0.018313
1958473.456073 741.874229 326.318697 0.019621 -0.003223
628831.249023 322.298339 421.292145 0.014053 -0.019645
1185057.482303 690.539168 288.804172 -0.002874 -0.019712
406775.272641 421.081837 157.373334 -0.012909 0.019381
452064.211691 433.146401 275.577397 0.007347 -0.011358
1391094.198167 249.259853 524.902610 0.017217 0.018303
1830316.959801 730.309206 532.233049 -0.001630 0.016127
610994.441719 618.058708 184.025450 -0.019665 0.004984
631021.334152 481.858976 292.023676 0.011832 -0.018562
989235.750860 1.837656 333.999882 0.010260 -0.012654
1098658.789461 784.291959 435.151286 -0.019665 0.006629
1883467.686308 564.591896 586.037952 0.012818 0.005371
1871849.530317 584.861759 330.486108 0.012870 -0.012445
911993.535660 102.286135 577.321617 0.010584 -0.014600
1176139.691461 61.510031 443.504235 -0.016929 0.015018
1537174.407177 456.323349 526.424161 -0.006937 -0.006929
123261.179832 700.948788 185.306946 0.011690 0.014882
1946848.674653 583.305474 354.098021 0.017980 0.001708
457599.283409 709.040158 164.572603 0.011211 0.008296
926562.791190 189.181454 501.730081 0.000044 0.020029
1942178.605097 12.096670 45.290536 0.008403 -0.016361
1905775.863633 382.774231 397.520765 0.013278 0.012158
1975712.466974 713.558722 407.997902 -0.008332 0.007172
1128937.655654 214.564820 243.643980 -0.013904 -0.011210
1900458.380534 306.143888 62.033879 -0.011064 -0.013422
1623668.112617 550.003882 239.535002 0.005846 -0.015472
798515.523224 494.054429 76.728782 -0.000979 -0.006941
438456.544857 343.770921 482.248897 0.015110 -0.009789
1216805.763178 694.582048 90.628709 -0.008497 -0.013392
1661706.700764 681.391383 259.064617 -0.010495 -0.019708
1303971.794110 150.862203 233.922912 0.010278 -0.003515
1107963.914568 455.393998 58.926859 0.018169 -0.011402
425643.800956 282.591804 500.032659 -0.007537 0.013835
318262.858465 449.198233 154.969719 0.018570 -0.002267
1036196.117772 457.917111 186.658691 0.006836 0.014625
948553.069005 401.542414 427.748351 0.016401 0.009343
1438074.149861 446.909987 555.728507 -0.015619 -0.007604
677338.477540 530.411439 530.684483 -0.002502 0.004692
197747.041563 521.224100 583.575555 0.017218 0.019650
1601492.672973 71.508952 330.538232 -0.017643 -0.017807
1987075.958395 461.487238 375.146511 -0.007822 -0.010051
971748.938305 621.713784 449.410156 -0.012076 0.007403
974474.447302 733.536967 146.070310 -0.003453 -0.018911
1121549.802423 602.046681 413.107536 -0.002208 -0.012398
613932.794246 434.616335 504.542256 -0.008854 -0.001013
1665525.531241 62.885105 338.584850 -0.004471 -0.014542
1238773.710671 302.370386 429.547574 -0.010181 0.007295
1925637.924078 585.390798 276.717859 0.008456 0.017208
290519.337305 158.615948 508.076194 -0.004364 0.004492
1745488.432117 760.836596 218.938829 0.002441 -0.004209
1111265.337612 695.133376 563.113819 -0.004278 -0.013846
829182.160473 184.365931 135.885119 0.019237 0.004581
728391.627189 478.741155 596.364285 -0.016886 0.013644
1349985.243450 33.248114 346.073381 -0.014497 0.010168
1010733.056353 223.859186 571.612077 -0.005912 0.006792
1129411.861826 180.428905 373.235206 0.017222 0.011490
33999.050983 389.308467 394.236789 0.022001 0.015826
1606354.705806 296.083558 66.654546 -0.018773 -0.005950
1451822.744427 315.198395 570.270307 0.008765 -0.001000
1590584.168020 314.819213 309.318715 -0.005147 0.001139
538209.161040 700.844929 484.832030 -0.011162 -0.010865
958317.440449 628.068533 272.233761 -0.015993 0.008651
479655.517489 94.597820 120.106349 0.015862 -0.017012
167238.956395 558.581614 267.465839 -0.012162 0.009131
1592486.357127 737.299358 73.288918 0.009846 0.005640
1189583.299304 432.949756 20.968887 -0.015528 0.016586
1124831.962923 303.239963 474.220717 -0.005196 0.004004
37146.621401 680.303993 232.778288 -0.001137 0.018057
205026.889315 568.825103 41.086097 -0.007900 0.004317
284161.461650 310.228643 183.824286 0.003494 0.003355
68690.410847 306.111925 301.622789 -0.013745 -0.014785
287411.349028 600.108846 404.001304 -0.012907 0.014466
1171263.018237 591.636363 143.565070 -0.004982 -0.015504
1682127.158941 314.926434 577.589631 -0.010871 0.014505
1824708.168313 265.014380 346.677325 0.019211 0.005357
369206.509725 98.054036 13.425284 -0.000372 0.008415
1208981.916871 419.351860 56.231676 -0.015649 0.007268
446720.970071 202.322311 259.076336 0.015801 -0.002837
586212.983628 385.053750 102.192820 0.001335 0.014307
560717.814863 299.223355 150.912172 -0.010354 0.004151
234257.601311 123.765672 558.822691 0.007810 -0.014627
1133248.557864 703.459181 154.184591 0.003533 -0.005177
1934248.125150 153.495525 536.596025 -0.017564 -0.007938
1152133.833222 226.039997 331.324832 -0.019690 -0.013006
1965200.129880 240.318474 396.909402 -0.013831 0.013363
1034901.121182 346.252908 125.915556 0.010895 0.006872
1623246.405098 709.071608 497.177900 0.009743 0.003206
1926329.093951 248.069407 276.381301 -0.011182 0.015960
1658576.383096 150.526801 54.712895 0.008983 -0.010064
786221.519479 241.025839 318.619853 0.017781 -0.007699
1421758.733421 742.887246 364.949269 -0.004782 -0.017416
888519.625593 711.343997 308.046681 0.005909 0.006144
374128.679919 371.304489 325.452124 -0.019385 -0.011591
247207.860577 783.042892 311.476164 0.003280 -0.012051
838233.393076 329.890413 231.429479 0.000736 -0.014319
1269501.125100 722.784958 262.867251 0.010945 0.022344
1490342.234955 701.529471 467.156763 -0.005842 -0.010059
1720173.599068 638.939850 82.398272 -0.005145 -0.001853
1589947.016719 447.783739 550.808963 -0.006494 0.003112
254199.274003 369.761607 331.678623 0.005914 -0.018217
1506623.924480 52.349213 274.482577 -0.014408 0.003087
1187558.641279 619.042862 289.684240 -0.018794 0.017646
663885.182079 619.914879 490.411412 -0.015549 -0.014783
134186.233456 776.569766 557.380727 -0.011868 -0.006224
763995.101100 799.268453 542.409896 -0.008053 -0.006507
960104.740672 340.666934 479.037638 -0.018587 -0.016981
1689167.128731 629.667643 84.927960 -0.007882 0.017128
1435140.350571 715.938968 422.270014 -0.012035 0.017046
1287450.956780 425.459103 421.117645 0.007277 -0.013558
1664884.491668 423.901040 368.620578 0.010639 0.009314
1916152.068375 115.750386 439.927813 0.014358 -0.002296
142374.806172 274.774797 522.101398 0.014830 -0.004937
1889104.925044 571.605030 97.758662 -0.016711 -0.019290
184043.514628 642.437781 546.822966 0.011781 -0.019919
1678137.485719 350.673161 320.180922 0.001596 0.016080
349432.717240 299.303685 257.173492 0.011502 -0.014626
327130.583267 597.882214 167.736634 0.015865 0.004361
1445781.852792 774.676998 571.613756 0.003713 0.013532
657045.848974 430.373342 332.886543 -0.000288 0.004924
1143416.638087 467.912363 254.890676 -0.000621 -0.004813
853229.746620 259.744010 491.276588 0.018361 0.014547
1436276.935710 106.375183 143.662145 -0.014020 0.016993
747046.145027 249.413936 400.630945 0.006111 -0.011870
555282.349025 300.030156 106.750975 -0.010821 0.018770
31011.744417 446.395278 303.426242 0.002807 -0.017980
259713.421697 113.424036 381.627018 0.002213 0.005066
30230.289339 785.920322 570.723069 0.013289 0.017708
1629124.594680 439.956505 45.032175 -0.017901 0.007951
1993199.337271 341.297767 5.383358 0.006601 -0.016786
437214.899080 754.084067 272.201313 -0.004245 -0.013121
847463.854052 329.273851 438.861743 0.017215 0.019223
1561464.248021 48.369159 73.542930 -0.003322 0.004597
1496915.452879 345.569707 357.977116 0.008034 -0.009433
1076064.875850 410.521496 489.286459 0.004505 0.002592
1028186.607653 487.313498 594.716983 0.000925 -0.009090
141764.248787 594.394067 129.627778 0.000991 -0.014455
778578.041484 758.727008 329.889328 -0.015283 0.015191
1058486.954802 720.278395 564.101014 0.005825 -0.007112
1112790.978101 319.316705 448.029483 -0.013857 -0.016077
24501.685065 554.001900 366.343159 0.013086 -0.007842
353571.678676 272.702854 548.664123 -0.013269 0.014604
375264.103699 191.463128 365.812145 -0.003806 0.010617
1493884.026769 634.873916 429.353563 -0.008212 0.016520
1188817.119779 659.950887 487.967489 0.001401 -0.000909
259519.063057 73.892997 525.294039 0.015150 -0.010164
1949033.547169 712.102413 562.598927 0.003480 0.008711
482529.103981 609.347632 36.232589 -0.013826 0.017268
1850091.109914 273.853087 102.845581 0.001404 0.009861
1871495.037280 224.977435 324.767809 0.006225 0.002856
908785.677938 195.184882 241.316905 -0.009272 0.011226
1755362.652128 318.458707 522.276383 0.010157 -0.009000
232765.271437 581.950476 98.740300 -0.018137 -0.007202
1765166.354256 236.523003 45.865203 0.017677 -0.001992
15434.920795 692.795945 474.722096 -0.012884 -0.004009
1077013.659792 90.548577 409.397224 -0.016800 0.010609
516053.778360 427.453399 5.784574 0.006390 0.012131
1576709.125925 429.937849 119.143679 0.006437 -0.008340
948767.654108 620.950735 12.264350 0.005598 0.013210
667159.362075 417.505636 74.290262 -0.003589 -0.001435
1146380.339352 334.069821 198.461350 -0.005346 0.003863
1462269.868451 722.400416 427.113704 -0.003599 0.019243
949273.004639 536.526315 309.725744 -0.000656 -0.006842
636841.273232 217.410000 521.059064 0.000690 0.017239
316267.470045 793.021292 424.490843 -0.012942 0.005315
1072709.865436 409.219599 92.914196 0.006415 0.016883
1234697.917120 187.584115 203.713042 0.017930 0.003945
1871003.135047 543.433665 300.082220 0.005845 -0.016344
968257.898916 95.541602 457.585466 -0.019785 0.004257
184803.100389 256.243309 525.990088 0.018282 0.013469
1613704.762242 94.162684 496.969181 0.000562 -0.008173
920804.219749 40.449353 484.228022 0.004876 0.008288
1455508.939668 184.292480 565.849196 -0.017309 -0.012833
1084419.887087 1.163841 515.146782 -0.018215 0.005931
1899527.167855 422.544116 461.413802 0.008449 0.001112
745706.753221 643.137995 509.170755 -0.010141 0.010541
1369434.811813 44.300485 529.146247 0.000578 0.002793
353913.564400 780.082828 371.906611 0.019275 0.003541
660308.989072 568.496236 492.110657 -0.009057 0.011118
1997036.600484 653.771218 469.004662 0.014265 0.014409
857968.969670 644.586517 232.646132 -0.012095 0.000744
1832483.595159 457.123458 194.350605 0.011784 0.011479
174050.590104 359.873110 525.600244 0.018770 0.018477
887791.815627 115.760616 561.179465 -0.017429 -0.014860
1048845.100705 314.621911 504.415091 -0.006252 0.006685
1236598.032171 273.650112 290.000242 -0.004025 -0.012097
688449.854352 662.718218 2.358710 0.009248 -0.018936
1047717.716101 519.149949 357.787530 0.013920 -0.003478
831685.772553 746.724269 517.330056 -0.008464 0.016125
1646809.537731 587.948689 29.511634 0.010384 0.011944
354697.854423 226.524224 115.104586 -0.019275 0.005153
1718570.137265 508.386523 581.342434 -0.006289 -0.018649
338487.908402 549.614095 517.416743 -0.012996 -0.003253
1776805.868268 558.738492 40.773104 -0.000621 0.001850
960078.654327 720.359328 286.953872 -0.006847 -0.012551
763596.911339 131.435424 556.141739 -0.002745 0.017024
1446903.674606 486.715002 125.340793 0.017731 0.005383
1673049.761761 619.905315 155.798146 0.012210 -0.015278
591079.477496 780.240695 482.650588 -0.013711 -0.013986
450261.526019 36.865093 509.533748 -0.008241 0.001255
788880.985598 619.063468 258.711963 0.014934 -0.015422
1247242.441982 204.434688 167.424792 0.002026 0.007426
405506.701397 217.999923 175.214183 -0.003530 -0.012353
1835863.754077 197.652443 576.275280 -0.012857 -0.017850
159031.381905 380.120734 18.653521 0.015405 0.005327
362722.217274 87.251082 407.212833 -0.018518 -0.003733
420997.232395 340.205305 105.274548 0.005870 -0.007706
580167.091722 213.297569 332.964204 0.002813 0.012589
479025.265425 617.114742 52.475636 0.001286 -0.012672
552036.800679 359.848914 258.455395 -0.010468 0.005060
969986.005207 253.898716 61.519113 0.000828 -0.011953
1471710.388303 557.482221 187.871009 -0.003393 0.009230
1430984.936390 500.967559 91.060739 0.015643 -0.009258
902052.609670 144.409166 321.233307 -0.019778 0.010001
700700.571156 195.515333 313.407331 -0.002450 0.011058
1408199.004553 571.166042 137.257999 -0.014608 0.018117
1713095.736556 496.403762 161.299766 0.018422 -0.014615
944491.339356 557.177767 498.615355 0.011372 -0.015566
1119457.834922 400.516874 441.396561 0.008483 -0.004373
8319.607940 130.645513 343.404075 0.001565 -0.013273
647061.014849 711.940264 247.353832 0.013813 -0.006815
379545.065751 439.165293 25.944745 -0.003344 0.007312
1990576.603445 218.555674 181.370992 -0.009383 -0.010682
876473.971119 589.557102 557.758314 -0.009188 0.000888
80381.552726 664.626002 13.461012 0.011019 0.001700
828036.629980 625.150055 423.019005 0.019523 -0.007176
1747623.103553 248.324018 124.350156 -0.008533 -0.013739
1072386.123739 381.227928 423.754014 0.003235 0.015734
777386.485961 459.682475 100.964651 0.007632 0.013596
801906.589792 103.706811 345.934046 -0.006814 -0.003938
197987.358178 295.856727 137.728707 -0.015162 -0.014145
1545926.498969 428.227287 556.365156 -0.000437 0.001286
492654.834172 281.816425 500.374175 -0.000772 0.004952
1978982.283724 792.992794 69.297623 0.007745 0.002831
17631.095842 66.023276 86.811406 -0.012954 0.010994
1966499.848276 461.758738 543.731825 0.003714 0.014826
611006.784537 527.343723 167.413943 0.001461 0.011204
850069.038966 246.994221 189.949476 -0.005923 0.011500
1676786.882652 479.153314 83.170790 0.006895 -0.017858
1557780.060711 529.866696 26.122120 0.015762 -0.005716
1227310.625476 722.804075 262.652065 -0.014922 -0.025557
428616.731627 591.925626 393.290741 -0.015228 -0.007965
1127178.874392 340.509076 576.810302 0.013655 0.018405
1480731.590409 212.643825 162.248946 -0.017760 0.004806
115335.758829 715.037053 130.670933 -0.012100 0.002661
541498.807511 780.879428 137.394748 -0.007448 0.014835
1167776.423119 741.838866 464.544082 -0.019056 0.007386
1705487.274428 189.988118 255.733667 0.000307 -0.005709
1455042.508177 58.271418 469.764552 0.007531 0.016570
1485351.840726 341.403154 108.565702 -0.019554 -0.000665
1600046.444498 55.450480 226.631699 -0.019271 -0.009266
1889695.885540 230.096479 146.913460 -0.013080 0.004150
230475.999522 605.990323 319.372503 0.015492 0.011172
434670.210087 593.591607 9.894034 0.005755 -0.009936
748135.628527 296.589715 192.948822 -0.013628 -0.017666
474188.291689 718.603344 292.845429 -0.003329 0.016187
1941577.332067 174.216003 588.463353 -0.006007 -0.010698
499196.726130 235.230854 314.386102 -0.000264 -0.001294
254300.674542 487.791680 134.030554 0.006372 -0.000116
6325.354803 699.881914 144.017721 -0.019182 0.000837
980919.682878 316.140252 534.946717 0.012558 0.001951
1900851.625903 40.253856 269.146646 -0.002604 -0.001274
719689.197242 326.166213 412.457854 -0.006338 0.010297
1844748.197982 472.713698 30.046390 -0.002188 -0.016554
1036199.990211 459.314538 416.239279 0.009633 -0.010773
385683.919483 595.601647 65.356941 -0.002700 0.010632
1256102.471266 738.645252 96.159039 0.000441 0.010427
1419511.694191 375.310299 472.992263 -0.013615 0.016238
511292.832210 415.415898 189.797372 0.017686 0.014409
145034.134456 691.063512 270.081450 -0.015049 -0.007553
1071721.370831 513.064746 530.625248 -0.010815 -0.004678
233847.819378 338.096638 77.491196 -0.011040 0.014190
1786277.592083 681.677921 467.363646 -0.017911 -0.005083
1031918.257955 609.579188 506.253794 -0.007876 0.016819
1499349.890975 446.181368 263.474742 -0.017311 0.000085
597617.807145 110.402279 218.980825 0.010021 -0.009531
1353622.215499 228.409328 541.959201 0.002471 0.000628
573296.933702 542.615601 564.135681 -0.003396 0.016134
1590131.532210 246.432280 453.722482 0.003018 -0.005543
258416.177825 73.127613 73.578265 0.018867 -0.004275
87595.200207 577.069499 571.781609 -0.000688 0.011451
906233.425674 625.955610 554.298483 0.012745 0.001239
370032.188655 395.748060 489.167576 -0.016453 -0.017748
664767.085884 299.494308 441.888378 -0.009129 0.011571
1278253.811075 52.984075 58.745693 -0.004112 0.005620
916040.443311 420.110874 438.711623 0.003215 -0.000170
249204.321880 499.051710 130.111900 -0.016948 -0.015720
8661.484350 424.635026 533.374811 0.017162 -0.006052
841302.204338 89.994690 506.005674 -0.010466 -0.011992
1802783.200425 455.963511 346.335391 0.005476 0.013644
731632.451868 220.839114 544.813051 -0.001395 0.006840
1096714.972098 736.661620 118.100189 -0.008793 -0.000123
1386984.768969 324.067821 76.204361 0.016472 -0.000733
469499.863903 732.007994 7.039352 -0.015003 0.013818
718651.906922 435.316782 574.711915 -0.011850 0.011215
316653.122342 84.408664 211.452233 0.010214 0.008845
385530.231700 79.554405 10.970389 -0.015987 0.002579
1379939.433830 519.599099 291.755262 0.015403 0.017184
1974529.288697 463.540009 199.387991 -0.015538 -0.000421
1626419.535664 279.847097 244.558991 0.012986 -0.001061
503204.831157 146.061654 10.629315 -0.011608 -0.004498
1600260.999799 292.921974 294.337031 -0.013935 -0.015950
467442.890847 275.246874 120.985785 -0.009911 -0.002200
1530910.291491 752.975544 56.704371 -0.010013 0.013187
43405.273949 189.890009 245.064834 -0.005779 -0.005881
1801413.789299 133.456723 421.543955 -0.007704 0.019687
348673.859774 447.436227 105.119857 -0.012278 0.010757
1122384.702378 793.210582 80.679627 -0.017929 -0.014253
474000.488629 229.228728 293.464912 -0.002428 0.001565
1867761.544822 162.560326 288.078769 -0.018847 -0.001851
617712.498930 39.675261 415.253567 0.008765 -0.003834
88793.583256 495.202797 343.005183 0.009904 0.016898
1123119.018564 736.287382 291.393270 0.009355 -0.015513
510837.786138 237.519590 62.576058 -0.004324 -0.005981
498234.962345 502.793198 381.280373 0.009534 -0.017336
350510.791107 537.873114 162.975095 0.006260 0.007948
1451432.125387 771.353676 449.424719 -0.003412 0.007369
303273.376219 370.393594 179.815327 0.008883 -0.011664
454803.713809 227.263626 75.823038 0.008609 -0.019197
480071.545802 775.432082 189.764185 -0.006260 -0.005553
1333575.176696 474.765189 592.827357 -0.007767 -0.006721
110627.538576 382.735210 1.741041 -0.007012 -0.014491
1406769.050940 41.560230 59.176696 -0.001861 -0.001178
1561676.394922 482.054558 559.271002 -0.016768 -0.007003
281255.947557 246.630164 364.626784 -0.009245 -0.019069
1257382.930842 407.584599 596.240212 0.017780 0.014116
706537.016996 489.451014 269.042318 -0.006344 0.016657
1558318.719993 318.217188 237.126617 0.011352 0.008937
1057752.200895 389.461686 466.107542 0.005111 0.017485
491364.625511 326.165257 325.137666 -0.012860 -0.000413
1734950.389590 255.121131 479.345879 -0.000920 0.003492
1643357.573842 84.815023 56.714863 0.012566 -0.017961
1898263.090243 133.908984 397.736422 -0.004152 0.000410
1157183.811607 141.209115 544.769444 0.018946 0.018329
1260090.642264 401.435753 266.415256 -0.003784 -0.014830
767107.214205 521.772441 323.413074 0.016970 0.013173
55740.578126 634.951996 88.704531 0.013005 -0.009333
1471867.368311 519.144070 224.857888 0.012772 -0.001705
851158.514084 624.009887 377.518601 -0.016454 -0.012926
279214.015361 532.809221 211.855075 -0.018204 0.005638
622537.959657 541.441741 84.551481 0.010269 -0.016708
543551.074594 112.540421 439.052750 0.012946 -0.017309
1125283.938425 670.522104 515.333286 0.008412 0.006511
255944.995329 357.695668 187.036967 0.000111 -0.008825
1549879.616848 742.578428 35.046383 -0.003810 -0.019287
474171.187949 435.932917 410.514323 0.003557 0.003660
648167.413030 720.758259 160.554742 -0.001358 0.006314
697835.028496 589.673478 478.522178 -0.016730 0.001912
1725670.433475 516.086108 231.065013 0.008588 -0.005233
99429.388577 679.115448 481.478554 -0.005527 -0.005960
163663.104253 109.231430 168.321682 -0.006434 0.000382
594763.153510 303.890674 52.967813 0.019283 0.018824
1355525.087265 245.111023 522.226039 0.017951 0.010960
1053977.892294 234.721850 305.581806 -0.007011 -0.004922
115031.983757 149.669839 12.970010 -0.002335 0.016303
752375.869431 393.623508 455.232996 -0.012747 0.014189
219437.964363 208.545971 594.964778 -0.004391 -0.003957
1068114.026016 550.298738 469.148481 0.004825 0.006930
1499866.051366 239.164756 584.105491 0.004715 -0.010298
1491842.997955 116.744434 322.368482 -0.009700 -0.001113
1826279.228472 251.269852 395.309126 0.017287 0.010254
1133058.067007 247.457455 149.318495 -0.007046 -0.000432
207507.431604 346.393978 450.431927 -0.016175 0.012954
304737.184339 504.552922 306.583959 0.017354 -0.010028
361247.467977 546.339015 329.241640 -0.013813 -0.007892
1585793.637478 720.355963 269.180370 -0.006749 -0.013867
1841064.114050 194.865262 281.140480 0.003200 -0.012817
451362.950938 116.066598 291.935620 -0.000992 -0.001229
1950936.490647 463.038064 542.285701 0.007627 0.008409
1454702.783122 701.595635 182.783934 -0.010463 0.012507
1108684.254395 335.045068 297.166608 -0.015858 0.002983
1596490.624173 716.726911 284.782331 -0.012968 -0.009761
1263706.185512 134.040426 282.585146 -0.015923 0.009880
1294332.516982 260.994328 535.862421 -0.014675 0.012038
723046.520130 87.005327 228.590283 -0.009386 0.013351
107937.715067 793.424171 426.763321 -0.005763 -0.010878
1046872.077066 728.739632 389.650068 -0.019404 -0.019561
450965.188654 653.749426 546.565312 0.008006 -0.017432
278162.196408 266.410246 139.741020 0.004373 -0.002624
1960316.196066 205.855597 456.535580 0.014896 -0.004399
1125740.257616 187.902676 299.747735 0.017725 -0.000073
668170.334151 796.635938 294.177707 -0.018199 -0.005846
1443825.863043 455.454827 160.061946 -0.005094 0.003560
564375.188464 478.068127 242.536017 -0.012222 -0.008027
938961.728913 267.179920 379.969769 0.008062 0.017684
132214.712972 546.787399 119.688364 0.013390 0.002236
1179224.623916 311.417975 473.084714 -0.016502 -0.006650
575213.267736 339.123369 197.867157 0.010971 -0.001186
1368718.602401 401.015913 24.107155 0.018036 0.014957
1254302.726711 185.599039 282.660437 -0.018627 -0.002903
1541011.519516 400.993262 456.070732 -0.003927 -0.011880
1407684.757098 375.580920 531.699700 0.016163 -0.008186
883750.411162 393.734936 411.806506 -0.010532 0.003305
38293.802197 414.493492 2.783225 -0.006034 -0.008075
949396.727117 26.726561 479.105959 0.000620 0.019460
1340193.529306 112.079993 129.784530 -0.014277 -0.013048
1289556.392138 729.365553 404.274760 -0.003838 -0.007438
1756783.113702 88.178440 468.883385 0.010443 -0.019776
157687.638028 166.116418 303.220402 0.010652 -0.002498
175039.783202 626.536638 573.151558 -0.016257 -0.014658
506304.289450 453.162902 99.133318 -0.017937 -0.016702
301433.914481 576.000063 133.930188 -0.005390 0.014566
790027.673724 9.452078 464.035791 -0.017179 -0.003249
176035.711624 758.871488 317.304277 0.014788 0.008526
1081972.172988 759.026271 552.374105 -0.018288 0.008718
715741.816310 106.914218 298.809718 -0.007397 -0.010926
1263880.632475 454.439626 476.787640 0.011929 0.004695
1751026.801649 758.581274 202.399941 -0.016191 -0.007299
399196.095951 394.980403 198.064284 0.019123 0.002340
1496994.359185 48.600962 306.642016 -0.008892 0.017278
445396.929255 653.502497 529.872124 -0.014304 0.014536
1193553.106484 399.706962 599.536756 -0.016109 0.012528
450224.472419 581.176000 229.334008 -0.019253 0.001036
1999453.321099 715.704748 285.942869 -0.003976 0.018889
1584501.028799 429.084361 291.145736 -0.015105 0.000397
94458.571679 696.641390 342.381365 0.002263 -0.014110
1007827.074736 623.554059 579.793235 -0.004564 0.016844
1658558.308919 786.763793 252.987521 0.013085 -0.016918
475365.567242 42.343370 482.763952 0.004256 -0.016879
663714.367274 496.195670 581.020970 0.012211 0.018152
1919117.403179 479.274682 297.020144 -0.002160 0.008818
9624.167350 393.738181 354.427074 0.003062 -0.018037
1478876.057770 64.694033 497.158911 0.007683 -0.001372
1502145.321808 426.430541 269.197593 -0.013017 -0.005533
1054818.871922 329.035527 247.562712 -0.006669 -0.018736
972186.690649 532.035723 390.581330 -0.001902 -0.001130
1216433.286302 329.406142 43.444599 -0.015859 0.014312
1585452.240699 85.710997 209.978804 -0.004640 0.007076
796849.675848 98.887291 459.186638 -0.011146 0.013056
461377.134761 782.881518 216.870847 0.007131 -0.013901
1447663.852688 165.088949 338.386193 -0.014468 0.001606
1190708.408687 498.692531 122.607077 -0.010128 -0.017096
1355477.244293 684.149231 294.633075 0.010005 0.018250
694211.989964 433.793906 39.535896 0.007919 0.017116
1497031.391364 75.986613 30.172792 0.000516 -0.007092
1759090.904966 594.359709 180.028586 -0.010331 -0.003081
904928.793621 771.826088 377.570669 -0.019377 -0.015859
341892.055395 489.116613 437.239141 -0.004957 0.014365
1609370.418642 43.075788 428.170329 -0.008164 0.012129
1339833.364515 513.603331 206.815849 0.009438 -0.006381
543533.833951 386.113571 260.667037 -0.007102 0.019769
1510075.678821 160.905682 443.549007 -0.017781 -0.002229
325429.097901 406.752788 246.072934 0.011709 0.000974
1027532.088117 770.841172 81.179124 -0.010407 -0.006332
1987715.010526 37.257714 236.718953 0.008295 -0.006360
396776.620483 301.262941 588.466304 0.001757 -0.015612
639902.701899 652.721953 355.775684 0.010160 -0.014509
1179865.857204 406.048779 204.146620 -0.006878 0.002541
1568458.621189 393.099724 42.239788 -0.012223 -0.008572
1190290.628555 566.851476 150.443804 0.009232 0.017977
1180185.991889 580.696728 597.216902 0.019381 -0.002817
672088.553511 146.461788 485.102049 -0.007421 0.009058
1837656.663655 510.378015 325.235334 0.000515 -0.004377
1360614.323691 81.382274 539.156273 -0.019217 -0.002764
924125.776125 643.731527 555.431655 0.001304 0.019922
418950.309241 102.523485 424.791742 -0.001821 0.014221
1312754.557148 39.439269 349.529662 0.006049 -0.018700
30587.249450 790.975077 130.181686 0.012880 -0.007748
1889215.610870 593.530988 565.913766 -0.000552 -0.009845
669560.509114 133.361626 214.015203 -0.010651 -0.012484
1579576.984783 556.900842 594.861283 0.008602 -0.010935
1982244.182370 739.145443 213.989095 0.007925 -0.004711
432350.935616 284.069752 257.893760 0.011968 -0.019778
930735.730068 652.666075 596.859976 0.007301 0.005507
600671.720971 501.562844 227.592984 -0.010152 -0.015434
1270601.892504 464.123193 169.658994 0.019698 0.012528
938976.299455 626.106134 304.953310 -0.001554 -0.000154
1474031.937064 361.558792 251.500413 -0.016258 -0.013941
1605130.416157 247.674496 302.484136 -0.010672 -0.015573
1023340.410098 559.403491 555.232000 0.000255 -0.004739
1128556.229700 645.886401 5.003549 0.017722 -0.017932
248420.950141 463.869385 377.921721 -0.004124 0.002541
884577.235619 701.230367 213.129707 0.017993 -0.006640
1704879.713107 549.646923 474.582526 -0.009087 0.011150
1882055.445519 60.078433 54.726399 -0.002195 -0.007590
404206.608610 765.735440 4.935729 -0.014905 -0.001413
780987.060993 553.516462 162.480816 -0.004087 0.005528
642018.800900 420.326168 130.940370 0.018039 0.017209
1579863.075903 313.730096 483.287111 -0.014246 -0.006312
286431.929230 799.246344 18.241511 0.017334 -0.009100
1625355.291937 700.227511 207.252627 0.016183 -0.007098
1310099.705732 85.546856 166.754180 0.006604 -0.010569
1485499.756171 42.224581 555.836300 -0.019435 -0.001827
1126826.147142 267.823141 586.680930 0.011207 -0.008655
1817754.082297 456.615793 407.060752 0.008593 0.008662
42605.713030 685.638572 428.925907 -0.017440 0.011466
1969490.396776 691.750738 399.943042 -0.006747 0.010788
1972945.507603 788.177478 525.924451 -0.009429 0.005961
221002.463354 5.520081 420.943845 -0.018477 -0.019153
314139.836614 479.699695 212.921389 -0.014574 -0.004779
1280098.799281 35.190172 571.117167 -0.007238 0.010303
1334025.561499 271.094506 370.165979 -0.004792 -0.004313
817314.073824 291.847131 154.313433 -0.016976 0.007879
52254.755074 49.438951 409.019867 0.016120 -0.006915
662711.798522 9.338391 199.604311 -0.018596 -0.017991
710212.109941 153.529327 389.808047 0.008414 -0.006921
61999.699130 281.176282 223.116839 0.019323 0.006775
261157.692532 519.725188 3.566697 0.009906 -0.018749
797766.605764 125.483912 237.046269 0.006234 -0.010780
184709.901076 545.782295 175.238185 0.010998 0.003289
1235796.007903 85.561004 357.281382 0.018125 -0.014406
1292608.929469 245.257309 198.171511 -0.008131 -0.019337
1317389.029692 261.156713 220.305117 -0.018777 -0.007597
71927.786838 127.678938 575.947658 -0.018264 0.016276
1977614.946653 353.551982 38.263383 -0.004679 -0.016034
591803.305127 381.797572 467.127211 0.003537 -0.009939
726241.200569 165.320146 213.916360 0.018403 -0.013690
995710.504705 485.373279 279.466356 0.013135 0.016104
963862.695249 391.260062 138.023132 0.013998 0.000718
1079147.418532 708.513004 408.152894 0.000051 0.017226
1174876.041326 389.930125 223.367163 0.006102 0.014863
937689.950195 758.200135 209.349927 -0.010104 0.001361
1200871.358253 489.830875 445.116487 0.018293 0.002820
1798372.363578 364.431462 105.756107 -0.005467 -0.008549
158766.744732 676.206778 464.589239 -0.007524 0.007882
584123.108808 680.001233 348.327724 0.018806 -0.006105
1019930.488905 447.457142 500.041724 0.015236 -0.011571
1412068.961846 279.174708 95.697221 -0.017830 0.003988
1390465.348675 524.111175 125.824753 -0.002536 0.004570
1560588.704217 269.678109 41.833260 0.018294 0.008041
709118.110458 28.595883 327.022585 -0.014816 -0.006327
481739.437432 336.855780 116.738498 0.012805 -0.004329
1084185.081108 265.248920 569.382467 -0.004954 -0.011510
321427.933090 65.585739 337.114074 -0.007591 -0.014311
322096.383349 11.883528 475.428860 -0.005129 -0.001934
811598.476400 120.522059 472.148815 -0.000989 -0.015694
975828.599639 662.741477 87.518656 -0.018663 0.018340
980873.326296 219.766858 226.138198 0.007429 -0.016138
1538962.265262 182.332389 256.990785 0.008853 0.004173
1281944.833362 703.492146 411.166562 -0.011732 -0.012080
1646853.441208 292.177186 129.476517 0.004647 0.009431
1334224.681991 17.321909 531.643529 -0.001748 -0.000144
1987979.200663 753.844352 196.550856 -0.014446 0.019157
567825.405192 503.426751 150.165440 0.006628 -0.007352
693992.653253 345.702355 324.365092 0.011184 -0.014024
290886.182473 333.377029 18.726100 0.013265 0.004840
461579.700216 523.943552 590.493375 -0.002183 -0.009215
1440439.939238 90.583309 175.776818 0.004287 0.002718
1578856.275221 479.541094 307.217184 -0.015373 0.009482
975708.803616 320.022615 219.820985 0.009551 -0.017501
1363849.989774 68.047270 296.460259 -0.011051 0.014437
1287670.666020 295.537330 165.454565 0.006994 -0.011984
1793086.186886 725.066275 513.155169 0.015254 -0.005938
253419.465503 481.146655 278.077468 -0.003024 -0.011634
65064.939701 167.194860 484.606125 0.001755 -0.007021
1093948.624606 26.109298 434.864932 0.016641 0.010810
1570950.974510 476.865584 514.219658 -0.008955 0.012892
1433502.711092 738.749378 113.694535 0.019648 0.003963
779698.448619 711.501407 301.981116 -0.010240 0.010919
1707668.152502 297.482672 224.296571 -0.007304 0.011716
1161722.038482 280.365132 1.087283 -0.004386 0.015820
650195.260835 748.020449 556.383293 -0.017963 0.014024
1393276.303724 667.723863 267.671523 0.002117 -0.015476
534900.189626 215.488125 20.786309 -0.001722 -0.009447
1264731.390059 676.538048 90.955981 -0.014611 -0.016291
1848317.172308 790.580524 278.239580 -0.008159 -0.007743
512088.236637 701.935944 394.118240 -0.009757 -0.009260
1104225.446984 465.374867 122.080486 -0.000854 0.005251
107543.810321 140.002901 279.629541 -0.000011 0.009157
1156781.673039 615.007600 597.803271 0.004530 -0.011045
520065.349769 196.732655 42.773141 -0.003458 -0.004743
327390.441823 269.837262 222.029411 0.005083 0.005380
1353004.063178 706.946529 306.602967 -0.006500 -0.014416
1558240.596931 709.810385 433.248088 0.019295 -0.005478
706633.334377 29.348295 323.797171 0.012782 0.001671
534505.464385 317.231214 182.432964 -0.009451 -0.019531
1061346.780072 419.748241 154.947623 0.004194 0.017617
1275778.349152 611.923225 164.395171 -0.019714 -0.004276
1816858.008419 547.086208 165.976408 -0.003172 -0.019294
837596.447597 159.060139 541.990318 -0.014417 -0.012814
537634.699856 396.238937 130.341343 0.012320 -0.007438
1509630.032587 59.518069 425.716430 -0.021896 -0.028349
1442342.147903 473.672597 518.136051 0.019190 -0.012369
1603574.954720 492.026854 575.830056 -0.016930 0.004958
706735.606634 787.858420 184.364876 0.005206 -0.003779
651319.147391 39.707381 362.250151 -0.010772 -0.012386
1573016.600485 398.106481 411.333659 -0.019947 -0.007662
1998835.487291 607.672770 230.212544 0.008374 0.012764
1445522.677826 344.911792 246.117190 0.003477 -0.003645
1207599.107738 311.341048 14.957108 0.002536 -0.001317
1297106.122271 734.029286 269.882927 0.018126 0.001904
1709409.523620 225.344632 358.939390 -0.001614 0.000450
1579454.636005 196.670259 5.827206 -0.000954 -0.009961
635151.660366 380.584434 5.021518 0.008027 -0.012569
1657542.871152 337.982928 368.713653 -0.010402 -0.019606
50074.195513 673.620971 239.438669 -0.017989 -0.003730
1728956.987955 558.560650 193.894348 -0.007466 0.006079
1741304.677791 135.019054 562.132416 -0.001267 0.005051
896425.988943 206.787916 524.893854 -0.001634 0.009341
248631.410417 620.338855 125.787952 -0.014692 -0.000944
789536.960791 769.038353 539.234110 -0.019608 -0.011930
1819863.026878 28.296738 26.062939 -0.007615 -0.016542
901731.744829 139.497705 470.671616 0.010950 -0.000464
878442.611954 515.147569 393.345811 -0.004976 -0.015504
569936.175165 658.536445 222.593756 -0.013655 -0.008684
212161.644461 226.391216 35.170516 -0.007361 -0.003240
1070836.321949 568.335479 228.060164 -0.002628 0.008850
1162154.364009 276.202590 454.555927 0.005044 0.006161
1685995.778854 61.540594 497.432819 0.005584 0.014007
631794.399876 54.218580 296.537871 0.018930 -0.002275
