120102.793966 630.404577 121.612998 -0.006101 -0.005544
269277.329682 300.023266 156.217088 -0.018278 0.015151
1260731.205931 302.254641 191.714660 0.013068 -0.002961
973263.179405 632.906878 572.918229 0.008502 -0.005936
1683880.506867 289.211003 229.275848 -0.016823 -0.013039
1760997.696668 175.411651 580.422519 0.011720 -0.019819
354965.669268 681.968474 474.599518 -0.004791 -0.012039
306862.422408 412.008424 346.440130 -0.003480 0.002355
913598.742761 34.951707 562.601405 0.011145 0.014844
723511.401901 210.226675 397.787547 -0.007308 0.019059
27418.055584 127.003056 203.146459 -0.004126 -0.010460
1026719.971107 221.753404 272.960797 -0.000715 -0.017199
919235.655535 527.250316 552.796949 -0.009944 -0.018413
247720.705461 324.228034 333.711466 0.008060 0.012678
229642.751734 125.579367 517.156270 -0.017956 0.017174
1463437.116455 330.407230 118.929371 -0.004254 0.009176
349002.480669 325.714378 534.018454 0.001194 0.011432
253345.397419 21.861968 48.649482 0.003297 0.000363
301882.374241 33.222500 100.954645 -0.017034 -0.008248
417897.793659 158.348550 419.885246 0.010565 0.015940
1032678.423930 703.066042 34.542019 -0.004921 0.017250
1981626.739717 86.525132 206.282580 -0.012550 0.000440
148080.320166 291.082374 546.192932 0.018533 0.015043
1426235.401736 72.431357 542.597026 0.011799 0.006903
826207.458426 756.227248 428.282906 0.003249 -0.019250
17939.873048 633.041880 129.715427 0.008268 0.002238
229060.592236 178.681288 260.698961 -0.013006 0.003909
729567.630556 129.730172 425.695455 0.008428 -0.006070
424191.899795 625.465094 428.220693 -0.015127 0.009747
1179453.697605 667.589964 501.693700 -0.000333 0.005136
1017047.714916 724.893132 344.257445 -0.011063 -0.000461
1184883.571782 186.602415 168.419018 0.012308 0.017667
1669257.284919 738.028138 97.918484 -0.009258 -0.016836
1530870.404807 506.868383 153.136117 -0.001067 -0.006370
1211583.405366 549.651348 75.400085 -0.007254 0.012390
1741377.547263 727.179096 385.836109 0.008292 -0.003788
544004.606336 172.582852 185.188059 0.013864 -0.002453
1594854.852927 349.893914 402.353448 -0.016924 -0.010145
1223177.906695 729.687986 101.306711 0.010946 -0.013110
527324.168257 433.114311 487.626355 0.000765 -0.019353
312490.830343 99.714218 422.377618 -0.009640 -0.002764
1025907.483430 120.836517 212.081175 -0.013733 0.014350
1509229.653286 341.897286 43.577951 -0.017991 -0.009399
1023852.793045 688.164318 428.109220 -0.012674 0.017497
1918069.081343 635.229407 509.706422 -0.014817 0.002802
59433.087734 314.507863 67.920377 0.013717 0.016465
257531.464220 800.546478 21.759639 0.013275 -0.008790
961609.428265 277.230365 259.692224 0.013371 0.000061
582120.371322 470.100278 558.494176 -0.005430 0.005999
408974.288222 701.686983 306.589062 0.016815 -0.017661
899929.745542 700.338759 511.738938 -0.008030 -0.019842
849952.291162 263.260730 237.680097 0.001507 -0.013091
617567.269419 532.396400 103.649684 -0.006174 -0.000021
907629.657959 661.801960 506.998611 0.015494 0.006324
693382.430213 141.785576 148.659447 -0.008907 0.001677
1797970.130014 385.125283 250.787838 -0.003524 -0.004086
955435.349120 688.636962 163.977520 -0.006712 -0.013571
557659.864685 605.850760 293.314604 0.007017 -0.008250
1324351.926951 788.266252 575.607513 0.013349 -0.006819
917046.023028 230.670188 93.518722 -0.007870 -0.012910
1632997.046985 519.102064 212.541658 -0.017490 0.017123
1790149.784549 770.201324 244.874140 -0.007410 -0.004957
1613713.184192 632.151054 140.651372 -0.016795 -0.015065
791753.703166 288.565123 527.223273 0.015413 -0.018590
347958.385175 437.377845 12.060010 -0.014655 -0.004621
701432.257286 473.864522 403.339153 0.000321 0.015831
1693039.169392 258.678938 326.920876 -0.012032 -0.004481
944105.254926 76.355021 210.598743 0.015342 -0.003686
1451122.988691 550.658625 119.868754 0.018420 0.010770
644142.737912 285.022888 76.599382 -0.011893 -0.010299
328294.663843 300.314573 473.817020 -0.012168 0.000423
344141.964030 428.791132 60.529266 0.013709 -0.018295
1995072.262359 551.859737 220.672475 0.001692 0.015581
1509670.835691 11.163399 591.036881 -0.015727 0.015786
783939.521193 665.465561 350.077031 0.003534 0.011733
702233.533702 730.434182 89.101911 -0.000812 -0.015212
783487.379916 514.385809 295.238795 -0.012699 0.013074
1976.599918 282.132536 217.593869 -0.015854 -0.012083
812477.567611 80.978508 532.099244 0.010929 0.005799
1551513.418346 422.661931 395.102528 0.010377 0.005365
1106838.468046 120.765225 279.715824 -0.014518 0.009724
516376.429478 389.599781 394.250637 -0.003928 0.018701
1541877.001311 639.196141 366.983284 -0.009510 0.019229
877046.727052 210.971905 200.406024 0.012096 -0.005350
1062152.807164 166.463681 280.920987 -0.003290 0.019312
220503.739184 155.058321 306.145563 0.010772 0.018108
285758.867062 257.623394 62.749203 0.004288 -0.002010
1694852.848395 693.283091 566.671743 0.000241 -0.009221
1823523.613542 219.371096 44.351951 0.000920 0.001473
109429.840049 768.300857 480.051136 -0.004459 0.010488
331166.874772 736.352880 582.250226 0.005306 -0.006545
1904142.131984 594.107079 318.588747 -0.001583 0.000436
967910.745632 483.305979 499.272994 0.003520 -0.011505
581591.096978 348.435747 48.092178 -0.010653 0.017496
706572.319710 117.987009 128.373100 -0.003005 0.006862
1499518.371885 385.537534 378.804531 0.001970 0.014862
785875.055374 571.541798 474.397064 -0.005466 -0.006112
257524.722376 252.962572 54.389425 0.006461 0.011195
1201976.699383 114.826725 228.918978 -0.002620 0.009278
1186503.038363 580.037896 101.811532 0.006828 0.018393
215485.423904 20.097345 64.844697 -0.007120 -0.001907
1555844.913030 56.639483 560.846580 -0.003697 0.004792
1610655.802121 641.104229 200.341457 0.003838 -0.013393
1363983.919548 580.584613 288.324621 0.010878 -0.004604
515601.680854 298.520952 317.636659 0.005556 0.012251
521772.659627 185.441579 319.539994 -0.002815 0.016124
984056.433190 429.795568 558.358044 0.003513 0.013654
764465.851134 302.222901 558.033557 -0.007322 0.011439
1098768.237559 98.195525 352.911474 0.014632 0.008840
1505133.839094 452.517423 265.866442 -0.010743 -0.006513
1656881.889169 392.745917 425.954593 -0.005641 -0.014820
1035409.796534 493.563050 216.375167 -0.018007 -0.018104
532033.862794 432.452901 349.955511 -0.012178 -0.014336
885049.308131 462.100016 312.397858 -0.005106 0.015767
611963.250959 737.590657 10.410345 0.015703 0.012225
1469794.933437 516.384370 223.583683 -0.012442 0.015601
1419313.830053 5.385702 222.243947 -0.003143 -0.005436
1001399.715897 751.238004 589.863228 0.014482 0.019445
57920.523946 103.054274 316.906066 0.004562 -0.007023
1340168.589419 44.071910 541.157151 -0.012381 -0.002906
1593328.125585 397.033536 209.038888 0.012545 -0.004447
308175.125303 438.499411 21.579953 0.000931 0.009127
1829796.170737 187.908727 440.310103 -0.008568 0.006237
194622.977727 628.409521 356.780959 -0.016824 0.005969
1163384.351490 85.797041 466.888889 -0.015297 0.009204
203536.384834 623.531510 466.957050 -0.019844 0.018799
408990.508136 640.541072 279.637779 0.002406 0.004633
1709918.606891 566.473540 96.647991 0.015755 -0.010616
1776676.395804 644.358992 280.295267 0.004786 -0.016388
248411.979642 575.617436 526.844228 0.008748 0.011925
1052401.075630 239.776510 543.570605 -0.007835 -0.003537
1254879.329007 324.242481 114.398078 -0.003738 -0.003569
322021.593490 487.279418 125.386690 0.001218 -0.015031
1647379.426121 386.173438 521.423711 0.019419 -0.005113
204691.412954 699.186299 106.325149 0.002793 -0.000170
536197.156895 555.282980 128.659785 -0.014199 -0.003474
25648.950611 537.931620 428.814850 0.016669 0.018944
247729.502734 436.862655 229.211179 -0.007400 0.018032
1580350.309415 379.805474 335.212603 -0.020007 -0.015902
1443766.372951 659.205349 351.066733 0.003679 0.012389
1912564.341869 554.291888 409.505931 -0.014673 -0.009431
357511.299829 321.102259 575.525059 -0.004419 0.001841
744693.135258 324.319469 130.818031 -0.016548 -0.007019
387589.365424 167.803715 523.077623 0.002987 0.000953
1645202.005117 291.607486 -0.124526 -0.004714 -0.005362
205411.871060 83.718266 113.541214 0.007507 0.007843
1996032.971887 514.904934 233.933933 0.007538 0.010392
1306804.762830 688.128264 106.606582 0.004501 -0.009857
1450619.077985 788.593701 395.057020 0.017717 -0.017182
1969754.747101 110.661364 168.454016 0.013631 0.008611
1609086.544071 543.868296 45.444443 0.012193 -0.017514
883645.576836 726.152825 99.662484 0.005687 0.003640
1722771.757153 502.419483 142.265355 -0.009970 -0.007557
28763.775727 722.655567 101.807335 -0.011982 0.000503
845989.907554 733.748243 301.348424 -0.016745 0.014417
1143645.596292 54.562816 600.385351 0.014090 0.016926
1423342.375748 525.700571 361.912508 0.011487 -0.001572
1329764.171191 184.894147 221.783884 0.013246 0.014447
1926056.274178 553.200961 294.426072 -0.012003 0.017723
1598411.507718 172.803424 507.809531 0.018772 -0.003699
726058.746095 314.071383 195.450190 0.014553 -0.001022
375371.614646 348.369586 324.800690 -0.012647 -0.008629
932014.105344 718.362347 567.079664 -0.017155 0.007133
811741.037672 587.798897 550.840278 0.010982 0.002636
1557690.799962 589.657045 154.941043 -0.009263 0.017509
399385.155365 53.290473 91.183146 -0.018134 -0.018557
1122038.441301 328.096645 256.565174 0.015485 -0.009111
1805346.826001 59.658428 425.554714 0.004655 0.002422
1995636.369100 729.209296 97.111609 0.017697 0.019432
1695958.700821 279.094626 427.831042 0.010647 -0.015090
558004.577904 435.829655 516.748065 0.001459 0.012505
1597187.265566 589.326746 528.823727 0.018085 0.011277
1833981.536251 410.031105 114.644194 -0.006181 -0.003991
929917.220459 197.777291 284.847406 -0.013191 0.007561
1471826.909795 138.649717 361.220888 0.015870 -0.015403
1165988.196230 595.201577 277.977547 -0.008183 0.000420
1172216.120722 460.777161 32.362682 -0.002198 -0.015477
1736107.381869 196.481560 508.208448 0.009949 -0.012172
1259741.624473 533.043743 425.065704 0.012848 -0.019576
218963.730251 229.080094 155.191864 0.003362 -0.001610
1902503.935575 255.783586 379.543957 0.002182 -0.011337
1496596.111682 109.394644 576.179566 -0.011559 -0.002660
941537.357374 638.182046 5.880329 0.001068 -0.010191
245239.558744 315.832834 292.967922 0.018816 -0.014289
1372376.816986 480.098742 484.742803 -0.004175 -0.003135
1637971.852737 403.666573 423.965988 -0.017017 -0.016343
337179.376901 23.698140 245.403647 0.012137 0.003349
1249672.392965 440.331174 432.838613 0.003379 0.010445
310196.676436 44.318124 335.822164 -0.013360 0.003296
1607296.809371 230.235396 585.008326 -0.008235 -0.009706
236307.595035 783.979111 515.209396 0.017036 -0.004964
561161.337682 597.009660 528.847239 0.019448 0.012913
1939371.158341 125.323758 511.959843 -0.004855 0.018363
870700.636353 2.073467 305.597058 -0.013724 0.003550
541779.813609 249.447987 386.783049 0.013261 -0.000887
453110.709066 506.722776 459.670945 -0.011928 0.017065
47266.968548 256.939152 543.195338 0.015294 -0.010191
562186.379247 130.033602 594.577572 -0.013528 -0.013979
1629854.769274 105.318892 185.090508 0.006686 0.000384
534606.907766 82.283088 307.441895 0.011063 -0.009663
203362.833803 38.227635 342.290677 0.009821 0.015214
92345.910190 778.861587 306.463274 0.012421 -0.012993
877177.283576 667.547480 297.692018 -0.006206 0.008680
1484435.888699 500.948791 528.862357 0.009362 0.011483
64404.659935 438.991104 550.707985 -0.006320 -0.011443
856791.879449 487.096999 190.780779 0.017639 -0.004616
1153201.109335 33.930649 259.456550 -0.014231 0.011658
618554.387530 154.302990 456.659875 0.012846 -0.019884
1875266.974734 207.512713 503.027065 -0.002703 0.004178
1111007.126566 140.222205 138.581690 -0.002544 0.016421
34336.430968 375.408503 275.433934 0.017148 0.004291
1349224.196444 292.165092 249.867044 0.019695 -0.007782
1602661.077679 455.159167 209.632388 -0.010649 0.008558
276647.354605 434.456802 544.429893 0.016396 -0.005551
1822198.850020 671.145757 373.249079 0.009942 -0.009121
453696.245539 243.685725 268.609711 -0.001696 0.009697
713133.517985 379.607455 125.373586 0.012603 -0.003602
36437.158490 391.719726 464.283879 -0.002892 -0.000575
159010.190591 189.104554 31.261562 -0.002846 -0.001199
1535456.720523 453.590162 6.983621 0.007007 -0.001250
749811.288319 470.089000 183.230704 0.019853 -0.006530
1154889.427663 178.787014 384.583001 -0.018997 0.007214
762647.938338 304.974228 92.509375 0.003625 -0.012137
1129345.827331 486.729546 410.848560 -0.006533 -0.018318
337378.635228 333.963117 168.852784 -0.011171 0.013865
1499918.929068 791.311077 248.046774 0.010353 0.006639
1760744.261444 108.757067 149.805837 -0.012555 -0.014674
1172923.453698 610.470241 215.674985 -0.010955 0.011545
79642.974809 486.106968 100.992440 -0.012201 -0.012033
730713.756164 606.869237 483.859251 -0.017944 -0.016077
1702955.846536 175.432822 309.539080 -0.014690 -0.002385
724785.897287 705.980536 257.952229 0.011051 0.005766
187236.443249 524.322591 468.674618 -0.006230 0.013669
1828784.213322 744.229118 362.793629 -0.009389 -0.013235
787390.226865 250.407318 459.587334 0.002479 0.000237
1929498.061505 743.001529 161.126520 0.010639 0.019219
730520.102536 499.636218 120.190762 0.015182 0.010616
1281053.293162 194.263618 381.779216 -0.017203 -0.019252
562426.321470 130.215287 404.885722 -0.017503 0.000267
1033437.869061 780.011495 262.824418 -0.015120 -0.010089
1192859.900739 412.568802 336.346138 -0.005499 -0.016832
138898.690296 261.442953 3.561834 -0.006510 -0.015990
1973181.982512 561.032394 434.047682 -0.012565 0.003319
957790.512106 660.746566 496.836403 -0.015323 0.015869
1692076.045876 318.215847 36.199760 0.000830 -0.001625
1136829.509929 29.229715 260.390695 -0.019525 -0.013629
1367539.427880 482.441772 406.271316 -0.010179 0.018674
1509350.044424 252.390141 176.113760 0.010400 0.006116
785056.476847 598.007739 212.853888 -0.015366 0.017395
1873643.585422 476.120729 457.077661 0.010546 0.008431
1315983.134935 488.226517 64.702718 0.008804 -0.014716
1135951.929323 228.663195 100.584068 -0.019853 -0.008259
656102.584980 548.514813 539.255031 -0.019843 0.017279
1727078.126616 606.286872 148.304007 -0.013756 0.000838
1797488.349396 438.930807 161.416730 -0.009883 0.006605
406141.346510 152.068256 156.441993 0.018576 0.018124
1941231.998588 497.131584 337.391037 -0.016815 -0.006385
1386830.762674 518.548071 376.787341 0.014459 0.005999
1843128.023596 152.263861 201.695994 0.012786 -0.012238
538331.757550 546.167774 571.835113 0.000657 0.013535
944807.663069 332.411748 233.368304 0.009359 0.006560
106756.882792 754.930318 514.551332 -0.007553 0.016347
1618777.323337 226.580690 318.149917 -0.005087 -0.005245
1742666.514471 52.446300 6.940498 -0.000035 0.017113
1321460.731012 337.190283 69.684215 0.019889 -0.010391
620834.287545 213.126709 553.831855 -0.009471 0.011295
1523195.320518 587.383513 118.884283 -0.014016 -0.000941
1731081.362688 163.141340 252.014205 0.008915 0.000661
656632.629529 425.706082 480.561591 0.014354 0.016123
325566.043298 583.675430 581.012812 -0.013079 -0.010858
1792559.657149 666.324623 390.323815 -0.019492 0.013221
1778465.217808 259.351710 59.264464 0.012374 0.003536
1763427.173609 457.774403 193.013746 -0.017833 0.010063
1593951.392730 755.902396 556.274110 -0.011307 0.006609
886016.743670 435.790948 119.158498 -0.010398 -0.003813
204796.643092 323.790912 80.808847 -0.017155 0.002978
727276.621725 773.416470 248.412964 -0.019640 0.019104
488690.041233 721.743585 183.029129 -0.006267 0.008564
1781116.410057 179.201236 171.949954 -0.011470 -0.007824
20635.784613 7.584336 149.531983 0.017502 -0.010969
1834876.302553 303.363433 462.686276 -0.015331 0.004949
350019.654422 174.643466 16.726240 -0.007612 -0.008380
1214501.650638 537.705258 155.089514 -0.019201 0.007497
477760.385944 211.514010 353.510970 0.001767 0.004276
605806.972182 347.267822 499.304198 0.003595 0.005793
272576.070518 480.085331 392.513278 -0.004567 0.001522
1759240.741729 243.206045 550.258315 0.005986 -0.003282
1080301.612187 660.462523 382.614935 0.002790 -0.014591
1857771.559552 140.168644 484.320545 -0.012477 -0.012185
988850.145130 339.902602 276.840172 -0.016671 0.018752
134591.829094 309.633416 242.569559 0.015994 0.019024
96963.198901 28.624986 345.821359 0.008308 -0.003141
227820.812831 464.977995 434.750841 -0.018763 -0.010712
290631.014058 457.574717 34.234770 0.011495 -0.014507
385931.693197 569.492474 190.160723 -0.020027 0.015996
1023297.854244 397.117343 195.423146 0.018830 0.003265
589125.026292 31.573079 579.697588 0.007951 0.017450
1882412.602139 596.845576 584.008096 0.000686 -0.002098
790218.714061 504.735891 18.734178 -0.015186 0.006554
526777.357108 212.301723 139.846304 -0.007110 -0.017987
748590.766801 411.835548 457.612491 0.007591 0.000592
1324791.236466 162.228849 5.962674 0.019525 -0.013032
1179151.767483 226.044826 128.352652 0.002196 0.019229
301466.356172 395.978761 434.800559 -0.014981 -0.019510
349183.755158 414.980926 387.372894 -0.011764 0.005623
616335.581344 375.075154 543.778643 0.001723 0.011543
1910511.639859 733.778112 182.934458 0.008696 0.004282
1640005.631205 304.783633 484.995437 0.013286 -0.005343
1964468.728734 335.827010 391.154838 -0.012189 0.018995
1261209.360911 276.220344 282.368505 -0.005748 -0.001168
968463.258337 424.350317 593.863654 -0.014826 0.009423
1257770.379660 350.163420 123.985764 0.001262 0.019269
1991034.577596 391.386631 537.652124 -0.008005 -0.011737
1007596.648767 95.805179 353.445788 -0.006672 0.017898
1912045.142572 235.953531 222.801305 0.004268 -0.000412
692628.538559 190.229158 501.220209 0.008963 0.003668
609848.141023 240.654621 74.920847 -0.008220 -0.002768
1723251.459991 737.634034 520.937558 -0.017352 -0.001710
1696924.347289 50.377510 567.953069 0.009831 -0.005577
309029.791648 199.718459 289.717722 0.009629 0.002327
867302.640745 559.206897 513.495484 0.012176 -0.007822
691843.061099 120.536373 326.133867 -0.012861 0.018630
272265.500516 388.388153 162.209710 -0.009546 0.011206
1400582.436193 98.371519 421.267374 0.003004 -0.012292
320566.674844 333.033357 150.783798 -0.015710 -0.013505
1229627.376064 208.751738 246.145449 -0.016045 -0.019855
1946485.269790 425.013707 421.395471 0.006153 0.006915
15066.369444 140.502891 292.268487 0.002010 -0.005760
911695.870064 549.124482 506.268444 0.009044 0.017875
1245159.992597 340.299917 42.792250 -0.006321 0.020274
519428.529087 388.675791 247.030783 0.000354 0.003865
1147820.552414 102.207487 512.450421 0.019418 -0.011052
1717933.562453 767.107093 453.734783 0.002494 0.011452
183230.377819 455.335977 577.703221 0.003167 -0.015300
640928.558372 27.423079 483.280007 -0.013452 0.010288
1503776.668340 629.008098 111.032933 0.012843 -0.015529
360957.489517 65.392699 358.330583 0.003705 0.003717
380073.533570 131.927775 431.579408 -0.018227 -0.014027
1889061.825298 723.405313 66.014081 0.008013 -0.001342
1796955.322752 633.862185 20.382745 0.014483 -0.005169
306282.549308 147.017236 243.152305 0.018361 -0.006190
332156.324914 567.585226 78.920498 -0.005929 0.001318
485168.456326 426.689657 367.288931 0.013055 -0.014869
413343.113108 24.369612 173.576397 0.017102 -0.017008
883643.182406 697.253944 587.100034 0.002074 0.002808
887249.075289 360.296305 217.498978 -0.000903 -0.007441
1467432.667253 504.280081 297.511575 -0.014408 0.003561
1682910.725327 245.157248 179.525054 0.018972 0.006317
1660796.624450 172.295731 113.477436 -0.002234 -0.017769
629926.086697 520.367900 50.896083 0.004189 0.003111
318150.466456 37.214471 269.342776 -0.013820 0.003914
40123.955365 464.610767 29.036942 -0.004736 -0.017515
724761.667999 94.020273 413.626195 0.014320 -0.009800
558074.092752 559.683719 337.276095 0.003108 0.006876
438651.350531 326.408544 533.287043 -0.004199 0.014573
1885724.248311 578.932204 300.935667 -0.018901 -0.006826
158400.153815 149.287712 226.095716 0.001143 -0.006984
1952982.963972 437.536910 543.673099 -0.018959 0.017277
1927788.328346 311.032606 28.237933 0.006200 -0.010090
607879.136041 746.984961 567.562529 0.014625 0.000464
1236504.919471 67.946129 551.391365 0.000256 -0.000269
1541570.438790 358.781670 131.499793 -0.009120 -0.000969
1098586.873663 282.311584 398.409095 0.017054 0.015184
1973812.054831 723.118278 257.356896 0.015647 0.017422
717421.361579 684.436955 190.610347 -0.003732 0.000395
1128238.588166 568.342267 265.720826 0.000398 0.003055
1906900.824936 103.236234 396.774389 0.014911 0.005395
311031.282093 514.385010 50.669935 -0.004968 0.016677
1119457.958787 738.783802 161.413430 -0.010755 0.013997
295815.608602 167.810824 451.583442 0.003005 -0.015977
1365835.790227 746.666144 574.051189 -0.019993 -0.006437
933742.419320 452.430226 30.042428 0.016415 -0.016961
1254474.420685 690.035704 122.186786 -0.008479 0.009409
1674721.783807 355.631722 227.726941 0.016823 0.012741
589441.845468 384.422074 445.811583 0.002562 0.008109
1186208.380939 568.300005 547.273037 -0.006137 -0.008544
28320.921598 24.580976 131.647759 0.018876 -0.018780
1123059.363627 350.760968 356.765252 0.004373 -0.006050
1339490.994503 192.615881 126.487190 0.014919 0.001160
1892333.765464 567.792023 583.318859 -0.007207 0.005359
1580513.963280 495.699632 66.180325 0.001239 -0.012666
1628540.167412 101.032573 535.773759 0.009076 -0.001115
358744.990248 592.745390 301.800084 -0.004037 0.008491
1065496.480589 768.669168 90.549230 -0.014929 0.002940
996930.964755 638.359500 488.903237 0.008373 0.006815
685065.261407 523.982605 229.010478 -0.007650 0.019145
22284.613001 83.084651 360.074693 -0.014825 0.005118
1564209.169505 749.554000 458.170350 0.006972 0.006548
471659.941818 683.999360 242.416164 0.009525 -0.009790
234378.384535 216.415551 129.545723 -0.009232 -0.004018
1581110.075852 613.266364 117.732969 0.004190 -0.000952
1733102.233956 757.550227 78.167863 -0.010147 -0.009499
222272.466972 206.797267 219.674655 0.008453 -0.004768
7593.072023 394.843373 189.631177 0.010720 -0.013154
1961038.188991 2.047373 13.986875 -0.004568 0.009661
554464.627316 401.915264 7.668709 -0.000263 0.010861
821613.773155 227.348758 322.646659 0.003954 0.015612
24485.756655 378.329463 502.178307 -0.014263 0.008809
196372.594776 203.390699 587.941149 -0.001422 0.018544
718005.964867 375.037182 274.504168 0.007051 -0.010221
1252709.545778 525.429176 142.162639 0.005947 -0.018315
1958473.456073 741.797397 326.331317 0.019624 -0.003223
628831.249023 322.243316 421.369062 0.014052 -0.019644
1185057.482303 690.550416 288.881358 -0.002872 -0.019714
406775.272641 421.132352 157.297390 -0.012893 0.019411
452064.211691 433.117630 275.621862 0.007349 -0.011355
1391094.198167 249.192420 524.830931 0.017228 0.018310
1830316.959801 730.315589 532.169896 -0.001630 0.016131
610994.441719 618.135701 184.005936 -0.019662 0.004984
631021.334152 481.812637 292.096383 0.011838 -0.018576
989235.750860 1.797491 334.049429 0.010256 -0.012654
1098658.789461 784.368949 435.125330 -0.019661 0.006629
1883467.686308 564.541745 586.016884 0.012798 0.005390
1871849.530317 584.811366 330.534829 0.012870 -0.012442
911993.535660 102.244713 577.378775 0.010575 -0.014595
1176139.691461 61.576320 443.445429 -0.016931 0.015020
1537174.407177 456.350513 526.451293 -0.006938 -0.006930
123261.179832 700.903043 185.248573 0.011676 0.014934
1946848.674653 583.235073 354.091328 0.017981 0.001710
457599.283409 708.996261 164.540121 0.011212 0.008296
926562.791190 189.181528 501.651557 -0.000084 0.020080
1942178.605097 12.063773 45.354598 0.008400 -0.016362
1905775.863633 382.722250 397.473160 0.013274 0.012158
1975712.466974 713.591320 407.969824 -0.008318 0.007170
1128937.655654 214.619246 243.687881 -0.013896 -0.011214
1900458.380534 306.187207 62.086438 -0.011063 -0.013424
1623668.112617 549.980989 239.595577 0.005847 -0.015470
798515.523224 494.058257 76.755958 -0.000977 -0.006940
438456.544857 343.711739 482.287207 0.015120 -0.009779
1216805.763178 694.615318 90.681153 -0.008496 -0.013396
1661706.700764 681.432476 259.141787 -0.010495 -0.019710
1303971.794110 150.821964 233.936675 0.010276 -0.003516
1107963.914568 455.322857 58.971503 0.018169 -0.011402
425643.800956 282.621008 499.978623 -0.007382 0.013766
318262.858465 449.125527 154.978611 0.018568 -0.002275
1036196.117772 457.890348 186.601466 0.006834 0.014605
948553.069005 401.478205 427.711728 0.016396 0.009364
1438074.149861 446.971145 555.758238 -0.015620 -0.007582
677338.477540 530.421233 530.666109 -0.002501 0.004693
197747.041563 521.156678 583.498613 0.017221 0.019651
1601492.672973 71.578030 330.607961 -0.017642 -0.017810
1987075.958395 461.517869 375.185873 -0.007824 -0.010055
971748.938305 621.761067 449.381168 -0.012076 0.007404
974474.447302 733.550486 146.144360 -0.003452 -0.018914
1121549.802423 602.055326 413.156076 -0.002208 -0.012396
613932.794246 434.651004 504.546219 -0.008855 -0.001012
1665525.531241 62.902633 338.641779 -0.004482 -0.014536
1238773.710671 302.410249 429.519012 -0.010181 0.007294
1925637.924078 585.357690 276.650486 0.008455 0.017205
290519.337305 158.633040 508.058605 -0.004367 0.004493
1745488.432117 760.827030 218.955301 0.002445 -0.004205
1111265.337612 695.150105 563.168079 -0.004267 -0.013869
829182.160473 184.290614 135.867183 0.019234 0.004581
728391.627189 478.807262 596.310834 -0.016881 0.013658
1349985.243450 33.304897 346.033571 -0.014507 0.010167
1010733.056353 223.882337 571.585481 -0.005913 0.006793
1129411.861826 180.361478 373.190220 0.017220 0.011489
33999.050983 389.224740 394.175481 0.020859 0.015533
1606354.705806 296.157074 66.677844 -0.018778 -0.005950
1451822.744427 315.164078 570.274233 0.008764 -0.001006
1590584.168020 314.839367 309.314255 -0.005147 0.001140
538209.161040 700.888629 484.874570 -0.011160 -0.010864
958317.440449 628.131152 272.199890 -0.015992 0.008650
479655.517489 94.535718 120.172965 0.015859 -0.017015
167238.956395 558.629241 267.430088 -0.012165 0.009131
1592486.357127 737.260803 73.266842 0.009848 0.005636
1189583.299304 433.010565 20.903953 -0.015533 0.016582
1124831.962923 303.260304 474.205035 -0.005194 0.004006
37146.621401 680.308443 232.707589 -0.001136 0.018055
205026.889315 568.856023 41.069200 -0.007894 0.004314
284161.461650 310.214962 183.811157 0.003494 0.003351
68690.410847 306.165743 301.680681 -0.013745 -0.014786
287411.349028 600.159382 403.944667 -0.012907 0.014464
1171263.018237 591.655869 143.625785 -0.004981 -0.015508
1682127.158941 314.969004 577.532817 -0.010873 0.014515
1824708.168313 264.939158 346.656348 0.019212 0.005358
369206.509725 98.055492 13.392340 -0.000372 0.008413
1208981.916871 419.413137 56.203222 -0.015651 0.007266
446720.970071 202.260440 259.087441 0.015803 -0.002836
586212.983628 385.048521 102.136806 0.001336 0.014305
560717.814863 299.263892 150.895928 -0.010352 0.004146
234257.601311 123.735098 558.879958 0.007807 -0.014625
1133248.557864 703.445346 154.204864 0.003533 -0.005179
1934248.125150 153.564302 536.627109 -0.017566 -0.007939
1152133.833222 226.117090 331.375725 -0.019689 -0.012989
1965200.129880 240.372645 396.857076 -0.013839 0.013365
1034901.121182 346.210278 125.888633 0.010880 0.006880
1623246.405098 709.033457 497.165344 0.009744 0.003207
1926329.093951 248.113189 276.318810 -0.011182 0.015960
1658576.383096 150.491630 54.752303 0.008982 -0.010066
786221.519479 240.956205 318.649994 0.017787 -0.007696
1421758.733421 742.906038 365.017339 -0.004816 -0.017354
888519.625593 711.320829 308.022597 0.005926 0.006158
374128.679919 371.380389 325.497514 -0.019384 -0.011594
247207.860577 783.030042 311.523347 0.003284 -0.012049
838233.393076 329.887563 231.485578 0.000719 -0.014336
1269501.125100 722.760775 262.755116 -0.007302 0.033442
1490342.234955 701.552341 467.196147 -0.005840 -0.010058
1720173.599068 638.959986 82.405536 -0.005140 -0.001857
1589947.016719 447.809162 550.796796 -0.006491 0.003103
254199.274003 369.738456 331.749948 0.005911 -0.018216
1506623.924480 52.405624 274.470490 -0.014407 0.003087
1187558.641279 619.116446 289.615146 -0.018792 0.017646
663885.182079 619.975761 490.469294 -0.015549 -0.014783
134186.233456 776.616228 557.405097 -0.011864 -0.006224
763995.101100 799.299975 542.435370 -0.008049 -0.006505
960104.740672 340.739717 479.104133 -0.018590 -0.016984
1689167.128731 629.698514 84.860900 -0.007886 0.017126
1435140.350571 715.986092 422.203270 -0.012035 0.017046
1287450.956780 425.427252 421.172912 0.009070 -0.014668
1664884.491668 423.859406 368.584099 0.010627 0.009319
1916152.068375 115.694145 439.936793 0.014369 -0.002291
142374.806172 274.716728 522.120726 0.014831 -0.004936
1889104.925044 571.670437 97.834194 -0.016698 -0.019291
184043.514628 642.391654 546.900962 0.011781 -0.019921
1678137.485719 350.666902 320.117973 0.001601 0.016074
349432.717240 299.258643 257.230753 0.011505 -0.014623
327130.583267 597.820093 167.719558 0.015866 0.004361
1445781.852792 774.662455 571.560768 0.003715 0.013534
657045.848974 430.374469 332.867267 -0.000288 0.004923
1143416.638087 467.914796 254.909525 -0.000621 -0.004814
853229.746620 259.672118 491.219624 0.018361 0.014550
1436276.935710 106.430091 143.595630 -0.014026 0.016982
747046.145027 249.390013 400.677384 0.006109 -0.011851
555282.349025 300.072526 106.677483 -0.010821 0.018769
31011.744417 446.384288 303.496640 0.002806 -0.017979
259713.421697 113.415375 381.607184 0.002212 0.005065
30230.289339 785.868289 570.653750 0.013289 0.017700
1629124.594680 440.026595 45.001044 -0.017900 0.007951
1993199.337271 341.271919 5.449094 0.006602 -0.016791
437214.899080 754.100680 272.252687 -0.004241 -0.013120
847463.854052 329.206442 438.786474 0.017217 0.019223
1561464.248021 48.382169 73.524927 -0.003324 0.004599
1496915.452879 345.538268 358.014050 0.008025 -0.009432
1076064.875850 410.503859 489.276303 0.004504 0.002595
1028186.607653 487.309867 594.752565 0.000929 -0.009085
141764.248787 594.390182 129.684380 0.000994 -0.014457
778578.041484 758.786840 329.829845 -0.015278 0.015192
1058486.954802 720.255552 564.128886 0.005843 -0.007125
1112790.978101 319.370959 448.092432 -0.013856 -0.016077
24501.685065 553.950660 366.373864 0.013087 -0.007841
353571.678676 272.754806 548.606935 -0.013268 0.014607
375264.103699 191.478031 365.770576 -0.003806 0.010616
1493884.026769 634.906062 429.288876 -0.008209 0.016522
1188817.119779 659.945400 487.971054 0.001402 -0.000912
259519.063057 73.833684 525.333840 0.015147 -0.010166
1949033.547169 712.088798 562.564819 0.003475 0.008710
482529.103981 609.401767 36.164982 -0.013825 0.017266
1850091.109914 273.847598 102.806965 0.001400 0.009863
1871495.037280 224.953103 324.756592 0.006204 0.002874
908785.677938 195.221187 241.272956 -0.009273 0.011223
1755362.652128 318.418938 522.311621 0.010157 -0.008999
232765.271437 582.021454 98.768542 -0.018118 -0.007224
1765166.354256 236.453791 45.873007 0.017676 -0.001995
15434.920795 692.846390 474.737786 -0.012883 -0.004006
1077013.659792 90.614362 409.355691 -0.016803 0.010606
516053.778360 427.428380 5.737087 0.006389 0.012125
1576709.125925 429.912656 119.176336 0.006431 -0.008341
948767.654108 620.928819 12.212631 0.005596 0.013207
667159.362075 417.519689 74.295884 -0.003589 -0.001436
1146380.339352 334.090761 198.446226 -0.005350 0.003862
1462269.868451 722.414491 427.038348 -0.003590 0.019248
949273.004639 536.528884 309.752526 -0.000657 -0.006838
636841.273232 217.407296 520.991562 0.000691 0.017240
316267.470045 793.071957 424.470043 -0.012938 0.005309
1072709.865436 409.194480 92.848094 0.006415 0.016881
1234697.917120 187.513914 203.697597 0.017928 0.003944
1871003.135047 543.410781 300.146213 0.005844 -0.016343
968257.898916 95.619094 457.568813 -0.019798 0.004249
184803.100389 256.171708 525.937349 0.018291 0.013469
1613704.762242 94.160485 497.001185 0.000561 -0.008174
920804.219749 40.430298 484.195544 0.004856 0.008302
1455508.939668 184.360255 565.899443 -0.017310 -0.012833
1084419.887087 1.235169 515.123557 -0.018219 0.005932
1899527.167855 422.511028 461.409444 0.008452 0.001114
745706.753221 643.177689 509.129478 -0.010134 0.010543
1369434.811813 44.298229 529.135315 0.000575 0.002791
353913.564400 780.007348 371.892748 0.019280 0.003540
660308.989072 568.531695 492.067125 -0.009055 0.011118
1997036.600484 653.715362 468.948245 0.014265 0.014408
857968.969670 644.633871 232.643221 -0.012094 0.000743
1832483.595159 457.077524 194.305269 0.011678 0.011675
174050.590104 359.799619 525.527894 0.018768 0.018479
887791.815627 115.828864 561.237646 -0.017432 -0.014858
1048845.100705 314.646389 504.388913 -0.006251 0.006687
1236598.032171 273.665877 290.047599 -0.004027 -0.012092
688449.854352 662.682004 2.432857 0.009250 -0.018938
1047717.716101 519.095454 357.801155 0.013916 -0.003481
831685.772553 746.757396 517.266921 -0.008457 0.016124
1646809.537731 587.908028 29.464874 0.010385 0.011941
354697.854423 226.599697 115.084415 -0.019277 0.005150
1718570.137265 508.411144 581.415446 -0.006287 -0.018645
338487.908402 549.664985 517.429474 -0.012998 -0.003250
1776805.868268 558.740919 40.765865 -0.000619 0.001847
960078.654327 720.386050 287.002986 -0.006802 -0.012536
763596.911339 131.446181 556.075090 -0.002750 0.017019
1446903.674606 486.646051 125.319734 0.017497 0.005370
1673049.761761 619.857497 155.857970 0.012215 -0.015279
591079.477496 780.294375 482.705350 -0.013708 -0.013985
450261.526019 36.897367 509.528835 -0.008244 0.001255
788880.985598 619.004990 258.772351 0.014935 -0.015424
1247242.441982 204.426767 167.395717 0.002021 0.007425
405506.701397 218.013748 175.262573 -0.003531 -0.012365
1835863.754077 197.702784 576.345167 -0.012857 -0.017847
159031.381905 380.060418 18.632667 0.015404 0.005325
362722.217274 87.323628 407.227472 -0.018538 -0.003745
420997.232395 340.182342 105.304789 0.005859 -0.007740
580167.091722 213.286567 332.914906 0.002807 0.012592
479025.265425 617.109703 52.525259 0.001287 -0.012674
552036.800679 359.889904 258.435565 -0.010469 0.005069
969986.005207 253.895508 61.565908 0.000811 -0.011950
1471710.388303 557.495508 187.834891 -0.003394 0.009219
1430984.936390 500.906305 91.096993 0.015645 -0.009260
902052.609670 144.486610 321.194147 -0.019780 0.010002
700700.571156 195.524928 313.364029 -0.002450 0.011060
1408199.004553 571.223242 137.187063 -0.014609 0.018116
1713095.736556 496.331634 161.356986 0.018420 -0.014613
944491.339356 557.133237 498.676305 0.011373 -0.015567
1119457.834922 400.483658 441.413678 0.008483 -0.004370
8319.607940 130.639389 343.456046 0.001564 -0.013273
647061.014849 711.886181 247.380530 0.013812 -0.006821
379545.065751 439.178381 25.916108 -0.003341 0.007315
1990576.603445 218.592415 181.412813 -0.009384 -0.010680
876473.971119 589.593076 557.754837 -0.009188 0.000888
80381.552726 664.582854 13.454355 0.011021 0.001700
828036.629980 625.073616 423.047112 0.019521 -0.007181
1747623.103553 248.357429 124.403955 -0.008533 -0.013741
1072386.123739 381.215277 423.692407 0.003227 0.015735
777386.485961 459.652587 100.911418 0.007635 0.013595
801906.589792 103.733484 345.949471 -0.006811 -0.003942
197987.358178 295.916089 137.784085 -0.015160 -0.014142
1545926.498969 428.229054 556.360171 -0.000466 0.001260
492654.834172 281.819718 500.354661 -0.000907 0.005015
1978982.283724 792.962462 69.286546 0.007748 0.002827
17631.095842 66.073999 86.768356 -0.012954 0.010995
1966499.848276 461.744372 543.673571 0.003624 0.014931
611006.784537 527.338005 167.370073 0.001460 0.011205
850069.038966 247.017411 189.904448 -0.005922 0.011500
1676786.882652 479.126320 83.240715 0.006893 -0.017859
1557780.060711 529.804979 26.144510 0.015763 -0.005720
1227310.625476 722.843178 262.777604 0.003959 -0.037024
428616.731627 591.985251 393.321927 -0.015228 -0.007965
1127178.874392 340.455606 576.738231 0.013657 0.018408
1480731.590409 212.713364 162.230136 -0.017760 0.004802
115335.758829 715.084428 130.660514 -0.012099 0.002661
541498.807511 780.908585 137.336664 -0.007445 0.014834
1167776.423119 741.913483 464.515154 -0.019058 0.007390
1705487.274428 189.986906 255.756025 0.000312 -0.005711
1455042.508177 58.241937 469.699675 0.007528 0.016569
1485351.840726 341.479707 108.568299 -0.019549 -0.000662
1600046.444498 55.525941 226.667983 -0.019273 -0.009267
1889695.885540 230.147697 146.897217 -0.013081 0.004147
230475.999522 605.929656 319.328756 0.015497 0.011174
434670.210087 593.569074 9.932947 0.005755 -0.009940
748135.628527 296.643094 193.017990 -0.013638 -0.017665
474188.291689 718.616370 292.782009 -0.003324 0.016207
1941577.332067 174.239527 588.505220 -0.006009 -0.010687
499196.726130 235.231883 314.391174 -0.000262 -0.001297
254300.674542 487.766735 134.031000 0.006370 -0.000112
6325.354803 699.957021 144.014452 -0.019182 0.000833
980919.682878 316.091087 534.939068 0.012555 0.001956
1900851.625903 40.264039 269.151632 -0.002597 -0.001273
719689.197242 326.191030 412.417539 -0.006339 0.010296
1844748.197982 472.722258 30.111213 -0.002184 -0.016557
1036199.990211 459.276814 416.281449 0.009636 -0.010767
385683.919483 595.612218 65.315317 -0.002699 0.010629
1256102.471266 738.643417 96.118454 0.000496 0.010305
1419511.694191 375.363618 472.928676 -0.013619 0.016242
511292.832210 415.346647 189.740957 0.017687 0.014407
145034.134456 691.122437 270.111024 -0.015049 -0.007553
1071721.370831 513.107085 530.643562 -0.010812 -0.004677
233847.819378 338.139858 77.435627 -0.011037 0.014194
1786277.592083 681.748047 467.383552 -0.017909 -0.005084
1031918.257955 609.610027 506.187939 -0.007876 0.016820
1499349.890975 446.249164 263.474417 -0.017319 0.000081
597617.807145 110.363049 219.018148 0.010018 -0.009533
1353622.215499 228.399655 541.956740 0.002470 0.000629
573296.933702 542.628901 564.072507 -0.003397 0.016134
1590131.532210 246.420470 453.744191 0.003015 -0.005546
258416.177825 73.053741 73.595000 0.018867 -0.004274
87595.200207 577.072192 571.736773 -0.000688 0.011451
906233.425674 625.905707 554.293630 0.012745 0.001240
370032.188655 395.812484 489.237064 -0.016454 -0.017745
664767.085884 299.530056 441.843071 -0.009131 0.011572
1278253.811075 53.000184 58.723687 -0.004116 0.005621
916040.443311 420.098281 438.712283 0.003217 -0.000167
249204.321880 499.118069 130.173446 -0.016947 -0.015717
8661.484350 424.567836 533.398506 0.017158 -0.006052
841302.204338 90.035677 506.052619 -0.010470 -0.011988
1802783.200425 455.942070 346.281970 0.005476 0.013643
731632.451868 220.844587 544.786265 -0.001401 0.006843
1096714.972098 736.696055 118.100637 -0.008796 -0.000106
1386984.768969 324.003327 76.207238 0.016471 -0.000736
469499.863903 732.066741 6.985258 -0.015005 0.013813
718651.906922 435.363180 574.667992 -0.011850 0.011221
316653.122342 84.368819 211.417416 0.010138 0.008938
385530.231700 79.617003 10.960294 -0.015987 0.002577
1379939.433830 519.538779 291.687988 0.015408 0.017179
1974529.288697 463.600829 199.389622 -0.015528 -0.000412
1626419.535664 279.796254 244.563146 0.012984 -0.001062
503204.831157 146.107111 10.646933 -0.011611 -0.004501
1600260.999799 292.976534 294.399482 -0.013934 -0.015949
467442.890847 275.285683 120.994401 -0.009912 -0.002201
1530910.291491 753.014744 56.652747 -0.010010 0.013183
43405.273949 189.912650 245.087865 -0.005785 -0.005884
1801413.789299 133.486880 421.466878 -0.007700 0.019683
348673.859774 447.484304 105.077742 -0.012280 0.010755
1122384.702378 793.280775 80.735429 -0.017925 -0.014250
474000.488629 229.238238 293.458789 -0.002430 0.001563
1867761.544822 162.634130 288.086010 -0.018852 -0.001848
617712.498930 39.640950 415.268586 0.008761 -0.003838
88793.583256 495.164029 342.938991 0.009899 0.016913
1123119.018564 736.250738 291.454011 0.009362 -0.015513
510837.786138 237.536528 62.599481 -0.004328 -0.005983
498234.962345 502.755870 381.348251 0.009533 -0.017335
350510.791107 537.848611 162.943969 0.006256 0.007951
1451432.125387 771.367012 449.395882 -0.003400 0.007361
303273.376219 370.358815 179.860999 0.008882 -0.011665
454803.713809 227.229925 75.898205 0.008605 -0.019198
480071.545802 775.456585 189.785933 -0.006256 -0.005555
1333575.176696 474.795614 592.853674 -0.007774 -0.006722
110627.538576 382.762655 1.797807 -0.007006 -0.014504
1406769.050940 41.567529 59.181313 -0.001867 -0.001180
1561676.394922 482.120208 559.298417 -0.016766 -0.007001
281255.947557 246.666365 364.701450 -0.009246 -0.019070
1257382.930842 407.514977 596.184936 0.017783 0.014118
706537.016996 489.475851 268.977101 -0.006343 0.016655
1558318.719993 318.172746 237.091623 0.011349 0.008938
1057752.200895 389.441675 466.039069 0.005111 0.017490
491364.625511 326.215610 325.139284 -0.012860 -0.000413
1734950.389590 255.124738 479.332207 -0.000922 0.003492
1643357.573842 84.765818 56.785191 0.012567 -0.017962
1898263.090243 133.925242 397.734821 -0.004152 0.000408
1157183.811607 141.134935 544.697673 0.018944 0.018331
1260090.642264 401.450570 266.473320 -0.003784 -0.014829
767107.214205 521.705986 323.361495 0.016974 0.013174
55740.578126 634.901063 88.741055 0.013011 -0.009323
1471867.368311 519.093980 224.864552 0.012814 -0.001699
851158.514084 624.074315 377.569209 -0.016455 -0.012925
279214.015361 532.880489 211.833006 -0.018199 0.005635
622537.959657 541.401535 84.616902 0.010268 -0.016709
543551.074594 112.489817 439.120542 0.012902 -0.017319
1125283.938425 670.489161 515.307784 0.008415 0.006516
255944.995329 357.695231 187.071525 0.000112 -0.008827
1549879.616848 742.593344 35.121908 -0.003809 -0.019290
474171.187949 435.918984 410.499997 0.003560 0.003658
648167.413030 720.763573 160.530022 -0.001357 0.006313
697835.028496 589.738983 478.514693 -0.016729 0.001912
1725670.433475 516.052454 231.085566 0.008602 -0.005266
99429.388577 679.137085 481.501883 -0.005526 -0.005956
163663.104253 109.257091 168.320239 -0.006678 0.000356
594763.153510 303.815177 52.894124 0.019280 0.018816
1355525.087265 245.040761 522.183142 0.017938 0.010952
1053977.892294 234.749302 305.601085 -0.007012 -0.004926
115031.983757 149.678977 12.906169 -0.002332 0.016306
752375.869431 393.673433 455.177439 -0.012754 0.014190
219437.964363 208.563162 594.980260 -0.004391 -0.003951
1068114.026016 550.279843 469.121375 0.004827 0.006916
1499866.051366 239.146284 584.145806 0.004720 -0.010294
1491842.997955 116.782424 322.372847 -0.009706 -0.001117
1826279.228472 251.202157 395.268979 0.017292 0.010253
1133058.067007 247.485041 149.320191 -0.007045 -0.000434
207507.431604 346.457311 450.381205 -0.016175 0.012955
304737.184339 504.484972 306.623214 0.017354 -0.010023
361247.467977 546.393097 329.272539 -0.013812 -0.007891
1585793.637478 720.382395 269.234645 -0.006753 -0.013856
1841064.114050 194.852741 281.190683 0.003196 -0.012827
451362.950938 116.070486 291.940433 -0.000994 -0.001229
1950936.490647 463.008015 542.252976 0.007722 0.008306
1454702.783122 701.636600 182.734972 -0.010461 0.012502
1108684.254395 335.107159 297.154928 -0.015858 0.002983
1596490.624173 716.777409 284.820886 -0.012823 -0.009933
1263706.185512 134.102775 282.546460 -0.015925 0.009881
1294332.516982 261.051782 535.815282 -0.014672 0.012040
723046.520130 87.042084 228.538004 -0.009388 0.013353
107937.715067 793.446721 426.805884 -0.005756 -0.010864
1046872.077066 728.815581 389.726613 -0.019391 -0.019539
450965.188654 653.718074 546.633562 0.008009 -0.017430
278162.196408 266.393123 139.751295 0.004373 -0.002625
1960316.196066 205.797273 456.552801 0.014896 -0.004398
1125740.257616 187.833276 299.748019 0.017724 -0.000072
668170.334151 796.707189 294.200592 -0.018195 -0.005844
1443825.863043 455.474770 160.048011 -0.005093 0.003557
564375.188464 478.115983 242.567450 -0.012222 -0.008028
938961.728913 267.148346 379.900523 0.008066 0.017686
132214.712972 546.735019 119.679617 0.013366 0.002232
1179224.623916 311.482577 473.110757 -0.016496 -0.006653
575213.267736 339.080390 197.871805 0.010983 -0.001189
1368718.602401 400.945294 24.048596 0.018036 0.014954
1254302.726711 185.671988 282.671804 -0.018635 -0.002903
1541011.519516 401.008633 456.117241 -0.003925 -0.011876
1407684.757098 375.517641 531.731749 0.016159 -0.008184
883750.411162 393.776216 411.793568 -0.010554 0.003304
38293.802197 414.517121 2.814852 -0.006035 -0.008080
949396.727117 26.724145 479.029782 0.000614 0.019451
1340193.529306 112.135906 129.835625 -0.014283 -0.013051
1289556.392138 729.380569 404.303880 -0.003832 -0.007437
1756783.113702 88.137508 468.960775 0.010464 -0.019754
157687.638028 166.074719 303.230180 0.010647 -0.002497
175039.783202 626.600296 573.208953 -0.016259 -0.014659
506304.289450 453.233140 99.198723 -0.017940 -0.016706
301433.914481 576.021149 133.873172 -0.005381 0.014558
790027.673724 9.519351 464.048515 -0.017183 -0.003250
176035.711624 758.813577 317.270894 0.014792 0.008526
1081972.172988 759.097853 552.339994 -0.018275 0.008706
715741.816310 106.943188 298.852498 -0.007400 -0.010926
1263880.632475 454.392918 476.769255 0.011930 0.004696
1751026.801649 758.644650 202.428520 -0.016181 -0.007299
399196.095951 394.905561 198.055097 0.019106 0.002352
1496994.359185 48.635784 306.574362 -0.008895 0.017279
445396.929255 653.558503 529.815202 -0.014303 0.014539
1193553.106484 399.770046 599.487693 -0.016114 0.012533
450224.472419 581.251381 229.329953 -0.019251 0.001036
1999453.321099 715.720578 285.868657 -0.004112 0.019018
1584501.028799 429.143507 291.144178 -0.015106 0.000399
94458.571679 696.632528 342.436610 0.002264 -0.014109
1007827.074736 623.571927 579.727274 -0.004563 0.016848
1658558.308919 786.712559 253.053755 0.013085 -0.016913
475365.567242 42.326643 482.830092 0.004288 -0.016904
663714.367274 496.147847 580.949877 0.012216 0.018162
1919117.403179 479.283147 296.985614 -0.002164 0.008820
9624.167350 393.726193 354.497697 0.003062 -0.018037
1478876.057770 64.663870 497.164289 0.007724 -0.001374
1502145.321808 426.481513 269.219260 -0.013019 -0.005534
1054818.871922 329.061638 247.636074 -0.006669 -0.018736
972186.690649 532.043166 390.585751 -0.001900 -0.001128
1216433.286302 329.468245 43.388564 -0.015863 0.014311
1585452.240699 85.729154 209.951062 -0.004634 0.007095
796849.675848 98.930899 459.135503 -0.011129 0.013063
461377.134761 782.853587 216.925277 0.007136 -0.013902
1447663.852688 165.145603 338.379904 -0.014470 0.001607
1190708.408687 498.732202 122.673976 -0.010135 -0.017075
1355477.244293 684.110061 294.561612 0.010002 0.018253
694211.989964 433.762910 39.468887 0.007913 0.017111
1497031.391364 75.984593 30.200564 0.000516 -0.007094
1759090.904966 594.400159 180.040649 -0.010330 -0.003080
904928.793621 771.901953 377.632761 -0.019374 -0.015858
341892.055395 489.136019 437.182903 -0.004956 0.014361
1609370.418642 43.107766 428.122837 -0.008170 0.012130
1339833.364515 513.566387 206.840851 0.009433 -0.006390
543533.833951 386.141380 260.589621 -0.007102 0.019774
1510075.678821 160.975306 443.557737 -0.017782 -0.002230
325429.097901 406.706937 246.069123 0.011711 0.000973
1027532.088117 770.881910 81.203922 -0.010402 -0.006335
1987715.010526 37.225241 236.743860 0.008292 -0.006362
396776.620483 301.256064 588.527424 0.001756 -0.015608
639902.701899 652.682179 355.832488 0.010156 -0.014506
1179865.857204 406.075698 204.136671 -0.006873 0.002540
1568458.621189 393.147585 42.273355 -0.012224 -0.008574
1190290.628555 566.815329 150.373414 0.009232 0.017977
1180185.991889 580.620838 597.227921 0.019383 -0.002811
672088.553511 146.490823 485.066575 -0.007410 0.009061
1837656.663655 510.375999 325.252471 0.000515 -0.004376
1360614.323691 81.457513 539.167088 -0.019214 -0.002760
924125.776125 643.726417 555.353646 0.001306 0.019925
418950.309241 102.530593 424.736034 -0.001809 0.014234
1312754.557148 39.415577 349.602870 0.006052 -0.018695
30587.249450 790.924639 130.212027 0.012884 -0.007749
1889215.610870 593.533146 565.952307 -0.000550 -0.009842
669560.509114 133.403332 214.064086 -0.010652 -0.012485
1579576.984783 556.867169 594.904086 0.008598 -0.010928
1982244.182370 739.114414 214.007539 0.007924 -0.004710
432350.935616 284.022886 257.971196 0.011971 -0.019775
930735.730068 652.637486 596.838409 0.007302 0.005510
600671.720971 501.602605 227.653415 -0.010158 -0.015433
1270601.892504 464.046062 169.609946 0.019700 0.012526
938976.299455 626.112213 304.953910 -0.001551 -0.000152
1474031.937064 361.622448 251.555001 -0.016257 -0.013942
1605130.416157 247.716279 302.545116 -0.010670 -0.015575
1023340.410098 559.402496 555.250550 0.000253 -0.004736
1128556.229700 645.817000 5.073770 0.017728 -0.017936
248420.950141 463.885483 377.911715 -0.004098 0.002570
884577.235619 701.159912 213.155682 0.017995 -0.006628
1704879.713107 549.682504 474.538850 -0.009088 0.011159
1882055.445519 60.087021 54.756124 -0.002191 -0.007594
404206.608610 765.793797 4.941266 -0.014903 -0.001415
780987.060993 553.532447 162.459180 -0.004078 0.005523
642018.800900 420.255539 130.872988 0.018038 0.017209
1579863.075903 313.785863 483.311818 -0.014239 -0.006308
286431.929230 799.178472 18.277155 0.017334 -0.009107
1625355.291937 700.164147 207.280431 0.016183 -0.007104
1310099.705732 85.521009 166.795571 0.006598 -0.010573
1485499.756171 42.300686 555.843457 -0.019438 -0.001828
1126826.147142 267.779261 586.714812 0.011207 -0.008651
1817754.082297 456.582146 407.026842 0.008593 0.008659
42605.713030 685.706936 428.880986 -0.017480 0.011479
1969490.396776 691.777161 399.900802 -0.006750 0.010788
1972945.507603 788.214390 525.901109 -0.009426 0.005962
221002.463354 5.592434 421.018841 -0.018480 -0.019154
314139.836614 479.756761 212.940101 -0.014575 -0.004778
1280098.799281 35.218519 571.076815 -0.007242 0.010309
1334025.561499 271.113265 370.182872 -0.004790 -0.004315
817314.073824 291.913610 154.282585 -0.016981 0.007877
52254.755074 49.375839 409.046948 0.016117 -0.006918
662711.798522 9.411210 199.674756 -0.018599 -0.017992
710212.109941 153.496383 389.835144 0.008414 -0.006921
61999.699130 281.100633 223.090320 0.019318 0.006771
261157.692532 519.686398 3.640117 0.009907 -0.018753
797766.605764 125.459506 237.088476 0.006233 -0.010779
184709.901076 545.739235 175.225297 0.010997 0.003294
1235796.007903 85.490043 357.337785 0.018121 -0.014404
1292608.929469 245.289148 198.247217 -0.008132 -0.019333
1317389.029692 261.230236 220.334866 -0.018778 -0.007599
71927.786838 127.750451 575.883919 -0.018264 0.016282
1977614.946653 353.570291 38.326172 -0.004673 -0.016039
591803.305127 381.783731 467.166126 0.003533 -0.009938
726241.200569 165.248094 213.969966 0.018401 -0.013691
995710.504705 485.321842 279.403303 0.013138 0.016103
963862.695249 391.205255 138.020317 0.013997 0.000720
1079147.418532 708.512824 408.085454 0.000041 0.017222
1174876.041326 389.906234 223.308967 0.006101 0.014863
937689.950195 758.239692 209.344586 -0.010101 0.001368
1200871.358253 489.759243 445.105444 0.018296 0.002821
1798372.363578 364.452865 105.789588 -0.005466 -0.008552
158766.744732 676.236258 464.558388 -0.007534 0.007876
584123.108808 679.927591 348.351629 0.018809 -0.006105
1019930.488905 447.397484 500.087027 0.015237 -0.011570
1412068.961846 279.244516 95.681616 -0.017828 0.003983
1390465.348675 524.121104 125.806867 -0.002535 0.004566
1560588.704217 269.606479 41.801784 0.018294 0.008037
709118.110458 28.653910 327.047328 -0.014824 -0.006312
481739.437432 336.805632 116.755449 0.012810 -0.004330
1084185.081108 265.268315 569.427529 -0.004953 -0.011507
321427.933090 65.615394 337.170143 -0.007557 -0.014329
322096.383349 11.903620 475.436429 -0.005134 -0.001933
811598.476400 120.525934 472.210261 -0.000990 -0.015693
975828.599639 662.814551 87.446850 -0.018663 0.018338
980873.326296 219.737772 226.201389 0.007428 -0.016139
1538962.265262 182.297739 256.974448 0.008846 0.004172
1281944.833362 703.538103 411.213848 -0.011743 -0.012073
1646853.441208 292.158992 129.439594 0.004646 0.009429
1334224.681991 17.328761 531.644093 -0.001752 -0.000143
1987979.200663 753.900920 196.475864 -0.014448 0.019148
567825.405192 503.400825 150.194241 0.006615 -0.007360
693992.653253 345.658606 324.419994 0.011163 -0.014019
290886.182473 333.325089 18.707157 0.013265 0.004836
461579.700216 523.952098 590.529445 -0.002182 -0.009210
1440439.939238 90.566530 175.766176 0.004284 0.002718
1578856.275221 479.601289 307.180046 -0.015374 0.009488
975708.803616 319.985220 219.889515 0.009550 -0.017504
1363849.989774 68.090541 296.403731 -0.011052 0.014437
1287670.666020 295.509947 165.501486 0.006993 -0.011983
1793086.186886 725.006549 513.178421 0.015254 -0.005939
253419.465503 481.158520 278.123031 -0.003037 -0.011639
65064.939701 167.187989 484.633614 0.001755 -0.007021
1093948.624606 26.044151 434.822604 0.016636 0.010811
1570950.974510 476.900628 514.169200 -0.008945 0.012882
1433502.711092 738.672428 113.679030 0.019657 0.003957
779698.448619 711.541490 301.938377 -0.010234 0.010912
1707668.152502 297.511266 224.250704 -0.007301 0.011712
1161722.038482 280.382313 1.025347 -0.004390 0.015817
650195.260835 748.090794 556.328383 -0.017969 0.014024
1393276.303724 667.715576 267.732119 0.002116 -0.015476
534900.189626 215.494868 20.823304 -0.001723 -0.009450
1264731.390059 676.595254 91.019774 -0.014610 -0.016294
1848317.172308 790.612465 278.269896 -0.008156 -0.007742
512088.236637 701.974145 394.154507 -0.009755 -0.009265
1104225.446984 465.378212 122.059930 -0.000855 0.005249
107543.810321 140.002938 279.593693 -0.000007 0.009154
1156781.673039 614.989860 597.846507 0.004531 -0.011040
520065.349769 196.746199 42.791716 -0.003460 -0.004745
327390.441823 269.817355 222.008348 0.005085 0.005379
1353004.063178 706.972001 306.659404 -0.006510 -0.014412
1558240.596931 709.734837 433.269525 0.019294 -0.005472
706633.334377 29.298245 323.790661 0.012782 0.001654
534505.464385 317.268216 182.509445 -0.009449 -0.019534
1061346.780072 419.731838 154.878669 0.004185 0.017604
1275778.349152 612.000411 164.411910 -0.019712 -0.004274
1816858.008419 547.098630 166.051952 -0.003173 -0.019293
837596.447597 159.116579 542.040476 -0.014411 -0.012806
537634.699856 396.190694 130.370472 0.012322 -0.007441
1509630.032587 59.613439 425.812030 -0.025770 -0.020668
1442342.147903 473.597473 518.184460 0.019182 -0.012358
1603574.954720 492.093147 575.810643 -0.016932 0.004958
706735.606634 787.838029 184.379676 0.005210 -0.003781
651319.147391 39.749564 362.298641 -0.010775 -0.012382
1573016.600485 398.184561 411.363669 -0.019936 -0.007667
1998835.487291 607.639978 230.162565 0.008376 0.012765
1445522.677826 344.898177 246.131462 0.003478 -0.003645
1207599.107738 311.331121 14.962280 0.002535 -0.001324
1297106.122271 733.958295 269.875470 0.018136 0.001905
1709409.523620 225.350953 358.937625 -0.001615 0.000451
1579454.636005 196.673998 5.866212 -0.000955 -0.009963
635151.660366 380.553007 5.070735 0.008026 -0.012571
1657542.871152 338.023663 368.790418 -0.010405 -0.019605
50074.195513 673.691409 239.453277 -0.017990 -0.003732
1728956.987955 558.589879 193.870525 -0.007464 0.006089
1741304.677791 135.024012 562.112624 -0.001265 0.005058
896425.988943 206.794318 524.857274 -0.001636 0.009344
248631.410417 620.396376 125.791648 -0.014689 -0.000944
789536.960791 769.115122 539.280824 -0.019605 -0.011931
1819863.026878 28.326558 26.127713 -0.007616 -0.016544
901731.744829 139.454831 470.673438 0.010949 -0.000466
878442.611954 515.167051 393.406512 -0.004976 -0.015501
569936.175165 658.589907 222.627761 -0.013653 -0.008685
212161.644461 226.420038 35.183216 -0.007361 -0.003247
1070836.321949 568.345765 228.025511 -0.002626 0.008850
1162154.364009 276.182841 454.531801 0.005043 0.006162
1685995.778854 61.518808 497.377965 0.005544 0.014011
631794.399876 54.144465 296.546781 0.018927 -0.002277
