120102.793966 630.511041 121.709854 -0.006083 -0.005541
269277.329682 300.342492 155.952231 -0.018257 0.015162
1260731.205931 302.026136 191.766504 0.013085 -0.002973
973263.179405 632.758145 573.021893 0.008521 -0.005928
1683880.506867 289.505124 229.503709 -0.016839 -0.013039
1760997.696668 175.206893 580.768996 0.011715 -0.019835
354965.669268 682.052138 474.809561 -0.004785 -0.012000
306862.422408 412.069280 346.398883 -0.003484 0.002365
913598.742761 34.757255 562.342017 0.011110 0.014843
723511.401901 210.354421 397.454423 -0.007313 0.019067
27418.055584 127.075173 203.329399 -0.004128 -0.010477
1026719.971107 221.765909 273.261368 -0.000716 -0.017201
919235.655535 527.424074 553.118654 -0.009943 -0.018406
247720.705461 324.087248 333.489823 0.008053 0.012689
229642.751734 125.893115 516.855393 -0.017952 0.017261
1463437.116455 330.481602 118.768890 -0.004258 0.009191
349002.480669 325.696207 533.815582 0.000894 0.011775
253345.397419 21.804304 48.643112 0.003303 0.000366
301882.374241 33.520267 101.098772 -0.017045 -0.008247
417897.793659 158.163908 419.606704 0.010567 0.015939
1032678.423930 703.152024 34.240675 -0.004919 0.017238
1981626.739717 86.744176 206.276178 -0.012519 0.000292
148080.320166 290.758520 545.929969 0.018532 0.015053
1426235.401736 72.225296 542.476373 0.011785 0.006906
826207.458426 756.170371 428.619314 0.003261 -0.019252
17939.873048 632.897247 129.676445 0.008285 0.002224
229060.592236 178.909136 260.630219 -0.013071 0.003960
729567.630556 129.583253 425.801209 0.008388 -0.006034
424191.899795 625.729544 428.050044 -0.015138 0.009784
1179453.697605 667.595493 501.603923 -0.000300 0.005140
1017047.714916 725.086429 344.265483 -0.011059 -0.000459
1184883.571782 186.387217 168.110467 0.012321 0.017646
1669257.284919 738.190241 98.209814 -0.009282 -0.016525
1530870.404807 506.886726 153.247213 -0.001032 -0.006345
1211583.405366 549.778086 75.183708 -0.007251 0.012374
1741377.547263 727.034325 385.902854 0.008277 -0.003849
544004.606336 172.340693 185.230930 0.013851 -0.002453
1594854.852927 350.189649 402.530686 -0.016923 -0.010139
1223177.906695 729.496340 101.534431 0.010987 -0.012957
527324.168257 433.100907 487.964460 0.000769 -0.019343
312490.830343 99.879304 422.423344 -0.009254 -0.002484
1025907.483430 121.076556 211.830480 -0.013739 0.014342
1509229.653286 342.208761 43.740605 -0.017686 -0.009221
1023852.793045 688.385781 427.803404 -0.012673 0.017503
1918069.081343 635.488457 509.657355 -0.014831 0.002813
59433.087734 314.268068 67.632644 0.013728 0.016466
257531.464220 800.314345 21.913125 0.013292 -0.008776
961609.428265 276.996851 259.691069 0.013354 0.000071
582120.371322 470.195166 558.389133 -0.005429 0.006023
408974.288222 701.393733 306.897543 0.016749 -0.017645
899929.745542 700.479079 512.085580 -0.008029 -0.019831
849952.291162 263.234480 237.908860 0.001497 -0.013091
617567.269419 532.504289 103.650160 -0.006174 -0.000034
907629.657959 661.531314 506.887850 0.015482 0.006353
693382.430213 141.941254 148.630127 -0.008911 0.001679
1797970.130014 385.186976 250.859156 -0.003537 -0.004076
955435.349120 688.754281 164.214712 -0.006716 -0.013576
557659.864685 605.728083 293.458740 0.007024 -0.008246
1324351.926951 788.032803 575.726567 0.013369 -0.006806
917046.023028 230.807743 93.744599 -0.007873 -0.012941
1632997.046985 519.407510 212.242607 -0.017467 0.017103
1790149.784549 770.330990 244.961030 -0.007431 -0.004988
1613713.184192 632.444409 140.914678 -0.016779 -0.015071
791753.703166 288.295791 527.548054 0.015412 -0.018581
347958.385175 437.633916 12.141060 -0.014652 -0.004655
701432.257286 473.858994 403.062570 0.000311 0.015824
1693039.169392 258.889135 326.999155 -0.012025 -0.004478
944105.254926 76.087397 210.663127 0.015288 -0.003683
1451122.988691 550.336662 119.680669 0.018428 0.010756
644142.737912 285.230809 76.779408 -0.011904 -0.010305
328294.663843 300.528764 473.809742 -0.012348 0.000410
344141.964030 428.551498 60.848953 0.013717 -0.018293
1995072.262359 551.830115 220.400235 0.001699 0.015577
1509670.835691 11.438338 590.760926 -0.015740 0.015797
783939.521193 665.403405 349.872090 0.003580 0.011722
702233.533702 730.448424 89.368379 -0.000818 -0.015286
783487.379916 514.607862 295.010165 -0.012716 0.013093
1976.599918 282.409658 217.805206 -0.015863 -0.012104
812477.567611 80.787554 531.998161 0.010925 0.005770
1551513.418346 422.480549 395.008812 0.010382 0.005361
1106838.468046 121.019073 279.545955 -0.014535 0.009717
516376.429478 389.666833 393.923845 -0.003775 0.018694
1541877.001311 639.362352 366.647229 -0.009512 0.019232
877046.727052 210.760590 200.499519 0.012089 -0.005351
1062152.807164 166.521191 280.583753 -0.003293 0.019284
220503.739184 154.870213 305.829086 0.010757 0.018113
285758.867062 257.548362 62.783109 0.004301 -0.001871
1694852.848395 693.279272 566.832158 0.000195 -0.009138
1823523.613542 219.355158 44.326288 0.000904 0.001464
109429.840049 768.378696 479.867800 -0.004450 0.010495
331166.874772 736.260184 582.364406 0.005303 -0.006523
1904142.131984 594.134644 318.581099 -0.001572 0.000439
967910.745632 483.244367 499.474037 0.003531 -0.011505
581591.096978 348.621589 47.786162 -0.010617 0.017527
706572.319710 118.039186 128.253434 -0.002967 0.006833
1499518.371885 385.503130 378.544910 0.001968 0.014851
785875.055374 571.637242 474.503871 -0.005458 -0.006112
257524.722376 252.849943 54.194245 0.006430 0.011144
1201976.699383 114.872599 228.756785 -0.002630 0.009285
1186503.038363 579.918369 101.489994 0.006852 0.018407
215485.423904 20.221880 64.877978 -0.007133 -0.001902
1555844.913030 56.703984 560.762804 -0.003685 0.004796
1610655.802121 641.037097 200.575526 0.003846 -0.013396
1363983.919548 580.394530 288.405075 0.010877 -0.004604
515601.680854 298.423892 317.422503 0.005552 0.012259
521772.659627 185.490815 319.258079 -0.002820 0.016141
984056.433190 429.732722 558.117235 0.003687 0.013913
764465.851134 302.350899 557.833602 -0.007327 0.011446
1098768.237559 97.937997 352.757327 0.014856 0.008801
1505133.839094 452.704863 265.980130 -0.010709 -0.006498
1656881.889169 392.844778 426.213508 -0.005674 -0.014813
1035409.796534 493.877821 216.691561 -0.018018 -0.018107
532033.862794 432.665692 350.206060 -0.012176 -0.014339
885049.308131 462.189332 312.122272 -0.005116 0.015773
611963.250959 737.316107 10.196764 0.015719 0.012220
1469794.933437 516.603354 223.312270 -0.012622 0.015455
1419313.830053 5.440748 222.338969 -0.003157 -0.005439
1001399.715897 750.984858 589.523234 0.014491 0.019467
57920.523946 102.974682 317.028815 0.004547 -0.007026
1340168.589419 44.288391 541.207900 -0.012395 -0.002903
1593328.125585 396.814391 209.116540 0.012537 -0.004440
308175.125303 438.482820 21.420728 0.000969 0.009097
1829796.170737 188.058476 440.201109 -0.008570 0.006237
194622.977727 628.703559 356.676695 -0.016829 0.005964
1163384.351490 86.065738 466.729283 -0.015449 0.009059
203536.384834 623.878286 466.628518 -0.019844 0.018801
408990.508136 640.500104 279.557051 0.002283 0.004605
1709918.606891 566.198839 96.833777 0.015686 -0.010646
1776676.395804 644.275038 280.581584 0.004823 -0.016380
248411.979642 575.464608 526.635837 0.008743 0.011925
1052401.075630 239.913486 543.632570 -0.007842 -0.003555
1254879.329007 324.308104 114.460653 -0.003773 -0.003593
322021.593490 487.232524 125.643335 0.003745 -0.014308
1647379.426121 385.834083 521.513079 0.019420 -0.005116
204691.412954 699.137374 106.328141 0.002807 -0.000173
536197.156895 555.531057 128.720462 -0.014193 -0.003471
25648.950611 537.640045 428.483555 0.016703 0.018973
247729.502734 436.992006 228.896066 -0.007404 0.018033
1580350.309415 380.155052 335.490470 -0.020002 -0.015900
1443766.372951 659.141154 350.850303 0.003668 0.012382
1912564.341869 554.548246 409.670729 -0.014667 -0.009430
357511.299829 321.178925 575.492747 -0.004355 0.001857
744693.135258 324.608730 130.940576 -0.016558 -0.007006
387589.365424 167.751535 523.060888 0.002985 0.000962
1645202.005117 291.689833 -0.030663 -0.004710 -0.005380
205411.871060 83.587182 113.404241 0.007495 0.007834
1996032.971887 514.774084 233.750128 0.007434 0.010650
1306804.762830 688.049609 106.778860 0.004501 -0.009860
1450619.077985 788.283959 395.357254 0.017732 -0.017180
1969754.747101 110.422134 168.303528 0.013763 0.008611
1609086.544071 543.655249 45.750583 0.012191 -0.017524
883645.576836 726.055307 99.598387 0.005477 0.003696
1722771.757153 502.593746 142.397610 -0.009974 -0.007580
28763.775727 722.866030 101.798052 -0.012107 0.000561
845989.907554 734.040679 301.096284 -0.016724 0.014440
1143645.596292 54.316633 600.089431 0.014086 0.016942
1423342.375748 525.499624 361.939895 0.011511 -0.001563
1329764.171191 184.662731 221.531454 0.013239 0.014443
1926056.274178 553.410596 294.116429 -0.011990 0.017716
1598411.507718 172.475455 507.874130 0.018764 -0.003695
726058.746095 313.817008 195.468045 0.014561 -0.001022
375371.614646 348.589990 324.950839 -0.012581 -0.008557
932014.105344 718.662333 566.953911 -0.017180 0.007264
811741.037672 587.606988 550.794366 0.010982 0.002619
1557690.799962 589.818925 154.635011 -0.009264 0.017516
399385.155365 53.607421 91.507373 -0.018140 -0.018551
1122038.441301 327.826079 256.724189 0.015481 -0.009088
1805346.826001 59.602988 425.625680 0.001147 -0.007319
1995636.369100 728.900037 96.773002 0.017698 0.019324
1695958.700821 278.908614 428.094724 0.010642 -0.015088
558004.577904 435.804222 516.529484 0.001452 0.012512
1597187.265566 589.010752 528.626647 0.018080 0.011279
1833981.536251 410.139148 114.714007 -0.006185 -0.004000
929917.220459 198.007218 284.714724 -0.013122 0.007624
1471826.909795 138.372440 361.490050 0.015865 -0.015403
1165988.196230 595.344316 277.970244 -0.008154 0.000416
1172216.120722 460.815340 32.633299 -0.002172 -0.015494
1736107.381869 196.307703 508.420974 0.009948 -0.012151
1259741.624473 532.819217 425.407760 0.012849 -0.019572
218963.730251 229.021387 155.219823 0.003357 -0.001590
1902503.935575 255.745493 379.742150 0.002178 -0.011346
1496596.111682 109.596538 576.225908 -0.011548 -0.002644
941537.357374 638.163505 6.058569 0.001054 -0.010209
245239.558744 315.504011 293.217670 0.018817 -0.014294
1372376.816986 480.171649 484.797594 -0.004169 -0.003136
1637971.852737 403.963511 424.251968 -0.016967 -0.016386
337179.376901 23.486264 245.345181 0.012112 0.003342
1249672.392965 440.272007 432.655984 0.003393 0.010457
310196.676436 44.551655 335.764646 -0.013367 0.003287
1607296.809371 230.379473 585.177743 -0.008255 -0.009683
236307.595035 783.681345 515.296263 0.017043 -0.004978
561161.337682 596.669501 528.621554 0.019483 0.012916
1939371.158341 125.408624 511.638986 -0.004858 0.018359
870700.636353 2.313417 305.535047 -0.013739 0.003547
541779.813609 249.216418 386.798687 0.013242 -0.000904
453110.709066 506.931151 459.372690 -0.011921 0.017070
47266.968548 256.671849 543.373191 0.015299 -0.010165
562186.379247 130.270036 594.821701 -0.013531 -0.013961
1629854.769274 105.202086 185.083771 0.006682 0.000387
534606.907766 82.089788 307.610778 0.011060 -0.009665
203362.833803 38.055897 342.025210 0.009834 0.015169
92345.910190 778.644442 306.690334 0.012431 -0.012993
877177.283576 667.655961 297.540272 -0.006210 0.008687
1484435.888699 500.785175 528.661653 0.009363 0.011487
64404.659935 439.101728 550.907621 -0.006342 -0.011406
856791.879449 486.788686 190.861487 0.017647 -0.004620
1153201.109335 34.179052 259.253080 -0.014199 0.011628
618554.387530 154.078540 457.007271 0.012842 -0.019876
1875266.974734 207.559834 502.954105 -0.002690 0.004173
1111007.126566 140.266704 138.294887 -0.002548 0.016404
34336.430968 375.105648 275.350016 0.017542 0.005462
1349224.196444 291.820840 250.003007 0.019704 -0.007779
1602661.077679 455.345372 209.482603 -0.010663 0.008585
276647.354605 434.172067 544.526543 0.016205 -0.005512
1822198.850020 670.971923 373.408516 0.009953 -0.009127
453696.245539 243.715488 268.440494 -0.001711 0.009670
713133.517985 379.387205 125.436571 0.012605 -0.003607
36437.158490 391.769244 464.294458 -0.002773 -0.000634
159010.190591 189.154376 31.282598 -0.002856 -0.001208
1535456.720523 453.467667 7.005657 0.007012 -0.001272
749811.288319 469.741893 183.344947 0.019874 -0.006545
1154889.427663 179.119083 384.456815 -0.019008 0.007228
762647.938338 304.910894 92.721525 0.003623 -0.012143
1129345.827331 486.843396 411.168365 -0.006498 -0.018284
337378.635228 334.158307 168.610545 -0.011168 0.013860
1499918.929068 791.129710 247.931048 0.010404 0.006606
1760744.261444 108.976434 150.062078 -0.012552 -0.014653
1172923.453698 610.661563 215.473309 -0.010941 0.011536
79642.974809 486.320194 101.202771 -0.012203 -0.012039
730713.756164 607.182817 484.140204 -0.017945 -0.016078
1702955.846536 175.689643 309.580681 -0.014703 -0.002376
724785.897287 705.787557 257.851548 0.011035 0.005757
187236.443249 524.431449 468.435726 -0.006229 0.013672
1828784.213322 744.391986 363.026724 -0.009253 -0.013439
787390.226865 250.363876 459.582924 0.002493 0.000267
1929498.061505 742.814797 160.790772 0.010735 0.019207
730520.102536 499.370407 120.006951 0.015233 0.010427
1281053.293162 194.564215 382.115585 -0.017200 -0.019245
562426.321470 130.521307 404.880875 -0.017521 0.000288
1033437.869061 780.275672 263.000575 -0.015115 -0.010072
1192859.900739 412.664911 336.640334 -0.005501 -0.016838
138898.690296 261.556799 3.841386 -0.006520 -0.016004
1973181.982512 561.251924 433.989647 -0.012560 0.003324
957790.512106 661.014402 496.559083 -0.015331 0.015870
1692076.045876 318.201331 36.228193 0.000831 -0.001629
1136829.509929 29.571635 260.628804 -0.019607 -0.013622
1367539.427880 482.619685 405.945135 -0.010182 0.018658
1509350.044424 252.208144 176.007080 0.010429 0.006094
785056.476847 598.276286 212.549963 -0.015369 0.017389
1873643.585422 475.936423 456.930280 0.010548 0.008437
1315983.134935 488.072926 64.960101 0.008775 -0.014741
1135951.929323 229.010243 100.728332 -0.019866 -0.008252
656102.584980 548.861574 538.953049 -0.019844 0.017282
1727078.126616 606.527180 148.289460 -0.013747 0.000827
1797488.349396 439.103606 161.301338 -0.009893 0.006601
406141.346510 151.743656 156.125308 0.018574 0.018121
1941231.998588 497.425446 337.502567 -0.016818 -0.006379
1386830.762674 518.295379 376.682459 0.014461 0.006005
1843128.023596 152.040500 201.909920 0.012777 -0.012246
538331.757550 546.156314 571.598456 0.000655 0.013551
944807.663069 332.247391 233.253228 0.009456 0.006612
106756.882792 755.062057 514.265712 -0.007524 0.016342
1618777.323337 226.669698 318.242366 -0.005100 -0.005338
1742666.514471 52.446946 6.641540 -0.000039 0.017102
1321460.731012 336.842650 69.865884 0.019898 -0.010401
620834.287545 213.292308 553.634358 -0.009482 0.011308
1523195.320518 587.628375 118.900808 -0.014008 -0.000950
1731081.362688 162.985684 252.002678 0.008900 0.000658
656632.629529 425.455233 480.279783 0.014355 0.016130
325566.043298 583.903964 581.202469 -0.013076 -0.010848
1792559.657149 666.665182 390.092614 -0.019485 0.013240
1778465.217808 259.135142 59.202994 0.012412 0.003498
1763427.173609 458.081931 192.844262 -0.017360 0.009395
1593951.392730 756.100043 556.158275 -0.011314 0.006648
886016.743670 435.972209 119.225196 -0.010348 -0.003821
204796.643092 324.090707 80.756162 -0.017155 0.003052
727276.621725 773.759123 248.078597 -0.019574 0.019163
488690.041233 721.853156 182.879490 -0.006274 0.008562
1781116.410057 179.401922 172.086670 -0.011498 -0.007823
20635.784613 7.278578 149.723704 0.017492 -0.010973
1834876.302553 303.631405 462.599920 -0.015338 0.004934
350019.654422 174.776519 16.872718 -0.007616 -0.008385
1214501.650638 538.040799 154.958661 -0.019202 0.007479
477760.385944 211.483249 353.436205 0.001753 0.004281
605806.972182 347.204975 499.202870 0.003598 0.005804
272576.070518 480.165079 392.486787 -0.004560 0.001510
1759240.741729 243.101322 550.315372 0.005999 -0.003248
1080301.612187 660.413923 382.869960 0.002772 -0.014597
1857771.559552 140.386851 484.533421 -0.012497 -0.012178
988850.145130 340.193915 276.512443 -0.016669 0.018757
134591.829094 309.354043 242.237018 0.015981 0.019035
96963.198901 28.480635 345.876251 0.008214 -0.003140
227820.812831 465.305836 434.937974 -0.018758 -0.010705
290631.014058 457.374401 34.487833 0.011433 -0.014457
385931.693197 569.842189 189.881218 -0.019998 0.015993
1023297.854244 396.788133 195.366531 0.018847 0.003215
589125.026292 31.434318 579.392364 0.007930 0.017482
1882412.602139 596.833490 584.044608 0.000697 -0.002081
790218.714061 505.001258 18.619785 -0.015185 0.006538
526777.357108 212.426095 140.160704 -0.007124 -0.017996
748590.766801 411.702849 457.602054 0.007596 0.000602
1324791.236466 161.887685 6.190508 0.019521 -0.013043
1179151.767483 226.006501 128.016735 0.002190 0.019216
301466.356172 396.240745 435.141283 -0.015003 -0.019486
349183.755158 415.186579 387.274742 -0.011773 0.005610
616335.581344 375.045135 543.576687 0.001713 0.011570
1910511.639859 733.626072 182.859658 0.008705 0.004279
1640005.631205 304.551663 485.088532 0.013263 -0.005312
1964468.728734 336.040080 390.822896 -0.012197 0.018996
1261209.360911 276.320738 282.389070 -0.005742 -0.001186
968463.258337 424.609382 593.698846 -0.014824 0.009440
1257770.379660 350.140910 123.649293 0.001314 0.019240
1991034.577596 391.526485 537.857074 -0.008001 -0.011720
1007596.648767 95.923860 353.132566 -0.006926 0.017952
1912045.142572 235.878957 222.808527 0.004267 -0.000414
692628.538559 190.064349 501.158938 0.009997 0.003362
609848.141023 240.798337 74.969232 -0.008228 -0.002770
1723251.459991 737.937150 520.967428 -0.017339 -0.001709
1696924.347289 50.205778 568.050231 0.009823 -0.005543
309029.791648 199.549933 289.676558 0.009658 0.002384
867302.640745 558.994025 513.632089 0.012187 -0.007812
691843.061099 120.760786 325.807927 -0.012822 0.018674
272265.500516 388.554992 162.013903 -0.009549 0.011204
1400582.436193 98.319983 421.482743 0.002894 -0.012354
320566.674844 333.307893 151.019785 -0.015710 -0.013504
1229627.376064 209.032325 246.492345 -0.016068 -0.019847
1946485.269790 425.001911 421.270550 -0.007994 0.002912
15066.369444 140.467832 292.369061 0.002003 -0.005750
911695.870064 548.966537 505.956047 0.009033 0.017879
1245159.992597 340.413952 42.440132 -0.006696 0.020032
519428.529087 388.669132 246.963768 0.000408 0.003805
1147820.552414 101.868158 512.643466 0.019419 -0.011042
1717933.562453 767.063637 453.534344 0.002479 0.011488
183230.377819 455.280641 577.970389 0.003166 -0.015277
640928.558372 27.658261 483.099703 -0.013464 0.010346
1503776.668340 628.783551 111.304390 0.012856 -0.015539
360957.489517 65.328057 358.265550 0.003693 0.003726
380073.533570 132.246212 431.824206 -0.018218 -0.013990
1889061.825298 723.265342 66.037698 0.008007 -0.001361
1796955.322752 633.609050 20.473080 0.014488 -0.005170
306282.549308 146.696550 243.260388 0.018342 -0.006180
332156.324914 567.688769 78.897662 -0.005922 0.001295
485168.456326 426.459810 367.549462 0.013256 -0.014947
413343.113108 24.070852 173.873663 0.017091 -0.017014
883643.182406 697.217694 587.050786 0.002075 0.002829
887249.075289 360.312013 217.629191 -0.000895 -0.007461
1467432.667253 504.531919 297.449359 -0.014415 0.003560
1682910.725327 244.825921 179.414701 0.018948 0.006313
1660796.624450 172.334858 113.788061 -0.002244 -0.017782
629926.086697 520.294594 50.841809 0.004201 0.003101
318150.466456 37.458229 269.274124 -0.014083 0.003942
40123.955365 464.693310 29.343495 -0.004711 -0.017569
724761.667999 93.769999 413.797300 0.014323 -0.009782
558074.092752 559.629390 337.155870 0.003110 0.006884
438651.350531 326.479502 533.034583 -0.003929 0.014330
1885724.248311 579.262497 301.054848 -0.018901 -0.006814
158400.153815 149.267855 226.217974 0.001130 -0.007009
1952982.963972 437.868143 543.371336 -0.018953 0.017260
1927788.328346 310.924415 28.414449 0.006182 -0.010112
607879.136041 746.729369 567.554543 0.014627 0.000450
1236504.919471 67.941714 551.395868 0.000250 -0.000246
1541570.438790 358.940915 131.516621 -0.009106 -0.000957
1098586.873663 282.013524 398.143714 0.017058 0.015188
1973812.054831 722.844699 257.053458 0.015663 0.017308
717421.361579 684.502200 190.603477 -0.003736 0.000392
1128238.588166 568.335304 265.667498 0.000399 0.003049
1906900.824936 102.975719 396.680182 0.014905 0.005387
311031.282093 514.471974 50.378624 -0.004985 0.016663
1119457.958787 738.972785 161.168795 -0.010878 0.014003
295815.608602 167.758223 451.862514 0.003014 -0.015962
1365835.790227 747.015467 574.163401 -0.019987 -0.006406
933742.419320 452.143507 30.339007 0.016400 -0.016982
1254474.420685 690.183850 122.022340 -0.008477 0.009412
1674721.783807 355.337721 227.504309 0.016825 0.012739
589441.845468 384.377485 445.669819 0.002541 0.008115
1186208.380939 568.407206 547.422359 -0.006132 -0.008545
28320.921598 24.251197 131.975958 0.018867 -0.018783
1123059.363627 350.684032 356.871121 0.004432 -0.006067
1339490.994503 192.355202 126.467045 0.014915 0.001146
1892333.765464 567.917169 583.225781 -0.007117 0.005296
1580513.963280 495.677711 66.401807 0.001269 -0.012683
1628540.167412 100.873967 535.793169 0.009077 -0.001106
358744.990248 592.815790 301.651669 -0.004020 0.008495
1065496.480589 768.929909 90.497726 -0.014912 0.002955
996930.964755 638.213205 488.784167 0.008371 0.006813
685065.261407 524.115439 228.675662 -0.007553 0.019174
22284.613001 83.344541 359.984356 -0.014924 0.005229
1564209.169505 749.432051 458.055937 0.006986 0.006546
471659.941818 683.832890 242.587343 0.009527 -0.009801
234378.384535 216.577075 129.616055 -0.009254 -0.004032
1581110.075852 613.193113 117.749698 0.004193 -0.000963
1733102.233956 757.727460 78.333957 -0.010137 -0.009511
222272.466972 206.649611 219.758033 0.008446 -0.004775
7593.072023 394.656183 189.861457 0.010703 -0.013202
1961038.188991 2.127290 13.818122 -0.004578 0.009653
554464.627316 401.919860 7.479089 -0.000263 0.010841
821613.773155 227.278275 322.374280 0.004109 0.015567
24485.756655 378.578745 502.024326 -0.014267 0.008814
196372.594776 203.415522 587.616859 -0.001419 0.018571
718005.964867 374.914110 274.683121 0.007033 -0.010267
1252709.545778 525.325210 142.482756 0.005952 -0.018322
1958473.456073 741.454370 326.387602 0.019635 -0.003219
628831.249023 321.997790 421.712286 0.014048 -0.019638
1185057.482303 690.600514 289.225962 -0.002862 -0.019726
406775.272641 421.357036 156.957089 -0.012821 0.019533
452064.211691 432.989133 275.820163 0.007358 -0.011341
1391094.198167 248.890933 524.510688 0.017278 0.018342
1830316.959801 730.344071 531.887864 -0.001630 0.016147
610994.441719 618.479200 183.918812 -0.019651 0.004987
631021.334152 481.605484 292.421607 0.011872 -0.018648
989235.750860 1.618408 334.270543 0.010240 -0.012652
1098658.789461 784.712375 435.009493 -0.019644 0.006629
1883467.686308 564.318858 585.922009 0.012712 0.005466
1871849.530317 584.586461 330.752149 0.012870 -0.012430
911993.535660 102.060247 577.633639 0.010538 -0.014574
1176139.691461 61.872274 443.182857 -0.016941 0.015031
1537174.407177 456.471809 526.572469 -0.006944 -0.006938
123261.179832 700.699677 184.985642 0.011595 0.015153
1946848.674653 582.920827 354.061357 0.017985 0.001720
457599.283409 708.800305 164.395147 0.011216 0.008296
926562.791190 189.189401 501.298780 -0.000890 0.020283
1942178.605097 11.917111 45.640537 0.008385 -0.016364
1905775.863633 382.490460 397.260704 0.013255 0.012158
1975712.466974 713.736134 407.844605 -0.008256 0.007162
1128937.655654 214.861795 243.883975 -0.013863 -0.011229
1900458.380534 306.380463 62.321096 -0.011055 -0.013433
1623668.112617 549.878754 239.865832 0.005853 -0.015461
798515.523224 494.075272 76.877198 -0.000970 -0.006936
438456.544857 343.447134 482.457622 0.015165 -0.009722
1216805.763178 694.763751 90.915365 -0.008492 -0.013410
1661706.700764 681.615847 259.486280 -0.010492 -0.019717
1303971.794110 150.642469 233.998143 0.010267 -0.003519
1107963.914568 455.005327 59.170787 0.018172 -0.011406
425643.800956 282.745007 499.740542 -0.006844 0.013490
318262.858465 448.801158 155.018636 0.018557 -0.002306
1036196.117772 457.771002 186.347050 0.006824 0.014514
948553.069005 401.191972 427.547313 0.016362 0.009452
1438074.149861 447.244178 555.889898 -0.015627 -0.007487
677338.477540 530.464896 530.584068 -0.002496 0.004696
197747.041563 520.855652 583.155135 0.017232 0.019660
1601492.672973 71.886283 330.919307 -0.017638 -0.017823
1987075.958395 461.654703 375.361738 -0.007837 -0.010073
971748.938305 621.972097 449.251746 -0.012076 0.007408
974474.447302 733.610760 146.474996 -0.003446 -0.018928
1121549.802423 602.093891 413.372649 -0.002206 -0.012390
613932.794246 434.805822 504.563849 -0.008864 -0.001006
1665525.531241 62.981406 338.895576 -0.004533 -0.014511
1238773.710671 302.588172 429.391587 -0.010182 0.007290
1925637.924078 585.209954 276.349944 0.008453 0.017192
290519.337305 158.709446 507.980064 -0.004378 0.004496
1745488.432117 760.784137 219.028649 0.002464 -0.004189
1111265.337612 695.224210 563.411332 -0.004214 -0.013971
829182.160473 183.954632 135.787160 0.019219 0.004578
728391.627189 479.102033 596.071653 -0.016855 0.013716
1349985.243450 33.558768 345.855974 -0.014549 0.010159
1010733.056353 223.985726 571.466702 -0.005919 0.006801
1129411.861826 180.060652 372.989527 0.017210 0.011481
33999.050983 388.880437 393.906884 0.018989 0.015308
1606354.705806 296.485396 66.781841 -0.018799 -0.005952
1451822.744427 315.010949 570.292054 0.008761 -0.001034
1590584.168020 314.929316 309.294309 -0.005147 0.001143
538209.161040 701.083612 485.064399 -0.011155 -0.010862
958317.440449 628.410592 272.048780 -0.015990 0.008644
479655.517489 94.258691 120.470404 0.015847 -0.017027
167238.956395 558.841925 267.270537 -0.012177 0.009130
1592486.357127 737.088627 73.168503 0.009857 0.005619
1189583.299304 433.282202 20.614355 -0.015556 0.016563
1124831.962923 303.350938 474.134955 -0.005178 0.004014
37146.621401 680.328295 232.392168 -0.001136 0.018045
205026.889315 568.993774 40.993905 -0.007871 0.004303
284161.461650 310.153937 183.752742 0.003491 0.003334
68690.410847 306.405983 301.939083 -0.013750 -0.014788
287411.349028 600.384918 403.691993 -0.012906 0.014455
1171263.018237 591.742887 143.896959 -0.004978 -0.015527
1682127.158941 315.159095 577.278730 -0.010882 0.014565
1824708.168313 264.603403 346.562693 0.019215 0.005361
369206.509725 98.061985 13.245410 -0.000371 0.008403
1208981.916871 419.686692 56.076320 -0.015658 0.007258
446720.970071 201.984212 259.136947 0.015812 -0.002830
586212.983628 385.025157 101.886934 0.001338 0.014293
560717.814863 299.444680 150.823676 -0.010340 0.004123
234257.601311 123.598797 559.135466 0.007794 -0.014618
1133248.557864 703.383593 154.295465 0.003534 -0.005190
1934248.125150 153.871356 536.765903 -0.017576 -0.007946
1152133.833222 226.461125 331.602072 -0.019685 -0.012917
1965200.129880 240.614783 396.623435 -0.013874 0.013375
1034901.121182 346.020705 125.768077 0.010818 0.006917
1623246.405098 708.863103 497.109287 0.009753 0.003209
1926329.093951 248.308577 276.039897 -0.011180 0.015961
1658576.383096 150.334719 54.928259 0.008976 -0.010072
786221.519479 240.645147 318.784382 0.017814 -0.007684
1421758.733421 742.991476 365.318294 -0.004961 -0.017093
888519.625593 711.216555 307.914422 0.006010 0.006222
374128.679919 371.719121 325.700251 -0.019383 -0.011609
247207.860577 782.972519 311.733853 0.003300 -0.012043
838233.393076 329.875769 231.736797 0.000626 -0.014417
1269501.125100 723.015343 262.432783 -0.014040 0.015112
1490342.234955 701.654287 467.371902 -0.005828 -0.010057
1720173.599068 639.049583 82.438144 -0.005114 -0.001875
1589947.016719 447.922495 550.742904 -0.006480 0.003066
254199.274003 369.635256 332.068217 0.005900 -0.018210
1506623.924480 52.657335 274.416518 -0.014402 0.003090
1187558.641279 619.444778 289.306770 -0.018785 0.017647
663885.182079 620.247475 490.727613 -0.015549 -0.014782
134186.233456 776.823382 557.513860 -0.011844 -0.006224
763995.101100 799.440477 542.548979 -0.008032 -0.006498
960104.740672 341.064713 479.401069 -0.018606 -0.017001
1689167.128731 629.836471 84.561695 -0.007903 0.017118
1435140.350571 716.196413 421.905386 -0.012036 0.017047
1287450.956780 425.123847 421.435412 0.030478 -0.008616
1664884.491668 423.674184 368.421074 0.010569 0.009338
1916152.068375 115.442573 439.976656 0.014424 -0.002272
142374.806172 274.457550 522.206941 0.014832 -0.004931
1889104.925044 571.961796 98.171351 -0.016650 -0.019297
184043.514628 642.185776 547.249134 0.011782 -0.019928
1678137.485719 350.638751 319.837307 0.001620 0.016048
349432.717240 299.057479 257.486142 0.011518 -0.014607
327130.583267 597.542787 167.643347 0.015871 0.004361
1445781.852792 774.597448 571.324160 0.003725 0.013545
657045.848974 430.379482 332.781286 -0.000286 0.004918
1143416.638087 467.925634 254.993680 -0.000619 -0.004817
853229.746620 259.351256 490.965229 0.018361 0.014565
1436276.935710 106.675441 143.299266 -0.014053 0.016937
747046.145027 249.283282 400.883764 0.006107 -0.011770
555282.349025 300.261648 106.349518 -0.010824 0.018766
31011.744417 446.335278 303.810792 0.002803 -0.017975
259713.421697 113.376765 381.518737 0.002207 0.005058
30230.289339 785.636001 570.344751 0.013297 0.017666
1629124.594680 440.339360 44.862091 -0.017896 0.007952
1993199.337271 341.156529 5.742695 0.006604 -0.016812
437214.899080 754.174615 272.481939 -0.004221 -0.013117
847463.854052 328.905521 438.450548 0.017223 0.019223
1561464.248021 48.440328 73.444450 -0.003332 0.004611
1496915.452879 345.398377 358.178858 0.007985 -0.009430
1076064.875850 410.425165 489.230844 0.004502 0.002608
1028186.607653 487.293477 594.911113 0.000947 -0.009061
141764.248787 594.372713 129.937089 0.001006 -0.014466
778578.041484 759.053641 329.564323 -0.015257 0.015197
1058486.954802 720.152693 564.253974 0.005930 -0.007195
1112790.978101 319.613076 448.373344 -0.013854 -0.016074
24501.685065 553.721912 366.510848 0.013093 -0.007836
353571.678676 272.986606 548.351561 -0.013262 0.014620
375264.103699 191.544557 365.585118 -0.003807 0.010610
1493884.026769 635.049385 429.000114 -0.008195 0.016527
1188817.119779 659.920890 487.987113 0.001403 -0.000926
259519.063057 73.569139 525.511582 0.015130 -0.010176
1949033.547169 712.028260 562.412653 0.003454 0.008705
482529.103981 609.643328 35.863342 -0.013821 0.017257
1850091.109914 273.823288 102.634536 0.001382 0.009871
1871495.037280 224.845480 324.705686 0.006115 0.002953
908785.677938 195.383301 241.076983 -0.009281 0.011206
1755362.652128 318.241440 522.468855 0.010157 -0.008996
232765.271437 582.337223 98.895647 -0.018019 -0.007322
1765166.354256 236.144938 45.907999 0.017672 -0.002010
15434.920795 693.071445 474.807670 -0.012875 -0.003992
1077013.659792 90.908089 409.170479 -0.016813 0.010591
516053.778360 427.316784 5.525416 0.006383 0.012101
1576709.125925 429.800480 119.322174 0.006408 -0.008350
948767.654108 620.831083 11.981972 0.005589 0.013192
667159.362075 417.582425 74.321032 -0.003591 -0.001442
1146380.339352 334.184460 198.378778 -0.005374 0.003857
1462269.868451 722.476868 426.701764 -0.003549 0.019274
949273.004639 536.540388 309.871871 -0.000660 -0.006821
636841.273232 217.395168 520.690264 0.000697 0.017244
316267.470045 793.297907 424.377470 -0.012921 0.005286
1072709.865436 409.082392 92.553208 0.006413 0.016869
1234697.917120 187.200673 203.628744 0.017922 0.003936
1871003.135047 543.308697 300.431772 0.005840 -0.016339
968257.898916 95.965613 457.494898 -0.019863 0.004210
184803.100389 255.851736 525.701956 0.018330 0.013471
1613704.762242 94.150687 497.144087 0.000560 -0.008181
920804.219749 40.346323 484.049933 0.004750 0.008363
1455508.939668 184.662787 566.123700 -0.017315 -0.012833
1084419.887087 1.553684 515.019885 -0.018235 0.005933
1899527.167855 422.363215 461.389868 0.008465 0.001126
745706.753221 643.354514 508.945169 -0.010103 0.010551
1369434.811813 44.288297 529.086614 0.000562 0.002783
353913.564400 779.670230 371.830958 0.019303 0.003532
660308.989072 568.689839 491.872816 -0.009045 0.011121
1997036.600484 653.466073 468.696496 0.014266 0.014404
857968.969670 644.845167 232.630243 -0.012089 0.000742
1832483.595159 456.877900 194.095128 0.011167 0.012318
174050.590104 359.471718 525.204915 0.018760 0.018486
887791.815627 116.133586 561.497221 -0.017444 -0.014850
1048845.100705 314.755624 504.271962 -0.006251 0.006698
1236598.032171 273.736319 290.258719 -0.004035 -0.012070
688449.854352 662.520260 2.763914 0.009261 -0.018951
1047717.716101 518.852430 357.862100 0.013898 -0.003494
831685.772553 746.904899 516.985228 -0.008425 0.016116
1646809.537731 587.726519 29.256308 0.010388 0.011929
354697.854423 226.936641 114.994525 -0.019286 0.005138
1718570.137265 508.520896 581.741149 -0.006275 -0.018631
338487.908402 549.892184 517.486126 -0.013005 -0.003234
1776805.868268 558.751670 40.733714 -0.000611 0.001832
960078.654327 720.503217 287.221404 -0.006609 -0.012461
763596.911339 131.494411 555.777866 -0.002770 0.016998
1446903.674606 486.346156 125.227363 0.016916 0.005195
1673049.761761 619.643827 156.125014 0.012239 -0.015284
591079.477496 780.533797 482.949696 -0.013694 -0.013980
450261.526019 37.041576 509.506878 -0.008260 0.001258
788880.985598 618.743956 259.041935 0.014940 -0.015430
1247242.441982 204.391650 167.265972 0.001999 0.007424
405506.701397 218.075513 175.479131 -0.003538 -0.012420
1835863.754077 197.927427 576.656929 -0.012854 -0.017834
159031.381905 379.791250 18.539725 0.015402 0.005313
362722.217274 87.648415 407.293407 -0.018635 -0.003801
420997.232395 340.080412 105.441336 0.005804 -0.007885
580167.091722 213.237754 332.694721 0.002780 0.012608
479025.265425 617.087164 52.746826 0.001292 -0.012684
552036.800679 360.072909 258.346650 -0.010476 0.005108
969986.005207 253.882012 61.774597 0.000734 -0.011934
1471710.388303 557.554869 187.674242 -0.003400 0.009168
1430984.936390 500.632848 91.258858 0.015652 -0.009265
902052.609670 144.832331 321.019347 -0.019788 0.010004
700700.571156 195.567748 313.170679 -0.002450 0.011069
1408199.004553 571.478577 136.870536 -0.014614 0.018110
1713095.736556 496.009825 161.612270 0.018411 -0.014604
944491.339356 556.934445 498.948352 0.011378 -0.015569
1119457.834922 400.335395 441.489903 0.008485 -0.004354
8319.607940 130.612110 343.687979 0.001559 -0.013272
647061.014849 711.644849 247.499961 0.013808 -0.006848
379545.065751 439.236663 25.788166 -0.003329 0.007328
1990576.603445 218.756421 181.599337 -0.009387 -0.010668
876473.971119 589.753622 557.739325 -0.009186 0.000887
80381.552726 664.390164 13.424675 0.011032 0.001697
828036.629980 624.732563 423.172795 0.019512 -0.007204
1747623.103553 248.506560 124.644162 -0.008535 -0.013750
1072386.123739 381.159153 423.417415 0.003196 0.015738
777386.485961 459.519057 100.673919 0.007648 0.013587
801906.589792 103.852401 346.018506 -0.006799 -0.003959
197987.358178 296.180962 138.031140 -0.015155 -0.014134
1545926.498969 428.238409 556.339270 -0.000609 0.001129
492654.834172 281.839964 500.264726 -0.001380 0.005271
1978982.283724 792.826933 69.237295 0.007763 0.002810
17631.095842 66.300388 86.576195 -0.012956 0.010998
1966499.848276 461.684811 543.408276 0.003179 0.015444
611006.784537 527.312552 167.174228 0.001453 0.011210
850069.038966 247.120861 189.703487 -0.005918 0.011500
1676786.882652 479.005916 83.552858 0.006887 -0.017865
1557780.060711 529.529512 26.244614 0.015764 -0.005737
1227310.625476 722.642382 263.153071 0.010963 -0.018014
428616.731627 592.251345 393.461110 -0.015227 -0.007965
1127178.874392 340.216905 576.416437 0.013663 0.018421
1480731.590409 213.023700 162.146380 -0.017758 0.004784
115335.758829 715.295845 130.614033 -0.012097 0.002659
541498.807511 781.038561 137.077461 -0.007431 0.014831
1167776.423119 742.246566 464.385856 -0.019064 0.007408
1705487.274428 189.981301 255.855887 0.000330 -0.005718
1455042.508177 58.110491 469.410133 0.007516 0.016569
1485351.840726 341.821131 108.579762 -0.019526 -0.000651
1600046.444498 55.862825 226.829972 -0.019283 -0.009272
1889695.885540 230.376330 146.824834 -0.013085 0.004137
230475.999522 605.658631 319.133432 0.015522 0.011181
434670.210087 593.468490 10.106796 0.005757 -0.009957
748135.628527 296.881867 193.326631 -0.013690 -0.017658
474188.291689 718.674255 292.497965 -0.003301 0.016303
1941577.332067 174.344627 588.691563 -0.006019 -0.010639
499196.726130 235.236351 314.413943 -0.000250 -0.001309
254300.674542 487.655528 134.032786 0.006358 -0.000093
6325.354803 700.292237 144.000025 -0.019183 0.000818
980919.682878 315.871759 534.904691 0.012546 0.001978
1900851.625903 40.309152 269.173833 -0.002565 -0.001268
719689.197242 326.301812 412.237642 -0.006340 0.010293
1844748.197982 472.760266 30.400686 -0.002166 -0.016573
1036199.990211 459.108337 416.469388 0.009646 -0.010743
385683.919483 595.659343 65.129672 -0.002694 0.010618
1256102.471266 738.633170 95.942402 0.000660 0.009869
1419511.694191 375.601763 472.644691 -0.013637 0.016260
511292.832210 415.037550 189.489263 0.017689 0.014399
145034.134456 691.385407 270.243024 -0.015048 -0.007554
1071721.370831 513.295912 530.725234 -0.010799 -0.004671
233847.819378 338.332597 77.187421 -0.011022 0.014213
1786277.592083 682.060948 467.472448 -0.017902 -0.005090
1031918.257955 609.747669 505.893963 -0.007877 0.016826
1499349.890975 446.552118 263.473143 -0.017354 0.000065
597617.807145 110.188130 219.184790 0.010002 -0.009539
1353622.215499 228.356529 541.945746 0.002466 0.000630
573296.933702 542.688322 563.790535 -0.003403 0.016137
1590131.532210 246.367933 453.841225 0.002998 -0.005560
258416.177825 72.724041 73.669647 0.018867 -0.004270
87595.200207 577.084191 571.536667 -0.000686 0.011451
906233.425674 625.682957 554.271927 0.012748 0.001244
370032.188655 396.100080 489.547049 -0.016461 -0.017732
664767.085884 299.689662 441.640805 -0.009136 0.011577
1278253.811075 53.072305 58.625411 -0.004138 0.005627
916040.443311 420.041982 438.715077 0.003226 -0.000153
249204.321880 499.414156 130.448001 -0.016940 -0.015706
8661.484350 424.268128 533.504276 0.017143 -0.006053
841302.204338 90.218780 506.261951 -0.010486 -0.011970
1802783.200425 455.846358 346.043559 0.005478 0.013643
731632.451868 220.869311 544.666566 -0.001429 0.006857
1096714.972098 736.849900 118.101792 -0.008810 -0.000025
1386984.768969 323.715519 76.220211 0.016468 -0.000749
469499.863903 732.329044 6.744069 -0.015016 0.013791
718651.906922 435.570290 574.471678 -0.011853 0.011247
316653.122342 84.194582 211.257957 0.009805 0.009299
385530.231700 79.896389 10.915384 -0.015988 0.002563
1379939.433830 519.269298 291.387945 0.015434 0.017160
1974529.288697 463.871780 199.396487 -0.015483 -0.000374
1626419.535664 279.569466 244.581727 0.012972 -0.001065
503204.831157 146.310167 10.725683 -0.011629 -0.004512
1600260.999799 293.219998 294.678167 -0.013930 -0.015946
467442.890847 275.458957 121.032870 -0.009919 -0.002202
1530910.291491 753.189570 56.422527 -0.009999 0.013166
43405.273949 190.013956 245.190812 -0.005809 -0.005898
1801413.789299 133.621280 421.123081 -0.007683 0.019665
348673.859774 447.698974 104.889837 -0.012289 0.010750
1122384.702378 793.593858 80.984354 -0.017907 -0.014239
474000.488629 229.280765 293.431569 -0.002438 0.001553
1867761.544822 162.963770 288.118162 -0.018875 -0.001832
617712.498930 39.488046 415.335783 0.008739 -0.003853
88793.583256 494.991281 342.642852 0.009871 0.016981
1123119.018564 736.086853 291.725082 0.009394 -0.015511
510837.786138 237.612278 62.704077 -0.004342 -0.005988
498234.962345 502.589316 381.651164 0.009529 -0.017333
350510.791107 537.739417 162.804939 0.006241 0.007961
1451432.125387 771.425973 449.267538 -0.003348 0.007328
303273.376219 370.203598 180.064904 0.008882 -0.011672
454803.713809 227.079684 76.233770 0.008590 -0.019207
480071.545802 775.565729 189.883091 -0.006236 -0.005564
1333575.176696 474.931761 592.971134 -0.007808 -0.006722
110627.538576 382.884870 2.051748 -0.006981 -0.014559
1406769.050940 41.600368 59.201982 -0.001892 -0.001186
1561676.394922 482.413103 559.420667 -0.016756 -0.006991
281255.947557 246.828001 365.034720 -0.009253 -0.019073
1257382.930842 407.204125 595.938161 0.017795 0.014125
706537.016996 489.586631 268.686157 -0.006336 0.016644
1558318.719993 317.974507 236.935438 0.011339 0.008938
1057752.200895 389.352382 465.733246 0.005109 0.017511
491364.625511 326.440367 325.146473 -0.012863 -0.000410
1734950.389590 255.140896 479.271168 -0.000928 0.003494
1643357.573842 84.546185 57.099117 0.012570 -0.017966
1898263.090243 133.997784 397.727805 -0.004150 0.000395
1157183.811607 140.803957 544.377290 0.018936 0.018337
1260090.642264 401.516665 266.732405 -0.003781 -0.014823
767107.214205 521.409198 323.131245 0.016993 0.013178
55740.578126 634.673496 88.903584 0.013034 -0.009278
1471867.368311 518.868358 224.893871 0.013010 -0.001648
851158.514084 624.361894 377.795015 -0.016458 -0.012919
279214.015361 533.198347 211.734640 -0.018179 0.005623
622537.959657 541.222154 84.908960 0.010262 -0.016717
543551.074594 112.266157 439.423531 0.012694 -0.017356
1125283.938425 670.341990 515.193728 0.008429 0.006538
255944.995329 357.693270 187.225832 0.000113 -0.008834
1549879.616848 742.659856 35.459130 -0.003803 -0.019305
474171.187949 435.856664 410.436160 0.003573 0.003648
648167.413030 720.787255 160.419769 -0.001354 0.006306
697835.028496 590.031297 478.481276 -0.016726 0.001913
1725670.433475 515.901459 231.179075 0.008683 -0.005443
99429.388577 679.233606 481.605825 -0.005521 -0.005940
163663.104253 109.386289 168.314804 -0.008273 0.000288
594763.153510 303.478355 52.565615 0.019269 0.018782
1355525.087265 244.727807 521.992087 0.017879 0.010915
1053977.892294 234.871886 305.687317 -0.007018 -0.004944
115031.983757 149.719575 12.621110 -0.002314 0.016319
752375.869431 393.896617 454.929449 -0.012789 0.014193
219437.964363 208.639889 595.049102 -0.004391 -0.003927
1068114.026016 550.195438 469.001099 0.004833 0.006850
1499866.051366 239.063585 584.325561 0.004745 -0.010278
1491842.997955 116.952270 322.392547 -0.009734 -0.001138
1826279.228472 250.899804 395.089857 0.017312 0.010248
1133058.067007 247.608102 149.327822 -0.007040 -0.000440
207507.431604 346.739960 450.154785 -0.016174 0.012959
304737.184339 504.181717 306.798176 0.017353 -0.010001
361247.467977 546.634428 329.410357 -0.013808 -0.007883
1585793.637478 720.500554 269.476332 -0.006770 -0.013806
1841064.114050 194.797062 281.415199 0.003176 -0.012869
451362.950938 116.087941 291.961899 -0.001004 -0.001228
1950936.490647 462.869062 542.112119 0.008194 0.007802
1454702.783122 701.819336 182.516699 -0.010452 0.012480
1108684.254395 335.384254 297.102795 -0.015856 0.002984
1596490.624173 716.993806 285.000968 -0.011859 -0.010646
1263706.185512 134.381130 282.373793 -0.015933 0.009881
1294332.516982 261.308081 535.604780 -0.014661 0.012051
723046.520130 87.206227 228.304558 -0.009398 0.013365
107937.715067 793.547043 426.995234 -0.005727 -0.010809
1046872.077066 729.153931 390.067290 -0.019334 -0.019455
450965.188654 653.578025 546.938089 0.008020 -0.017423
278162.196408 266.316707 139.797194 0.004373 -0.002629
1960316.196066 205.536977 456.629614 0.014895 -0.004394
1125740.257616 187.523589 299.749206 0.017720 -0.000064
668170.334151 797.024995 294.302621 -0.018177 -0.005834
1443825.863043 455.563750 159.985963 -0.005091 0.003544
564375.188464 478.329565 242.707753 -0.012222 -0.008030
938961.728913 267.007253 379.591353 0.008082 0.017698
132214.712972 546.502427 119.640753 0.013254 0.002217
1179224.623916 311.770598 473.227112 -0.016468 -0.006664
575213.267736 338.887961 197.892703 0.011042 -0.001203
1368718.602401 400.630125 23.787391 0.018035 0.014940
1254302.726711 185.997926 282.722521 -0.018669 -0.002902
1541011.519516 401.077129 456.324648 -0.003915 -0.011861
1407684.757098 375.235380 531.874692 0.016145 -0.008176
883750.411162 393.961471 411.735901 -0.010648 0.003296
38293.802197 414.622595 2.956226 -0.006037 -0.008100
949396.727117 26.713646 478.690204 0.000587 0.019414
1340193.529306 112.385723 130.063829 -0.014309 -0.013066
1289556.392138 729.447301 404.433792 -0.003805 -0.007432
1756783.113702 87.953917 469.305035 0.010543 -0.019644
157687.638028 165.888845 303.273771 0.010626 -0.002492
175039.783202 626.884524 573.465178 -0.016271 -0.014666
506304.289450 453.546807 99.490840 -0.017959 -0.016726
301433.914481 576.114822 133.619090 -0.005340 0.014521
790027.673724 9.819787 464.105335 -0.017201 -0.003253
176035.711624 758.554908 317.121941 0.014812 0.008522
1081972.172988 759.416692 552.188311 -0.018216 0.008655
715741.816310 107.072622 299.043433 -0.007413 -0.010926
1263880.632475 454.184422 476.687169 0.011933 0.004699
1751026.801649 758.927079 202.556104 -0.016143 -0.007303
399196.095951 394.572349 198.013513 0.019030 0.002407
1496994.359185 48.791362 306.272381 -0.008911 0.017283
445396.929255 653.808414 529.561023 -0.014299 0.014552
1193553.106484 400.051844 599.268482 -0.016138 0.012556
450224.472419 581.587680 229.311840 -0.019239 0.001037
1999453.321099 715.799327 285.531496 -0.004967 0.019544
1584501.028799 429.407508 291.137138 -0.015109 0.000407
94458.571679 696.592903 342.683154 0.002271 -0.014108
1007827.074736 623.651656 579.432680 -0.004562 0.016868
1658558.308919 786.483853 253.349130 0.013091 -0.016892
475365.567242 42.250244 483.126463 0.004465 -0.017013
663714.367274 495.934163 580.632093 0.012240 0.018209
1919117.403179 479.321100 296.831401 -0.002181 0.008831
9624.167350 393.672695 354.812902 0.003061 -0.018038
1478876.057770 64.527234 497.188331 0.007915 -0.001374
1502145.321808 426.709098 269.316014 -0.013028 -0.005539
1054818.871922 329.178177 247.963501 -0.006669 -0.018738
972186.690649 532.076279 390.605419 -0.001890 -0.001123
1216433.286302 329.745567 43.138534 -0.015877 0.014305
1585452.240699 85.809929 209.826249 -0.004613 0.007193
796849.675848 99.124655 458.906927 -0.011045 0.013097
461377.134761 782.728682 217.168250 0.007159 -0.013906
1447663.852688 165.398523 338.351783 -0.014477 0.001612
1190708.408687 498.909492 122.971630 -0.010151 -0.016994
1355477.244293 683.935410 294.242501 0.009986 0.018269
694211.989964 433.624828 39.170058 0.007890 0.017090
1497031.391364 75.975588 30.324616 0.000515 -0.007104
1759090.904966 594.580637 180.094431 -0.010325 -0.003075
904928.793621 772.240415 377.909856 -0.019363 -0.015855
341892.055395 489.222557 436.932091 -0.004948 0.014344
1609370.418642 43.250736 427.910850 -0.008193 0.012132
1339833.364515 513.401728 206.952858 0.009412 -0.006429
543533.833951 386.265471 260.243854 -0.007100 0.019799
1510075.678821 161.286064 443.596713 -0.017784 -0.002231
325429.097901 406.502228 246.052154 0.011718 0.000969
1027532.088117 771.063461 81.314757 -0.010377 -0.006350
1987715.010526 37.080448 236.855105 0.008279 -0.006370
396776.620483 301.225437 588.799986 0.001750 -0.015587
639902.701899 652.504872 356.085895 0.010137 -0.014496
1179865.857204 406.195617 204.092317 -0.006852 0.002536
1568458.621189 393.361216 42.423240 -0.012226 -0.008581
1190290.628555 566.653981 150.059252 0.009234 0.017978
1180185.991889 580.282043 597.276805 0.019392 -0.002784
672088.553511 146.619841 484.908129 -0.007356 0.009072
1837656.663655 510.366998 325.328907 0.000515 -0.004372
1360614.323691 81.793175 539.215147 -0.019202 -0.002740
924125.776125 643.703525 555.005356 0.001314 0.019937
418950.309241 102.561692 424.486813 -0.001748 0.014290
1312754.557148 39.309704 349.929359 0.006064 -0.018671
30587.249450 790.699347 130.347488 0.012901 -0.007754
1889215.610870 593.542638 566.124158 -0.000537 -0.009827
669560.509114 133.589486 214.282294 -0.010654 -0.012489
1579576.984783 556.717068 595.094757 0.008581 -0.010894
1982244.182370 738.975949 214.089834 0.007923 -0.004708
432350.935616 283.813575 258.316665 0.011985 -0.019763
930735.730068 652.509825 596.742011 0.007308 0.005523
600671.720971 501.780375 227.923056 -0.010188 -0.015427
1270601.892504 463.701750 169.391144 0.019707 0.012516
938976.299455 626.139245 304.956490 -0.001542 -0.000143
1474031.937064 361.906473 251.798713 -0.016250 -0.013951
1605130.416157 247.902645 302.817329 -0.010659 -0.015580
1023340.410098 559.398115 555.333234 0.000248 -0.004727
1128556.229700 645.506992 5.387348 0.017753 -0.017953
248420.950141 463.955992 377.865612 -0.003969 0.002709
884577.235619 700.845342 213.271072 0.018007 -0.006578
1704879.713107 549.841347 474.343464 -0.009092 0.011203
1882055.445519 60.125154 54.888981 -0.002173 -0.007612
404206.608610 766.054170 4.966086 -0.014896 -0.001425
780987.060993 553.603374 162.362836 -0.004040 0.005503
642018.800900 419.940365 130.572228 0.018033 0.017212
1579863.075903 314.034436 483.421868 -0.014210 -0.006287
286431.929230 798.875556 18.436533 0.017334 -0.009134
1625355.291937 699.881373 207.404823 0.016181 -0.007133
1310099.705732 85.405934 166.980525 0.006572 -0.010594
1485499.756171 42.640504 555.875442 -0.019454 -0.001832
1126826.147142 267.583389 586.865826 0.011210 -0.008632
1817754.082297 456.431984 406.875609 0.008593 0.008649
42605.713030 686.013944 428.679814 -0.017658 0.011546
1969490.396776 691.895193 399.712313 -0.006759 0.010785
1972945.507603 788.378979 525.796914 -0.009412 0.005963
221002.463354 5.915518 421.353560 -0.018496 -0.019155
314139.836614 480.011467 213.023563 -0.014576 -0.004774
1280098.799281 35.345237 570.896445 -0.007261 0.010335
1334025.561499 271.196855 370.258367 -0.004777 -0.004325
817314.073824 292.210505 154.144999 -0.016999 0.007869
52254.755074 49.094298 409.167987 0.016105 -0.006935
662711.798522 9.736324 199.989235 -0.018610 -0.018000
710212.109941 153.349356 389.956085 0.008413 -0.006921
61999.699130 280.763192 222.972169 0.019302 0.006752
261157.692532 519.513247 3.967982 0.009910 -0.018771
797766.605764 125.350638 237.276776 0.006227 -0.010772
184709.901076 545.547108 175.167527 0.010992 0.003318
1235796.007903 85.173560 357.589426 0.018101 -0.014396
1292608.929469 245.431286 198.584950 -0.008136 -0.019320
1317389.029692 261.558456 220.467720 -0.018786 -0.007606
71927.786838 128.069629 575.599190 -0.018265 0.016306
1977614.946653 353.651741 38.606645 -0.004648 -0.016061
591803.305127 381.722104 467.339781 0.003520 -0.009936
726241.200569 164.926587 214.209245 0.018395 -0.013694
995710.504705 485.092107 279.121905 0.013155 0.016102
963862.695249 390.960694 138.007692 0.013993 0.000725
1079147.418532 708.512533 407.784712 -0.000007 0.017197
1174876.041326 389.799629 223.049208 0.006100 0.014866
937689.950195 758.416103 209.320425 -0.010089 0.001398
1200871.358253 489.439435 445.056083 0.018306 0.002828
1798372.363578 364.548318 105.939149 -0.005459 -0.008565
158766.744732 676.368282 464.420991 -0.007575 0.007849
584123.108808 679.598783 348.458344 0.018823 -0.006108
1019930.488905 447.131193 500.289191 0.015240 -0.011568
1412068.961846 279.555978 95.612245 -0.017819 0.003957
1390465.348675 524.165368 125.727205 -0.002531 0.004551
1560588.704217 269.286819 41.661507 0.018291 0.008018
709118.110458 28.913193 327.157039 -0.014849 -0.006245
481739.437432 336.581574 116.831151 0.012834 -0.004335
1084185.081108 265.354842 569.628522 -0.004950 -0.011496
321427.933090 65.746102 337.421237 -0.007404 -0.014408
322096.383349 11.993516 475.470151 -0.005155 -0.001927
811598.476400 120.543286 472.484459 -0.000996 -0.015689
975828.599639 663.140686 87.126499 -0.018663 0.018326
980873.326296 219.608031 226.483476 0.007421 -0.016145
1538962.265262 182.143436 256.901605 0.008814 0.004165
1281944.833362 703.743700 411.424579 -0.011787 -0.012044
1646853.441208 292.077830 129.274874 0.004643 0.009423
1334224.681991 17.359523 531.646560 -0.001769 -0.000139
1987979.200663 754.153469 196.141589 -0.014455 0.019110
567825.405192 503.285726 150.323145 0.006558 -0.007392
693992.653253 345.464258 324.664790 0.011083 -0.013997
290886.182473 333.093276 18.622799 0.013265 0.004819
461579.700216 523.990160 590.690196 -0.002175 -0.009188
1440439.939238 90.491789 175.718641 0.004270 0.002722
1578856.275221 479.869962 307.014014 -0.015375 0.009514
975708.803616 319.818341 220.195527 0.009549 -0.017519
1363849.989774 68.283684 296.151488 -0.011054 0.014433
1287670.666020 295.387760 165.710848 0.006991 -0.011979
1793086.186886 724.739985 513.282232 0.015254 -0.005942
253419.465503 481.212165 278.326626 -0.003105 -0.011662
65064.939701 167.157326 484.756301 0.001754 -0.007021
1093948.624606 25.753628 434.633671 0.016615 0.010813
1570950.974510 477.056579 513.944437 -0.008905 0.012844
1433502.711092 738.328586 113.610144 0.019694 0.003927
779698.448619 711.720102 301.747931 -0.010208 0.010885
1707668.152502 297.638744 224.046192 -0.007289 0.011694
1161722.038482 280.459203 0.749076 -0.004410 0.015802
650195.260835 748.405046 556.083299 -0.017997 0.014026
1393276.303724 667.678626 268.002572 0.002113 -0.015477
534900.189626 215.525014 20.988574 -0.001728 -0.009465
1264731.390059 676.850547 91.304598 -0.014608 -0.016304
1848317.172308 790.754835 278.405124 -0.008139 -0.007735
512088.236637 702.144538 394.316612 -0.009746 -0.009288
1104225.446984 465.393189 121.968262 -0.000859 0.005242
107543.810321 140.002901 279.433889 0.000012 0.009136
1156781.673039 614.910605 598.039261 0.004539 -0.011020
520065.349769 196.806759 42.874694 -0.003471 -0.004752
327390.441823 269.728378 221.914408 0.005098 0.005373
1353004.063178 707.086170 306.911106 -0.006558 -0.014395
1558240.596931 709.397704 433.364947 0.019291 -0.005449
706633.334377 29.074931 323.762432 0.012774 0.001577
534505.464385 317.433239 182.850932 -0.009438 -0.019549
1061346.780072 419.659042 154.571508 0.004146 0.017552
1275778.349152 612.344823 164.486472 -0.019706 -0.004260
1816858.008419 547.154109 166.389027 -0.003176 -0.019285
837596.447597 159.368178 542.263975 -0.014384 -0.012773
537634.699856 395.975330 130.500601 0.012327 -0.007452
1509630.032587 60.032910 426.037830 -0.021589 -0.009030
1442342.147903 473.262534 518.399996 0.019153 -0.012312
1603574.954720 492.389115 575.724047 -0.016941 0.004953
706735.606634 787.746807 184.445810 0.005230 -0.003788
651319.147391 39.937957 362.514858 -0.010787 -0.012364
1573016.600485 398.532514 411.497845 -0.019888 -0.007689
1998835.487291 607.493554 229.939446 0.008382 0.012771
1445522.677826 344.837362 246.195129 0.003483 -0.003642
1207599.107738 311.286855 14.985683 0.002531 -0.001354
1297106.122271 733.640981 269.842132 0.018181 0.001911
1709409.523620 225.379206 358.929675 -0.001619 0.000459
1579454.636005 196.690729 6.040429 -0.000960 -0.009976
635151.660366 380.412809 5.290506 0.008020 -0.012582
1657542.871152 338.205581 369.132943 -0.010416 -0.019597
50074.195513 674.005807 239.518566 -0.017993 -0.003741
1728956.987955 558.720201 193.763738 -0.007452 0.006132
1741304.677791 135.046048 562.023960 -0.001257 0.005089
896425.988943 206.822969 524.693864 -0.001643 0.009358
248631.410417 620.652937 125.808118 -0.014674 -0.000941
789536.960791 769.457584 539.489325 -0.019590 -0.011932
1819863.026878 28.459701 26.416898 -0.007622 -0.016553
901731.744829 139.263514 470.681654 0.010947 -0.000474
878442.611954 515.253984 393.677309 -0.004974 -0.015491
569936.175165 658.828434 222.779572 -0.013646 -0.008690
212161.644461 226.548700 35.240219 -0.007364 -0.003277
1070836.321949 568.391549 227.870844 -0.002614 0.008851
1162154.364009 276.094761 454.424091 0.005038 0.006165
1685995.778854 61.423551 497.133016 0.005358 0.014020
631794.399876 53.813796 296.586655 0.018918 -0.002287
