120102.793966 630.591470 121.783179 -0.006069 -0.005538
269277.329682 300.584054 155.751456 -0.018241 0.015173
1260731.205931 301.852827 191.805936 0.013101 -0.002985
973263.179405 632.645245 573.100328 0.008537 -0.005923
1683880.506867 289.728107 229.676302 -0.016851 -0.013038
1760997.696668 175.051855 581.031642 0.011710 -0.019848
354965.669268 682.115446 474.968216 -0.004781 -0.011971
306862.422408 412.115424 346.367520 -0.003487 0.002373
913598.742761 34.610373 562.145556 0.011083 0.014841
723511.401901 210.451243 397.202000 -0.007316 0.019072
27418.055584 127.129828 203.468178 -0.004130 -0.010491
1026719.971107 221.775387 273.489076 -0.000716 -0.017203
919235.655535 527.555687 553.362250 -0.009943 -0.018400
247720.705461 323.980681 333.321797 0.008048 0.012698
229642.751734 126.130712 516.626473 -0.017947 0.017326
1463437.116455 330.537985 118.647161 -0.004261 0.009202
349002.480669 325.685712 533.658218 0.000695 0.011996
253345.397419 21.760552 48.638250 0.003308 0.000368
301882.374241 33.745941 101.207938 -0.017053 -0.008247
417897.793659 158.024017 419.395712 0.010569 0.015939
1032678.423930 703.217132 34.012549 -0.004918 0.017229
1981626.739717 86.909701 206.273058 -0.012490 0.000179
148080.320166 290.513219 545.730654 0.018531 0.015061
1426235.401736 72.069367 542.384946 0.011775 0.006908
826207.458426 756.127147 428.874160 0.003270 -0.019253
17939.873048 632.787494 129.647080 0.008298 0.002213
229060.592236 179.082499 260.577505 -0.013122 0.004005
729567.630556 129.472403 425.880931 0.008361 -0.006011
424191.899795 625.929963 427.920349 -0.015143 0.009812
1179453.697605 667.599306 501.535866 -0.000276 0.005143
1017047.714916 725.232803 344.271544 -0.011056 -0.000457
1184883.571782 186.224052 167.877008 0.012331 0.017628
1669257.284919 738.313035 98.427362 -0.009267 -0.016352
1530870.404807 506.900217 153.331076 -0.001006 -0.006326
1211583.405366 549.874055 75.019991 -0.007249 0.012362
1741377.547263 726.924829 385.954068 0.008267 -0.003888
544004.606336 172.157421 185.263403 0.013840 -0.002453
1594854.852927 350.413662 402.664871 -0.016923 -0.010135
1223177.906695 729.350707 101.705264 0.011016 -0.012856
527324.168257 433.090712 488.220468 0.000771 -0.019337
312490.830343 99.999901 422.455156 -0.008969 -0.002331
1025907.483430 121.258461 211.640683 -0.013745 0.014335
1509229.653286 342.441858 43.861904 -0.017542 -0.009110
1023852.793045 688.553526 427.571683 -0.012672 0.017508
1918069.081343 635.684842 509.620059 -0.014841 0.002822
59433.087734 314.086274 67.414669 0.013739 0.016468
257531.464220 800.138307 22.029226 0.013305 -0.008766
961609.428265 276.820161 259.690072 0.013342 0.000079
582120.371322 470.267028 558.309297 -0.005428 0.006040
408974.288222 701.172327 307.131021 0.016704 -0.017632
899929.745542 700.585363 512.348028 -0.008029 -0.019823
849952.291162 263.214722 238.082137 0.001489 -0.013090
617567.269419 532.586013 103.650673 -0.006174 -0.000044
907629.657959 661.326445 506.803619 0.015472 0.006374
693382.430213 142.059223 148.607897 -0.008913 0.001680
1797970.130014 385.233853 250.913070 -0.003546 -0.004070
955435.349120 688.843195 164.394443 -0.006719 -0.013580
557659.864685 605.635070 293.567869 0.007030 -0.008243
1324351.926951 787.855729 575.816595 0.013385 -0.006796
917046.023028 230.911969 93.916063 -0.007875 -0.012966
1632997.046985 519.638606 212.016314 -0.017449 0.017088
1790149.784549 770.429478 245.027205 -0.007450 -0.005010
1613713.184192 632.666430 141.114201 -0.016766 -0.015075
791753.703166 288.091779 527.793967 0.015412 -0.018574
347958.385175 437.827856 12.202859 -0.014650 -0.004682
701432.257286 473.854920 402.853137 0.000304 0.015819
1693039.169392 259.048283 327.058423 -0.012020 -0.004477
944105.254926 75.885280 210.711869 0.015250 -0.003681
1451122.988691 550.092681 119.538353 0.018435 0.010746
644142.737912 285.388431 76.915839 -0.011912 -0.010309
328294.663843 300.693180 473.804381 -0.012495 0.000400
344141.964030 428.369881 61.091090 0.013724 -0.018291
1995072.262359 551.807594 220.194056 0.001704 0.015575
1509670.835691 11.646746 590.551770 -0.015749 0.015805
783939.521193 665.355796 349.716984 0.003614 0.011713
702233.533702 730.459269 89.571107 -0.000820 -0.015345
783487.379916 514.776279 294.836732 -0.012731 0.013111
1976.599918 282.619679 217.965532 -0.015870 -0.012120
812477.567611 80.642956 531.921915 0.010922 0.005750
1551513.418346 422.343093 394.937872 0.010386 0.005358
1106838.468046 121.211550 279.417357 -0.014547 0.009712
516376.429478 389.716422 393.676494 -0.003721 0.018679
1541877.001311 639.488281 366.392639 -0.009514 0.019234
877046.727052 210.600596 200.570347 0.012084 -0.005351
1062152.807164 166.564797 280.328621 -0.003296 0.019264
220503.739184 154.727904 305.589296 0.010745 0.018117
285758.867062 257.491323 62.807178 0.004318 -0.001766
1694852.848395 693.276924 566.952711 0.000159 -0.009076
1823523.613542 219.343264 44.306959 0.000893 0.001457
109429.840049 768.437547 479.728842 -0.004442 0.010500
331166.874772 736.190006 582.450635 0.005300 -0.006506
1904142.131984 594.155396 318.575267 -0.001564 0.000442
967910.745632 483.197566 499.626328 0.003540 -0.011505
581591.096978 348.761934 47.553988 -0.010588 0.017552
706572.319710 118.078271 128.163142 -0.002938 0.006809
1499518.371885 385.477094 378.348379 0.001966 0.014843
785875.055374 571.709453 474.584783 -0.005452 -0.006113
257524.722376 252.764987 54.046980 0.006407 0.011107
1201976.699383 114.907469 228.633852 -0.002638 0.009289
1186503.038363 579.827542 101.246274 0.006871 0.018417
215485.423904 20.316367 64.903137 -0.007143 -0.001899
1555844.913030 56.752710 560.699285 -0.003677 0.004801
1610655.802121 640.986153 200.752869 0.003852 -0.013399
1363983.919548 580.250559 288.466017 0.010876 -0.004604
515601.680854 298.350411 317.260185 0.005550 0.012266
521772.659627 185.528177 319.044325 -0.002825 0.016155
984056.433190 429.682865 557.931626 0.003852 0.014135
764465.851134 302.447915 557.682053 -0.007331 0.011452
1098768.237559 97.739829 352.641064 0.015099 0.008765
1505133.839094 452.846452 266.066073 -0.010683 -0.006487
1656881.889169 392.920048 426.409549 -0.005699 -0.014807
1035409.796534 494.116383 216.931268 -0.018027 -0.018110
532033.862794 432.826860 350.395881 -0.012175 -0.014341
885049.308131 462.257095 311.913449 -0.005123 0.015778
611963.250959 737.107948 10.035034 0.015732 0.012217
1469794.933437 516.771355 223.108594 -0.012760 0.015314
1419313.830053 5.482608 222.410990 -0.003168 -0.005442
1001399.715897 750.792999 589.265429 0.014497 0.019485
57920.523946 102.914559 317.121835 0.004537 -0.007028
1340168.589419 44.452532 541.246308 -0.012405 -0.002901
1593328.125585 396.648481 209.175280 0.012531 -0.004435
308175.125303 438.469795 21.300453 0.001000 0.009076
1829796.170737 188.171932 440.118548 -0.008572 0.006237
194622.977727 628.926352 356.597769 -0.016833 0.005961
1163384.351490 86.270835 466.610152 -0.015535 0.008941
203536.384834 624.140964 466.379636 -0.019844 0.018803
408990.508136 640.470475 279.496282 0.002194 0.004576
1709918.606891 565.991493 96.974837 0.015643 -0.010667
1776676.395804 644.211020 280.798357 0.004850 -0.016372
248411.979642 575.348893 526.477977 0.008740 0.011926
1052401.075630 240.017324 543.679720 -0.007847 -0.003569
1254879.329007 324.358232 114.508325 -0.003801 -0.003610
322021.593490 487.176494 125.829334 0.004636 -0.013817
1647379.426121 385.577022 521.580807 0.019420 -0.005118
204691.412954 699.100154 106.330438 0.002817 -0.000174
536197.156895 555.718904 128.766397 -0.014189 -0.003470
25648.950611 537.418756 428.232267 0.016733 0.018995
247729.502734 437.090030 228.657355 -0.007407 0.018034
1580350.309415 380.419791 335.700934 -0.019998 -0.015899
1443766.372951 659.092664 350.686439 0.003659 0.012377
1912564.341869 554.742370 409.795559 -0.014663 -0.009430
357511.299829 321.236234 575.468086 -0.004304 0.001869
744693.135258 324.827953 131.033256 -0.016565 -0.006997
387589.365424 167.712028 523.048103 0.002984 0.000969
1645202.005117 291.752163 0.040648 -0.004707 -0.005394
205411.871060 83.488031 113.300591 0.007486 0.007827
1996032.971887 514.676292 233.607704 0.007338 0.010873
1306804.762830 687.990038 106.909403 0.004500 -0.009863
1450619.077985 788.049158 395.584656 0.017744 -0.017178
1969754.747101 110.238842 168.189640 0.013953 0.008589
1609086.544071 543.493892 45.982591 0.012189 -0.017531
883645.576836 725.983796 99.549168 0.005329 0.003740
1722771.757153 502.725789 142.498062 -0.009976 -0.007598
28763.775727 723.026954 101.790291 -0.012208 0.000612
845989.907554 734.261955 300.905014 -0.016708 0.014459
1143645.596292 54.130204 599.865091 0.014082 0.016954
1423342.375748 525.347125 361.960535 0.011530 -0.001556
1329764.171191 184.487520 221.340285 0.013234 0.014440
1926056.274178 553.569241 293.881961 -0.011980 0.017710
1598411.507718 172.227114 507.923015 0.018758 -0.003691
726058.746095 313.624229 195.481574 0.014567 -0.001022
375371.614646 348.756253 325.063792 -0.012541 -0.008510
932014.105344 718.889901 566.856993 -0.017205 0.007384
811741.037672 587.461624 550.759787 0.010981 0.002606
1557690.799962 589.941563 154.403105 -0.009265 0.017523
399385.155365 53.847573 91.752910 -0.018145 -0.018547
1122038.441301 327.621184 256.844366 0.015477 -0.009070
1805346.826001 59.603198 425.734917 -0.001020 -0.008936
1995636.369100 728.665763 96.517709 0.017699 0.019250
1695958.700821 278.767774 428.294442 0.010638 -0.015087
558004.577904 435.785044 516.363827 0.001446 0.012517
1597187.265566 588.771448 528.477342 0.018076 0.011280
1833981.536251 410.221040 114.766995 -0.006188 -0.004007
929917.220459 198.180532 284.613513 -0.013063 0.007668
1471826.909795 138.162466 361.693933 0.015861 -0.015402
1165988.196230 595.452107 277.964754 -0.008133 0.000413
1172216.120722 460.843968 32.838478 -0.002154 -0.015506
1736107.381869 196.176022 508.581714 0.009947 -0.012135
1259741.624473 532.649138 425.666809 0.012849 -0.019568
218963.730251 228.976986 155.240780 0.003352 -0.001576
1902503.935575 255.716679 379.892381 0.002176 -0.011353
1496596.111682 109.749359 576.260833 -0.011542 -0.002633
941537.357374 638.149639 6.193793 0.001041 -0.010222
245239.558744 315.254921 293.406908 0.018818 -0.014298
1372376.816986 480.226806 484.839112 -0.004165 -0.003137
1637971.852737 404.187824 424.469071 -0.016925 -0.016415
337179.376901 23.326064 245.300972 0.012093 0.003337
1249672.392965 440.227022 432.517511 0.003404 0.010465
310196.676436 44.728629 335.721187 -0.013372 0.003280
1607296.809371 230.488846 585.305809 -0.008271 -0.009666
236307.595035 783.455716 515.362231 0.017048 -0.004989
561161.337682 596.411415 528.450565 0.019511 0.012919
1939371.158341 125.472938 511.395987 -0.004860 0.018356
870700.636353 2.495350 305.488100 -0.013750 0.003546
541779.813609 249.041238 386.810743 0.013227 -0.000918
453110.709066 507.088907 459.146706 -0.011915 0.017074
47266.968548 256.469314 543.507623 0.015303 -0.010147
562186.379247 130.449165 595.006423 -0.013533 -0.013948
1629854.769274 105.113649 185.078635 0.006680 0.000389
534606.907766 81.943403 307.738724 0.011057 -0.009666
203362.833803 37.925645 341.824647 0.009846 0.015134
92345.910190 778.479840 306.862328 0.012439 -0.012993
877177.283576 667.738181 297.425246 -0.006213 0.008692
1484435.888699 500.661225 528.509574 0.009364 0.011490
64404.659935 439.185787 551.058423 -0.006359 -0.011379
856791.879449 486.555048 190.922668 0.017653 -0.004624
1153201.109335 34.366846 259.099321 -0.014175 0.011603
618554.387530 153.908564 457.270332 0.012840 -0.019870
1875266.974734 207.595372 502.898899 -0.002680 0.004169
1111007.126566 140.300459 138.077829 -0.002552 0.016392
34336.430968 374.870846 275.266252 0.017933 0.007514
1349224.196444 291.559973 250.105957 0.019711 -0.007776
1602661.077679 455.486583 209.368827 -0.010673 0.008606
276647.354605 433.958296 544.599341 0.016099 -0.005488
1822198.850020 670.840119 373.529359 0.009961 -0.009132
453696.245539 243.738212 268.312627 -0.001723 0.009650
713133.517985 379.220349 125.484340 0.012606 -0.003611
36437.158490 391.805303 464.303103 -0.002674 -0.000671
159010.190591 189.192221 31.298638 -0.002862 -0.001215
1535456.720523 453.374818 7.022616 0.007016 -0.001290
749811.288319 469.478710 183.431673 0.019891 -0.006558
1154889.427663 179.370742 384.361072 -0.019015 0.007238
762647.938338 304.862939 92.882297 0.003622 -0.012148
1129345.827331 486.929257 411.410234 -0.006475 -0.018260
337378.635228 334.306131 168.427107 -0.011166 0.013856
1499918.929068 790.991753 247.843767 0.010440 0.006582
1760744.261444 109.142582 150.255956 -0.012551 -0.014640
1172923.453698 610.806327 215.320645 -0.010931 0.011530
79642.974809 486.481739 101.362172 -0.012205 -0.012045
730713.756164 607.420356 484.353030 -0.017945 -0.016078
1702955.846536 175.884340 309.612084 -0.014714 -0.002369
724785.897287 705.641562 257.775397 0.011023 0.005749
187236.443249 524.513899 468.254727 -0.006228 0.013675
1828784.213322 744.513804 363.205585 -0.009154 -0.013584
787390.226865 250.330800 459.579233 0.002504 0.000290
1929498.061505 742.672167 160.536610 0.010817 0.019194
730520.102536 499.168650 119.869740 0.015249 0.010308
1281053.293162 194.791889 382.370308 -0.017199 -0.019241
562426.321470 130.753316 404.876949 -0.017534 0.000305
1033437.869061 780.475722 263.133800 -0.015111 -0.010057
1192859.900739 412.737742 336.863253 -0.005503 -0.016843
138898.690296 261.643149 4.053305 -0.006527 -0.016015
1973181.982512 561.418150 433.945628 -0.012556 0.003327
957790.512106 661.217372 496.349010 -0.015336 0.015870
1692076.045876 318.190322 36.249782 0.000832 -0.001632
1136829.509929 29.831575 260.809069 -0.019667 -0.013614
1367539.427880 482.754465 405.698237 -0.010182 0.018647
1509350.044424 252.069943 175.926523 0.010451 0.006078
785056.476847 598.479731 212.319819 -0.015370 0.017384
1873643.585422 475.796783 456.818573 0.010550 0.008441
1315983.134935 487.956912 65.155350 0.008754 -0.014759
1135951.929323 229.273284 100.837518 -0.019876 -0.008245
656102.584980 549.124248 538.724265 -0.019844 0.017285
1727078.126616 606.709101 148.278574 -0.013740 0.000818
1797488.349396 439.234617 161.213980 -0.009901 0.006598
406141.346510 151.497801 155.885459 0.018572 0.018118
1941231.998588 497.648078 337.586982 -0.016820 -0.006375
1386830.762674 518.103939 376.602941 0.014463 0.006010
1843128.023596 151.871410 202.072064 0.012771 -0.012252
538331.757550 546.147661 571.419002 0.000653 0.013563
944807.663069 332.121624 233.165417 0.009549 0.006656
106756.882792 755.161511 514.049427 -0.007502 0.016337
1618777.323337 226.737260 318.313527 -0.005108 -0.005415
1742666.514471 52.447480 6.415212 -0.000042 0.017094
1321460.731012 336.579220 70.003618 0.019904 -0.010409
620834.287545 213.417882 553.484599 -0.009491 0.011319
1523195.320518 587.813756 118.913432 -0.014001 -0.000957
1731081.362688 162.867948 251.993984 0.008889 0.000656
656632.629529 425.265205 480.066225 0.014356 0.016136
325566.043298 584.077041 581.346010 -0.013074 -0.010840
1792559.657149 666.923069 389.917261 -0.019479 0.013254
1778465.217808 258.970665 59.156882 0.012439 0.003468
1763427.173609 458.309479 192.722082 -0.017028 0.009088
1593951.392730 756.249835 556.070084 -0.011318 0.006677
886016.743670 436.108946 119.275811 -0.010312 -0.003827
204796.643092 324.317755 80.715385 -0.017149 0.003109
727276.621725 774.017862 247.824647 -0.019518 0.019206
488690.041233 721.936243 182.766156 -0.006280 0.008561
1781116.410057 179.554264 172.190215 -0.011519 -0.007822
20635.784613 7.047079 149.868977 0.017485 -0.010976
1834876.302553 303.834477 462.534687 -0.015344 0.004922
350019.654422 174.877347 16.983736 -0.007618 -0.008389
1214501.650638 538.294974 154.859745 -0.019202 0.007466
477760.385944 211.460116 353.379516 0.001742 0.004284
605806.972182 347.157341 499.125980 0.003599 0.005813
272576.070518 480.225400 392.466863 -0.004554 0.001501
1759240.741729 243.021843 550.358189 0.006009 -0.003221
1080301.612187 660.377332 383.063203 0.002757 -0.014601
1857771.559552 140.552381 484.694588 -0.012513 -0.012172
988850.145130 340.414562 276.264138 -0.016668 0.018760
134591.829094 309.142573 241.984995 0.015971 0.019043
96963.198901 28.372334 345.917806 0.008150 -0.003138
227820.812831 465.554109 435.079640 -0.018754 -0.010700
290631.014058 457.223347 34.678978 0.011391 -0.014424
385931.693197 570.106759 189.669524 -0.019976 0.015991
1023297.854244 396.538562 195.324214 0.018860 0.003178
589125.026292 31.329449 579.160790 0.007914 0.017506
1882412.602139 596.824210 584.072060 0.000705 -0.002067
790218.714061 505.202252 18.533314 -0.015184 0.006527
526777.357108 212.520464 140.398972 -0.007134 -0.018004
748590.766801 411.602263 457.594028 0.007601 0.000610
1324791.236466 161.629307 6.363219 0.019518 -0.013052
1179151.767483 225.977541 127.762429 0.002185 0.019207
301466.356172 396.439441 435.399109 -0.015019 -0.019470
349183.755158 415.342462 387.200553 -0.011780 0.005599
616335.581344 375.022514 543.423393 0.001705 0.011591
1910511.639859 733.510807 182.803025 0.008711 0.004278
1640005.631205 304.376213 485.158702 0.013246 -0.005290
1964468.728734 336.201564 390.571439 -0.012202 0.018997
1261209.360911 276.396725 282.404850 -0.005739 -0.001199
968463.258337 424.805595 593.573808 -0.014822 0.009452
1257770.379660 350.123283 123.394745 0.001349 0.019220
1991034.577596 391.632374 538.012132 -0.007998 -0.011708
1007596.648767 96.017251 352.894626 -0.007200 0.017999
1912045.142572 235.822478 222.814024 0.004266 -0.000416
692628.538559 189.924126 501.115020 0.011282 0.003335
609848.141023 240.907286 75.005901 -0.008233 -0.002771
1723251.459991 738.166609 520.990039 -0.017330 -0.001708
1696924.347289 50.075781 568.123430 0.009818 -0.005517
309029.791648 199.421950 289.644703 0.009679 0.002429
867302.640745 558.832658 513.735449 0.012194 -0.007805
691843.061099 120.930286 325.560521 -0.012788 0.018707
272265.500516 388.681402 161.865608 -0.009551 0.011202
1400582.436193 98.282229 421.646518 0.002810 -0.012389
320566.674844 333.515849 151.198526 -0.015710 -0.013503
1229627.376064 209.245138 246.755018 -0.016086 -0.019840
1946485.269790 425.044734 421.399707 0.007273 -0.013493
15066.369444 140.441361 292.445129 0.001997 -0.005743
911695.870064 548.847025 505.719360 0.009024 0.017882
1245159.992597 340.503855 42.176017 -0.006876 0.019878
519428.529087 388.663466 246.913705 0.000448 0.003759
1147820.552414 101.611107 512.789586 0.019420 -0.011035
1717933.562453 767.030891 453.382106 0.002468 0.011514
183230.377819 455.238734 578.172507 0.003165 -0.015261
640928.558372 27.836545 482.962478 -0.013473 0.010387
1503776.668340 628.613312 111.510141 0.012866 -0.015548
360957.489517 65.279226 358.216174 0.003684 0.003734
380073.533570 132.487316 432.009222 -0.018211 -0.013964
1889061.825298 723.159386 66.055811 0.008002 -0.001376
1796955.322752 633.417246 20.541524 0.014492 -0.005171
306282.549308 146.453856 243.342140 0.018327 -0.006172
332156.324914 567.767119 78.880629 -0.005916 0.001278
485168.456326 426.283199 367.747629 0.013431 -0.014992
413343.113108 23.844666 174.098904 0.017083 -0.017018
883643.182406 697.190216 587.013238 0.002077 0.002845
887249.075289 360.323809 217.728060 -0.000888 -0.007477
1467432.667253 504.722764 297.402239 -0.014420 0.003560
1682910.725327 244.575224 179.331160 0.018930 0.006310
1660796.624450 172.364609 114.023501 -0.002251 -0.017791
629926.086697 520.238929 50.800818 0.004210 0.003093
318150.466456 37.646111 269.221830 -0.014308 0.003958
40123.955365 464.755541 29.576332 -0.004692 -0.017610
724761.667999 93.580409 413.926684 0.014322 -0.009766
558074.092752 559.588214 337.064713 0.003111 0.006889
438651.350531 326.530278 532.845927 -0.003746 0.014178
1885724.248311 579.512692 301.144984 -0.018901 -0.006805
158400.153815 149.252960 226.310872 0.001121 -0.007028
1952982.963972 438.119020 543.142949 -0.018953 0.017248
1927788.328346 310.842669 28.548411 0.006169 -0.010128
607879.136041 746.535759 567.548659 0.014626 0.000439
1236504.919471 67.938432 551.399019 0.000246 -0.000230
1541570.438790 359.061378 131.529240 -0.009095 -0.000949
1098586.873663 281.787699 397.942645 0.017062 0.015191
1973812.054831 722.637319 256.824896 0.015670 0.017227
717421.361579 684.551671 190.598310 -0.003739 0.000389
1128238.588166 568.330014 265.627176 0.000400 0.003044
1906900.824936 102.778444 396.608924 0.014901 0.005380
311031.282093 514.538051 50.158131 -0.004999 0.016651
1119457.958787 739.117497 160.983378 -0.010990 0.014013
295815.608602 167.718277 452.073735 0.003021 -0.015951
1365835.790227 747.280001 574.248051 -0.019982 -0.006384
933742.419320 451.926495 30.563913 0.016389 -0.016999
1254474.420685 690.296045 121.897732 -0.008475 0.009415
1674721.783807 355.115000 227.335690 0.016826 0.012738
589441.845468 384.343960 445.562362 0.002524 0.008120
1186208.380939 568.488359 547.535479 -0.006129 -0.008546
28320.921598 24.001503 132.224601 0.018860 -0.018785
1123059.363627 350.625067 356.951512 0.004477 -0.006080
1339490.994503 192.157790 126.451951 0.014912 0.001135
1892333.765464 568.010950 583.155939 -0.007053 0.005257
1580513.963280 495.660761 66.569775 0.001292 -0.012696
1628540.167412 100.753807 535.807764 0.009078 -0.001099
358744.990248 592.868922 301.539205 -0.004007 0.008498
1065496.480589 769.127217 90.458543 -0.014899 0.002966
996930.964755 638.102412 488.693993 0.008369 0.006812
685065.261407 524.214941 228.421725 -0.007481 0.019194
22284.613001 83.542692 359.914374 -0.015018 0.005353
1564209.169505 749.339511 457.969295 0.006997 0.006544
471659.941818 683.706767 242.717142 0.009529 -0.009810
234378.384535 216.699680 129.669489 -0.009271 -0.004042
1581110.075852 613.137593 117.762497 0.004195 -0.000971
1733102.233956 757.861591 78.459911 -0.010129 -0.009520
222272.466972 206.537849 219.821276 0.008440 -0.004781
7593.072023 394.514591 190.036473 0.010690 -0.013241
1961038.188991 2.187940 13.690389 -0.004585 0.009647
554464.627316 401.923344 7.335696 -0.000263 0.010825
821613.773155 227.223198 322.168336 0.004211 0.015553
24485.756655 378.767623 501.907619 -0.014270 0.008819
196372.594776 203.434294 587.370902 -0.001417 0.018591
718005.964867 374.821140 274.819528 0.007014 -0.010358
1252709.545778 525.246390 142.725324 0.005957 -0.018328
1958473.456073 741.194399 326.430193 0.019644 -0.003216
628831.249023 321.811850 421.972217 0.014046 -0.019635
1185057.482303 690.638335 289.487125 -0.002852 -0.019734
406775.272641 421.526371 156.697988 -0.012764 0.019613
452064.211691 432.891694 275.970208 0.007364 -0.011330
1391094.198167 248.661965 524.267740 0.017317 0.018366
1830316.959801 730.365642 531.674036 -0.001629 0.016160
610994.441719 618.739261 183.852785 -0.019642 0.004989
631021.334152 481.448135 292.668888 0.011903 -0.018715
989235.750860 1.482946 334.438018 0.010227 -0.012651
1098658.789461 784.972318 434.921749 -0.019631 0.006629
1883467.686308 564.150986 585.849318 0.012652 0.005516
1871849.530317 584.416096 330.916634 0.012870 -0.012422
911993.535660 101.920928 577.826443 0.010512 -0.014557
1176139.691461 62.096563 442.983831 -0.016947 0.015040
1537174.407177 456.563755 526.664357 -0.006948 -0.006945
123261.179832 700.546681 184.784071 0.011520 0.015299
1946848.674653 582.682744 354.038545 0.017987 0.001727
457599.283409 708.651821 164.285325 0.011219 0.008297
926562.791190 189.207236 501.029991 -0.001873 0.020283
1942178.605097 11.806187 45.857158 0.008374 -0.016366
1905775.863633 382.315093 397.099776 0.013241 0.012157
1975712.466974 713.845124 407.749844 -0.008212 0.007156
1128937.655654 215.045144 244.032695 -0.013839 -0.011241
1900458.380534 306.526760 62.498952 -0.011049 -0.013440
1623668.112617 549.801243 240.070449 0.005858 -0.015455
798515.523224 494.088083 76.968985 -0.000965 -0.006932
438456.544857 343.246145 482.585970 0.015203 -0.009668
1216805.763178 694.876134 91.092944 -0.008488 -0.013421
1661706.700764 681.754722 259.747312 -0.010490 -0.019722
1303971.794110 150.506605 234.044748 0.010261 -0.003522
1107963.914568 454.764775 59.321780 0.018173 -0.011408
425643.800956 282.833526 499.563193 -0.006543 0.013310
318262.858465 448.555572 155.049319 0.018549 -0.002330
1036196.117772 457.680730 186.155379 0.006815 0.014446
948553.069005 400.975605 427.421795 0.016329 0.009511
1438074.149861 447.451065 555.988540 -0.015631 -0.007417
677338.477540 530.497920 530.521885 -0.002493 0.004699
197747.041563 520.627489 582.894858 0.017242 0.019666
1601492.672973 72.119731 331.155298 -0.017634 -0.017833
1987075.958395 461.758511 375.495181 -0.007848 -0.010089
971748.938305 622.131955 449.153659 -0.012077 0.007412
974474.447302 733.656353 146.725618 -0.003442 -0.018939
1121549.802423 602.123086 413.536635 -0.002205 -0.012386
613932.794246 434.923192 504.577143 -0.008870 -0.001002
1665525.531241 63.041659 339.087528 -0.004571 -0.014492
1238773.710671 302.722964 429.295117 -0.010183 0.007286
1925637.924078 585.098069 276.122446 0.008452 0.017181
290519.337305 158.767460 507.920528 -0.004387 0.004499
1745488.432117 760.751436 219.084024 0.002477 -0.004177
1111265.337612 695.279709 563.596778 -0.004171 -0.014048
829182.160473 183.700299 135.726571 0.019208 0.004576
728391.627189 479.325014 595.889810 -0.016835 0.013758
1349985.243450 33.751557 345.721543 -0.014580 0.010152
1010733.056353 224.064110 571.376639 -0.005924 0.006807
1129411.861826 179.832892 372.837596 0.017203 0.011475
33999.050983 388.632766 393.704383 0.018488 0.015292
1606354.705806 296.734340 66.860635 -0.018815 -0.005953
1451822.744427 314.895005 570.305899 0.008757 -0.001058
1590584.168020 314.997452 309.279156 -0.005147 0.001146
538209.161040 701.231251 485.208169 -0.011152 -0.010861
958317.440449 628.622233 271.934383 -0.015987 0.008640
479655.517489 94.048993 120.695849 0.015837 -0.017036
167238.956395 559.003170 267.149688 -0.012186 0.009129
1592486.357127 736.958094 73.094213 0.009865 0.005606
1189583.299304 433.488245 20.395215 -0.015575 0.016547
1124831.962923 303.419389 474.081776 -0.005163 0.004020
37146.621401 680.343321 232.153356 -0.001135 0.018038
205026.889315 569.097854 40.936998 -0.007854 0.004295
284161.461650 310.107746 183.708697 0.003488 0.003321
68690.410847 306.588018 302.134852 -0.013754 -0.014791
287411.349028 600.555746 403.500698 -0.012905 0.014448
1171263.018237 591.808757 144.102597 -0.004975 -0.015543
1682127.158941 315.303188 577.085670 -0.010889 0.014605
1824708.168313 264.349030 346.491710 0.019218 0.005364
369206.509725 98.066900 13.134224 -0.000371 0.008396
1208981.916871 419.893993 55.980294 -0.015663 0.007251
446720.970071 201.774865 259.174385 0.015819 -0.002826
586212.983628 385.007429 101.697792 0.001340 0.014284
560717.814863 299.581487 150.769214 -0.010331 0.004105
234257.601311 123.495687 559.328930 0.007786 -0.014613
1133248.557864 703.336810 154.364226 0.003534 -0.005199
1934248.125150 154.104052 536.871109 -0.017583 -0.007950
1152133.833222 226.721672 331.772720 -0.019681 -0.012867
1965200.129880 240.798623 396.446337 -0.013903 0.013383
1034901.121182 345.877786 125.676336 0.010776 0.006944
1623246.405098 708.733966 497.066797 0.009759 0.003211
1926329.093951 248.456567 275.828607 -0.011180 0.015962
1658576.383096 150.215929 55.061624 0.008972 -0.010078
786221.519479 240.409210 318.886031 0.017835 -0.007674
1421758.733421 743.057837 365.543328 -0.005065 -0.016909
888519.625593 711.136534 307.831762 0.006082 0.006267
374128.679919 371.975694 325.853988 -0.019382 -0.011619
247207.860577 782.928759 311.893233 0.003312 -0.012038
838233.393076 329.868070 231.928075 0.000534 -0.014484
1269501.125100 723.197467 262.239123 -0.013547 0.014295
1490342.234955 701.731373 467.505017 -0.005819 -0.010056
1720173.599068 639.117152 82.463046 -0.005095 -0.001888
1589947.016719 448.008226 550.702494 -0.006473 0.003040
254199.274003 369.557215 332.309242 0.005892 -0.018206
1506623.924480 52.847949 274.375610 -0.014398 0.003091
1187558.641279 619.693404 289.073165 -0.018780 0.017648
663885.182079 620.453292 490.923280 -0.015548 -0.014781
134186.233456 776.980068 557.596242 -0.011829 -0.006224
763995.101100 799.546708 542.634953 -0.008019 -0.006492
960104.740672 341.311092 479.626235 -0.018620 -0.017020
1689167.128731 629.941173 84.335150 -0.007916 0.017111
1435140.350571 716.355739 421.679735 -0.012037 0.017047
1287450.956780 424.815535 421.295927 0.007412 0.016185
1664884.491668 423.534606 368.297387 0.010519 0.009349
1916152.068375 115.251360 440.006652 0.014467 -0.002261
142374.806172 274.261209 522.272198 0.014833 -0.004928
1889104.925044 572.182011 98.426828 -0.016623 -0.019303
184043.514628 642.029821 547.512969 0.011782 -0.019935
1678137.485719 350.617217 319.624992 0.001633 0.016031
349432.717240 298.904949 257.679413 0.011528 -0.014595
327130.583267 597.332672 167.585615 0.015875 0.004361
1445781.852792 774.548099 571.144807 0.003732 0.013553
657045.848974 430.383261 332.716209 -0.000285 0.004915
1143416.638087 467.933823 255.057464 -0.000618 -0.004820
853229.746620 259.108203 490.772346 0.018362 0.014578
1436276.935710 106.861591 143.075266 -0.014072 0.016907
747046.145027 249.202441 401.039164 0.006108 -0.011710
555282.349025 300.404937 106.101120 -0.010826 0.018764
31011.744417 446.298195 304.048716 0.002800 -0.017973
259713.421697 113.347569 381.451816 0.002204 0.005053
30230.289339 785.459942 570.111056 0.013305 0.017644
1629124.594680 440.576226 44.756827 -0.017893 0.007952
1993199.337271 341.069093 5.965335 0.006606 -0.016827
437214.899080 754.230397 272.655562 -0.004207 -0.013115
847463.854052 328.677503 438.196091 0.017228 0.019223
1561464.248021 48.484483 73.383352 -0.003339 0.004620
1496915.452879 345.292867 358.303670 0.007956 -0.009428
1076064.875850 410.365580 489.196261 0.004501 0.002617
1028186.607653 487.280849 595.030934 0.000961 -0.009043
141764.248787 594.359342 130.128618 0.001015 -0.014473
778578.041484 759.255495 329.363143 -0.015241 0.015200
1058486.954802 720.073731 564.349680 0.006001 -0.007268
1112790.978101 319.796452 448.586097 -0.013852 -0.016071
24501.685065 553.548568 366.614555 0.013098 -0.007833
353571.678676 273.162120 548.157966 -0.013257 0.014630
375264.103699 191.594964 365.444700 -0.003809 0.010606
1493884.026769 635.157786 428.781321 -0.008184 0.016531
1188817.119779 659.902306 487.999446 0.001404 -0.000937
259519.063057 73.368943 525.646338 0.015118 -0.010184
1949033.547169 711.982644 562.297447 0.003439 0.008701
482529.103981 609.826259 35.634956 -0.013818 0.017250
1850091.109914 273.805084 102.503838 0.001368 0.009876
1871495.037280 224.764962 324.666205 0.006051 0.003013
908785.677938 195.506184 240.928724 -0.009286 0.011194
1755362.652128 318.106986 522.587925 0.010157 -0.008994
232765.271437 582.575193 98.993017 -0.017935 -0.007389
1765166.354256 235.911032 45.934676 0.017669 -0.002021
15434.920795 693.241831 474.860450 -0.012869 -0.003982
1077013.659792 91.130676 409.030362 -0.016817 0.010579
516053.778360 427.232320 5.365360 0.006379 0.012082
1576709.125925 429.715772 119.432737 0.006391 -0.008355
948767.654108 620.757130 11.807429 0.005584 0.013180
667159.362075 417.629966 74.340146 -0.003592 -0.001446
1146380.339352 334.255727 198.327741 -0.005394 0.003854
1462269.868451 722.523640 426.446501 -0.003518 0.019294
949273.004639 536.549144 309.962072 -0.000663 -0.006808
636841.273232 217.385914 520.461991 0.000701 0.017246
316267.470045 793.468860 424.307599 -0.012908 0.005271
1072709.865436 408.997505 92.329970 0.006412 0.016860
1234697.917120 186.963472 203.576673 0.017917 0.003931
1871003.135047 543.231413 300.648036 0.005837 -0.016337
968257.898916 96.228895 457.439361 -0.019918 0.004181
184803.100389 255.608913 525.523621 0.018359 0.013474
1613704.762242 94.143283 497.252410 0.000559 -0.008186
920804.219749 40.284096 483.938967 0.004649 0.008402
1455508.939668 184.892005 566.293576 -0.017318 -0.012833
1084419.887087 1.795143 514.941336 -0.018247 0.005935
1899527.167855 422.251092 461.374902 0.008475 0.001135
745706.753221 643.488092 508.805465 -0.010079 0.010557
1369434.811813 44.280921 529.049822 0.000552 0.002776
353913.564400 779.414594 371.784244 0.019321 0.003526
660308.989072 568.809517 491.725599 -0.009038 0.011123
1997036.600484 653.277238 468.505842 0.014266 0.014402
857968.969670 645.005168 232.620428 -0.012086 0.000741
1832483.595159 456.732509 193.929966 0.010808 0.012615
174050.590104 359.223433 524.960177 0.018754 0.018492
887791.815627 116.364553 561.693745 -0.017453 -0.014843
1048845.100705 314.838358 504.183244 -0.006250 0.006706
1236598.032171 273.789765 290.418391 -0.004040 -0.012055
688449.854352 662.397611 3.014832 0.009270 -0.018960
1047717.716101 518.668548 357.908414 0.013885 -0.003504
831685.772553 747.016258 516.771942 -0.008401 0.016110
1646809.537731 587.588991 29.098461 0.010391 0.011920
354697.854423 227.191979 114.926581 -0.019293 0.005128
1718570.137265 508.603894 581.987695 -0.006266 -0.018620
338487.908402 550.064373 517.528861 -0.013011 -0.003223
1776805.868268 558.759721 40.709531 -0.000605 0.001821
960078.654327 720.589753 287.385944 -0.006467 -0.012399
763596.911339 131.531179 555.552966 -0.002785 0.016982
1446903.674606 486.123772 125.159430 0.016704 0.005074
1673049.761761 619.481690 156.327353 0.012258 -0.015288
591079.477496 780.714989 483.134726 -0.013683 -0.013976
450261.526019 37.150998 509.490218 -0.008272 0.001260
788880.985598 618.546177 259.246215 0.014943 -0.015435
1247242.441982 204.365303 167.167712 0.001982 0.007422
405506.701397 218.122383 175.643816 -0.003544 -0.012462
1835863.754077 198.097559 576.892927 -0.012852 -0.017823
159031.381905 379.587381 18.469458 0.015401 0.005304
362722.217274 87.895606 407.344007 -0.018714 -0.003844
420997.232395 340.003900 105.546384 0.005755 -0.007985
580167.091722 213.201096 332.527754 0.002759 0.012619
479025.265425 617.070034 52.914770 0.001296 -0.012691
552036.800679 360.211615 258.278826 -0.010482 0.005140
969986.005207 253.872692 61.932480 0.000674 -0.011920
1471710.388303 557.599896 187.553135 -0.003404 0.009130
1430984.936390 500.425625 91.381534 0.015657 -0.009270
902052.609670 145.094307 320.886909 -0.019794 0.010006
700700.571156 195.600181 313.024121 -0.002450 0.011075
1408199.004553 571.672047 136.630832 -0.014618 0.018107
1713095.736556 495.766164 161.805549 0.018404 -0.014598
944491.339356 556.783799 499.154457 0.011383 -0.015571
1119457.834922 400.223068 441.547456 0.008487 -0.004342
8319.607940 130.591504 343.863653 0.001555 -0.013271
647061.014849 711.462093 247.590736 0.013805 -0.006868
379545.065751 439.280671 25.691107 -0.003320 0.007337
1990576.603445 218.880692 181.740490 -0.009389 -0.010659
876473.971119 589.875214 557.727585 -0.009185 0.000886
80381.552726 664.244077 13.402222 0.011040 0.001695
828036.629980 624.474345 423.268266 0.019503 -0.007221
1747623.103553 248.619542 124.826222 -0.008536 -0.013757
1072386.123739 381.116997 423.209079 0.003173 0.015740
777386.485961 459.417741 100.494107 0.007660 0.013581
801906.589792 103.942331 346.071000 -0.006789 -0.003972
197987.358178 296.381538 138.218193 -0.015151 -0.014129
1545926.498969 428.247309 556.325083 -0.000739 0.001012
492654.834172 281.860057 500.193825 -0.001645 0.005438
1978982.283724 792.724101 69.200185 0.007774 0.002797
17631.095842 66.471888 86.430604 -0.012957 0.011000
1966499.848276 461.645304 543.200940 0.002778 0.015893
611006.784537 527.293348 167.025822 0.001448 0.011213
850069.038966 247.199168 189.551245 -0.005914 0.011502
1676786.882652 478.914786 83.789372 0.006882 -0.017870
1557780.060711 529.320829 26.320637 0.015766 -0.005750
1227310.625476 722.500924 263.384732 0.010483 -0.017140
428616.731627 592.452897 393.566543 -0.015226 -0.007965
1127178.874392 340.036022 576.172527 0.013667 0.018431
1480731.590409 213.258759 162.083139 -0.017757 0.004771
115335.758829 715.455970 130.578841 -0.012096 0.002658
541498.807511 781.136850 136.881150 -0.007420 0.014829
1167776.423119 742.498950 464.287695 -0.019069 0.007423
1705487.274428 189.976848 255.931611 0.000343 -0.005723
1455042.508177 58.011063 469.190818 0.007507 0.016568
1485351.840726 342.079473 108.588336 -0.019507 -0.000645
1600046.444498 56.118120 226.952736 -0.019290 -0.009276
1889695.885540 230.549564 146.770125 -0.013089 0.004129
230475.999522 605.453040 318.985391 0.015541 0.011187
434670.210087 593.392276 10.238684 0.005758 -0.009970
748135.628527 297.063363 193.560321 -0.013733 -0.017650
474188.291689 718.717855 292.281654 -0.003287 0.016381
1941577.332067 174.424355 588.832147 -0.006027 -0.010602
499196.726130 235.239601 314.431346 -0.000241 -0.001320
254300.674542 487.571418 134.033923 0.006350 -0.000079
6325.354803 700.546169 143.989276 -0.019184 0.000806
980919.682878 315.705725 534.878389 0.012540 0.001996
1900851.625903 40.342912 269.190583 -0.002535 -0.001263
719689.197242 326.385750 412.101400 -0.006342 0.010292
1844748.197982 472.788850 30.620139 -0.002153 -0.016584
1036199.990211 458.980600 416.611474 0.009654 -0.010725
385683.919483 595.694982 64.989182 -0.002691 0.010609
1256102.471266 738.623901 95.813469 0.000736 0.009622
1419511.694191 375.782366 472.429353 -0.013651 0.016275
511292.832210 414.803386 189.298705 0.017691 0.014393
145034.134456 691.584592 270.343021 -0.015047 -0.007555
1071721.370831 513.438806 530.787033 -0.010791 -0.004666
233847.819378 338.478410 76.999175 -0.011009 0.014229
1786277.592083 682.297889 467.539847 -0.017897 -0.005094
1031918.257955 609.851938 505.671211 -0.007877 0.016830
1499349.890975 446.782016 263.472376 -0.017381 0.000051
597617.807145 110.055815 219.311097 0.009990 -0.009545
1353622.215499 228.323906 541.937406 0.002463 0.000630
573296.933702 542.733399 563.576914 -0.003407 0.016139
1590131.532210 246.328328 453.914888 0.002986 -0.005570
258416.177825 72.474291 73.726143 0.018868 -0.004266
87595.200207 577.093259 571.385085 -0.000684 0.011452
906233.425674 625.514194 554.255440 0.012750 0.001247
370032.188655 396.318010 489.781703 -0.016466 -0.017722
664767.085884 299.810629 441.487530 -0.009141 0.011581
1278253.811075 53.127196 58.550902 -0.004156 0.005631
916040.443311 419.999230 438.717030 0.003233 -0.000142
249204.321880 499.638363 130.655848 -0.016935 -0.015698
8661.484350 424.041279 533.584412 0.017132 -0.006054
841302.204338 90.357675 506.420317 -0.010499 -0.011957
1802783.200425 455.773839 345.862973 0.005479 0.013642
731632.451868 220.888369 544.575735 -0.001451 0.006867
1096714.972098 736.966565 118.101700 -0.008816 0.000039
1386984.768969 323.497555 76.230183 0.016464 -0.000758
469499.863903 732.527873 6.561638 -0.015025 0.013773
718651.906922 435.727207 574.322666 -0.011856 0.011267
316653.122342 84.066402 211.133326 0.009563 0.009525
385530.231700 80.108028 10.881517 -0.015989 0.002554
1379939.433830 519.064858 291.160913 0.015455 0.017143
1974529.288697 464.076515 199.401261 -0.015451 -0.000347
1626419.535664 279.397813 244.595846 0.012963 -0.001068
503204.831157 146.464191 10.785471 -0.011643 -0.004521
1600260.999799 293.404379 294.889228 -0.013928 -0.015943
467442.890847 275.590284 121.062027 -0.009924 -0.002203
1530910.291491 753.321864 56.248334 -0.009990 0.013153
43405.273949 190.090964 245.268966 -0.005826 -0.005910
1801413.789299 133.722905 420.862848 -0.007672 0.019654
348673.859774 447.861701 104.747559 -0.012297 0.010747
1122384.702378 793.830803 81.172783 -0.017893 -0.014231
474000.488629 229.313069 293.411065 -0.002443 0.001545
1867761.544822 163.213727 288.142342 -0.018891 -0.001821
617712.498930 39.372474 415.386864 0.008723 -0.003865
88793.583256 494.860790 342.417733 0.009844 0.017033
1123119.018564 735.962338 291.930403 0.009419 -0.015511
510837.786138 237.669826 62.783375 -0.004353 -0.005993
498234.962345 502.463196 381.880589 0.009526 -0.017331
350510.791107 537.656880 162.699500 0.006230 0.007969
1451432.125387 771.470025 449.170698 -0.003308 0.007304
303273.376219 370.086028 180.219436 0.008882 -0.011677
454803.713809 226.966058 76.488053 0.008578 -0.019213
480071.545802 775.648173 189.956790 -0.006221 -0.005571
1333575.176696 475.035296 593.060105 -0.007835 -0.006721
110627.538576 382.977149 2.244721 -0.006962 -0.014597
1406769.050940 41.625531 59.217709 -0.001910 -0.001190
1561676.394922 482.634858 559.513157 -0.016749 -0.006984
281255.947557 246.950517 365.287213 -0.009258 -0.019076
1257382.930842 406.968505 595.751165 0.017806 0.014128
706537.016996 489.670470 268.465900 -0.006331 0.016635
1558318.719993 317.824458 236.817124 0.011332 0.008938
1057752.200895 389.284775 465.501355 0.005106 0.017526
491364.625511 326.610652 325.151888 -0.012865 -0.000408
1734950.389590 255.153203 479.224911 -0.000932 0.003495
1643357.573842 84.379781 57.336962 0.012572 -0.017970
1898263.090243 134.052717 397.722639 -0.004149 0.000385
1157183.811607 140.553339 544.134535 0.018930 0.018341
1260090.642264 401.566698 266.928596 -0.003779 -0.014819
767107.214205 521.184165 322.956783 0.017008 0.013181
55740.578126 634.500861 89.026174 0.013049 -0.009244
1471867.368311 518.695142 224.915247 0.013160 -0.001576
851158.514084 624.579767 377.965993 -0.016460 -0.012914
279214.015361 533.438889 211.660271 -0.018164 0.005614
622537.959657 541.086333 85.130282 0.010259 -0.016723
543551.074594 112.099222 439.653407 0.012528 -0.017375
1125283.938425 670.230350 515.107074 0.008439 0.006555
255944.995329 357.691771 187.342799 0.000114 -0.008839
1549879.616848 742.710172 35.714742 -0.003799 -0.019316
474171.187949 435.809305 410.387914 0.003583 0.003641
648167.413030 720.805158 160.336329 -0.001351 0.006301
697835.028496 590.252680 478.455955 -0.016723 0.001913
1725670.433475 515.785994 231.252198 0.008766 -0.005610
99429.388577 679.306670 481.684368 -0.005518 -0.005927
163663.104253 109.509310 168.310171 -0.010577 0.000498
594763.153510 303.223358 52.317150 0.019259 0.018759
1355525.087265 244.491447 521.847792 0.017833 0.010887
1053977.892294 234.964805 305.752850 -0.007022 -0.004958
115031.983757 149.750086 12.405026 -0.002296 0.016329
752375.869431 394.066078 454.741571 -0.012815 0.014194
219437.964363 208.698011 595.100971 -0.004391 -0.003909
1068114.026016 550.131441 468.910773 0.004836 0.006798
1499866.051366 239.000654 584.461539 0.004764 -0.010267
1491842.997955 117.081266 322.407708 -0.009757 -0.001153
1826279.228472 250.670534 394.954215 0.017328 0.010246
1133058.067007 247.701260 149.333670 -0.007036 -0.000444
207507.431604 346.954057 449.983223 -0.016174 0.012962
304737.184339 503.952020 306.930463 0.017352 -0.009986
361247.467977 546.817192 329.514662 -0.013806 -0.007877
1585793.637478 720.590246 269.658843 -0.006781 -0.013770
1841064.114050 194.755134 281.585752 0.003159 -0.012900
451362.950938 116.101276 291.978149 -0.001011 -0.001227
1950936.490647 462.757874 542.011687 0.008617 0.007361
1454702.783122 701.957639 182.351606 -0.010444 0.012465
1108684.254395 335.594128 297.063298 -0.015854 0.002984
1596490.624173 717.144359 285.144176 -0.010867 -0.010937
1263706.185512 134.592077 282.242991 -0.015939 0.009882
1294332.516982 261.502100 535.445200 -0.014653 0.012060
723046.520130 87.330669 228.127593 -0.009405 0.013373
107937.715067 793.622720 427.138089 -0.005707 -0.010776
1046872.077066 729.409574 390.324480 -0.019292 -0.019405
450965.188654 653.471804 547.168684 0.008029 -0.017418
278162.196408 266.258827 139.832008 0.004373 -0.002632
1960316.196066 205.339814 456.687752 0.014895 -0.004391
1125740.257616 187.289053 299.750019 0.017716 -0.000059
668170.334151 797.265522 294.379792 -0.018164 -0.005826
1443825.863043 455.631127 159.939125 -0.005089 0.003533
564375.188464 478.491353 242.814055 -0.012222 -0.008031
938961.728913 266.900190 379.357026 0.008094 0.017707
132214.712972 546.327571 119.611469 0.013165 0.002208
1179224.623916 311.988454 473.315376 -0.016448 -0.006672
575213.267736 338.741480 197.908697 0.011091 -0.001214
1368718.602401 400.391394 23.589692 0.018035 0.014930
1254302.726711 186.245237 282.760926 -0.018697 -0.002901
1541011.519516 401.128900 456.481571 -0.003907 -0.011849
1407684.757098 375.021736 531.982870 0.016135 -0.008169
883750.411162 394.102866 411.692332 -0.010715 0.003287
38293.802197 414.702512 3.063553 -0.006038 -0.008116
949396.727117 26.706007 478.433390 0.000567 0.019388
1340193.529306 112.575257 130.236858 -0.014328 -0.013077
1289556.392138 729.497537 404.532140 -0.003785 -0.007428
1756783.113702 87.814056 469.564485 0.010585 -0.019556
157687.638028 165.748294 303.306730 0.010610 -0.002488
175039.783202 627.099966 573.659349 -0.016281 -0.014672
506304.289450 453.784646 99.712341 -0.017976 -0.016740
301433.914481 576.185287 133.427060 -0.005307 0.014492
790027.673724 10.047570 464.148411 -0.017215 -0.003255
176035.711624 758.358739 317.009153 0.014827 0.008519
1081972.172988 759.657530 552.073994 -0.018172 0.008618
715741.816310 107.170819 299.188068 -0.007423 -0.010927
1263880.632475 454.026454 476.624953 0.011935 0.004701
1751026.801649 759.140578 202.652813 -0.016115 -0.007309
399196.095951 394.320820 197.981382 0.018974 0.002448
1496994.359185 48.909393 306.043589 -0.008923 0.017286
445396.929255 653.997668 529.368339 -0.014296 0.014561
1193553.106484 400.265598 599.102154 -0.016158 0.012575
450224.472419 581.842289 229.298105 -0.019230 0.001038
1999453.321099 715.870632 285.271200 -0.005822 0.019741
1584501.028799 429.607520 291.131713 -0.015111 0.000413
94458.571679 696.562809 342.869888 0.002276 -0.014106
1007827.074736 623.712042 579.209302 -0.004562 0.016883
1658558.308919 786.310535 253.572636 0.013097 -0.016878
475365.567242 42.190040 483.352141 0.004637 -0.017081
663714.367274 495.772004 580.390789 0.012261 0.018250
1919117.403179 479.350061 296.714431 -0.002196 0.008843
9624.167350 393.632179 355.051681 0.003061 -0.018039
1478876.057770 64.421492 497.206456 0.008062 -0.001363
1502145.321808 426.881597 269.389363 -0.013035 -0.005543
1054818.871922 329.266452 248.211539 -0.006669 -0.018739
972186.690649 532.101245 390.620254 -0.001882 -0.001119
1216433.286302 329.955801 42.949206 -0.015888 0.014301
1585452.240699 85.870940 209.730462 -0.004607 0.007281
796849.675848 99.270405 458.733372 -0.010975 0.013125
461377.134761 782.633798 217.352352 0.007177 -0.013910
1447663.852688 165.590188 338.330421 -0.014482 0.001616
1190708.408687 499.043862 123.196261 -0.010150 -0.016947
1355477.244293 683.803303 294.000603 0.009974 0.018280
694211.989964 433.520493 38.943940 0.007874 0.017075
1497031.391364 75.968777 30.418696 0.000514 -0.007111
1759090.904966 594.717287 180.135109 -0.010321 -0.003071
904928.793621 772.496662 378.119719 -0.019354 -0.015853
341892.055395 489.288022 436.742294 -0.004942 0.014332
1609370.418642 43.359309 427.750246 -0.008211 0.012134
1339833.364515 513.277255 207.038154 0.009395 -0.006458
543533.833951 386.359444 259.981646 -0.007098 0.019819
1510075.678821 161.521487 443.626254 -0.017786 -0.002232
325429.097901 406.347082 246.039345 0.011723 0.000966
1027532.088117 771.200694 81.398895 -0.010358 -0.006362
1987715.010526 36.970915 236.939466 0.008270 -0.006376
396776.620483 301.202302 589.006212 0.001746 -0.015572
639902.701899 652.370768 356.277729 0.010125 -0.014489
1179865.857204 406.286220 204.058768 -0.006837 0.002533
1568458.621189 393.523064 42.536856 -0.012228 -0.008586
1190290.628555 566.531737 149.821272 0.009236 0.017978
1180185.991889 580.025305 597.313514 0.019399 -0.002763
672088.553511 146.716938 484.787994 -0.007314 0.009079
1837656.663655 510.360179 325.386755 0.000515 -0.004369
1360614.323691 82.047290 539.251322 -0.019193 -0.002725
924125.776125 643.686094 554.741385 0.001320 0.019947
418950.309241 102.584481 424.297372 -0.001694 0.014333
1312754.557148 39.229374 350.176392 0.006072 -0.018653
30587.249450 790.528491 130.450153 0.012914 -0.007758
1889215.610870 593.549682 566.254162 -0.000527 -0.009816
669560.509114 133.730521 214.447627 -0.010655 -0.012491
1579576.984783 556.603554 595.238802 0.008569 -0.010869
1982244.182370 738.871079 214.152149 0.007922 -0.004707
432350.935616 283.654857 258.578209 0.011996 -0.019754
930735.730068 652.413052 596.668833 0.007313 0.005533
600671.720971 501.915383 228.127238 -0.010211 -0.015423
1270601.892504 463.440852 169.225508 0.019713 0.012510
938976.299455 626.159616 304.958338 -0.001536 -0.000136
1474031.937064 362.121533 251.983425 -0.016244 -0.013958
1605130.416157 248.043692 303.023589 -0.010651 -0.015584
1023340.410098 559.394859 555.395753 0.000244 -0.004719
1128556.229700 645.271861 5.625073 0.017773 -0.017965
248420.950141 464.007803 377.829011 -0.003857 0.002823
884577.235619 700.606926 213.357892 0.018015 -0.006540
1704879.713107 549.961705 474.194953 -0.009093 0.011236
1882055.445519 60.153822 54.989830 -0.002158 -0.007625
404206.608610 766.251313 4.985002 -0.014891 -0.001433
780987.060993 553.656671 162.290095 -0.004013 0.005487
642018.800900 419.701679 130.344369 0.018030 0.017215
1579863.075903 314.222401 483.504991 -0.014190 -0.006272
286431.929230 798.646103 18.557576 0.017334 -0.009154
1625355.291937 699.667196 207.499381 0.016179 -0.007154
1310099.705732 85.319075 167.120872 0.006552 -0.010611
1485499.756171 42.898091 555.899717 -0.019465 -0.001835
1126826.147142 267.434984 586.980001 0.011212 -0.008618
1817754.082297 456.318240 406.761164 0.008593 0.008642
42605.713030 686.248588 428.526595 -0.017795 0.011605
1969490.396776 691.984711 399.569567 -0.006766 0.010783
1972945.507603 788.503490 525.717970 -0.009401 0.005964
221002.463354 6.160439 421.607122 -0.018509 -0.019156
314139.836614 480.204427 213.086734 -0.014578 -0.004771
1280098.799281 35.441446 570.759518 -0.007275 0.010354
1334025.561499 271.260025 370.315668 -0.004767 -0.004333
817314.073824 292.435610 154.040874 -0.017013 0.007863
52254.755074 48.881174 409.259861 0.016096 -0.006947
662711.798522 9.982725 200.227535 -0.018619 -0.018005
710212.109941 153.237988 390.047701 0.008413 -0.006921
61999.699130 280.507764 222.882883 0.019291 0.006739
261157.692532 519.382054 4.216543 0.009912 -0.018784
797766.605764 125.268237 237.419333 0.006223 -0.010767
184709.901076 545.401638 175.123483 0.010987 0.003337
1235796.007903 84.934050 357.779957 0.018087 -0.014391
1292608.929469 245.538995 198.840636 -0.008138 -0.019312
1317389.029692 261.807173 220.568441 -0.018793 -0.007612
71927.786838 128.311417 575.383229 -0.018266 0.016324
1977614.946653 353.713140 38.819365 -0.004628 -0.016079
591803.305127 381.675557 467.471303 0.003513 -0.009935
726241.200569 164.683121 214.390532 0.018390 -0.013697
995710.504705 484.917875 278.908765 0.013170 0.016101
963862.695249 390.775490 137.998061 0.013990 0.000730
1079147.418532 708.512858 407.557206 -0.000042 0.017176
1174876.041326 389.718899 222.852409 0.006098 0.014868
937689.950195 758.549599 209.301764 -0.010081 0.001422
1200871.358253 489.197066 445.018613 0.018314 0.002833
1798372.363578 364.620545 106.052589 -0.005454 -0.008575
158766.744732 676.468752 464.317223 -0.007604 0.007829
584123.108808 679.349560 348.539212 0.018833 -0.006110
1019930.488905 446.929441 500.442302 0.015243 -0.011566
1412068.961846 279.791799 95.559990 -0.017812 0.003938
1390465.348675 524.198845 125.667037 -0.002527 0.004540
1560588.704217 269.044708 41.555465 0.018289 0.008004
709118.110458 29.109847 327.239383 -0.014862 -0.006197
481739.437432 336.411549 116.888567 0.012856 -0.004340
1084185.081108 265.420347 569.780642 -0.004947 -0.011488
321427.933090 65.843354 337.612342 -0.007291 -0.014466
322096.383349 12.061855 475.495629 -0.005171 -0.001923
811598.476400 120.556494 472.692116 -0.001000 -0.015686
975828.599639 663.387730 86.883970 -0.018663 0.018318
980873.326296 219.509825 226.697222 0.007417 -0.016150
1538962.265262 182.026920 256.846521 0.008791 0.004158
1281944.833362 703.899946 411.583857 -0.011820 -0.012021
1646853.441208 292.016391 129.150172 0.004640 0.009418
1334224.681991 17.383023 531.648379 -0.001782 -0.000136
1987979.200663 754.344841 195.888813 -0.014459 0.019082
567825.405192 503.199203 150.421148 0.006515 -0.007415
693992.653253 345.317886 324.849962 0.011034 -0.013980
290886.182473 332.917681 18.559100 0.013265 0.004806
461579.700216 524.018910 590.811715 -0.002169 -0.009172
1440439.939238 90.435332 175.682588 0.004260 0.002725
1578856.275221 480.073495 306.887937 -0.015376 0.009535
975708.803616 319.691947 220.427501 0.009548 -0.017530
1363849.989774 68.430011 295.960462 -0.011055 0.014430
1287670.666020 295.295233 165.869390 0.006989 -0.011976
1793086.186886 724.538059 513.360904 0.015255 -0.005944
253419.465503 481.253660 278.481089 -0.003166 -0.011676
65064.939701 167.134105 484.849236 0.001754 -0.007021
1093948.624606 25.533805 434.490532 0.016599 0.010814
1570950.974510 477.174275 513.774575 -0.008879 0.012821
1433502.711092 738.067721 113.558333 0.019719 0.003901
779698.448619 711.855114 301.603969 -0.010191 0.010867
1707668.152502 297.735164 223.891487 -0.007280 0.011680
1161722.038482 280.517681 0.539974 -0.004425 0.015791
650195.260835 748.643425 555.897630 -0.018020 0.014027
1393276.303724 667.650676 268.207450 0.002110 -0.015478
534900.189626 215.547906 21.113938 -0.001731 -0.009476
1264731.390059 677.043907 91.520469 -0.014607 -0.016312
1848317.172308 790.862482 278.507479 -0.008126 -0.007730
512088.236637 702.273499 394.439668 -0.009739 -0.009305
1104225.446984 465.404586 121.898904 -0.000863 0.005237
107543.810321 140.002637 279.313056 0.000028 0.009121
1156781.673039 614.850479 598.185041 0.004545 -0.011006
520065.349769 196.852760 42.937631 -0.003479 -0.004757
327390.441823 269.660816 221.843320 0.005110 0.005368
1353004.063178 707.173252 307.101571 -0.006600 -0.014382
1558240.596931 709.142362 433.436958 0.019289 -0.005432
706633.334377 28.905919 323.741925 0.012761 0.001522
534505.464385 317.558115 183.109768 -0.009430 -0.019559
1061346.780072 419.604356 154.339412 0.004116 0.017517
1275778.349152 612.605641 164.542786 -0.019702 -0.004249
1816858.008419 547.196167 166.644274 -0.003178 -0.019280
837596.447597 159.558449 542.432880 -0.014364 -0.012747
537634.699856 395.812132 130.599308 0.012331 -0.007461
1509630.032587 60.300348 426.142649 -0.019008 -0.007106
1442342.147903 473.009130 518.562789 0.019135 -0.012285
1603574.954720 492.613422 575.658521 -0.016949 0.004947
706735.606634 787.677473 184.495992 0.005246 -0.003794
651319.147391 40.080800 362.678425 -0.010796 -0.012350
1573016.600485 398.795542 411.599726 -0.019854 -0.007704
1998835.487291 607.382565 229.770371 0.008387 0.012775
1445522.677826 344.791237 246.243325 0.003487 -0.003640
1207599.107738 311.253370 15.003761 0.002528 -0.001377
1297106.122271 733.400086 269.816813 0.018216 0.001915
1709409.523620 225.400657 358.923568 -0.001622 0.000464
1579454.636005 196.703453 6.172538 -0.000963 -0.009985
635151.660366 380.306677 5.457112 0.008016 -0.012591
1657542.871152 338.343510 369.392317 -0.010424 -0.019592
50074.195513 674.243995 239.568125 -0.017995 -0.003747
1728956.987955 558.818775 193.682351 -0.007442 0.006164
1741304.677791 135.062643 561.956447 -0.001251 0.005112
896425.988943 206.844757 524.569918 -0.001649 0.009369
248631.410417 620.847109 125.820564 -0.014663 -0.000939
789536.960791 769.716821 539.647280 -0.019579 -0.011933
1819863.026878 28.560617 26.636058 -0.007626 -0.016560
901731.744829 139.118627 470.687967 0.010944 -0.000480
878442.611954 515.319813 393.882315 -0.004972 -0.015483
569936.175165 659.009033 222.894618 -0.013641 -0.008693
212161.644461 226.646194 35.283751 -0.007366 -0.003300
1070836.321949 568.426094 227.753670 -0.002605 0.008852
1162154.364009 276.028105 454.342464 0.005034 0.006168
1685995.778854 61.353583 496.947439 0.005214 0.014017
631794.399876 53.563429 296.616982 0.018911 -0.002295
