120102.793966 630.498792 121.698699 -0.006085 -0.005541
269277.329682 300.305734 155.982755 -0.018259 0.015161
1260731.205931 302.052477 191.760520 0.013083 -0.002972
973263.179405 632.775297 573.009958 0.008519 -0.005929
1683880.506867 289.471224 229.477458 -0.016837 -0.013039
1760997.696668 175.230478 580.729065 0.011715 -0.019833
354965.669268 682.042505 474.785397 -0.004785 -0.012005
306862.422408 412.062266 346.403644 -0.003484 0.002364
913598.742761 34.779625 562.371899 0.011114 0.014843
723511.401901 210.339700 397.492808 -0.007312 0.019066
27418.055584 127.066862 203.308308 -0.004128 -0.010475
1026719.971107 221.764468 273.226738 -0.000716 -0.017201
919235.655535 527.404056 553.081598 -0.009943 -0.018406
247720.705461 324.103462 333.515368 0.008054 0.012688
229642.751734 125.856973 516.890134 -0.017952 0.017251
1463437.116455 330.473030 118.787391 -0.004257 0.009189
349002.480669 325.698040 533.839252 0.000926 0.011739
253345.397419 21.810953 48.643849 0.003302 0.000366
301882.374241 33.485953 101.082168 -0.017044 -0.008247
417897.793659 158.185183 419.638794 0.010567 0.015939
1032678.423930 703.142120 34.275382 -0.004920 0.017240
1981626.739717 86.718969 206.276784 -0.012522 0.000310
148080.320166 290.795830 545.960273 0.018532 0.015052
1426235.401736 72.249023 542.490276 0.011786 0.006906
826207.458426 756.176935 428.580556 0.003259 -0.019252
17939.873048 632.913925 129.680923 0.008283 0.002225
229060.592236 178.882828 260.638185 -0.013064 0.003954
729567.630556 129.600144 425.789056 0.008392 -0.006038
424191.899795 625.699068 428.069736 -0.015137 0.009779
1179453.697605 667.594885 501.614270 -0.000304 0.005139
1017047.714916 725.064163 344.264559 -0.011060 -0.000459
1184883.571782 186.412022 168.145995 0.012320 0.017648
1669257.284919 738.171553 98.176515 -0.009283 -0.016556
1530870.404807 506.884644 153.234436 -0.001036 -0.006348
1211583.405366 549.763488 75.208622 -0.007251 0.012376
1741377.547263 727.050990 385.895111 0.008279 -0.003843
544004.606336 172.368579 185.225991 0.013852 -0.002453
1594854.852927 350.155579 402.510272 -0.016923 -0.010140
1223177.906695 729.518455 101.508329 0.010983 -0.012973
527324.168257 433.102455 487.925516 0.000769 -0.019345
312490.830343 99.860629 422.418315 -0.009298 -0.002512
1025907.483430 121.048896 211.859354 -0.013739 0.014343
1509229.653286 342.173127 43.722021 -0.017713 -0.009240
1023852.793045 688.360268 427.838642 -0.012673 0.017503
1918069.081343 635.458601 509.663018 -0.014829 0.002812
59433.087734 314.295705 67.665794 0.013727 0.016466
257531.464220 800.341103 21.895455 0.013290 -0.008778
961609.428265 277.023739 259.691211 0.013356 0.000070
582120.371322 470.184235 558.401256 -0.005429 0.006020
408974.288222 701.427459 306.862018 0.016756 -0.017646
899929.745542 700.462914 512.045655 -0.008030 -0.019832
849952.291162 263.237495 237.882505 0.001498 -0.013091
617567.269419 532.491860 103.650094 -0.006174 -0.000032
907629.657959 661.562483 506.900636 0.015483 0.006349
693382.430213 141.923316 148.633507 -0.008910 0.001679
1797970.130014 385.179857 250.850948 -0.003535 -0.004077
955435.349120 688.740762 164.187381 -0.006715 -0.013575
557659.864685 605.742223 293.442138 0.007023 -0.008246
1324351.926951 788.059717 575.712862 0.013367 -0.006808
917046.023028 230.791894 93.718549 -0.007872 -0.012938
1632997.046985 519.372341 212.277042 -0.017470 0.017105
1790149.784549 770.316032 244.950992 -0.007428 -0.004984
1613713.184192 632.410627 140.884338 -0.016781 -0.015070
791753.703166 288.326820 527.510645 0.015412 -0.018582
347958.385175 437.604417 12.131692 -0.014653 -0.004651
701432.257286 473.859622 403.094429 0.000313 0.015825
1693039.169392 258.864925 326.990139 -0.012026 -0.004479
944105.254926 76.118183 210.655711 0.015294 -0.003683
1451122.988691 550.373762 119.702325 0.018427 0.010758
644142.737912 285.206846 76.758663 -0.011902 -0.010304
328294.663843 300.503925 473.810569 -0.012327 0.000411
344141.964030 428.579113 60.812124 0.013716 -0.018293
1995072.262359 551.833534 220.431595 0.001698 0.015578
1509670.835691 11.406652 590.792727 -0.015738 0.015796
783939.521193 665.410606 349.895691 0.003574 0.011723
702233.533702 730.446778 89.337614 -0.000817 -0.015277
783487.379916 514.582264 295.036522 -0.012714 0.013091
1976.599918 282.377724 217.780840 -0.015862 -0.012102
812477.567611 80.809550 532.009782 0.010926 0.005773
1551513.418346 422.501450 395.019605 0.010382 0.005361
1106838.468046 120.989813 279.565519 -0.014533 0.009718
516376.429478 389.659222 393.961482 -0.003786 0.018696
1541877.001311 639.343201 366.685947 -0.009512 0.019232
877046.727052 210.784929 200.488747 0.012090 -0.005350
1062152.807164 166.514563 280.622580 -0.003292 0.019287
220503.739184 154.891870 305.865551 0.010758 0.018112
285758.867062 257.557019 62.779326 0.004299 -0.001887
1694852.848395 693.279671 566.813750 0.000201 -0.009148
1823523.613542 219.356980 44.329236 0.000906 0.001465
109429.840049 768.369737 479.888928 -0.004451 0.010494
331166.874772 736.270861 582.351272 0.005303 -0.006525
1904142.131984 594.131478 318.581983 -0.001573 0.000439
967910.745632 483.251475 499.450875 0.003530 -0.011505
581591.096978 348.600211 47.821445 -0.010621 0.017524
706572.319710 118.033209 128.267195 -0.002971 0.006837
1499518.371885 385.507092 378.574811 0.001968 0.014852
785875.055374 571.626253 474.491565 -0.005459 -0.006112
257524.722376 252.862891 54.216686 0.006433 0.011150
1201976.699383 114.867305 228.775477 -0.002629 0.009284
1186503.038363 579.932161 101.527050 0.006849 0.018405
215485.423904 20.207521 64.874148 -0.007132 -0.001903
1555844.913030 56.696563 560.772459 -0.003687 0.004796
1610655.802121 641.044838 200.548557 0.003845 -0.013396
1363983.919548 580.416428 288.395806 0.010877 -0.004604
515601.680854 298.435071 317.447182 0.005553 0.012258
521772.659627 185.485138 319.290573 -0.002820 0.016139
984056.433190 429.740122 558.145213 0.003665 0.013881
764465.851134 302.336148 557.856645 -0.007327 0.011445
1098768.237559 97.967876 352.775050 0.014826 0.008806
1505133.839094 452.683299 265.967045 -0.010713 -0.006500
1656881.889169 392.833360 426.183685 -0.005670 -0.014814
1035409.796534 493.841547 216.655107 -0.018017 -0.018107
532033.862794 432.641178 350.177192 -0.012176 -0.014339
885049.308131 462.179034 312.154026 -0.005115 0.015773
611963.250959 737.347752 10.221365 0.015717 0.012220
1469794.933437 516.577964 223.343404 -0.012601 0.015474
1419313.830053 5.434394 222.328019 -0.003155 -0.005439
1001399.715897 751.014030 589.562424 0.014490 0.019465
57920.523946 102.983838 317.014671 0.004549 -0.007026
1340168.589419 44.263439 541.202056 -0.012393 -0.002903
1593328.125585 396.839631 209.107601 0.012537 -0.004441
308175.125303 438.484766 21.439046 0.000964 0.009100
1829796.170737 188.041223 440.213666 -0.008570 0.006237
194622.977727 628.669679 356.688703 -0.016828 0.005965
1163384.351490 86.034652 466.747539 -0.015433 0.009077
203536.384834 623.838335 466.666369 -0.019844 0.018801
408990.508136 640.504715 279.566325 0.002297 0.004608
1709918.606891 566.230427 96.812347 0.015694 -0.010643
1776676.395804 644.284743 280.548606 0.004818 -0.016381
248411.979642 575.482211 526.659846 0.008744 0.011925
1052401.075630 239.897699 543.625416 -0.007841 -0.003553
1254879.329007 324.300512 114.453423 -0.003769 -0.003590
322021.593490 487.239878 125.614444 0.003557 -0.014394
1647379.426121 385.873179 521.502780 0.019420 -0.005115
204691.412954 699.143022 106.327794 0.002805 -0.000172
536197.156895 555.502482 128.713474 -0.014194 -0.003471
25648.950611 537.673667 428.521749 0.016698 0.018969
247729.502734 436.977100 228.932370 -0.007403 0.018033
1580350.309415 380.114783 335.458459 -0.020002 -0.015900
1443766.372951 659.148539 350.875231 0.003669 0.012382
1912564.341869 554.518717 409.651744 -0.014668 -0.009430
357511.299829 321.170150 575.496484 -0.004362 0.001855
744693.135258 324.575396 130.926469 -0.016557 -0.007008
387589.365424 167.757545 523.062824 0.002985 0.000961
1645202.005117 291.680349 -0.041493 -0.004711 -0.005378
205411.871060 83.602273 113.420013 0.007496 0.007835
1996032.971887 514.789064 233.771538 0.007447 0.010619
1306804.762830 688.058670 106.759009 0.004501 -0.009860
1450619.077985 788.319657 395.322666 0.017731 -0.017180
1969754.747101 110.449821 168.320864 0.013743 0.008611
1609086.544071 543.679792 45.715305 0.012191 -0.017522
883645.576836 726.066357 99.605823 0.005500 0.003690
1722771.757153 502.573667 142.382352 -0.009974 -0.007577
28763.775727 722.841670 101.799175 -0.012092 0.000554
845989.907554 734.007007 301.125353 -0.016727 0.014438
1143645.596292 54.344992 600.123537 0.014086 0.016940
1423342.375748 525.522797 361.936748 0.011509 -0.001564
1329764.171191 184.689385 221.560532 0.013240 0.014444
1926056.274178 553.386456 294.152095 -0.011991 0.017716
1598411.507718 172.513232 507.866691 0.018765 -0.003695
726058.746095 313.846321 195.465988 0.014560 -0.001022
375371.614646 348.564654 324.933603 -0.012588 -0.008565
932014.105344 718.627750 566.968518 -0.017176 0.007247
811741.037672 587.629097 550.799640 0.010982 0.002621
1557690.799962 589.800274 154.670275 -0.009264 0.017515
399385.155365 53.570901 91.470025 -0.018139 -0.018552
1122038.441301 327.857246 256.705891 0.015481 -0.009090
1805346.826001 59.605718 425.611356 0.001570 -0.006899
1995636.369100 728.935667 96.811917 0.017698 0.019335
1695958.700821 278.930039 428.064347 0.010642 -0.015089
558004.577904 435.807146 516.554672 0.001453 0.012511
1597187.265566 589.047152 528.649353 0.018081 0.011278
1833981.536251 410.126696 114.705956 -0.006184 -0.003998
929917.220459 197.980792 284.730066 -0.013131 0.007617
1471826.909795 138.404380 361.459041 0.015865 -0.015403
1165988.196230 595.327897 277.971082 -0.008157 0.000416
1172216.120722 460.810965 32.602107 -0.002175 -0.015492
1736107.381869 196.327731 508.396508 0.009949 -0.012154
1259741.624473 532.845084 425.368357 0.012849 -0.019572
218963.730251 229.028146 155.216619 0.003357 -0.001592
1902503.935575 255.749878 379.719309 0.002178 -0.011345
1496596.111682 109.573288 576.220583 -0.011549 -0.002646
941537.357374 638.165628 6.038019 0.001055 -0.010207
245239.558744 315.541894 293.188893 0.018817 -0.014294
1372376.816986 480.163255 484.791281 -0.004170 -0.003136
1637971.852737 403.929347 424.218983 -0.016973 -0.016382
337179.376901 23.510651 245.351911 0.012115 0.003343
1249672.392965 440.278837 432.677034 0.003391 0.010455
310196.676436 44.524745 335.771264 -0.013366 0.003288
1607296.809371 230.362856 585.158246 -0.008252 -0.009686
236307.595035 783.715656 515.286243 0.017042 -0.004976
561161.337682 596.708722 528.647558 0.019479 0.012916
1939371.158341 125.398845 511.675948 -0.004857 0.018359
870700.636353 2.285760 305.542190 -0.013737 0.003548
541779.813609 249.243079 386.796870 0.013244 -0.000902
453110.709066 506.907151 459.407056 -0.011921 0.017070
47266.968548 256.702648 543.352724 0.015298 -0.010168
562186.379247 130.242794 594.793591 -0.013531 -0.013963
1629854.769274 105.215539 185.084550 0.006683 0.000387
534606.907766 82.112055 307.591320 0.011060 -0.009665
203362.833803 38.075694 342.055754 0.009833 0.015174
92345.910190 778.669467 306.664175 0.012430 -0.012993
877177.283576 667.643459 297.557760 -0.006209 0.008686
1484435.888699 500.804026 528.684780 0.009363 0.011487
64404.659935 439.088964 550.884654 -0.006339 -0.011410
856791.879449 486.824213 190.852185 0.017646 -0.004620
1153201.109335 34.150463 259.276494 -0.014202 0.011632
618554.387530 154.104395 456.967255 0.012843 -0.019877
1875266.974734 207.554418 502.962506 -0.002691 0.004173
1111007.126566 140.261574 138.327914 -0.002548 0.016406
34336.430968 375.140910 275.360821 0.017488 0.005275
1349224.196444 291.860508 249.987346 0.019703 -0.007779
1602661.077679 455.323907 209.499883 -0.010661 0.008582
276647.354605 434.204709 544.515442 0.016223 -0.005516
1822198.850020 670.991960 373.390143 0.009952 -0.009126
453696.245539 243.712045 268.459965 -0.001709 0.009673
713133.517985 379.412581 125.429310 0.012604 -0.003606
36437.158490 391.763647 464.293187 -0.002787 -0.000628
159010.190591 189.148628 31.280167 -0.002855 -0.001207
1535456.720523 453.481784 7.003098 0.007012 -0.001270
749811.288319 469.781901 183.331771 0.019871 -0.006544
1154889.427663 179.080817 384.471365 -0.019007 0.007226
762647.938338 304.918188 92.697079 0.003624 -0.012143
1129345.827331 486.830310 411.131551 -0.006502 -0.018288
337378.635228 334.135822 168.638448 -0.011169 0.013860
1499918.929068 791.150649 247.944351 0.010398 0.006610
1760744.261444 108.951164 150.032576 -0.012552 -0.014655
1172923.453698 610.639534 215.496536 -0.010943 0.011537
79642.974809 486.295626 101.178534 -0.012203 -0.012039
730713.756164 607.146689 484.107836 -0.017945 -0.016078
1702955.846536 175.660044 309.575896 -0.014702 -0.002377
724785.897287 705.809775 257.863139 0.011037 0.005758
187236.443249 524.418908 468.463251 -0.006229 0.013672
1828784.213322 744.373343 362.999690 -0.009268 -0.013417
787390.226865 250.368894 459.583459 0.002491 0.000264
1929498.061505 742.836397 160.829441 0.010723 0.019208
730520.102536 499.401070 120.027962 0.015229 0.010447
1281053.293162 194.529587 382.076838 -0.017201 -0.019246
562426.321470 130.486035 404.881452 -0.017519 0.000286
1033437.869061 780.245241 262.980297 -0.015115 -0.010074
1192859.900739 412.653837 336.606435 -0.005501 -0.016838
138898.690296 261.543674 3.809167 -0.006519 -0.016003
1973181.982512 561.226637 433.996337 -0.012560 0.003323
957790.512106 660.983538 496.591033 -0.015330 0.015870
1692076.045876 318.203004 36.224913 0.000831 -0.001629
1136829.509929 29.532171 260.601378 -0.019598 -0.013623
1367539.427880 482.599187 405.982699 -0.010182 0.018659
1509350.044424 252.229138 176.019351 0.010426 0.006096
785056.476847 598.245345 212.584972 -0.015368 0.017390
1873643.585422 475.957659 456.947265 0.010548 0.008436
1315983.134935 488.090595 64.930427 0.008778 -0.014738
1135951.929323 228.970249 100.711718 -0.019865 -0.008253
656102.584980 548.821624 538.987842 -0.019844 0.017282
1727078.126616 606.499503 148.291126 -0.013748 0.000828
1797488.349396 439.083689 161.314628 -0.009892 0.006602
406141.346510 151.781050 156.161790 0.018574 0.018121
1941231.998588 497.391588 337.489723 -0.016817 -0.006380
1386830.762674 518.324493 376.694548 0.014461 0.006004
1843128.023596 152.066225 201.885267 0.012778 -0.012245
538331.757550 546.157632 571.625735 0.000655 0.013549
944807.663069 332.266416 233.266533 0.009444 0.006605
106756.882792 755.046905 514.298612 -0.007528 0.016342
1618777.323337 226.659432 318.231631 -0.005098 -0.005326
1742666.514471 52.446868 6.675972 -0.000038 0.017104
1321460.731012 336.882708 69.844945 0.019897 -0.010400
620834.287545 213.273219 553.657123 -0.009481 0.011307
1523195.320518 587.600173 118.898896 -0.014009 -0.000949
1731081.362688 163.003604 252.004004 0.008902 0.000658
656632.629529 425.484133 480.312256 0.014355 0.016129
325566.043298 583.877638 581.180628 -0.013077 -0.010849
1792559.657149 666.625953 390.119267 -0.019486 0.013238
1778465.217808 259.160125 59.210042 0.012407 0.003503
1763427.173609 458.046926 192.863236 -0.017414 0.009455
1593951.392730 756.077266 556.171655 -0.011313 0.006644
886016.743670 435.951371 119.217505 -0.010353 -0.003820
204796.643092 324.056169 80.762298 -0.017155 0.003044
727276.621725 773.719707 248.117171 -0.019582 0.019157
488690.041233 721.840526 182.896728 -0.006273 0.008563
1781116.410057 179.378776 172.070920 -0.011495 -0.007823
20635.784613 7.313795 149.701613 0.017493 -0.010973
1834876.302553 303.600526 462.609855 -0.015338 0.004936
350019.654422 174.761187 16.855838 -0.007615 -0.008384
1214501.650638 538.002141 154.973721 -0.019202 0.007481
477760.385944 211.486780 353.444823 0.001755 0.004280
605806.972182 347.212217 499.214554 0.003597 0.005803
272576.070518 480.155899 392.489828 -0.004561 0.001511
1759240.741729 243.113399 550.308829 0.005998 -0.003252
1080301.612187 660.419505 382.840574 0.002774 -0.014596
1857771.559552 140.361694 484.508903 -0.012495 -0.012179
988850.145130 340.160355 276.550204 -0.016670 0.018756
134591.829094 309.386217 242.275339 0.015982 0.019034
96963.198901 28.497183 345.869928 0.008225 -0.003141
227820.812831 465.268071 434.916421 -0.018759 -0.010706
290631.014058 457.397424 34.458723 0.011440 -0.014462
385931.693197 569.801925 189.913416 -0.020001 0.015994
1023297.854244 396.826075 195.373009 0.018846 0.003221
589125.026292 31.450286 579.427557 0.007933 0.017479
1882412.602139 596.834892 584.040417 0.000696 -0.002083
790218.714061 504.970687 18.632950 -0.015185 0.006540
526777.357108 212.411754 140.124474 -0.007122 -0.017995
748590.766801 411.718142 457.603265 0.007596 0.000601
1324791.236466 161.926985 6.164250 0.019521 -0.013042
1179151.767483 226.010911 128.055423 0.002191 0.019218
301466.356172 396.210544 435.102051 -0.015000 -0.019489
349183.755158 415.162878 387.286037 -0.011772 0.005611
616335.581344 375.048584 543.599978 0.001714 0.011567
1910511.639859 733.643595 182.868274 0.008704 0.004280
1640005.631205 304.578367 485.077833 0.013265 -0.005316
1964468.728734 336.015526 390.861139 -0.012196 0.018996
1261209.360911 276.309177 282.386685 -0.005743 -0.001184
968463.258337 424.579538 593.717848 -0.014824 0.009438
1257770.379660 350.143548 123.688031 0.001308 0.019243
1991034.577596 391.510377 537.833477 -0.008001 -0.011722
1007596.648767 95.909950 353.168701 -0.006892 0.017945
1912045.142572 235.887548 222.807693 0.004267 -0.000414
692628.538559 190.084322 501.165734 0.009846 0.003390
609848.141023 240.781773 74.963656 -0.008227 -0.002769
1723251.459991 737.902240 520.963988 -0.017341 -0.001709
1696924.347289 50.225556 568.039068 0.009824 -0.005547
309029.791648 199.569374 289.681352 0.009655 0.002378
867302.640745 559.018559 513.616360 0.012185 -0.007813
691843.061099 120.734968 325.845517 -0.012827 0.018669
272265.500516 388.535768 162.036460 -0.009548 0.011204
1400582.436193 98.325822 421.457878 0.002907 -0.012348
320566.674844 333.276264 150.992599 -0.015710 -0.013504
1229627.376064 208.999978 246.452387 -0.016066 -0.019848
1946485.269790 424.988344 421.279420 -0.005449 0.005668
15066.369444 140.471865 292.357483 0.002003 -0.005752
911695.870064 548.984724 505.992041 0.009034 0.017878
1245159.992597 340.400505 42.480488 -0.006662 0.020058
519428.529087 388.669947 246.971435 0.000402 0.003812
1147820.552414 101.907252 512.621235 0.019418 -0.011043
1717933.562453 767.068630 453.557468 0.002481 0.011484
183230.377819 455.287015 577.939629 0.003166 -0.015280
640928.558372 27.631156 483.120526 -0.013463 0.010340
1503776.668340 628.809432 111.273106 0.012854 -0.015538
360957.489517 65.335494 358.273051 0.003695 0.003725
380073.533570 132.209534 431.796036 -0.018219 -0.013994
1889061.825298 723.281463 66.034960 0.008007 -0.001359
1796955.322752 633.638218 20.462672 0.014487 -0.005170
306282.549308 146.733479 243.247945 0.018344 -0.006181
332156.324914 567.676846 78.900272 -0.005923 0.001298
485168.456326 426.486473 367.519380 0.013231 -0.014938
413343.113108 24.105262 173.839410 0.017092 -0.017013
883643.182406 697.221872 587.056478 0.002075 0.002826
887249.075289 360.310211 217.614171 -0.000896 -0.007459
1467432.667253 504.502900 297.456526 -0.014414 0.003560
1682910.725327 244.864071 179.427411 0.018951 0.006313
1660796.624450 172.330341 113.752264 -0.002243 -0.017780
629926.086697 520.303050 50.848052 0.004199 0.003102
318150.466456 37.429908 269.282057 -0.014051 0.003939
40123.955365 464.683823 29.308130 -0.004714 -0.017563
724761.667999 93.798835 413.777604 0.014323 -0.009784
558074.092752 559.635651 337.169727 0.003110 0.006883
438651.350531 326.471563 533.063459 -0.003958 0.014356
1885724.248311 579.224445 301.041128 -0.018901 -0.006815
158400.153815 149.270132 226.203867 0.001131 -0.007006
1952982.963972 437.829987 543.406086 -0.018953 0.017262
1927788.328346 310.936863 28.394094 0.006184 -0.010109
607879.136041 746.758815 567.555450 0.014627 0.000451
1236504.919471 67.942218 551.395369 0.000251 -0.000249
1541570.438790 358.922582 131.514692 -0.009107 -0.000959
1098586.873663 282.047866 398.174291 0.017058 0.015188
1973812.054831 722.876230 257.088315 0.015661 0.017320
717421.361579 684.494679 190.604266 -0.003735 0.000392
1128238.588166 568.336107 265.673637 0.000399 0.003049
1906900.824936 103.005727 396.691027 0.014906 0.005388
311031.282093 514.461939 50.412172 -0.004983 0.016665
1119457.958787 738.950901 161.196985 -0.010863 0.014002
295815.608602 167.764291 451.830376 0.003013 -0.015964
1365835.790227 746.975228 574.150501 -0.019988 -0.006410
933742.419320 452.176526 30.304820 0.016401 -0.016980
1254474.420685 690.166785 122.041288 -0.008477 0.009412
1674721.783807 355.371594 227.529956 0.016825 0.012739
589441.845468 384.382602 445.686156 0.002543 0.008115
1186208.380939 568.394859 547.405155 -0.006133 -0.008545
28320.921598 24.289182 131.938145 0.018868 -0.018782
1123059.363627 350.692949 356.858909 0.004426 -0.006065
1339490.994503 192.385231 126.469353 0.014916 0.001147
1892333.765464 567.902831 583.236451 -0.007127 0.005303
1580513.963280 495.680263 66.376276 0.001266 -0.012681
1628540.167412 100.892240 535.790941 0.009077 -0.001107
358744.990248 592.807694 301.668771 -0.004022 0.008494
1065496.480589 768.899885 90.503672 -0.014914 0.002953
996930.964755 638.230057 488.797883 0.008371 0.006813
685065.261407 524.100221 228.714260 -0.007564 0.019171
22284.613001 83.314509 359.994867 -0.014911 0.005214
1564209.169505 749.446113 458.069117 0.006984 0.006547
471659.941818 683.852070 242.567612 0.009527 -0.009800
234378.384535 216.558447 129.607939 -0.009251 -0.004030
1581110.075852 613.201555 117.747761 0.004193 -0.000962
1733102.233956 757.707051 78.314811 -0.010138 -0.009509
222272.466972 206.666616 219.748420 0.008447 -0.004774
7593.072023 394.677733 189.834884 0.010705 -0.013196
1961038.188991 2.118074 13.837557 -0.004577 0.009654
554464.627316 401.919330 7.500916 -0.000263 0.010843
821613.773155 227.286529 322.405623 0.004092 0.015570
24485.756655 378.550022 502.042071 -0.014267 0.008814
196372.594776 203.412664 587.654243 -0.001420 0.018567
718005.964867 374.928271 274.662458 0.007035 -0.010259
1252709.545778 525.337193 142.445870 0.005952 -0.018321
1958473.456073 741.493900 326.381121 0.019634 -0.003219
628831.249023 322.026073 421.672749 0.014049 -0.019639
1185057.482303 690.594752 289.186251 -0.002863 -0.019724
406775.272641 421.331216 156.996400 -0.012829 0.019520
452064.211691 433.003945 275.797330 0.007357 -0.011342
1391094.198167 248.925712 524.547610 0.017272 0.018338
1830316.959801 730.340790 531.920371 -0.001630 0.016146
610994.441719 618.439637 183.928852 -0.019652 0.004987
631021.334152 481.629381 292.384073 0.011867 -0.018639
989235.750860 1.639025 334.245070 0.010242 -0.012653
1098658.789461 784.672825 435.022838 -0.019646 0.006629
1883467.686308 564.344461 585.933006 0.012722 0.005458
1871849.530317 584.612372 330.727123 0.012870 -0.012432
911993.535660 102.081466 577.604296 0.010542 -0.014576
1176139.691461 61.838170 443.213117 -0.016939 0.015030
1537174.407177 456.457830 526.558501 -0.006943 -0.006937
123261.179832 700.723031 185.016126 0.011605 0.015129
1946848.674653 582.957033 354.064818 0.017984 0.001719
457599.283409 708.822884 164.411850 0.011215 0.008296
926562.791190 189.187728 501.339596 -0.000773 0.020265
1942178.605097 11.933994 45.607593 0.008387 -0.016364
1905775.863633 382.517147 397.285180 0.013257 0.012158
1975712.466974 713.719505 407.859024 -0.008263 0.007162
1128937.655654 214.833881 243.861369 -0.013867 -0.011227
1900458.380534 306.358205 62.294054 -0.011056 -0.013432
1623668.112617 549.890537 239.834705 0.005853 -0.015462
798515.523224 494.073318 76.863234 -0.000971 -0.006936
438456.544857 343.477659 482.438041 0.015160 -0.009730
1216805.763178 694.746654 90.888369 -0.008492 -0.013408
1661706.700764 681.594724 259.446586 -0.010492 -0.019716
1303971.794110 150.663141 233.991058 0.010268 -0.003519
1107963.914568 455.041911 59.147825 0.018171 -0.011405
425643.800956 282.731177 499.767730 -0.006896 0.013519
318262.858465 448.838517 155.013997 0.018558 -0.002303
1036196.117772 457.784743 186.376280 0.006826 0.014524
948553.069005 401.224916 427.566333 0.016366 0.009442
1438074.149861 447.212716 555.874815 -0.015627 -0.007498
677338.477540 530.459870 530.593523 -0.002497 0.004696
197747.041563 520.890343 583.194714 0.017231 0.019659
1601492.672973 71.850774 330.883426 -0.017638 -0.017822
1987075.958395 461.638927 375.341460 -0.007835 -0.010071
971748.938305 621.947785 449.266660 -0.012076 0.007408
974474.447302 733.603821 146.436892 -0.003447 -0.018926
1121549.802423 602.089450 413.347703 -0.002206 -0.012391
613932.794246 434.787978 504.561823 -0.008863 -0.001007
1665525.531241 62.972286 338.866359 -0.004527 -0.014514
1238773.710671 302.567673 429.406263 -0.010182 0.007290
1925637.924078 585.226973 276.384557 0.008453 0.017193
290519.337305 158.700633 507.989115 -0.004377 0.004496
1745488.432117 760.789095 219.020213 0.002462 -0.004191
1111265.337612 695.215721 563.383216 -0.004220 -0.013959
829182.160473 183.993326 135.796377 0.019221 0.004578
728391.627189 479.068096 596.099260 -0.016858 0.013709
1349985.243450 33.529483 345.876428 -0.014544 0.010160
1010733.056353 223.973810 571.480393 -0.005919 0.006800
1129411.861826 180.095301 373.012641 0.017211 0.011482
33999.050983 388.918779 393.937709 0.019102 0.015314
1606354.705806 296.447552 66.769859 -0.018796 -0.005952
1451822.744427 315.028588 570.289975 0.008761 -0.001031
1590584.168020 314.918953 309.296610 -0.005147 0.001143
538209.161040 701.061153 485.042531 -0.011156 -0.010862
958317.440449 628.378401 272.066184 -0.015990 0.008645
479655.517489 94.290596 120.436126 0.015848 -0.017025
167238.956395 558.817412 267.288918 -0.012175 0.009130
1592486.357127 737.108472 73.179817 0.009856 0.005621
1189583.299304 433.250886 20.647702 -0.015553 0.016565
1124831.962923 303.340511 474.143036 -0.005181 0.004013
37146.621401 680.326008 232.428498 -0.001136 0.018046
205026.889315 568.977924 41.002570 -0.007874 0.004304
284161.461650 310.160965 183.759456 0.003491 0.003336
68690.410847 306.378302 301.909311 -0.013749 -0.014788
287411.349028 600.358935 403.721095 -0.012906 0.014456
1171263.018237 591.732865 143.865700 -0.004978 -0.015525
1682127.158941 315.137187 577.308047 -0.010881 0.014559
1824708.168313 264.642088 346.573486 0.019215 0.005361
369206.509725 98.061238 13.262329 -0.000371 0.008404
1208981.916871 419.655170 56.090933 -0.015657 0.007259
446720.970071 202.016043 259.131248 0.015811 -0.002831
586212.983628 385.027851 101.915711 0.001338 0.014294
560717.814863 299.423863 150.831979 -0.010341 0.004126
234257.601311 123.614488 559.106036 0.007795 -0.014619
1133248.557864 703.390708 154.285017 0.003534 -0.005189
1934248.125150 153.835973 536.749908 -0.017575 -0.007945
1152133.833222 226.421493 331.576059 -0.019686 -0.012925
1965200.129880 240.586855 396.650361 -0.013870 0.013374
1034901.121182 346.042491 125.781999 0.010825 0.006913
1623246.405098 708.882736 497.115747 0.009752 0.003209
1926329.093951 248.286068 276.072031 -0.011181 0.015961
1658576.383096 150.352791 54.907981 0.008977 -0.010072
786221.519479 240.681007 318.768910 0.017810 -0.007686
1421758.733421 742.981505 365.283851 -0.004945 -0.017122
888519.625593 711.228644 307.926941 0.006000 0.006215
374128.679919 371.680097 325.676882 -0.019383 -0.011607
247207.860577 782.979161 311.709607 0.003298 -0.012044
838233.393076 329.877041 231.707781 0.000638 -0.014407
1269501.125100 722.986956 262.463437 -0.014164 0.015348
1490342.234955 701.642553 467.351655 -0.005829 -0.010057
1720173.599068 639.039284 82.434372 -0.005117 -0.001873
1589947.016719 447.909448 550.749080 -0.006481 0.003070
254199.274003 369.647135 332.031555 0.005901 -0.018211
1506623.924480 52.628341 274.422738 -0.014402 0.003089
1187558.641279 619.406959 289.342298 -0.018786 0.017647
663885.182079 620.216172 490.697854 -0.015549 -0.014782
134186.233456 776.799534 557.501330 -0.011847 -0.006224
763995.101100 799.424306 542.535897 -0.008034 -0.006498
960104.740672 341.027256 479.366844 -0.018604 -0.016999
1689167.128731 629.820562 84.596158 -0.007901 0.017119
1435140.350571 716.172182 421.939705 -0.012036 0.017047
1287450.956780 425.181386 421.413517 0.026629 -0.012783
1664884.491668 423.695470 368.439873 0.010577 0.009336
1916152.068375 115.471605 439.972080 0.014417 -0.002274
142374.806172 274.487411 522.197013 0.014832 -0.004932
1889104.925044 571.928270 98.132502 -0.016655 -0.019296
184043.514628 642.209496 547.209016 0.011782 -0.019927
1678137.485719 350.642011 319.869620 0.001618 0.016051
349432.717240 299.080666 257.456734 0.011517 -0.014608
327130.583267 597.574740 167.652128 0.015871 0.004361
1445781.852792 774.604946 571.351429 0.003724 0.013544
657045.848974 430.378906 332.791188 -0.000286 0.004918
1143416.638087 467.924387 254.983981 -0.000620 -0.004817
853229.746620 259.388221 490.994551 0.018361 0.014564
1436276.935710 106.647152 143.333370 -0.014050 0.016942
747046.145027 249.295577 400.860060 0.006107 -0.011779
555282.349025 300.239857 106.387299 -0.010823 0.018767
31011.744417 446.340921 303.774602 0.002803 -0.017976
259713.421697 113.381209 381.528921 0.002208 0.005059
30230.289339 785.662769 570.380320 0.013296 0.017670
1629124.594680 440.303331 44.878100 -0.017896 0.007952
1993199.337271 341.169825 5.708852 0.006604 -0.016809
437214.899080 754.166115 272.455530 -0.004224 -0.013118
847463.854052 328.940195 438.489249 0.017223 0.019223
1561464.248021 48.433620 73.453732 -0.003331 0.004610
1496915.452879 345.414458 358.159873 0.007990 -0.009430
1076064.875850 410.434230 489.236092 0.004502 0.002606
1028186.607653 487.295381 594.892869 0.000945 -0.009064
141764.248787 594.374736 129.907967 0.001004 -0.014465
778578.041484 759.022923 329.594917 -0.015259 0.015196
1058486.954802 720.164621 564.239498 0.005920 -0.007186
1112790.978101 319.585184 448.340984 -0.013854 -0.016074
24501.685065 553.748271 366.495071 0.013092 -0.007837
353571.678676 272.959906 548.380994 -0.013262 0.014619
375264.103699 191.536892 365.606479 -0.003807 0.010611
1493884.026769 635.032886 429.033386 -0.008196 0.016526
1188817.119779 659.923715 487.985250 0.001403 -0.000924
259519.063057 73.599602 525.491096 0.015132 -0.010175
1949033.547169 712.035216 562.430179 0.003456 0.008706
482529.103981 609.615502 35.898085 -0.013822 0.017258
1850091.109914 273.826073 102.654408 0.001384 0.009870
1871495.037280 224.857800 324.711621 0.006125 0.002944
908785.677938 195.364617 241.099546 -0.009280 0.011208
1755362.652128 318.261889 522.450743 0.010157 -0.008997
232765.271437 582.300934 98.880917 -0.018031 -0.007311
1765166.354256 236.180517 45.903955 0.017672 -0.002008
15434.920795 693.045524 474.799631 -0.012876 -0.003994
1077013.659792 90.874241 409.191803 -0.016812 0.010593
516053.778360 427.329636 5.549780 0.006384 0.012103
1576709.125925 429.813383 119.305365 0.006410 -0.008349
948767.654108 620.842337 12.008532 0.005590 0.013194
667159.362075 417.575196 74.318129 -0.003591 -0.001441
1146380.339352 334.173644 198.386544 -0.005371 0.003858
1462269.868451 722.469718 426.740564 -0.003554 0.019271
949273.004639 536.539060 309.858137 -0.000660 -0.006823
636841.273232 217.396570 520.724979 0.000696 0.017243
316267.470045 793.271891 424.388114 -0.012923 0.005289
1072709.865436 409.095304 92.587170 0.006414 0.016870
1234697.917120 187.236755 203.636670 0.017923 0.003937
1871003.135047 543.320454 300.398877 0.005840 -0.016340
968257.898916 95.925633 457.503379 -0.019855 0.004215
184803.100389 255.888633 525.729077 0.018325 0.013471
1613704.762242 94.151814 497.127618 0.000560 -0.008180
920804.219749 40.355899 484.066763 0.004763 0.008356
1455508.939668 184.627929 566.097864 -0.017314 -0.012833
1084419.887087 1.516974 515.031831 -0.018233 0.005933
1899527.167855 422.380256 461.392134 0.008464 0.001125
745706.753221 643.334170 508.966410 -0.010107 0.010550
1369434.811813 44.289430 529.092217 0.000564 0.002784
353913.564400 779.709089 371.838070 0.019300 0.003533
660308.989072 568.671628 491.895204 -0.009046 0.011120
1997036.600484 653.494793 468.725496 0.014266 0.014405
857968.969670 644.820828 232.631737 -0.012090 0.000742
1832483.595159 456.900441 194.119869 0.011225 0.012260
174050.590104 359.509487 525.242131 0.018761 0.018485
887791.815627 116.098469 561.467324 -0.017442 -0.014851
1048845.100705 314.743040 504.285445 -0.006251 0.006697
1236598.032171 273.728197 290.234416 -0.004034 -0.012073
688449.854352 662.538904 2.725762 0.009260 -0.018949
1047717.716101 518.880412 357.855067 0.013900 -0.003493
831685.772553 746.887934 517.017674 -0.008428 0.016117
1646809.537731 587.747433 29.280326 0.010388 0.011931
354697.854423 226.897814 115.004869 -0.019285 0.005139
1718570.137265 508.508263 581.703638 -0.006276 -0.018633
338487.908402 549.866003 517.479613 -0.013004 -0.003236
1776805.868268 558.750438 40.737405 -0.000612 0.001834
960078.654327 720.489890 287.196308 -0.006631 -0.012470
763596.911339 131.488836 555.812089 -0.002768 0.017000
1446903.674606 486.380255 125.237842 0.016960 0.005215
1673049.761761 619.668465 156.094245 0.012237 -0.015283
591079.477496 780.506226 482.921551 -0.013695 -0.013981
450261.526019 37.024947 509.509410 -0.008258 0.001257
788880.985598 618.774033 259.010871 0.014939 -0.015429
1247242.441982 204.395676 167.280918 0.002001 0.007424
405506.701397 218.068391 175.454133 -0.003537 -0.012414
1835863.754077 197.901549 576.621024 -0.012854 -0.017835
159031.381905 379.822258 18.550422 0.015402 0.005314
362722.217274 87.610910 407.285761 -0.018623 -0.003795
420997.232395 340.092105 105.425477 0.005811 -0.007869
580167.091722 213.243353 332.720102 0.002783 0.012606
479025.265425 617.089765 52.721292 0.001292 -0.012683
552036.800679 360.051820 258.356929 -0.010475 0.005103
969986.005207 253.883498 61.750569 0.000743 -0.011936
1471710.388303 557.548025 187.692705 -0.003399 0.009174
1430984.936390 500.664359 91.240205 0.015651 -0.009265
902052.609670 144.792494 321.039488 -0.019787 0.010004
700700.571156 195.562815 313.192962 -0.002450 0.011068
1408199.004553 571.449156 136.906997 -0.014613 0.018111
1713095.736556 496.046891 161.582867 0.018412 -0.014605
944491.339356 556.957352 498.917007 0.011378 -0.015569
1119457.834922 400.352478 441.481136 0.008485 -0.004356
8319.607940 130.615248 343.661260 0.001559 -0.013272
647061.014849 711.672648 247.486178 0.013809 -0.006845
379545.065751 439.229959 25.802917 -0.003331 0.007326
1990576.603445 218.737523 181.577858 -0.009386 -0.010669
876473.971119 589.735127 557.741112 -0.009187 0.000887
80381.552726 664.412373 13.428092 0.011031 0.001697
828036.629980 624.771846 423.158295 0.019513 -0.007201
1747623.103553 248.489377 124.616480 -0.008535 -0.013749
1072386.123739 381.165591 423.449099 0.003200 0.015737
777386.485961 459.534453 100.701274 0.007646 0.013588
801906.589792 103.838712 346.010537 -0.006800 -0.003957
197987.358178 296.150451 138.002684 -0.015155 -0.014134
1545926.498969 428.237200 556.341558 -0.000591 0.001145
492654.834172 281.837232 500.275310 -0.001334 0.005243
1978982.283724 792.842560 69.242954 0.007761 0.002812
17631.095842 66.274305 86.598336 -0.012955 0.010997
1966499.848276 461.691268 543.439306 0.003235 0.015381
611006.784537 527.315479 167.196795 0.001454 0.011209
850069.038966 247.108947 189.726640 -0.005918 0.011500
1676786.882652 479.019781 83.516892 0.006888 -0.017865
1557780.060711 529.561250 26.233066 0.015764 -0.005735
1227310.625476 722.664574 263.116561 0.011087 -0.018263
428616.731627 592.220690 393.445075 -0.015227 -0.007965
1127178.874392 340.244410 576.453522 0.013662 0.018420
1480731.590409 212.987949 162.156013 -0.017758 0.004786
115335.758829 715.271490 130.619386 -0.012098 0.002659
541498.807511 781.023600 137.107320 -0.007432 0.014832
1167776.423119 742.208187 464.400769 -0.019063 0.007406
1705487.274428 189.981963 255.844377 0.000328 -0.005717
1455042.508177 58.125624 469.443490 0.007517 0.016569
1485351.840726 341.781818 108.578451 -0.019529 -0.000652
1600046.444498 55.824006 226.811306 -0.019282 -0.009272
1889695.885540 230.349986 146.833164 -0.013085 0.004138
230475.999522 605.689877 319.155941 0.015519 0.011180
434670.210087 593.480079 10.086752 0.005757 -0.009955
748135.628527 296.854312 193.291080 -0.013684 -0.017659
474188.291689 718.667606 292.530774 -0.003304 0.016291
1941577.332067 174.332510 588.670138 -0.006018 -0.010645
499196.726130 235.235847 314.411309 -0.000251 -0.001308
254300.674542 487.668330 134.032597 0.006359 -0.000095
6325.354803 700.253617 144.001673 -0.019183 0.000820
980919.682878 315.897019 534.908672 0.012547 0.001976
1900851.625903 40.303985 269.171280 -0.002569 -0.001268
719689.197242 326.289047 412.258365 -0.006340 0.010294
1844748.197982 472.755903 30.367323 -0.002168 -0.016571
1036199.990211 459.127756 416.447757 0.009645 -0.010745
385683.919483 595.653918 65.151050 -0.002695 0.010619
1256102.471266 738.634484 95.962314 0.000646 0.009912
1419511.694191 375.574311 472.677425 -0.013635 0.016258
511292.832210 415.073162 189.518253 0.017689 0.014400
145034.134456 691.355112 270.227816 -0.015048 -0.007554
1071721.370831 513.274168 530.715830 -0.010801 -0.004671
233847.819378 338.310405 77.216033 -0.011024 0.014211
1786277.592083 682.024906 467.462202 -0.017903 -0.005089
1031918.257955 609.731812 505.927836 -0.007877 0.016825
1499349.890975 446.517184 263.473275 -0.017350 0.000066
597617.807145 110.208268 219.165586 0.010004 -0.009539
1353622.215499 228.361494 541.947013 0.002466 0.000630
573296.933702 542.681471 563.823023 -0.003403 0.016137
1590131.532210 246.373971 453.830034 0.003000 -0.005558
258416.177825 72.762025 73.661050 0.018867 -0.004270
87595.200207 577.082810 571.559721 -0.000686 0.011451
906233.425674 625.708622 554.274431 0.012748 0.001244
370032.188655 396.066941 489.511348 -0.016460 -0.017734
664767.085884 299.671269 441.664112 -0.009136 0.011577
1278253.811075 53.063977 58.636738 -0.004136 0.005626
916040.443311 420.048477 438.714768 0.003225 -0.000155
249204.321880 499.380051 130.416380 -0.016941 -0.015707
8661.484350 424.302643 533.492090 0.017145 -0.006053
841302.204338 90.197670 506.237850 -0.010485 -0.011972
1802783.200425 455.857386 346.071025 0.005478 0.013643
731632.451868 220.866438 544.680369 -0.001426 0.006855
1096714.972098 736.832165 118.101731 -0.008809 -0.000035
1386984.768969 323.748673 76.218705 0.016468 -0.000747
469499.863903 732.298815 6.771836 -0.015015 0.013793
718651.906922 435.546427 574.494319 -0.011853 0.011244
316653.122342 84.214360 211.276640 0.009843 0.009261
385530.231700 79.864201 10.920547 -0.015988 0.002565
1379939.433830 519.300367 291.422494 0.015431 0.017162
1974529.288697 463.840604 199.395729 -0.015488 -0.000378
1626419.535664 279.595583 244.579583 0.012973 -0.001065
503204.831157 146.286758 10.716600 -0.011627 -0.004511
1600260.999799 293.191953 294.646064 -0.013931 -0.015946
467442.890847 275.438989 121.028436 -0.009918 -0.002202
1530910.291491 753.169439 56.449035 -0.010000 0.013168
43405.273949 190.002264 245.178938 -0.005806 -0.005897
1801413.789299 133.605811 421.162674 -0.007685 0.019667
348673.859774 447.674234 104.911481 -0.012288 0.010751
1122384.702378 793.557804 80.955686 -0.017909 -0.014240
474000.488629 229.275859 293.434696 -0.002437 0.001554
1867761.544822 162.925773 288.114472 -0.018872 -0.001834
617712.498930 39.505642 415.328028 0.008742 -0.003851
88793.583256 495.011157 342.677030 0.009874 0.016973
1123119.018564 736.105762 291.693854 0.009391 -0.015511
510837.786138 237.603538 62.692022 -0.004340 -0.005988
498234.962345 502.608501 381.616268 0.009530 -0.017333
350510.791107 537.751983 162.820966 0.006243 0.007960
1451432.125387 771.419227 449.282295 -0.003354 0.007332
303273.376219 370.221480 180.041407 0.008882 -0.011671
454803.713809 227.096979 76.195103 0.008592 -0.019206
480071.545802 775.553172 189.871890 -0.006238 -0.005563
1333575.176696 474.916045 592.957602 -0.007804 -0.006722
110627.538576 382.870812 2.022445 -0.006984 -0.014553
1406769.050940 41.596563 59.199596 -0.001889 -0.001185
1561676.394922 482.379368 559.406591 -0.016757 -0.006992
281255.947557 246.809374 364.996322 -0.009252 -0.019073
1257382.930842 407.239948 595.966597 0.017793 0.014124
706537.016996 489.573875 268.719666 -0.006337 0.016645
1558318.719993 317.997337 236.953432 0.011340 0.008938
1057752.200895 389.362667 465.768497 0.005109 0.017509
491364.625511 326.414471 325.145647 -0.012863 -0.000410
1734950.389590 255.139029 479.278201 -0.000927 0.003494
1643357.573842 84.571491 57.062947 0.012570 -0.017966
1898263.090243 133.989428 397.728602 -0.004151 0.000397
1157183.811607 140.842081 544.414206 0.018937 0.018336
1260090.642264 401.509053 266.702562 -0.003781 -0.014824
767107.214205 521.443407 323.157776 0.016991 0.013178
55740.578126 634.699733 88.884900 0.013031 -0.009283
1471867.368311 518.894528 224.890545 0.012987 -0.001657
851158.514084 624.328760 377.769006 -0.016458 -0.012919
279214.015361 533.161745 211.745962 -0.018182 0.005624
622537.959657 541.242815 84.875306 0.010263 -0.016716
543551.074594 112.291738 439.388593 0.012718 -0.017352
1125283.938425 670.358957 515.206887 0.008427 0.006535
255944.995329 357.693497 187.208048 0.000113 -0.008833
1549879.616848 742.652198 35.420267 -0.003804 -0.019303
474171.187949 435.863855 410.443507 0.003571 0.003649
648167.413030 720.784529 160.432465 -0.001354 0.006307
697835.028496 589.997624 478.485127 -0.016726 0.001913
1725670.433475 515.918930 231.168140 0.008673 -0.005421
99429.388577 679.222490 481.593865 -0.005522 -0.005942
163663.104253 109.369877 168.315382 -0.008033 0.000287
594763.153510 303.517149 52.603432 0.019270 0.018786
1355525.087265 244.763808 522.014065 0.017886 0.010919
1053977.892294 234.857758 305.677366 -0.007017 -0.004942
115031.983757 149.714915 12.653962 -0.002316 0.016317
752375.869431 393.870873 454.958021 -0.012785 0.014192
219437.964363 208.631049 595.041193 -0.004391 -0.003930
1068114.026016 550.205167 469.014897 0.004832 0.006857
1499866.051366 239.073135 584.304866 0.004742 -0.010280
1491842.997955 116.932678 322.390259 -0.009730 -0.001135
1826279.228472 250.934656 395.110489 0.017310 0.010249
1133058.067007 247.593929 149.326938 -0.007040 -0.000439
207507.431604 346.707397 450.180874 -0.016174 0.012959
304737.184339 504.216653 306.778038 0.017353 -0.010004
361247.467977 546.606628 329.394486 -0.013809 -0.007884
1585793.637478 720.486926 269.448531 -0.006768 -0.013811
1841064.114050 194.803458 281.389296 0.003178 -0.012864
451362.950938 116.085921 291.959427 -0.001003 -0.001228
1950936.490647 462.885500 542.127890 0.008136 0.007864
1454702.783122 701.798292 182.541826 -0.010453 0.012482
1108684.254395 335.352332 297.108801 -0.015856 0.002984
1596490.624173 716.969793 284.979605 -0.011995 -0.010576
1263706.185512 134.349054 282.393686 -0.015932 0.009881
1294332.516982 261.278564 535.629041 -0.014662 0.012050
723046.520130 87.187308 228.331462 -0.009397 0.013363
107937.715067 793.535511 426.973466 -0.005730 -0.010815
1046872.077066 729.115002 390.028113 -0.019340 -0.019464
450965.188654 653.594170 546.903012 0.008019 -0.017424
278162.196408 266.325511 139.791903 0.004373 -0.002628
1960316.196066 205.566965 456.620768 0.014895 -0.004394
1125740.257616 187.559263 299.749076 0.017720 -0.000065
668170.334151 796.988398 294.290875 -0.018180 -0.005835
1443825.863043 455.553500 159.993099 -0.005091 0.003545
564375.188464 478.304959 242.691588 -0.012222 -0.008030
938961.728913 267.023522 379.626982 0.008080 0.017697
132214.712972 546.529123 119.645218 0.013267 0.002218
1179224.623916 311.737441 473.213697 -0.016471 -0.006663
575213.267736 338.910183 197.890283 0.011035 -0.001201
1368718.602401 400.666434 23.817471 0.018035 0.014942
1254302.726711 185.960344 282.716679 -0.018665 -0.002902
1541011.519516 401.069246 456.300767 -0.003916 -0.011863
1407684.757098 375.267886 531.858231 0.016147 -0.008177
883750.411162 393.940046 411.742537 -0.010637 0.003297
38293.802197 414.610442 2.939920 -0.006036 -0.008098
949396.727117 26.714832 478.729293 0.000591 0.019418
1340193.529306 112.356919 130.037525 -0.014306 -0.013065
1289556.392138 729.439637 404.418829 -0.003808 -0.007432
1756783.113702 87.975136 469.265474 0.010536 -0.019657
157687.638028 165.910240 303.268753 0.010628 -0.002493
175039.783202 626.851769 573.435653 -0.016269 -0.014665
506304.289450 453.510653 99.457169 -0.017957 -0.016724
301433.914481 576.104067 133.648329 -0.005344 0.014526
790027.673724 9.785159 464.098787 -0.017199 -0.003253
176035.711624 758.584726 317.139098 0.014810 0.008522
1081972.172988 759.380012 552.205741 -0.018223 0.008660
715741.816310 107.057699 299.021436 -0.007412 -0.010926
1263880.632475 454.208445 476.696628 0.011932 0.004699
1751026.801649 758.894575 202.541401 -0.016147 -0.007303
399196.095951 394.610670 198.018352 0.019039 0.002401
1496994.359185 48.773425 306.307174 -0.008909 0.017282
445396.929255 653.779626 529.590317 -0.014299 0.014550
1193553.106484 400.019356 599.293757 -0.016135 0.012553
450224.472419 581.548946 229.313928 -0.019240 0.001037
1999453.321099 715.789446 285.570792 -0.004849 0.019493
1584501.028799 429.377091 291.137956 -0.015109 0.000406
94458.571679 696.597474 342.654752 0.002270 -0.014108
1007827.074736 623.642472 579.466637 -0.004562 0.016865
1658558.308919 786.510207 253.315120 0.013090 -0.016895
475365.567242 42.259209 483.092223 0.004442 -0.017001
663714.367274 495.958803 580.668747 0.012237 0.018204
1919117.403179 479.316712 296.849178 -0.002178 0.008829
9624.167350 393.678858 354.776587 0.003061 -0.018038
1478876.057770 64.543146 497.185563 0.007892 -0.001375
1502145.321808 426.682870 269.304863 -0.013027 -0.005539
1054818.871922 329.164751 247.925778 -0.006669 -0.018737
972186.690649 532.072473 390.603158 -0.001891 -0.001123
1216433.286302 329.713605 43.167335 -0.015875 0.014306
1585452.240699 85.800640 209.840718 -0.004615 0.007181
796849.675848 99.102408 458.933292 -0.011055 0.013093
461377.134761 782.743092 217.140254 0.007157 -0.013906
1447663.852688 165.369378 338.355027 -0.014476 0.001611
1190708.408687 498.889056 122.937408 -0.010150 -0.017003
1355477.244293 683.955517 294.279279 0.009988 0.018267
694211.989964 433.640716 39.204466 0.007893 0.017092
1497031.391364 75.976625 30.310316 0.000515 -0.007103
1759090.904966 594.559849 180.088239 -0.010326 -0.003076
904928.793621 772.201432 377.877935 -0.019364 -0.015856
341892.055395 489.212594 436.960971 -0.004949 0.014346
1609370.418642 43.234244 427.935275 -0.008190 0.012132
1339833.364515 513.420679 206.939919 0.009414 -0.006425
543533.833951 386.251177 260.283711 -0.007100 0.019796
1510075.678821 161.250261 443.592221 -0.017784 -0.002231
325429.097901 406.525818 246.054106 0.011717 0.000970
1027532.088117 771.042567 81.301974 -0.010380 -0.006348
1987715.010526 37.097118 236.842282 0.008281 -0.006369
396776.620483 301.228960 588.768603 0.001750 -0.015589
639902.701899 652.525283 356.056710 0.010139 -0.014497
1179865.857204 406.181820 204.097423 -0.006854 0.002537
1568458.621189 393.336602 42.405966 -0.012226 -0.008580
1190290.628555 566.672571 150.095447 0.009234 0.017978
1180185.991889 580.321082 597.271198 0.019391 -0.002787
672088.553511 146.605025 484.926393 -0.007362 0.009071
1837656.663655 510.368035 325.320105 0.000515 -0.004372
1360614.323691 81.754515 539.209628 -0.019203 -0.002743
924125.776125 643.706169 555.045493 0.001313 0.019936
418950.309241 102.558165 424.515575 -0.001756 0.014283
1312754.557148 39.321912 349.891766 0.006063 -0.018674
30587.249450 790.725318 130.331878 0.012899 -0.007753
1889215.610870 593.541556 566.104373 -0.000538 -0.009828
669560.509114 133.568038 214.257151 -0.010653 -0.012488
1579576.984783 556.734346 595.072820 0.008583 -0.010898
1982244.182370 738.991900 214.080355 0.007923 -0.004709
432350.935616 283.837702 258.276876 0.011983 -0.019765
930735.730068 652.524538 596.753129 0.007308 0.005522
600671.720971 501.759868 227.891996 -0.010184 -0.015428
1270601.892504 463.741424 169.416343 0.019706 0.012517
938976.299455 626.136139 304.956201 -0.001543 -0.000144
1474031.937064 361.873758 251.770628 -0.016250 -0.013950
1605130.416157 247.881183 302.785963 -0.010661 -0.015579
1023340.410098 559.398615 555.323717 0.000249 -0.004728
1128556.229700 645.542730 5.351207 0.017750 -0.017951
248420.950141 463.947986 377.871049 -0.003985 0.002692
884577.235619 700.881593 213.257823 0.018006 -0.006584
1704879.713107 549.823044 474.366013 -0.009091 0.011198
1882055.445519 60.120778 54.873659 -0.002175 -0.007610
404206.608610 766.024179 4.963217 -0.014897 -0.001424
780987.060993 553.595236 162.373918 -0.004044 0.005505
642018.800900 419.976671 130.606881 0.018034 0.017212
1579863.075903 314.005824 483.409208 -0.014213 -0.006290
286431.929230 798.910454 18.418147 0.017334 -0.009131
1625355.291937 699.913949 207.390467 0.016181 -0.007129
1310099.705732 85.419168 166.959198 0.006575 -0.010592
1485499.756171 42.601341 555.871753 -0.019452 -0.001832
1126826.147142 267.605957 586.848445 0.011210 -0.008635
1817754.082297 456.449284 406.893024 0.008593 0.008650
42605.713030 685.978415 428.703051 -0.017637 0.011538
1969490.396776 691.881587 399.734026 -0.006758 0.010785
1972945.507603 788.360030 525.808920 -0.009413 0.005963
221002.463354 5.878282 421.314997 -0.018495 -0.019155
314139.836614 479.982122 213.013952 -0.014576 -0.004774
1280098.799281 35.330621 570.917248 -0.007259 0.010332
1334025.561499 271.187237 370.249660 -0.004779 -0.004324
817314.073824 292.176284 154.160843 -0.016997 0.007870
52254.755074 49.126722 409.154028 0.016106 -0.006933
662711.798522 9.698859 199.952998 -0.018609 -0.017999
710212.109941 153.366294 389.942151 0.008413 -0.006921
61999.699130 280.802053 222.985764 0.019304 0.006754
261157.692532 519.533198 3.930194 0.009910 -0.018769
797766.605764 125.363175 237.255088 0.006228 -0.010773
184709.901076 545.569238 175.174204 0.010992 0.003315
1235796.007903 85.210004 357.560442 0.018103 -0.014397
1292608.929469 245.414907 198.546052 -0.008135 -0.019322
1317389.029692 261.520636 220.452407 -0.018785 -0.007605
71927.786838 128.032856 575.632015 -0.018265 0.016303
1977614.946653 353.642380 38.574312 -0.004651 -0.016059
591803.305127 381.729192 467.319777 0.003522 -0.009937
726241.200569 164.963621 214.181675 0.018396 -0.013694
995710.504705 485.118590 279.154324 0.013153 0.016103
963862.695249 390.988865 138.009152 0.013993 0.000725
1079147.418532 708.512524 407.819338 -0.000001 0.017200
1174876.041326 389.811909 223.079137 0.006100 0.014866
937689.950195 758.395790 209.323236 -0.010091 0.001394
1200871.358253 489.476288 445.061776 0.018305 0.002827
1798372.363578 364.537327 105.921907 -0.005460 -0.008564
158766.744732 676.353036 464.436796 -0.007571 0.007852
584123.108808 679.636676 348.446047 0.018821 -0.006108
1019930.488905 447.161875 500.265903 0.015240 -0.011568
1412068.961846 279.520103 95.620215 -0.017820 0.003960
1390465.348675 524.160272 125.736369 -0.002531 0.004553
1560588.704217 269.323643 41.677652 0.018292 0.008020
709118.110458 28.883300 327.144459 -0.014847 -0.006253
481739.437432 336.607409 116.822425 0.012831 -0.004334
1084185.081108 265.344876 569.605376 -0.004950 -0.011497
321427.933090 65.731179 337.392239 -0.007421 -0.014399
322096.383349 11.983141 475.466271 -0.005152 -0.001928
811598.476400 120.541282 472.452873 -0.000995 -0.015689
975828.599639 663.103112 87.163396 -0.018663 0.018328
980873.326296 219.622973 226.450973 0.007422 -0.016145
1538962.265262 182.161185 256.909990 0.008818 0.004166
1281944.833362 703.719974 411.400328 -0.011782 -0.012048
1646853.441208 292.087177 129.293845 0.004643 0.009424
1334224.681991 17.355964 531.646280 -0.001767 -0.000140
1987979.200663 754.124367 196.180066 -0.014455 0.019114
567825.405192 503.298935 150.308266 0.006565 -0.007389
693992.653253 345.486579 324.636607 0.011091 -0.014000
290886.182473 333.119983 18.632502 0.013265 0.004821
461579.700216 523.985782 590.671695 -0.002175 -0.009191
1440439.939238 90.500387 175.724121 0.004272 0.002722
1578856.275221 479.839008 307.033165 -0.015375 0.009511
975708.803616 319.837566 220.160259 0.009549 -0.017517
1363849.989774 68.261430 296.180545 -0.011053 0.014433
1287670.666020 295.401834 165.686731 0.006991 -0.011979
1793086.186886 724.770696 513.270270 0.015254 -0.005942
253419.465503 481.205922 278.303151 -0.003096 -0.011659
65064.939701 167.160858 484.742166 0.001754 -0.007021
1093948.624606 25.787080 434.655440 0.016617 0.010812
1570950.974510 477.038648 513.970299 -0.008909 0.012848
1433502.711092 738.368232 113.618053 0.019690 0.003930
779698.448619 711.699548 301.769848 -0.010211 0.010888
1707668.152502 297.624068 224.069737 -0.007290 0.011696
1161722.038482 280.450327 0.780892 -0.004408 0.015804
650195.260835 748.368816 556.111536 -0.017994 0.014026
1393276.303724 667.682880 267.971413 0.002113 -0.015477
534900.189626 215.521537 20.969520 -0.001727 -0.009463
1264731.390059 676.821137 91.271775 -0.014608 -0.016303
1848317.172308 790.738448 278.389551 -0.008141 -0.007736
512088.236637 702.124916 394.297916 -0.009747 -0.009285
1104225.446984 465.391460 121.978817 -0.000859 0.005243
107543.810321 140.002923 279.452283 0.000010 0.009138
1156781.673039 614.919743 598.017072 0.004538 -0.011023
520065.349769 196.799772 42.865128 -0.003470 -0.004751
327390.441823 269.738641 221.925226 0.005097 0.005373
1353004.063178 707.072973 306.882123 -0.006552 -0.014397
1558240.596931 709.436541 433.353974 0.019291 -0.005451
706633.334377 29.100650 323.765616 0.012776 0.001586
534505.464385 317.414237 182.811577 -0.009439 -0.019547
1061346.780072 419.667394 154.606849 0.004151 0.017557
1275778.349152 612.305150 164.477895 -0.019706 -0.004261
1816858.008419 547.147715 166.350200 -0.003176 -0.019286
837596.447597 159.339216 542.238256 -0.014387 -0.012777
537634.699856 396.000146 130.485598 0.012326 -0.007451
1509630.032587 59.988944 426.019159 -0.022094 -0.009531
1442342.147903 473.301096 518.375203 0.019156 -0.012317
1603574.954720 492.355009 575.734019 -0.016940 0.004954
706735.606634 787.757335 184.438185 0.005228 -0.003787
651319.147391 39.916242 362.489964 -0.010785 -0.012366
1573016.600485 398.492470 411.482367 -0.019893 -0.007687
1998835.487291 607.510429 229.965156 0.008382 0.012770
1445522.677826 344.844373 246.187797 0.003482 -0.003642
1207599.107738 311.291951 14.982960 0.002532 -0.001351
1297106.122271 733.677578 269.845977 0.018176 0.001910
1709409.523620 225.375948 358.930597 -0.001618 0.000458
1579454.636005 196.688798 6.020347 -0.000959 -0.009974
635151.660366 380.428955 5.265177 0.008021 -0.012581
1657542.871152 338.184613 369.093488 -0.010414 -0.019598
50074.195513 673.969584 239.511037 -0.017992 -0.003740
1728956.987955 558.705198 193.776079 -0.007453 0.006127
1741304.677791 135.043517 562.034202 -0.001258 0.005085
896425.988943 206.819662 524.712702 -0.001642 0.009357
248631.410417 620.623392 125.806223 -0.014676 -0.000941
789536.960791 769.418143 539.465303 -0.019592 -0.011932
1819863.026878 28.444358 26.383574 -0.007621 -0.016552
901731.744829 139.285553 470.680700 0.010947 -0.000473
878442.611954 515.243971 393.646120 -0.004974 -0.015492
569936.175165 658.800961 222.762078 -0.013647 -0.008689
212161.644461 226.533875 35.233625 -0.007364 -0.003274
1070836.321949 568.386284 227.888664 -0.002615 0.008851
1162154.364009 276.104904 454.436503 0.005038 0.006165
1685995.778854 61.434359 497.161242 0.005379 0.014020
631794.399876 53.851882 296.582052 0.018919 -0.002286
