120102.793966 630.612210 121.802109 -0.006065 -0.005537
269277.329682 300.646400 155.699583 -0.018236 0.015176
1260731.205931 301.808036 191.816145 0.013105 -0.002988
973263.179405 632.616055 573.120572 0.008541 -0.005921
1683880.506867 289.785717 229.720872 -0.016854 -0.013038
1760997.696668 175.011828 581.099498 0.011709 -0.019852
354965.669268 682.131786 475.009126 -0.004780 -0.011964
306862.422408 412.127347 346.359403 -0.003488 0.002376
913598.742761 34.572500 562.094825 0.011076 0.014840
723511.401901 210.476254 397.136801 -0.007317 0.019074
27418.055584 127.143946 203.504046 -0.004130 -0.010494
1026719.971107 221.777835 273.547884 -0.000716 -0.017204
919235.655535 527.589675 553.425145 -0.009943 -0.018398
247720.705461 323.953172 333.278386 0.008047 0.012700
229642.751734 126.192057 516.567216 -0.017945 0.017343
1463437.116455 330.552554 118.615701 -0.004262 0.009204
349002.480669 325.683417 533.617119 0.000647 0.012049
253345.397419 21.749243 48.636989 0.003309 0.000369
301882.374241 33.804238 101.236128 -0.017055 -0.008247
417897.793659 157.987887 419.341224 0.010570 0.015940
1032678.423930 703.233943 33.953656 -0.004918 0.017227
1981626.739717 86.952383 206.272498 -0.012482 0.000149
148080.320166 290.449873 545.679165 0.018531 0.015063
1426235.401736 72.029121 542.361332 0.011772 0.006908
826207.458426 756.115965 428.939975 0.003272 -0.019253
17939.873048 632.759124 129.639518 0.008301 0.002211
229060.592236 179.127379 260.563793 -0.013136 0.004018
729567.630556 129.443831 425.901470 0.008355 -0.006006
424191.899795 625.981729 427.886794 -0.015144 0.009820
1179453.697605 667.600238 501.518282 -0.000270 0.005145
1017047.714916 725.270597 344.273105 -0.011056 -0.000457
1184883.571782 186.181894 167.816758 0.012334 0.017623
1669257.284919 738.344704 98.483193 -0.009261 -0.016314
1530870.404807 506.903646 153.352693 -0.001000 -0.006321
1211583.405366 549.898833 74.977737 -0.007248 0.012359
1741377.547263 726.896574 385.967374 0.008264 -0.003897
544004.606336 172.110114 185.271789 0.013837 -0.002453
1594854.852927 350.471513 402.699514 -0.016923 -0.010134
1223177.906695 729.313038 101.749170 0.011023 -0.012832
527324.168257 433.088074 488.286567 0.000772 -0.019335
312490.830343 100.030440 422.463068 -0.008899 -0.002299
1025907.483430 121.305448 211.591683 -0.013746 0.014333
1509229.653286 342.501775 43.893002 -0.017514 -0.009085
1023852.793045 688.596844 427.511833 -0.012672 0.017509
1918069.081343 635.735579 509.610409 -0.014844 0.002824
59433.087734 314.039301 67.358374 0.013743 0.016469
257531.464220 800.092818 22.059186 0.013309 -0.008763
961609.428265 276.774560 259.689797 0.013338 0.000081
582120.371322 470.285583 558.288643 -0.005428 0.006044
408974.288222 701.115243 307.191288 0.016693 -0.017629
899929.745542 700.612809 512.415786 -0.008029 -0.019820
849952.291162 263.209637 238.126884 0.001486 -0.013090
617567.269419 532.607118 103.650827 -0.006174 -0.000046
907629.657959 661.273558 506.781822 0.015470 0.006379
693382.430213 142.089694 148.602154 -0.008914 0.001680
1797970.130014 385.245979 250.926978 -0.003548 -0.004068
955435.349120 688.866163 164.440867 -0.006719 -0.013581
557659.864685 605.611037 293.596044 0.007031 -0.008242
1324351.926951 787.809968 575.839822 0.013389 -0.006794
917046.023028 230.938889 93.960396 -0.007875 -0.012972
1632997.046985 519.698245 211.957909 -0.017444 0.017084
1790149.784549 770.454954 245.044343 -0.007455 -0.005016
1613713.184192 632.723739 141.165737 -0.016763 -0.015076
791753.703166 288.039094 527.857459 0.015412 -0.018573
347958.385175 437.877935 12.218877 -0.014650 -0.004689
701432.257286 473.853884 402.799062 0.000302 0.015818
1693039.169392 259.089372 327.073725 -0.012019 -0.004476
944105.254926 75.833167 210.724453 0.015240 -0.003681
1451122.988691 550.029660 119.501622 0.018437 0.010744
644142.737912 285.429153 76.951080 -0.011914 -0.010310
328294.663843 300.735960 473.803017 -0.012534 0.000398
344141.964030 428.322966 61.153616 0.013725 -0.018291
1995072.262359 551.801766 220.140816 0.001706 0.015574
1509670.835691 11.700586 590.497739 -0.015751 0.015807
783939.521193 665.343428 349.676947 0.003622 0.011711
702233.533702 730.462074 89.623591 -0.000821 -0.015361
783487.379916 514.819805 294.791903 -0.012735 0.013117
1976.599918 282.673931 218.006969 -0.015871 -0.012124
812477.567611 80.605623 531.902268 0.010921 0.005745
1551513.418346 422.307588 394.919559 0.010387 0.005357
1106838.468046 121.261283 279.384158 -0.014550 0.009711
516376.429478 389.729123 393.612649 -0.003710 0.018675
1541877.001311 639.520805 366.326888 -0.009515 0.019235
877046.727052 210.559289 200.588639 0.012083 -0.005351
1062152.807164 166.576066 280.262778 -0.003297 0.019259
220503.739184 154.691179 305.527363 0.010742 0.018118
285758.867062 257.476553 62.813169 0.004324 -0.001739
1694852.848395 693.276397 566.983709 0.000149 -0.009060
1823523.613542 219.340218 44.301983 0.000890 0.001455
109429.840049 768.452729 479.692945 -0.004440 0.010502
331166.874772 736.171889 582.472867 0.005300 -0.006502
1904142.131984 594.160737 318.573755 -0.001561 0.000443
967910.745632 483.185462 499.665657 0.003542 -0.011505
581591.096978 348.798116 47.493976 -0.010581 0.017559
706572.319710 118.088303 128.139877 -0.002931 0.006802
1499518.371885 385.470374 378.297643 0.001966 0.014841
785875.055374 571.728089 474.605679 -0.005451 -0.006113
257524.722376 252.743097 54.009029 0.006401 0.011097
1201976.699383 114.916490 228.602094 -0.002640 0.009291
1186503.038363 579.804044 101.183315 0.006877 0.018419
215485.423904 20.340789 64.909627 -0.007146 -0.001898
1555844.913030 56.765275 560.682873 -0.003675 0.004802
1610655.802121 640.972984 200.798673 0.003853 -0.013399
1363983.919548 580.213382 288.481756 0.010876 -0.004604
515601.680854 298.331440 317.218254 0.005549 0.012267
521772.659627 185.537834 318.989095 -0.002826 0.016159
984056.433190 429.669616 557.883200 0.003900 0.014197
764465.851134 302.472977 557.642905 -0.007332 0.011453
1098768.237559 97.688080 352.611118 0.015178 0.008755
1505133.839094 452.882961 266.088242 -0.010677 -0.006484
1656881.889169 392.939542 426.460165 -0.005706 -0.014806
1035409.796534 494.178009 216.993177 -0.018029 -0.018111
532033.862794 432.868478 350.444906 -0.012174 -0.014342
885049.308131 462.274609 311.859512 -0.005124 0.015779
611963.250959 737.054165 9.993273 0.015735 0.012216
1469794.933437 516.815033 223.056315 -0.012794 0.015272
1419313.830053 5.493441 222.429595 -0.003170 -0.005443
1001399.715897 750.743438 589.198815 0.014499 0.019489
57920.523946 102.899056 317.145863 0.004534 -0.007029
1340168.589419 44.494943 541.256223 -0.012408 -0.002900
1593328.125585 396.605647 209.190439 0.012530 -0.004434
308175.125303 438.466362 21.269436 0.001009 0.009071
1829796.170737 188.201234 440.097228 -0.008572 0.006237
194622.977727 628.983897 356.577395 -0.016834 0.005960
1163384.351490 86.323972 466.579641 -0.015553 0.008910
203536.384834 624.208799 466.315360 -0.019844 0.018803
408990.508136 640.463012 279.480653 0.002172 0.004568
1709918.606891 565.938038 97.011308 0.015632 -0.010672
1776676.395804 644.194429 280.854320 0.004857 -0.016370
248411.979642 575.319018 526.437210 0.008739 0.011926
1052401.075630 240.044150 543.691927 -0.007848 -0.003573
1254879.329007 324.371238 114.520674 -0.003808 -0.003615
322021.593490 487.160370 125.876382 0.004795 -0.013711
1647379.426121 385.510637 521.598302 0.019420 -0.005118
204691.412954 699.090520 106.331035 0.002820 -0.000175
536197.156895 555.767406 128.778258 -0.014188 -0.003470
25648.950611 537.361540 428.167326 0.016742 0.019000
247729.502734 437.115351 228.595708 -0.007407 0.018034
1580350.309415 380.488150 335.755283 -0.019997 -0.015899
1443766.372951 659.080161 350.644133 0.003656 0.012375
1912564.341869 554.792493 409.827795 -0.014662 -0.009430
357511.299829 321.250924 575.461692 -0.004291 0.001872
744693.135258 324.884582 131.057169 -0.016567 -0.006994
387589.365424 167.701828 523.044786 0.002984 0.000971
1645202.005117 291.768253 0.059094 -0.004706 -0.005398
205411.871060 83.462445 113.273839 0.007484 0.007825
1996032.971887 514.651255 233.570429 0.007310 0.010935
1306804.762830 687.974656 106.943122 0.004500 -0.009864
1450619.077985 787.988497 395.643378 0.017747 -0.017178
1969754.747101 110.191014 168.160307 0.014032 0.008572
1609086.544071 543.452225 46.042522 0.012189 -0.017533
883645.576836 725.965640 99.536362 0.005293 0.003752
1722771.757153 502.759894 142.524041 -0.009977 -0.007602
28763.775727 723.068731 101.788174 -0.012235 0.000627
845989.907554 734.319065 300.855579 -0.016704 0.014464
1143645.596292 54.082067 599.807130 0.014081 0.016957
1423342.375748 525.307703 361.965850 0.011535 -0.001554
1329764.171191 184.442285 221.290923 0.013232 0.014440
1926056.274178 553.610191 293.821422 -0.011978 0.017709
1598411.507718 172.162993 507.935632 0.018757 -0.003691
726058.746095 313.574432 195.485068 0.014568 -0.001022
375371.614646 348.799107 325.092863 -0.012532 -0.008498
932014.105344 718.948726 566.831693 -0.017212 0.007419
811741.037672 587.424086 550.750884 0.010981 0.002603
1557690.799962 589.973236 154.343202 -0.009266 0.017524
399385.155365 53.909601 91.816311 -0.018146 -0.018546
1122038.441301 327.568279 256.875362 0.015476 -0.009065
1805346.826001 59.607423 425.765868 -0.001446 -0.009167
1995636.369100 728.605262 96.451935 0.017698 0.019232
1695958.700821 278.731411 428.346016 0.010637 -0.015087
558004.577904 435.780104 516.321034 0.001444 0.012519
1597187.265566 588.709657 528.438782 0.018075 0.011280
1833981.536251 410.242196 114.780694 -0.006189 -0.004008
929917.220459 198.225160 284.587283 -0.013047 0.007679
1471826.909795 138.108249 361.746585 0.015860 -0.015402
1165988.196230 595.479899 277.963341 -0.008127 0.000413
1172216.120722 460.851322 32.891490 -0.002149 -0.015509
1736107.381869 196.142019 508.623190 0.009947 -0.012131
1259741.624473 532.605216 425.733699 0.012849 -0.019567
218963.730251 228.965529 155.246162 0.003351 -0.001573
1902503.935575 255.709243 379.931191 0.002175 -0.011354
1496596.111682 109.788811 576.269827 -0.011540 -0.002630
941537.357374 638.146085 6.228744 0.001038 -0.010226
245239.558744 315.190593 293.455786 0.018818 -0.014299
1372376.816986 480.241040 484.849836 -0.004163 -0.003137
1637971.852737 404.245659 424.525195 -0.016913 -0.016421
337179.376901 23.284734 245.289565 0.012088 0.003336
1249672.392965 440.215381 432.481733 0.003407 0.010468
310196.676436 44.774342 335.709979 -0.013373 0.003278
1607296.809371 230.517125 585.338845 -0.008275 -0.009662
236307.595035 783.397439 515.379289 0.017049 -0.004992
561161.337682 596.344707 528.406404 0.019518 0.012919
1939371.158341 125.489551 511.333240 -0.004860 0.018355
870700.636353 2.542358 305.475979 -0.013753 0.003545
541779.813609 248.996031 386.813889 0.013223 -0.000922
453110.709066 507.129635 459.088339 -0.011914 0.017075
47266.968548 256.417002 543.542301 0.015304 -0.010142
562186.379247 130.495429 595.054098 -0.013534 -0.013945
1629854.769274 105.090817 185.077304 0.006679 0.000390
534606.907766 81.905605 307.771769 0.011057 -0.009667
203362.833803 37.891983 341.772928 0.009849 0.015125
92345.910190 778.437316 306.906744 0.012441 -0.012993
877177.283576 667.759421 297.395530 -0.006214 0.008694
1484435.888699 500.629213 528.470294 0.009365 0.011491
64404.659935 439.207533 551.097311 -0.006364 -0.011373
856791.879449 486.494699 190.938475 0.017655 -0.004624
1153201.109335 34.415294 259.059669 -0.014170 0.011596
618554.387530 153.864674 457.338255 0.012839 -0.019869
1875266.974734 207.604528 502.884651 -0.002677 0.004168
1111007.126566 140.309182 138.021801 -0.002552 0.016388
34336.430968 374.809438 275.238887 0.017985 0.008541
1349224.196444 291.492591 250.132537 0.019712 -0.007775
1602661.077679 455.523073 209.339401 -0.010676 0.008611
276647.354605 433.903304 544.618093 0.016075 -0.005483
1822198.850020 670.806064 373.560576 0.009963 -0.009133
453696.245539 243.744106 268.279649 -0.001726 0.009645
713133.517985 379.177256 125.496684 0.012606 -0.003612
36437.158490 391.814399 464.305409 -0.002648 -0.000678
159010.190591 189.202009 31.302795 -0.002864 -0.001217
1535456.720523 453.350832 7.027033 0.007017 -0.001294
749811.288319 469.410707 183.454097 0.019895 -0.006562
1154889.427663 179.435748 384.336325 -0.019017 0.007241
762647.938338 304.850558 92.923825 0.003622 -0.012149
1129345.827331 486.951383 411.472644 -0.006470 -0.018254
337378.635228 334.344302 168.379743 -0.011166 0.013855
1499918.929068 790.956050 247.821278 0.010449 0.006576
1760744.261444 109.185488 150.305997 -0.012552 -0.014637
1172923.453698 610.843688 215.281235 -0.010928 0.011528
79642.974809 486.523462 101.403347 -0.012205 -0.012046
730713.756164 607.481700 484.407992 -0.017945 -0.016078
1702955.846536 175.934641 309.620178 -0.014716 -0.002367
724785.897287 705.603885 257.755747 0.011020 0.005747
187236.443249 524.535190 468.207979 -0.006228 0.013676
1828784.213322 744.545051 363.252081 -0.009128 -0.013620
787390.226865 250.322233 459.578230 0.002507 0.000296
1929498.061505 742.635149 160.471002 0.010841 0.019191
730520.102536 499.116520 119.834550 0.015250 0.010281
1281053.293162 194.850682 382.436080 -0.017199 -0.019240
562426.321470 130.813259 404.875898 -0.017537 0.000310
1033437.869061 780.527376 263.168174 -0.015110 -0.010054
1192859.900739 412.756554 336.920830 -0.005503 -0.016844
138898.690296 261.665465 4.108054 -0.006529 -0.016017
1973181.982512 561.461068 433.934252 -0.012554 0.003328
957790.512106 661.269799 496.294758 -0.015337 0.015871
1692076.045876 318.187477 36.255363 0.000832 -0.001633
1136829.509929 29.898833 260.855603 -0.019683 -0.013612
1367539.427880 482.789269 405.634500 -0.010181 0.018644
1509350.044424 252.034206 175.905755 0.010457 0.006073
785056.476847 598.532273 212.260397 -0.015371 0.017382
1873643.585422 475.760717 456.789715 0.010551 0.008442
1315983.134935 487.926997 65.205811 0.008748 -0.014764
1135951.929323 229.341234 100.865701 -0.019879 -0.008244
656102.584980 549.192083 538.665177 -0.019844 0.017285
1727078.126616 606.756066 148.275781 -0.013738 0.000816
1797488.349396 439.268467 161.191427 -0.009903 0.006597
406141.346510 151.434313 155.823524 0.018572 0.018118
1941231.998588 497.705576 337.608772 -0.016820 -0.006374
1386830.762674 518.054496 376.582396 0.014464 0.006011
1843128.023596 151.827758 202.113950 0.012769 -0.012254
538331.757550 546.145430 571.372632 0.000652 0.013566
944807.663069 332.088933 233.142643 0.009577 0.006668
106756.882792 755.187147 513.993582 -0.007497 0.016336
1618777.323337 226.754726 318.332074 -0.005110 -0.005436
1742666.514471 52.447623 6.356782 -0.000042 0.017092
1321460.731012 336.511177 70.039205 0.019906 -0.010411
620834.287545 213.450330 553.445902 -0.009493 0.011322
1523195.320518 587.861616 118.916708 -0.014000 -0.000959
1731081.362688 162.837567 251.991745 0.008886 0.000655
656632.629529 425.216129 480.011062 0.014357 0.016138
325566.043298 584.121733 581.383061 -0.013074 -0.010838
1792559.657149 666.989655 389.871947 -0.019478 0.013258
1778465.217808 258.928130 59.145039 0.012446 0.003460
1763427.173609 458.367555 192.691116 -0.016951 0.009030
1593951.392730 756.288528 556.047249 -0.011320 0.006684
886016.743670 436.144184 119.288896 -0.010304 -0.003828
204796.643092 324.376373 80.704735 -0.017146 0.003123
727276.621725 774.084555 247.758977 -0.019502 0.019216
488690.041233 721.957713 182.736890 -0.006281 0.008561
1781116.410057 179.593651 172.216951 -0.011525 -0.007821
20635.784613 6.987312 149.906500 0.017483 -0.010977
1834876.302553 303.886931 462.517866 -0.015345 0.004919
350019.654422 174.903391 17.012415 -0.007619 -0.008390
1214501.650638 538.360614 154.834229 -0.019202 0.007463
477760.385944 211.454165 353.364868 0.001739 0.004285
605806.972182 347.145036 499.106104 0.003600 0.005815
272576.070518 480.240965 392.461738 -0.004553 0.001498
1759240.741729 243.001296 550.369190 0.006012 -0.003214
1080301.612187 660.367916 383.113115 0.002753 -0.014601
1857771.559552 140.595162 484.736196 -0.012517 -0.012171
988850.145130 340.471541 276.200007 -0.016668 0.018761
134591.829094 309.087983 241.919894 0.015968 0.019045
96963.198901 28.344501 345.928532 0.008134 -0.003137
227820.812831 465.618215 435.116213 -0.018753 -0.010698
290631.014058 457.184427 34.728272 0.011381 -0.014416
385931.693197 570.175037 189.614860 -0.019971 0.015991
1023297.854244 396.474084 195.313365 0.018864 0.003169
589125.026292 31.302401 579.100936 0.007910 0.017513
1882412.602139 596.821796 584.079121 0.000707 -0.002064
790218.714061 505.254155 18.511009 -0.015183 0.006523
526777.357108 212.544857 140.460520 -0.007137 -0.018006
748590.766801 411.576276 457.591939 0.007603 0.000612
1324791.236466 161.562589 6.407838 0.019517 -0.013054
1179151.767483 225.970073 127.696777 0.002184 0.019204
301466.356172 396.490787 435.465658 -0.015023 -0.019466
349183.755158 415.382733 387.181418 -0.011782 0.005596
616335.581344 375.016689 543.383760 0.001703 0.011597
1910511.639859 733.481026 182.788403 0.008713 0.004277
1640005.631205 304.330939 485.176775 0.013242 -0.005284
1964468.728734 336.243279 390.506499 -0.012204 0.018997
1261209.360911 276.416340 282.408953 -0.005738 -0.001202
968463.258337 424.856264 593.541490 -0.014822 0.009456
1257770.379660 350.118656 123.329052 0.001358 0.019215
1991034.577596 391.659712 538.052148 -0.007997 -0.011705
1007596.648767 96.042012 352.833075 -0.007288 0.018012
1912045.142572 235.807895 222.815448 0.004266 -0.000417
692628.538559 189.884839 501.103497 0.011709 0.003413
609848.141023 240.935434 75.015373 -0.008235 -0.002771
1723251.459991 738.225845 520.995877 -0.017327 -0.001708
1696924.347289 50.042221 568.142278 0.009817 -0.005510
309029.791648 199.388855 289.636379 0.009684 0.002441
867302.640745 558.790969 513.762126 0.012196 -0.007803
691843.061099 120.973983 325.496557 -0.012778 0.018716
272265.500516 388.714051 161.827315 -0.009551 0.011202
1400582.436193 98.272659 421.688882 0.002789 -0.012396
320566.674844 333.569552 151.244683 -0.015710 -0.013502
1229627.376064 209.300133 246.822838 -0.016090 -0.019839
1946485.269790 425.014541 421.442015 0.010199 -0.011231
15066.369444 140.434538 292.464757 0.001995 -0.005741
911695.870064 548.816180 505.658229 0.009022 0.017883
1245159.992597 340.527424 42.108128 -0.006913 0.019842
519428.529087 388.661919 246.900875 0.000458 0.003747
1147820.552414 101.544723 512.827305 0.019420 -0.011033
1717933.562453 767.022459 453.342735 0.002465 0.011521
183230.377819 455.227914 578.224667 0.003165 -0.015256
640928.558372 27.882604 482.926956 -0.013475 0.010396
1503776.668340 628.569327 111.563293 0.012868 -0.015550
360957.489517 65.266635 358.203407 0.003682 0.003736
380073.533570 132.549565 432.056947 -0.018209 -0.013958
1889061.825298 723.132033 66.060520 0.008001 -0.001379
1796955.322752 633.367706 20.559201 0.014493 -0.005171
306282.549308 146.391212 243.363235 0.018324 -0.006170
332156.324914 567.787341 78.876266 -0.005915 0.001274
485168.456326 426.237203 367.798894 0.013480 -0.015001
413343.113108 23.786271 174.157081 0.017081 -0.017019
883643.182406 697.183117 587.003507 0.002077 0.002849
887249.075289 360.326841 217.753625 -0.000886 -0.007481
1467432.667253 504.772060 297.390071 -0.014421 0.003560
1682910.725327 244.510521 179.309593 0.018925 0.006309
1660796.624450 172.372308 114.084323 -0.002253 -0.017794
629926.086697 520.224534 50.790249 0.004212 0.003091
318150.466456 37.695128 269.208293 -0.014371 0.003962
40123.955365 464.771572 29.636548 -0.004687 -0.017620
724761.667999 93.531451 413.960061 0.014321 -0.009762
558074.092752 559.577578 337.041160 0.003112 0.006891
438651.350531 326.543007 532.797524 -0.003702 0.014142
1885724.248311 579.577303 301.168242 -0.018901 -0.006802
158400.153815 149.249133 226.334904 0.001118 -0.007032
1952982.963972 438.183812 543.083995 -0.018954 0.017245
1927788.328346 310.821589 28.583041 0.006165 -0.010133
607879.136041 746.485763 567.547161 0.014625 0.000437
1236504.919471 67.937592 551.399796 0.000245 -0.000225
1541570.438790 359.092465 131.532482 -0.009093 -0.000947
1098586.873663 281.729375 397.890714 0.017062 0.015192
1973812.054831 722.583750 256.766041 0.015671 0.017207
717421.361579 684.564453 190.596981 -0.003740 0.000388
1128238.588166 568.328645 265.616773 0.000400 0.003043
1906900.824936 102.727507 396.590536 0.014900 0.005378
311031.282093 514.555146 50.101214 -0.005002 0.016648
1119457.958787 739.155118 160.935470 -0.011022 0.014017
295815.608602 167.707947 452.128257 0.003023 -0.015948
1365835.790227 747.348304 574.269864 -0.019980 -0.006378
933742.419320 451.870475 30.622028 0.016386 -0.017003
1254474.420685 690.325015 121.865546 -0.008475 0.009416
1674721.783807 355.057482 227.292147 0.016826 0.012737
589441.845468 384.335338 445.534602 0.002520 0.008121
1186208.380939 568.509309 547.564692 -0.006128 -0.008546
28320.921598 23.937036 132.288816 0.018858 -0.018786
1123059.363627 350.609745 356.972300 0.004488 -0.006083
1339490.994503 192.106815 126.448076 0.014911 0.001132
1892333.765464 568.035034 583.137982 -0.007038 0.005248
1580513.963280 495.656337 66.613181 0.001297 -0.012699
1628540.167412 100.722774 535.811518 0.009078 -0.001097
358744.990248 592.882615 301.510156 -0.004004 0.008498
1065496.480589 769.178143 90.448400 -0.014896 0.002969
996930.964755 638.073804 488.670709 0.008369 0.006811
685065.261407 524.240483 228.356105 -0.007463 0.019198
22284.613001 83.594078 359.896006 -0.015046 0.005394
1564209.169505 749.315589 457.946925 0.006999 0.006544
471659.941818 683.674193 242.750680 0.009529 -0.009812
234378.384535 216.731378 129.683309 -0.009275 -0.004044
1581110.075852 613.123251 117.765819 0.004196 -0.000973
1733102.233956 757.896213 78.492458 -0.010127 -0.009522
222272.466972 206.508999 219.837621 0.008439 -0.004782
7593.072023 394.478055 190.081756 0.010686 -0.013252
1961038.188991 2.203618 13.657416 -0.004587 0.009645
554464.627316 401.924243 7.298699 -0.000263 0.010821
821613.773155 227.208761 322.115172 0.004236 0.015552
24485.756655 378.816407 501.877470 -0.014271 0.008820
196372.594776 203.439136 587.307340 -0.001416 0.018597
718005.964867 374.797167 274.855013 0.007012 -0.010405
1252709.545778 525.226025 142.787978 0.005958 -0.018329
1958473.456073 741.127243 326.441185 0.019646 -0.003215
628831.249023 321.763838 422.039336 0.014045 -0.019634
1185057.482303 690.648081 289.554586 -0.002850 -0.019736
406775.272641 421.569978 156.630910 -0.012749 0.019632
452064.211691 432.866517 276.008933 0.007366 -0.011327
1391094.198167 248.602749 524.204948 0.017328 0.018372
1830316.959801 730.371212 531.618788 -0.001629 0.016163
610994.441719 618.806401 183.835729 -0.019640 0.004990
631021.334152 481.407428 292.732898 0.011913 -0.018735
989235.750860 1.447990 334.481265 0.010224 -0.012651
1098658.789461 785.039419 434.899089 -0.019628 0.006629
1883467.686308 564.107761 585.830443 0.012637 0.005528
1871849.530317 584.372100 330.959093 0.012870 -0.012420
911993.535660 101.885004 577.876198 0.010506 -0.014553
1176139.691461 62.154500 442.932415 -0.016949 0.015042
1537174.407177 456.587509 526.688101 -0.006949 -0.006947
123261.179832 700.507337 184.731713 0.011499 0.015334
1946848.674653 582.621255 354.032639 0.017988 0.001729
457599.283409 708.613469 164.256962 0.011220 0.008297
926562.791190 189.214189 500.960754 -0.002199 0.020220
1942178.605097 11.777566 45.913103 0.008371 -0.016366
1905775.863633 382.269834 397.058218 0.013238 0.012157
1975712.466974 713.873175 407.725384 -0.008200 0.007155
1128937.655654 215.092440 244.071127 -0.013833 -0.011244
1900458.380534 306.564528 62.544898 -0.011048 -0.013442
1623668.112617 549.781217 240.123276 0.005859 -0.015453
798515.523224 494.091380 76.992682 -0.000964 -0.006932
438456.544857 343.194158 482.618990 0.015213 -0.009651
1216805.763178 694.905148 91.138826 -0.008487 -0.013424
1661706.700764 681.790582 259.814734 -0.010490 -0.019724
1303971.794110 150.471533 234.056790 0.010259 -0.003523
1107963.914568 454.702651 59.360779 0.018174 -0.011409
425643.800956 282.855779 499.517767 -0.006477 0.013267
318262.858465 448.492166 155.057293 0.018548 -0.002336
1036196.117772 457.657439 186.106024 0.006812 0.014429
948553.069005 400.919801 427.389259 0.016320 0.009525
1438074.149861 447.504500 556.013865 -0.015632 -0.007400
677338.477540 530.506441 530.505821 -0.002492 0.004700
197747.041563 520.568546 582.827628 0.017244 0.019668
1601492.672973 72.180011 331.216262 -0.017634 -0.017835
1987075.958395 461.785344 375.529676 -0.007851 -0.010093
971748.938305 622.173238 449.128322 -0.012077 0.007412
974474.447302 733.668119 146.790365 -0.003441 -0.018942
1121549.802423 602.130623 413.578975 -0.002205 -0.012385
613932.794246 434.953516 504.580568 -0.008872 -0.001001
1665525.531241 63.057300 339.137059 -0.004580 -0.014487
1238773.710671 302.757775 429.270212 -0.010184 0.007285
1925637.924078 585.069177 276.063717 0.008452 0.017179
290519.337305 158.782461 507.905147 -0.004390 0.004500
1745488.432117 760.742963 219.098298 0.002481 -0.004174
1111265.337612 695.293948 563.644835 -0.004160 -0.014068
829182.160473 183.634642 135.710928 0.019205 0.004576
728391.627189 479.382552 595.842759 -0.016829 0.013769
1349985.243450 33.801411 345.686842 -0.014588 0.010150
1010733.056353 224.084362 571.353367 -0.005925 0.006808
1129411.861826 179.774090 372.798373 0.017201 0.011473
33999.050983 388.569713 393.652113 0.018404 0.015290
1606354.705806 296.798663 66.880986 -0.018819 -0.005953
1451822.744427 314.865073 570.309526 0.008756 -0.001064
1590584.168020 315.015047 309.275237 -0.005147 0.001147
538209.161040 701.269370 485.245295 -0.011151 -0.010860
958317.440449 628.676884 271.904851 -0.015987 0.008639
479655.517489 93.994860 120.754089 0.015835 -0.017038
167238.956395 559.044831 267.118480 -0.012189 0.009129
1592486.357127 736.924369 73.075056 0.009867 0.005602
1189583.299304 433.541496 20.338655 -0.015580 0.016544
1124831.962923 303.437032 474.068031 -0.005159 0.004022
37146.621401 680.347200 232.091699 -0.001135 0.018036
205026.889315 569.124696 40.922320 -0.007850 0.004293
284161.461650 310.095823 183.697351 0.003488 0.003317
68690.410847 306.635036 302.185414 -0.013755 -0.014791
287411.349028 600.599859 403.451310 -0.012904 0.014447
1171263.018237 591.825760 144.155736 -0.004974 -0.015547
1682127.158941 315.340413 577.035728 -0.010890 0.014615
1824708.168313 264.283334 346.473372 0.019219 0.005365
369206.509725 98.068168 13.105526 -0.000371 0.008394
1208981.916871 419.947539 55.955510 -0.015665 0.007249
446720.970071 201.720787 259.184044 0.015821 -0.002825
586212.983628 385.002847 101.648966 0.001341 0.014282
560717.814863 299.616797 150.755188 -0.010328 0.004101
234257.601311 123.469075 559.378880 0.007784 -0.014611
1133248.557864 703.324727 154.382002 0.003535 -0.005201
1934248.125150 154.164160 536.898287 -0.017584 -0.007951
1152133.833222 226.788947 331.816682 -0.019680 -0.012854
1965200.129880 240.846161 396.400585 -0.013910 0.013385
1034901.121182 345.840965 125.652587 0.010766 0.006951
1623246.405098 708.700604 497.055820 0.009760 0.003211
1926329.093951 248.494783 275.774040 -0.011179 0.015963
1658576.383096 150.185261 55.096076 0.008971 -0.010079
786221.519479 240.348235 318.912259 0.017840 -0.007671
1421758.733421 743.075197 365.601051 -0.005091 -0.016863
888519.625593 711.115710 307.810320 0.006102 0.006278
374128.679919 372.041951 325.893712 -0.019382 -0.011622
247207.860577 782.917432 311.934381 0.003315 -0.012037
838233.393076 329.866294 231.977617 0.000506 -0.014502
1269501.125100 723.243645 262.190448 -0.013471 0.014187
1490342.234955 701.751261 467.539391 -0.005817 -0.010055
1720173.599068 639.134559 82.469505 -0.005089 -0.001891
1589947.016719 448.030352 550.692112 -0.006472 0.003034
254199.274003 369.537078 332.371478 0.005889 -0.018205
1506623.924480 52.897167 274.365042 -0.014397 0.003092
1187558.641279 619.757599 289.012836 -0.018779 0.017648
663885.182079 620.506442 490.973809 -0.015548 -0.014781
134186.233456 777.020499 557.617517 -0.011825 -0.006224
763995.101100 799.574114 542.657143 -0.008016 -0.006491
960104.740672 341.374749 479.684427 -0.018624 -0.017026
1689167.128731 629.968240 84.276660 -0.007920 0.017109
1435140.350571 716.396887 421.621460 -0.012037 0.017048
1287450.956780 424.798250 421.246371 0.002992 0.012765
1664884.491668 423.498672 368.265424 0.010505 0.009351
1916152.068375 115.201884 440.014376 0.014479 -0.002258
142374.806172 274.210502 522.289044 0.014834 -0.004928
1889104.925044 572.238827 98.492818 -0.016618 -0.019305
184043.514628 641.989547 547.581120 0.011781 -0.019938
1678137.485719 350.611630 319.570200 0.001636 0.016026
349432.717240 298.865538 257.729298 0.011530 -0.014592
327130.583267 597.278403 167.570706 0.015876 0.004362
1445781.852792 774.535340 571.098472 0.003733 0.013556
657045.848974 430.384234 332.699411 -0.000285 0.004914
1143416.638087 467.935935 255.073941 -0.000618 -0.004821
853229.746620 259.045436 490.722508 0.018362 0.014581
1436276.935710 106.909702 143.017482 -0.014076 0.016900
747046.145027 249.181561 401.079169 0.006109 -0.011695
555282.349025 300.441945 106.036976 -0.010826 0.018764
31011.744417 446.288624 304.110152 0.002799 -0.017972
259713.421697 113.340036 381.434545 0.002203 0.005052
30230.289339 785.414457 570.050752 0.013307 0.017638
1629124.594680 440.637389 44.729642 -0.017892 0.007952
1993199.337271 341.046508 6.022865 0.006607 -0.016831
437214.899080 754.244771 272.700395 -0.004203 -0.013115
847463.854052 328.618609 438.130379 0.017229 0.019223
1561464.248021 48.495900 73.367554 -0.003341 0.004623
1496915.452879 345.265683 358.335899 0.007949 -0.009428
1076064.875850 410.350195 489.187309 0.004500 0.002620
1028186.607653 487.277557 595.061838 0.000965 -0.009038
141764.248787 594.355870 130.178094 0.001017 -0.014474
778578.041484 759.307588 329.311182 -0.015237 0.015201
1058486.954802 720.053185 564.374565 0.006020 -0.007291
1112790.978101 319.843803 448.641034 -0.013852 -0.016071
24501.685065 553.503792 366.641329 0.013099 -0.007832
353571.678676 273.207436 548.107950 -0.013256 0.014633
375264.103699 191.607983 365.408445 -0.003809 0.010605
1493884.026769 635.185757 428.724811 -0.008181 0.016532
1188817.119779 659.897505 488.002655 0.001404 -0.000940
259519.063057 73.317271 525.681154 0.015114 -0.010186
1949033.547169 711.970896 562.267704 0.003435 0.008701
482529.103981 609.873493 35.575991 -0.013817 0.017248
1850091.109914 273.800413 102.470074 0.001365 0.009878
1871495.037280 224.744302 324.655880 0.006036 0.003028
908785.677938 195.537930 240.890463 -0.009287 0.011191
1755362.652128 318.072263 522.618669 0.010157 -0.008994
232765.271437 582.636462 99.018301 -0.017912 -0.007404
1765166.354256 235.850633 45.941589 0.017668 -0.002024
15434.920795 693.285820 474.874057 -0.012868 -0.003979
1077013.659792 91.188164 408.994204 -0.016817 0.010576
516053.778360 427.210517 5.324066 0.006378 0.012078
1576709.125925 429.693931 119.461302 0.006387 -0.008357
948767.654108 620.738044 11.762380 0.005583 0.013177
667159.362075 417.642246 74.345092 -0.003592 -0.001447
1146380.339352 334.274177 198.314569 -0.005400 0.003853
1462269.868451 722.535652 426.380537 -0.003510 0.019299
949273.004639 536.551412 309.985337 -0.000664 -0.006804
636841.273232 217.383515 520.403035 0.000702 0.017247
316267.470045 793.512978 424.289586 -0.012904 0.005267
1072709.865436 408.975587 92.272339 0.006412 0.016858
1234697.917120 186.902227 203.563238 0.017916 0.003930
1871003.135047 543.211459 300.703880 0.005837 -0.016336
968257.898916 96.297008 457.425083 -0.019933 0.004173
184803.100389 255.546143 525.477562 0.018366 0.013474
1613704.762242 94.141374 497.280394 0.000558 -0.008187
920804.219749 40.268251 483.910233 0.004621 0.008410
1455508.939668 184.951206 566.337445 -0.017319 -0.012833
1084419.887087 1.857525 514.921048 -0.018250 0.005935
1899527.167855 422.222115 461.371018 0.008478 0.001137
745706.753221 643.522537 508.769374 -0.010073 0.010558
1369434.811813 44.279037 529.040334 0.000550 0.002775
353913.564400 779.348540 371.772195 0.019326 0.003524
660308.989072 568.840408 491.687577 -0.009036 0.011123
1997036.600484 653.228471 468.456613 0.014266 0.014401
857968.969670 645.046481 232.617896 -0.012085 0.000741
1832483.595159 456.695706 193.886746 0.010724 0.012671
174050.590104 359.159328 524.896963 0.018752 0.018493
887791.815627 116.424219 561.744482 -0.017456 -0.014841
1048845.100705 314.859722 504.160315 -0.006250 0.006709
1236598.032171 273.803578 290.459592 -0.004042 -0.012051
688449.854352 662.365919 3.079651 0.009272 -0.018963
1047717.716101 518.621090 357.920395 0.013881 -0.003506
831685.772553 747.044965 516.716876 -0.008394 0.016108
1646809.537731 587.553469 29.057717 0.010391 0.011918
354697.854423 227.257933 114.909055 -0.019295 0.005126
1718570.137265 508.625309 582.051341 -0.006264 -0.018617
338487.908402 550.108852 517.539872 -0.013013 -0.003220
1776805.868268 558.761788 40.703310 -0.000604 0.001818
960078.654327 720.611798 287.428301 -0.006431 -0.012383
763596.911339 131.540706 555.494920 -0.002789 0.016979
1446903.674606 486.066740 125.142129 0.016665 0.005048
1673049.761761 619.439779 156.379614 0.012263 -0.015289
591079.477496 780.761757 483.182500 -0.013680 -0.013975
450261.526019 37.179282 509.485911 -0.008276 0.001260
788880.985598 618.495095 259.298980 0.014944 -0.015436
1247242.441982 204.358533 167.142341 0.001978 0.007422
405506.701397 218.134501 175.686436 -0.003546 -0.012473
1835863.754077 198.141491 576.953850 -0.012851 -0.017821
159031.381905 379.534737 18.451331 0.015400 0.005302
362722.217274 87.959615 407.357166 -0.018735 -0.003855
420997.232395 339.984249 105.573723 0.005742 -0.008010
580167.091722 213.191674 332.484611 0.002754 0.012622
479025.265425 617.065603 52.958156 0.001297 -0.012693
552036.800679 360.247449 258.261242 -0.010483 0.005148
969986.005207 253.870413 61.973220 0.000659 -0.011916
1471710.388303 557.611533 187.521939 -0.003405 0.009121
1430984.936390 500.372100 91.413224 0.015659 -0.009271
902052.609670 145.161974 320.852703 -0.019796 0.010007
700700.571156 195.608555 312.986259 -0.002450 0.011077
1408199.004553 571.722019 136.568938 -0.014619 0.018106
1713095.736556 495.703254 161.855450 0.018402 -0.014597
944491.339356 556.744885 499.207687 0.011384 -0.015572
1119457.834922 400.194057 441.562292 0.008487 -0.004338
8319.607940 130.586191 343.909018 0.001554 -0.013271
647061.014849 711.414905 247.614222 0.013804 -0.006873
379545.065751 439.292017 25.666021 -0.003318 0.007340
1990576.603445 218.912789 181.776923 -0.009390 -0.010657
876473.971119 589.906610 557.724555 -0.009184 0.000886
80381.552726 664.206332 13.396428 0.011043 0.001695
828036.629980 624.407682 423.292959 0.019500 -0.007226
1747623.103553 248.648721 124.873253 -0.008536 -0.013759
1072386.123739 381.106160 423.155273 0.003167 0.015740
777386.485961 459.391550 100.447685 0.007664 0.013579
801906.589792 103.965533 346.084584 -0.006786 -0.003975
197987.358178 296.433327 138.266489 -0.015150 -0.014128
1545926.498969 428.249898 556.321680 -0.000776 0.000979
492654.834172 281.865781 500.175165 -0.001704 0.005478
1978982.283724 792.697521 69.190628 0.007777 0.002794
17631.095842 66.516179 86.393001 -0.012957 0.011000
1966499.848276 461.636003 543.146394 0.002662 0.016021
611006.784537 527.288399 166.987489 0.001447 0.011214
850069.038966 247.219382 189.511925 -0.005913 0.011503
1676786.882652 478.891263 83.850460 0.006881 -0.017871
1557780.060711 529.266934 26.340297 0.015766 -0.005753
1227310.625476 722.465210 263.443118 0.010413 -0.017022
428616.731627 592.504945 393.593770 -0.015226 -0.007965
1127178.874392 339.989301 576.109517 0.013668 0.018434
1480731.590409 213.319460 162.066835 -0.017757 0.004768
115335.758829 715.497318 130.569755 -0.012096 0.002658
541498.807511 781.162209 136.830458 -0.007417 0.014829
1167776.423119 742.564139 464.262313 -0.019071 0.007427
1705487.274428 189.975670 255.951176 0.000346 -0.005724
1455042.508177 57.985406 469.134183 0.007504 0.016568
1485351.840726 342.146146 108.590539 -0.019502 -0.000644
1600046.444498 56.184064 226.984447 -0.019292 -0.009277
1889695.885540 230.594307 146.756013 -0.013089 0.004127
230475.999522 605.399905 318.947148 0.015546 0.011188
434670.210087 593.372591 10.272771 0.005759 -0.009973
748135.628527 297.110328 193.620650 -0.013745 -0.017647
474188.291689 718.729084 292.225622 -0.003283 0.016402
1941577.332067 174.444959 588.868371 -0.006028 -0.010592
499196.726130 235.240421 314.435863 -0.000239 -0.001323
254300.674542 487.549714 134.034186 0.006348 -0.000075
6325.354803 700.611747 143.986525 -0.019184 0.000803
980919.682878 315.662862 534.871560 0.012538 0.002000
1900851.625903 40.351564 269.194897 -0.002527 -0.001261
719689.197242 326.407430 412.066219 -0.006342 0.010291
1844748.197982 472.796202 30.676836 -0.002149 -0.016587
1036199.990211 458.947596 416.648130 0.009656 -0.010721
385683.919483 595.704177 64.952920 -0.002690 0.010607
1256102.471266 738.621360 95.780670 0.000751 0.009568
1419511.694191 375.829037 472.373712 -0.013655 0.016279
511292.832210 414.742911 189.249508 0.017691 0.014391
145034.134456 691.636029 270.368846 -0.015047 -0.007555
1071721.370831 513.475689 530.802982 -0.010788 -0.004665
233847.819378 338.516037 76.950527 -0.011005 0.014233
1786277.592083 682.359067 467.557260 -0.017896 -0.005095
1031918.257955 609.878866 505.613676 -0.007877 0.016831
1499349.890975 446.841445 263.472207 -0.017388 0.000048
597617.807145 110.021671 219.343726 0.009987 -0.009546
1353622.215499 228.315486 541.935251 0.002463 0.000631
573296.933702 542.745048 563.521743 -0.003408 0.016140
1590131.532210 246.318128 453.933934 0.002982 -0.005573
258416.177825 72.409793 73.740726 0.018868 -0.004266
87595.200207 577.095597 571.345938 -0.000684 0.011452
906233.425674 625.470608 554.251175 0.012751 0.001248
370032.188655 396.374300 489.842280 -0.016468 -0.017719
664767.085884 299.841877 441.447938 -0.009142 0.011582
1278253.811075 53.141409 58.531651 -0.004160 0.005632
916040.443311 419.988175 438.717512 0.003235 -0.000139
249204.321880 499.696252 130.709507 -0.016934 -0.015696
8661.484350 423.982721 533.605108 0.017129 -0.006054
841302.204338 90.393571 506.461186 -0.010503 -0.011954
1802783.200425 455.755109 345.816339 0.005479 0.013642
731632.451868 220.893337 544.552257 -0.001456 0.006870
1096714.972098 736.996704 118.101536 -0.008817 0.000056
1386984.768969 323.441275 76.232779 0.016463 -0.000760
469499.863903 732.579240 6.514567 -0.015028 0.013768
718651.906922 435.767735 574.284141 -0.011856 0.011272
316653.122342 84.033814 211.100675 0.009503 0.009577
385530.231700 80.162684 10.872793 -0.015989 0.002551
1379939.433830 519.012017 291.102321 0.015461 0.017138
1974529.288697 464.129319 199.402437 -0.015443 -0.000341
1626419.535664 279.353503 244.599498 0.012961 -0.001069
503204.831157 146.503999 10.800929 -0.011647 -0.004523
1600260.999799 293.451989 294.943728 -0.013927 -0.015943
467442.890847 275.624209 121.069560 -0.009925 -0.002204
1530910.291491 753.356010 56.203377 -0.009988 0.013150
43405.273949 190.110886 245.289174 -0.005830 -0.005913
1801413.789299 133.749127 420.795667 -0.007670 0.019651
348673.859774 447.903742 104.710824 -0.012300 0.010746
1122384.702378 793.891962 81.221427 -0.017889 -0.014229
474000.488629 229.321423 293.405786 -0.002445 0.001543
1867761.544822 163.278313 288.148562 -0.018896 -0.001818
617712.498930 39.342664 415.400081 0.008718 -0.003868
88793.583256 494.827151 342.359486 0.009837 0.017046
1123119.018564 735.930130 291.983425 0.009425 -0.015511
510837.786138 237.684712 62.803862 -0.004356 -0.005994
498234.962345 502.430633 381.939832 0.009526 -0.017331
350510.791107 537.635590 162.672254 0.006227 0.007971
1451432.125387 771.481315 449.145742 -0.003298 0.007297
303273.376219 370.055667 180.259354 0.008882 -0.011678
454803.713809 226.936740 76.553734 0.008575 -0.019215
480071.545802 775.669431 189.975837 -0.006217 -0.005573
1333575.176696 475.062092 593.083079 -0.007843 -0.006721
110627.538576 383.000938 2.294638 -0.006957 -0.014607
1406769.050940 41.632069 59.221780 -0.001915 -0.001192
1561676.394922 482.692110 559.537027 -0.016747 -0.006982
281255.947557 246.982168 365.352425 -0.009259 -0.019077
1257382.930842 406.907633 595.702867 0.017809 0.014129
706537.016996 489.692110 268.409037 -0.006330 0.016633
1558318.719993 317.785725 236.786568 0.011330 0.008939
1057752.200895 389.267322 465.441440 0.005105 0.017529
491364.625511 326.654632 325.153281 -0.012866 -0.000408
1734950.389590 255.156390 479.212963 -0.000933 0.003495
1643357.573842 84.336803 57.398391 0.012573 -0.017971
1898263.090243 134.066900 397.721326 -0.004149 0.000383
1157183.811607 140.488632 544.071836 0.018928 0.018342
1260090.642264 401.579614 266.979252 -0.003778 -0.014818
767107.214205 521.126020 322.911723 0.017011 0.013182
55740.578126 634.456247 89.057758 0.013053 -0.009235
1471867.368311 518.650089 224.920596 0.013198 -0.001553
851158.514084 624.636037 378.010138 -0.016461 -0.012913
279214.015361 533.500976 211.641085 -0.018161 0.005611
622537.959657 541.051265 85.187450 0.010258 -0.016725
543551.074594 112.056472 439.712806 0.012484 -0.017378
1125283.938425 670.201498 515.084661 0.008442 0.006559
255944.995329 357.691382 187.373016 0.000114 -0.008840
1549879.616848 742.723157 35.780777 -0.003798 -0.019319
474171.187949 435.797054 410.375470 0.003585 0.003639
648167.413030 720.809776 160.314791 -0.001351 0.006300
697835.028496 590.309845 478.449414 -0.016722 0.001913
1725670.433475 515.755985 231.271460 0.008791 -0.005659
99429.388577 679.325532 481.704625 -0.005517 -0.005924
163663.104253 109.547047 168.308147 -0.011529 0.000701
594763.153510 303.157526 52.253034 0.019257 0.018753
1355525.087265 244.430508 521.810588 0.017820 0.010880
1053977.892294 234.988810 305.769804 -0.007023 -0.004961
115031.983757 149.757924 12.349200 -0.002290 0.016332
752375.869431 394.109898 454.693050 -0.012822 0.014194
219437.964363 208.713022 595.114327 -0.004391 -0.003905
1068114.026016 550.114909 468.887558 0.004836 0.006784
1499866.051366 238.984360 584.496629 0.004769 -0.010264
1491842.997955 117.114629 322.411657 -0.009763 -0.001157
1826279.228472 250.611291 394.919189 0.017333 0.010246
1133058.067007 247.725310 149.335189 -0.007035 -0.000445
207507.431604 347.009346 449.938911 -0.016174 0.012963
304737.184339 503.892704 306.964592 0.017352 -0.009982
361247.467977 546.864385 329.541586 -0.013805 -0.007875
1585793.637478 720.613433 269.705899 -0.006784 -0.013761
1841064.114050 194.744344 281.629861 0.003154 -0.012907
451362.950938 116.104735 291.982344 -0.001013 -0.001227
1950936.490647 462.728212 541.986737 0.008739 0.007235
1454702.783122 701.993336 182.309003 -0.010442 0.012461
1108684.254395 335.648323 297.053098 -0.015854 0.002984
1596490.624173 717.181054 285.181599 -0.010602 -0.010955
1263706.185512 134.646567 282.209211 -0.015941 0.009882
1294332.516982 261.552188 535.403972 -0.014651 0.012062
723046.520130 87.362821 228.081874 -0.009406 0.013375
107937.715067 793.642223 427.174911 -0.005703 -0.010768
1046872.077066 729.475504 390.390796 -0.019281 -0.019394
450965.188654 653.444353 547.228223 0.008032 -0.017417
278162.196408 266.243879 139.841005 0.004373 -0.002632
1960316.196066 205.288898 456.702760 0.014894 -0.004390
1125740.257616 187.228493 299.750218 0.017716 -0.000057
668170.334151 797.327608 294.399705 -0.018160 -0.005824
1443825.863043 455.648524 159.927053 -0.005089 0.003530
564375.188464 478.533134 242.841510 -0.012222 -0.008032
938961.728913 266.872516 379.296494 0.008097 0.017709
132214.712972 546.282607 119.603923 0.013142 0.002207
1179224.623916 312.044670 473.338187 -0.016443 -0.006674
575213.267736 338.703543 197.912850 0.011105 -0.001216
1368718.602401 400.329743 23.538660 0.018035 0.014927
1254302.726711 186.309165 282.770843 -0.018705 -0.002901
1541011.519516 401.142253 456.522069 -0.003905 -0.011845
1407684.757098 374.966586 532.010793 0.016132 -0.008168
883750.411162 394.139524 411.681100 -0.010732 0.003284
38293.802197 414.723154 3.091304 -0.006039 -0.008120
949396.727117 26.704079 478.367124 0.000561 0.019382
1340193.529306 112.624245 130.281563 -0.014333 -0.013079
1289556.392138 729.510466 404.557529 -0.003779 -0.007427
1756783.113702 87.777857 469.631298 0.010593 -0.019534
157687.638028 165.712032 303.315232 0.010606 -0.002487
175039.783202 627.155625 573.709505 -0.016283 -0.014673
506304.289450 453.846104 99.769573 -0.017981 -0.016744
301433.914481 576.203412 133.377532 -0.005298 0.014485
790027.673724 10.106423 464.159539 -0.017218 -0.003256
176035.711624 758.308048 316.980032 0.014831 0.008519
1081972.172988 759.719631 552.044550 -0.018161 0.008609
715741.816310 107.196199 299.225420 -0.007426 -0.010927
1263880.632475 453.985655 476.608881 0.011936 0.004702
1751026.801649 759.195655 202.677800 -0.016108 -0.007310
399196.095951 394.255985 197.972995 0.018959 0.002459
1496994.359185 48.939900 305.984497 -0.008926 0.017287
445396.929255 654.046535 529.318559 -0.014295 0.014564
1193553.106484 400.320844 599.059160 -0.016164 0.012580
450224.472419 581.908022 229.294555 -0.019228 0.001038
1999453.321099 715.890924 285.203707 -0.006049 0.019745
1584501.028799 429.659177 291.130299 -0.015112 0.000414
94458.571679 696.555026 342.918108 0.002277 -0.014106
1007827.074736 623.727636 579.151584 -0.004562 0.016887
1658558.308919 786.265762 253.630325 0.013098 -0.016874
475365.567242 42.174106 483.410555 0.004686 -0.017095
663714.367274 495.730082 580.328382 0.012267 0.018262
1919117.403179 479.357574 296.684196 -0.002200 0.008847
9624.167350 393.621716 355.113346 0.003061 -0.018039
1478876.057770 64.393866 497.211106 0.008101 -0.001358
1502145.321808 426.926159 269.408314 -0.013037 -0.005544
1054818.871922 329.289247 248.275597 -0.006669 -0.018739
972186.690649 532.107676 390.624075 -0.001880 -0.001118
1216433.286302 330.010116 42.900322 -0.015891 0.014299
1585452.240699 85.886687 209.705532 -0.004607 0.007305
796849.675848 99.307890 458.688491 -0.010956 0.013133
461377.134761 782.609257 217.399903 0.007181 -0.013911
1447663.852688 165.639696 338.324896 -0.014483 0.001617
1190708.408687 499.078554 123.254176 -0.010148 -0.016937
1355477.244293 683.769216 293.938110 0.009970 0.018283
694211.989964 433.493585 38.885577 0.007870 0.017071
1497031.391364 75.967019 30.443007 0.000514 -0.007113
1759090.904966 594.752568 180.145605 -0.010320 -0.003070
904928.793621 772.562818 378.173911 -0.019352 -0.015853
341892.055395 489.304914 436.693306 -0.004941 0.014329
1609370.418642 43.387385 427.708767 -0.008216 0.012134
1339833.364515 513.245148 207.060242 0.009390 -0.006465
543533.833951 386.383708 259.913888 -0.007098 0.019824
1510075.678821 161.582287 443.633885 -0.017786 -0.002232
325429.097901 406.307005 246.036043 0.011725 0.000966
1027532.088117 771.236094 81.420649 -0.010353 -0.006365
1987715.010526 36.942649 236.961264 0.008268 -0.006378
396776.620483 301.196336 589.059436 0.001745 -0.015568
639902.701899 652.336161 356.327254 0.010122 -0.014487
1179865.857204 406.309586 204.050111 -0.006834 0.002532
1568458.621189 393.564864 42.566208 -0.012228 -0.008587
1190290.628555 566.500165 149.759814 0.009236 0.017979
1180185.991889 579.958989 597.322950 0.019400 -0.002757
672088.553511 146.741922 484.756957 -0.007303 0.009080
1837656.663655 510.358418 325.401687 0.000515 -0.004368
1360614.323691 82.112894 539.260632 -0.019190 -0.002722
924125.776125 643.681580 554.673194 0.001321 0.019949
418950.309241 102.590245 424.248357 -0.001678 0.014344
1312754.557148 39.208613 350.240146 0.006074 -0.018648
30587.249450 790.484339 130.476673 0.012917 -0.007759
1889215.610870 593.551481 566.287711 -0.000525 -0.009813
669560.509114 133.766946 214.490329 -0.010656 -0.012492
1579576.984783 556.574265 595.275948 0.008566 -0.010863
1982244.182370 738.843998 214.168239 0.007922 -0.004707
432350.935616 283.613844 258.645730 0.011999 -0.019751
930735.730068 652.388050 596.649913 0.007314 0.005536
600671.720971 501.950298 228.179957 -0.010217 -0.015422
1270601.892504 463.373464 169.182747 0.019714 0.012508
938976.299455 626.164863 304.958801 -0.001534 -0.000134
1474031.937064 362.177059 252.031142 -0.016242 -0.013960
1605130.416157 248.080099 303.076863 -0.010649 -0.015585
1023340.410098 559.394026 555.411882 0.000243 -0.004717
1128556.229700 645.211095 5.686491 0.017779 -0.017969
248420.950141 464.020935 377.819308 -0.003826 0.002854
884577.235619 700.545338 213.380231 0.018018 -0.006530
1704879.713107 549.992790 474.156527 -0.009094 0.011245
1882055.445519 60.161194 55.015903 -0.002155 -0.007629
404206.608610 766.302213 4.989904 -0.014889 -0.001435
780987.060993 553.670377 162.271344 -0.004006 0.005483
642018.800900 419.640047 130.285520 0.018029 0.017216
1579863.075903 314.270898 483.526424 -0.014185 -0.006268
286431.929230 798.586848 18.588879 0.017334 -0.009160
1625355.291937 699.611889 207.523847 0.016179 -0.007160
1310099.705732 85.296688 167.157150 0.006546 -0.010615
1485499.756171 42.964636 555.905993 -0.019468 -0.001836
1126826.147142 267.396654 587.009456 0.011213 -0.008615
1817754.082297 456.288866 406.731624 0.008593 0.008641
42605.713030 686.309480 428.486897 -0.017831 0.011621
1969490.396776 692.007844 399.532708 -0.006768 0.010782
1972945.507603 788.535621 525.697580 -0.009398 0.005965
221002.463354 6.223716 421.672605 -0.018512 -0.019156
314139.836614 480.254261 213.103040 -0.014578 -0.004770
1280098.799281 35.466322 570.724116 -0.007279 0.010359
1334025.561499 271.276316 370.330483 -0.004765 -0.004335
817314.073824 292.493772 154.013997 -0.017016 0.007862
52254.755074 48.826156 409.283614 0.016094 -0.006950
662711.798522 10.046374 200.289087 -0.018621 -0.018007
710212.109941 153.209228 390.071361 0.008413 -0.006921
61999.699130 280.441824 222.859853 0.019288 0.006735
261157.692532 519.348169 4.280762 0.009913 -0.018788
797766.605764 125.246967 237.456137 0.006222 -0.010766
184709.901076 545.364081 175.112066 0.010986 0.003342
1235796.007903 84.872226 357.829150 0.018084 -0.014390
1292608.929469 245.566815 198.906648 -0.008139 -0.019310
1317389.029692 261.871417 220.594464 -0.018794 -0.007613
71927.786838 128.373860 575.327418 -0.018267 0.016329
1977614.946653 353.728953 38.874336 -0.004623 -0.016083
591803.305127 381.663552 467.505266 0.003511 -0.009935
726241.200569 164.620257 214.437354 0.018389 -0.013697
995710.504705 484.872847 278.853726 0.013174 0.016101
963862.695249 390.727669 137.995564 0.013989 0.000731
1079147.418532 708.513017 407.498501 -0.000051 0.017171
1174876.041326 389.698055 222.801582 0.006098 0.014869
937689.950195 758.584055 209.296893 -0.010079 0.001428
1200871.358253 489.134459 445.008926 0.018316 0.002835
1798372.363578 364.639187 106.081905 -0.005453 -0.008577
158766.744732 676.494758 464.290467 -0.007611 0.007825
584123.108808 679.285178 348.560100 0.018835 -0.006111
1019930.488905 446.877334 500.481839 0.015244 -0.011566
1412068.961846 279.852683 95.546534 -0.017810 0.003934
1390465.348675 524.207483 125.651524 -0.002527 0.004537
1560588.704217 268.982189 41.528111 0.018289 0.008000
709118.110458 29.160656 327.260547 -0.014865 -0.006185
481739.437432 336.367593 116.903406 0.012862 -0.004342
1084185.081108 265.437258 569.819909 -0.004947 -0.011486
321427.933090 65.868228 337.661817 -0.007262 -0.014480
322096.383349 12.079538 475.502199 -0.005175 -0.001921
811598.476400 120.559914 472.745737 -0.001001 -0.015685
975828.599639 663.451528 86.821357 -0.018663 0.018315
980873.326296 219.484474 226.752431 0.007415 -0.016151
1538962.265262 181.996880 256.832311 0.008785 0.004156
1281944.833362 703.940364 411.624939 -0.011828 -0.012015
1646853.441208 292.000531 129.117978 0.004639 0.009417
1334224.681991 17.389119 531.648842 -0.001785 -0.000135
1987979.200663 754.394270 195.823593 -0.014460 0.019076
567825.405192 503.176952 150.446503 0.006504 -0.007420
693992.653253 345.280188 324.897745 0.011022 -0.013976
290886.182473 332.872335 18.542678 0.013265 0.004802
461579.700216 524.026322 590.843063 -0.002168 -0.009168
1440439.939238 90.420774 175.673271 0.004257 0.002726
1578856.275221 480.126058 306.855334 -0.015377 0.009540
975708.803616 319.659308 220.487431 0.009548 -0.017533
1363849.989774 68.467803 295.911137 -0.011056 0.014429
1287670.666020 295.271342 165.910327 0.006988 -0.011975
1793086.186886 724.485911 513.381226 0.015255 -0.005945
253419.465503 481.264513 278.521007 -0.003184 -0.011679
65064.939701 167.128109 484.873237 0.001754 -0.007021
1093948.624606 25.477071 434.453564 0.016595 0.010815
1570950.974510 477.204615 513.730755 -0.008872 0.012816
1433502.711092 738.000303 113.545009 0.019725 0.003895
779698.448619 711.889943 301.566830 -0.010186 0.010862
1707668.152502 297.760045 223.851565 -0.007277 0.011677
1161722.038482 280.532815 0.485999 -0.004429 0.015788
650195.260835 748.705033 555.849679 -0.018025 0.014027
1393276.303724 667.643464 268.260361 0.002110 -0.015478
534900.189626 215.553825 21.146337 -0.001732 -0.009479
1264731.390059 677.093838 91.576233 -0.014607 -0.016314
1848317.172308 790.890254 278.533900 -0.008122 -0.007728
512088.236637 702.306788 394.471483 -0.009737 -0.009309
1104225.446984 465.407537 121.881004 -0.000864 0.005236
107543.810321 140.002533 279.281884 0.000033 0.009117
1156781.673039 614.834940 598.222656 0.004547 -0.011002
520065.349769 196.864658 42.953896 -0.003482 -0.004759
327390.441823 269.643342 221.824971 0.005113 0.005367
1353004.063178 707.195834 307.150729 -0.006612 -0.014379
1558240.596931 709.076426 433.455517 0.019289 -0.005427
706633.334377 28.862304 323.736746 0.012757 0.001508
534505.464385 317.590345 183.176633 -0.009428 -0.019562
1061346.780072 419.590298 154.279547 0.004109 0.017508
1275778.349152 612.672987 164.557305 -0.019701 -0.004246
1816858.008419 547.207032 166.710179 -0.003179 -0.019279
837596.447597 159.607542 542.476444 -0.014359 -0.012741
537634.699856 395.769978 130.624818 0.012332 -0.007464
1509630.032587 60.364448 426.166457 -0.018501 -0.006831
1442342.147903 472.943724 518.604773 0.019131 -0.012279
1603574.954720 492.671365 575.641612 -0.016951 0.004945
706735.606634 787.659535 184.508963 0.005250 -0.003795
651319.147391 40.117707 362.720635 -0.010798 -0.012346
1573016.600485 398.863394 411.626069 -0.019845 -0.007708
1998835.487291 607.353892 229.726700 0.008388 0.012776
1445522.677826 344.779316 246.255767 0.003488 -0.003639
1207599.107738 311.244729 15.008478 0.002527 -0.001383
1297106.122271 733.337800 269.810265 0.018225 0.001916
1709409.523620 225.406203 358.921980 -0.001623 0.000465
1579454.636005 196.706746 6.206674 -0.000964 -0.009987
635151.660366 380.279278 5.500156 0.008014 -0.012593
1657542.871152 338.379147 369.459287 -0.010426 -0.019590
50074.195513 674.305511 239.580937 -0.017996 -0.003749
1728956.987955 558.844210 193.661264 -0.007440 0.006173
1741304.677791 135.066915 561.938964 -0.001249 0.005117
896425.988943 206.850396 524.537886 -0.001650 0.009372
248631.410417 620.897230 125.823774 -0.014661 -0.000939
789536.960791 769.783744 539.688073 -0.019576 -0.011934
1819863.026878 28.586687 26.692669 -0.007627 -0.016562
901731.744829 139.081215 470.689610 0.010944 -0.000481
878442.611954 515.336809 393.935240 -0.004972 -0.015481
569936.175165 659.055660 222.924335 -0.013639 -0.008694
212161.644461 226.671377 35.295043 -0.007367 -0.003306
1070836.321949 568.434996 227.723408 -0.002603 0.008853
1162154.364009 276.010901 454.321379 0.005032 0.006168
1685995.778854 61.335825 496.899527 0.005176 0.014014
631794.399876 53.498787 296.624832 0.018909 -0.002298
