120102.793966 630.524586 121.722194 -0.006081 -0.005540
269277.329682 300.383150 155.918460 -0.018254 0.015164
1260731.205931 301.996990 191.773128 0.013088 -0.002975
973263.179405 632.739164 573.035095 0.008524 -0.005927
1683880.506867 289.542630 229.532749 -0.016841 -0.013039
1760997.696668 175.180804 580.813174 0.011714 -0.019837
354965.669268 682.062794 474.836281 -0.004784 -0.011995
306862.422408 412.077041 346.393614 -0.003485 0.002367
913598.742761 34.732516 562.308960 0.011105 0.014842
723511.401901 210.370709 397.411957 -0.007313 0.019068
27418.055584 127.084367 203.352736 -0.004128 -0.010480
1026719.971107 221.767504 273.299678 -0.000716 -0.017202
919235.655535 527.446218 553.159645 -0.009943 -0.018405
247720.705461 324.069314 333.461560 0.008052 0.012691
229642.751734 125.933096 516.816938 -0.017951 0.017272
1463437.116455 330.491085 118.748419 -0.004258 0.009192
349002.480669 325.694255 533.789314 0.000859 0.011814
253345.397419 21.796947 48.642296 0.003304 0.000367
301882.374241 33.558230 101.117140 -0.017046 -0.008247
417897.793659 158.140373 419.571204 0.010568 0.015939
1032678.423930 703.162980 34.202284 -0.004919 0.017237
1981626.739717 86.772052 206.275548 -0.012514 0.000273
148080.320166 290.717247 545.896441 0.018532 0.015055
1426235.401736 72.199051 542.460992 0.011783 0.006906
826207.458426 756.163107 428.662191 0.003262 -0.019252
17939.873048 632.878793 129.671495 0.008287 0.002222
229060.592236 178.938257 260.621390 -0.013080 0.003967
729567.630556 129.564577 425.814644 0.008383 -0.006030
424191.899795 625.763260 428.028249 -0.015139 0.009788
1179453.697605 667.596157 501.592476 -0.000296 0.005140
1017047.714916 725.111059 344.266504 -0.011059 -0.000458
1184883.571782 186.359774 168.071170 0.012323 0.017643
1669257.284919 738.210913 98.246582 -0.009281 -0.016493
1530870.404807 506.889020 153.261340 -0.001028 -0.006342
1211583.405366 549.794235 75.156151 -0.007251 0.012372
1741377.547263 727.015892 385.911434 0.008275 -0.003856
544004.606336 172.309847 185.236394 0.013849 -0.002453
1594854.852927 350.227340 402.553267 -0.016923 -0.010139
1223177.906695 729.471864 101.563268 0.010992 -0.012939
527324.168257 433.099194 488.007540 0.000769 -0.019342
312490.830343 99.899860 422.428844 -0.009205 -0.002455
1025907.483430 121.107157 211.798540 -0.013740 0.014340
1509229.653286 342.248118 43.761119 -0.017658 -0.009201
1023852.793045 688.414005 427.764421 -0.012673 0.017504
1918069.081343 635.521490 509.651088 -0.014833 0.002815
59433.087734 314.237491 67.595971 0.013730 0.016466
257531.464220 800.284738 21.932669 0.013294 -0.008774
961609.428265 276.967111 259.690908 0.013352 0.000073
582120.371322 470.207258 558.375717 -0.005429 0.006026
408974.288222 701.356439 306.936838 0.016741 -0.017642
899929.745542 700.496962 512.129745 -0.008029 -0.019830
849952.291162 263.231148 237.938014 0.001495 -0.013090
617567.269419 532.518039 103.650237 -0.006174 -0.000035
907629.657959 661.496836 506.873697 0.015480 0.006356
693382.430213 141.961100 148.626388 -0.008911 0.001679
1797970.130014 385.194855 250.868234 -0.003538 -0.004075
955435.349120 688.769238 164.244948 -0.006716 -0.013577
557659.864685 605.712439 293.477104 0.007025 -0.008245
1324351.926951 788.003025 575.741723 0.013372 -0.006805
917046.023028 230.825277 93.773426 -0.007873 -0.012945
1632997.046985 519.446409 212.204519 -0.017464 0.017101
1790149.784549 770.347544 244.972143 -0.007434 -0.004992
1613713.184192 632.481776 140.948244 -0.016777 -0.015071
791753.703166 288.261465 527.589435 0.015412 -0.018580
347958.385175 437.666549 12.151433 -0.014652 -0.004660
701432.257286 473.858302 403.027328 0.000310 0.015823
1693039.169392 258.915917 327.009128 -0.012024 -0.004478
944105.254926 76.053355 210.671329 0.015282 -0.003683
1451122.988691 550.295618 119.656714 0.018429 0.010755
644142.737912 285.257322 76.802359 -0.011905 -0.010305
328294.663843 300.556292 473.808831 -0.012372 0.000408
344141.964030 428.520947 60.889694 0.013718 -0.018293
1995072.262359 551.826331 220.365542 0.001700 0.015577
1509670.835691 11.473394 590.725743 -0.015741 0.015798
783939.521193 665.395426 349.845985 0.003585 0.011720
702233.533702 730.450247 89.402433 -0.000818 -0.015296
783487.379916 514.636185 294.981000 -0.012718 0.013096
1976.599918 282.444988 217.832167 -0.015864 -0.012107
812477.567611 80.763222 531.985314 0.010925 0.005767
1551513.418346 422.457426 394.996873 0.010383 0.005360
1106838.468046 121.051446 279.524313 -0.014537 0.009717
516376.429478 389.675229 393.882214 -0.003764 0.018691
1541877.001311 639.383538 366.604395 -0.009513 0.019232
877046.727052 210.733666 200.511436 0.012088 -0.005351
1062152.807164 166.528525 280.540808 -0.003293 0.019281
220503.739184 154.846258 305.788745 0.010755 0.018114
285758.867062 257.538780 62.787255 0.004303 -0.001853
1694852.848395 693.278844 566.852499 0.000189 -0.009128
1823523.613542 219.353146 44.323029 0.000902 0.001463
109429.840049 768.388605 479.844425 -0.004448 0.010496
331166.874772 736.248375 582.378930 0.005302 -0.006520
1904142.131984 594.138143 318.580120 -0.001570 0.000440
967910.745632 483.236500 499.499659 0.003533 -0.011505
581591.096978 348.645229 47.747121 -0.010612 0.017531
706572.319710 118.045789 128.238220 -0.002962 0.006829
1499518.371885 385.498748 378.511836 0.001967 0.014850
785875.055374 571.649397 474.517484 -0.005457 -0.006112
257524.722376 252.835628 54.169433 0.006426 0.011138
1201976.699383 114.878459 228.736106 -0.002632 0.009285
1186503.038363 579.903105 101.448997 0.006855 0.018409
215485.423904 20.237768 64.882215 -0.007135 -0.001902
1555844.913030 56.712190 560.752120 -0.003684 0.004797
1610655.802121 641.028531 200.605362 0.003847 -0.013397
1363983.919548 580.370306 288.415328 0.010877 -0.004604
515601.680854 298.411526 317.395198 0.005552 0.012260
521772.659627 185.497097 319.222127 -0.002821 0.016144
984056.433190 429.724482 558.086209 0.003712 0.013948
764465.851134 302.367218 557.808109 -0.007328 0.011447
1098768.237559 97.904871 352.737733 0.014892 0.008795
1505133.839094 452.728709 265.994601 -0.010705 -0.006496
1656881.889169 392.857419 426.246497 -0.005678 -0.014812
1035409.796534 493.917951 216.731890 -0.018019 -0.018108
532033.862794 432.692810 350.237996 -0.012176 -0.014339
885049.308131 462.200726 312.087141 -0.005117 0.015774
611963.250959 737.281096 10.169550 0.015721 0.012219
1469794.933437 516.631492 223.277873 -0.012646 0.015433
1419313.830053 5.447781 222.351084 -0.003159 -0.005440
1001399.715897 750.952583 589.479874 0.014492 0.019470
57920.523946 102.964556 317.044464 0.004546 -0.007026
1340168.589419 44.315998 541.214364 -0.012397 -0.002902
1593328.125585 396.786472 209.126428 0.012536 -0.004439
308175.125303 438.480658 21.400472 0.000974 0.009093
1829796.170737 188.077564 440.187218 -0.008571 0.006237
194622.977727 628.741040 356.663412 -0.016830 0.005964
1163384.351490 86.100163 466.709130 -0.015465 0.009039
203536.384834 623.922482 466.586645 -0.019844 0.018801
408990.508136 640.495036 279.546801 0.002268 0.004600
1709918.606891 566.163911 96.857491 0.015679 -0.010650
1776676.395804 644.264292 280.618063 0.004827 -0.016379
248411.979642 575.445135 526.609277 0.008743 0.011925
1052401.075630 239.930952 543.640490 -0.007843 -0.003557
1254879.329007 324.316512 114.468657 -0.003778 -0.003596
322021.593490 487.223970 125.675099 0.003933 -0.014216
1647379.426121 385.790832 521.524472 0.019420 -0.005116
204691.412954 699.131121 106.328526 0.002808 -0.000173
536197.156895 555.562667 128.728192 -0.014192 -0.003471
25648.950611 537.602841 428.441296 0.016707 0.018976
247729.502734 437.008496 228.855903 -0.007404 0.018033
1580350.309415 380.199598 335.525882 -0.020001 -0.015900
1443766.372951 659.132987 350.822728 0.003666 0.012381
1912564.341869 554.580911 409.691732 -0.014667 -0.009430
357511.299829 321.188614 575.488609 -0.004346 0.001859
744693.135258 324.645608 130.956178 -0.016559 -0.007005
387589.365424 167.744887 523.058744 0.002985 0.000963
1645202.005117 291.700323 -0.018678 -0.004710 -0.005383
205411.871060 83.570491 113.386795 0.007494 0.007833
1996032.971887 514.757543 233.726368 0.007419 0.010686
1306804.762830 688.039585 106.800822 0.004501 -0.009861
1450619.077985 788.244464 395.395516 0.017734 -0.017180
1969754.747101 110.391456 168.284351 0.013786 0.008610
1609086.544071 543.628099 45.789612 0.012190 -0.017525
883645.576836 726.043138 99.590147 0.005451 0.003704
1722771.757153 502.615960 142.414495 -0.009974 -0.007583
28763.775727 722.893013 101.796793 -0.012124 0.000569
845989.907554 734.077924 301.064120 -0.016722 0.014443
1143645.596292 54.285263 600.051697 0.014085 0.016944
1423342.375748 525.473983 361.943374 0.011514 -0.001561
1329764.171191 184.633246 221.499287 0.013238 0.014443
1926056.274178 553.437297 294.076974 -0.011988 0.017715
1598411.507718 172.433666 507.882358 0.018763 -0.003694
726058.746095 313.784578 195.470321 0.014562 -0.001022
375371.614646 348.618002 324.969888 -0.012574 -0.008549
932014.105344 718.700599 566.937713 -0.017183 0.007282
811741.037672 587.582529 550.788537 0.010982 0.002616
1557690.799962 589.839558 154.595998 -0.009264 0.017517
399385.155365 53.647823 91.548689 -0.018141 -0.018550
1122038.441301 327.791602 256.744426 0.015480 -0.009085
1805346.826001 59.600925 425.642429 0.000711 -0.007711
1995636.369100 728.860621 96.729979 0.017698 0.019311
1695958.700821 278.884913 428.128328 0.010641 -0.015088
558004.577904 435.800990 516.501617 0.001451 0.012513
1597187.265566 588.970485 528.601527 0.018080 0.011279
1833981.536251 410.152923 114.722916 -0.006185 -0.004001
929917.220459 198.036433 284.697737 -0.013113 0.007631
1471826.909795 138.337108 361.524354 0.015864 -0.015402
1165988.196230 595.362471 277.969317 -0.008150 0.000416
1172216.120722 460.820174 32.667809 -0.002169 -0.015496
1736107.381869 196.285546 508.448033 0.009948 -0.012148
1259741.624473 532.790601 425.451349 0.012849 -0.019571
218963.730251 229.013912 155.223362 0.003356 -0.001588
1902503.935575 255.740643 379.767421 0.002178 -0.011347
1496596.111682 109.622257 576.231795 -0.011547 -0.002642
941537.357374 638.161161 6.081308 0.001052 -0.010211
245239.558744 315.462102 293.249507 0.018817 -0.014295
1372376.816986 480.180933 484.804579 -0.004168 -0.003136
1637971.852737 404.001291 424.288469 -0.016960 -0.016392
337179.376901 23.459292 245.337738 0.012109 0.003341
1249672.392965 440.264449 432.632694 0.003395 0.010458
310196.676436 44.581427 335.757327 -0.013368 0.003285
1607296.809371 230.397860 585.199307 -0.008257 -0.009681
236307.595035 783.643387 515.307353 0.017044 -0.004980
561161.337682 596.626103 528.592787 0.019488 0.012917
1939371.158341 125.419443 511.598099 -0.004858 0.018358
870700.636353 2.344017 305.527147 -0.013740 0.003547
541779.813609 249.186930 386.800702 0.013239 -0.000906
453110.709066 506.957699 459.334672 -0.011920 0.017071
47266.968548 256.637776 543.395826 0.015299 -0.010162
562186.379247 130.300172 594.852793 -0.013532 -0.013959
1629854.769274 105.187203 185.082909 0.006682 0.000387
534606.907766 82.065156 307.632304 0.011060 -0.009665
203362.833803 38.033992 341.991433 0.009836 0.015163
92345.910190 778.616754 306.719272 0.012432 -0.012993
877177.283576 667.669791 297.520923 -0.006210 0.008688
1484435.888699 500.764321 528.636069 0.009364 0.011488
64404.659935 439.115855 550.933018 -0.006344 -0.011401
856791.879449 486.749382 190.871778 0.017648 -0.004621
1153201.109335 34.210670 259.227186 -0.014195 0.011624
618554.387530 154.049939 457.051536 0.012842 -0.019875
1875266.974734 207.565823 502.944813 -0.002688 0.004172
1111007.126566 140.272381 138.258355 -0.002549 0.016402
34336.430968 375.066509 275.337600 0.017605 0.005693
1349224.196444 291.776955 250.020331 0.019705 -0.007778
1602661.077679 455.369121 209.463479 -0.010664 0.008588
276647.354605 434.135999 544.538814 0.016185 -0.005508
1822198.850020 670.949754 373.428844 0.009954 -0.009128
453696.245539 243.719300 268.418962 -0.001713 0.009666
713133.517985 379.359133 125.444604 0.012605 -0.003607
36437.158490 391.775402 464.295878 -0.002757 -0.000641
159010.190591 189.160737 31.285291 -0.002857 -0.001209
1535456.720523 453.452049 7.008495 0.007013 -0.001275
749811.288319 469.697628 183.359527 0.019877 -0.006548
1154889.427663 179.161418 384.440716 -0.019009 0.007230
762647.938338 304.902824 92.748571 0.003623 -0.012144
1129345.827331 486.857864 411.209083 -0.006494 -0.018280
337378.635228 334.183180 168.579678 -0.011168 0.013859
1499918.929068 791.106532 247.916341 0.010410 0.006602
1760744.261444 109.004389 150.094711 -0.012552 -0.014651
1172923.453698 610.685930 215.447617 -0.010940 0.011535
79642.974809 486.347372 101.229586 -0.012203 -0.012040
730713.756164 607.222782 484.176012 -0.017945 -0.016078
1702955.846536 175.722392 309.585971 -0.014705 -0.002375
724785.897287 705.762982 257.838729 0.011033 0.005755
187236.443249 524.445322 468.405275 -0.006229 0.013673
1828784.213322 744.412574 363.056683 -0.009236 -0.013464
787390.226865 250.358321 459.582324 0.002495 0.000271
1929498.061505 742.790875 160.747998 0.010748 0.019205
730520.102536 499.336477 119.983752 0.015236 0.010405
1281053.293162 194.602523 382.158447 -0.017200 -0.019245
562426.321470 130.560330 404.880230 -0.017523 0.000291
1033437.869061 780.309334 263.023003 -0.015114 -0.010069
1192859.900739 412.677163 336.677836 -0.005501 -0.016839
138898.690296 261.571320 3.877032 -0.006521 -0.016006
1973181.982512 561.279896 433.982244 -0.012559 0.003324
957790.512106 661.048547 496.523739 -0.015332 0.015870
1692076.045876 318.199479 36.231822 0.000831 -0.001630
1136829.509929 29.615314 260.659141 -0.019617 -0.013621
1367539.427880 482.642362 405.903584 -0.010182 0.018656
1509350.044424 252.184912 175.993511 0.010433 0.006091
785056.476847 598.310514 212.511236 -0.015369 0.017388
1873643.585422 475.912931 456.911490 0.010549 0.008437
1315983.134935 488.053387 64.992935 0.008771 -0.014744
1135951.929323 229.054491 100.746708 -0.019868 -0.008251
656102.584980 548.905769 538.914557 -0.019844 0.017283
1727078.126616 606.557795 148.287620 -0.013746 0.000825
1797488.349396 439.125641 161.286637 -0.009895 0.006601
406141.346510 151.702289 156.084951 0.018574 0.018120
1941231.998588 497.462902 337.516774 -0.016818 -0.006379
1386830.762674 518.263171 376.669084 0.014462 0.006006
1843128.023596 152.012045 201.937195 0.012776 -0.012247
538331.757550 546.154856 571.568274 0.000654 0.013553
944807.663069 332.226315 233.238494 0.009470 0.006619
106756.882792 755.078810 514.229318 -0.007521 0.016341
1618777.323337 226.681057 318.254268 -0.005101 -0.005350
1742666.514471 52.447033 6.603452 -0.000039 0.017101
1321460.731012 336.798334 69.889050 0.019899 -0.010402
620834.287545 213.313427 553.609170 -0.009484 0.011310
1523195.320518 587.659571 118.902925 -0.014007 -0.000951
1731081.362688 162.965865 252.001213 0.008898 0.000658
656632.629529 425.423261 480.243857 0.014355 0.016131
325566.043298 583.933086 581.226627 -0.013076 -0.010847
1792559.657149 666.708577 390.063124 -0.019484 0.013242
1778465.217808 259.107494 59.195208 0.012416 0.003494
1763427.173609 458.120529 192.823407 -0.017301 0.009333
1593951.392730 756.125241 556.143464 -0.011315 0.006653
886016.743670 435.995248 119.233707 -0.010342 -0.003822
204796.643092 324.128913 80.749353 -0.017154 0.003062
727276.621725 773.802708 248.035909 -0.019565 0.019171
488690.041233 721.867130 182.860420 -0.006275 0.008562
1781116.410057 179.427534 172.104093 -0.011502 -0.007823
20635.784613 7.239621 149.748144 0.017491 -0.010974
1834876.302553 303.665567 462.588934 -0.015339 0.004932
350019.654422 174.793481 16.891393 -0.007616 -0.008386
1214501.650638 538.083564 154.942006 -0.019202 0.007477
477760.385944 211.479347 353.426671 0.001751 0.004281
605806.972182 347.196962 499.189941 0.003598 0.005806
272576.070518 480.175234 392.483426 -0.004559 0.001508
1759240.741729 243.087959 550.322601 0.006001 -0.003243
1080301.612187 660.407752 382.902470 0.002769 -0.014597
1857771.559552 140.414687 484.560543 -0.012500 -0.012177
988850.145130 340.231040 276.470669 -0.016669 0.018757
134591.829094 309.318453 242.194622 0.015979 0.019036
96963.198901 28.462353 345.883245 0.008203 -0.003140
227820.812831 465.347612 434.961814 -0.018757 -0.010704
290631.014058 457.348946 34.520025 0.011425 -0.014451
385931.693197 569.886723 189.845598 -0.019994 0.015993
1023297.854244 396.746154 195.359377 0.018850 0.003209
589125.026292 31.416659 579.353424 0.007928 0.017486
1882412.602139 596.831936 584.049239 0.000698 -0.002078
790218.714061 505.035076 18.605225 -0.015185 0.006536
526777.357108 212.441963 140.200786 -0.007126 -0.017998
748590.766801 411.685930 457.600711 0.007597 0.000604
1324791.236466 161.844209 6.219559 0.019520 -0.013045
1179151.767483 226.001624 127.973938 0.002189 0.019215
301466.356172 396.274161 435.184678 -0.015005 -0.019483
349183.755158 415.212800 387.262249 -0.011774 0.005608
616335.581344 375.041322 543.550914 0.001711 0.011574
1910511.639859 733.606684 182.850128 0.008706 0.004279
1640005.631205 304.522128 485.100358 0.013260 -0.005308
1964468.728734 336.067245 390.780589 -0.012198 0.018996
1261209.360911 276.333527 282.391713 -0.005742 -0.001188
968463.258337 424.642396 593.677820 -0.014824 0.009442
1257770.379660 350.137977 123.606446 0.001320 0.019237
1991034.577596 391.544304 537.883174 -0.008000 -0.011718
1007596.648767 95.939330 353.092576 -0.006966 0.017960
1912045.142572 235.869454 222.809450 0.004267 -0.000415
692628.538559 190.041887 501.151481 0.010176 0.003335
609848.141023 240.816663 74.975400 -0.008229 -0.002770
1723251.459991 737.975766 520.971233 -0.017338 -0.001709
1696924.347289 50.183901 568.062571 0.009822 -0.005538
309029.791648 199.528419 289.671240 0.009662 0.002392
867302.640745 558.966882 513.649486 0.012188 -0.007811
691843.061099 120.789336 325.766332 -0.012816 0.018679
272265.500516 388.576259 161.988951 -0.009549 0.011204
1400582.436193 98.313553 421.510265 0.002880 -0.012361
320566.674844 333.342882 151.049859 -0.015710 -0.013503
1229627.376064 209.068115 246.536546 -0.016071 -0.019846
1946485.269790 425.022068 421.269321 -0.009804 -0.002137
15066.369444 140.463373 292.381867 0.002002 -0.005749
911695.870064 548.946421 505.916227 0.009031 0.017879
1245159.992597 340.428905 42.395549 -0.006731 0.020004
519428.529087 388.668215 246.955303 0.000415 0.003797
1147820.552414 101.824910 512.668058 0.019419 -0.011041
1717933.562453 767.058117 453.508754 0.002478 0.011492
183230.377819 455.273589 578.004412 0.003166 -0.015275
640928.558372 27.688250 483.076652 -0.013466 0.010353
1503776.668340 628.754917 111.339000 0.012858 -0.015541
360957.489517 65.319833 358.257250 0.003692 0.003728
380073.533570 132.286785 431.855359 -0.018217 -0.013986
1889061.825298 723.247511 66.040732 0.008006 -0.001364
1796955.322752 633.576782 20.484595 0.014489 -0.005170
306282.549308 146.655703 243.274150 0.018339 -0.006179
332156.324914 567.701957 78.894780 -0.005921 0.001292
485168.456326 426.430255 367.582760 0.013284 -0.014955
413343.113108 24.032789 173.911556 0.017090 -0.017015
883643.182406 697.213072 587.044483 0.002075 0.002831
887249.075289 360.314004 217.645811 -0.000893 -0.007464
1467432.667253 504.564024 297.441431 -0.014416 0.003560
1682910.725327 244.783724 179.400642 0.018945 0.006312
1660796.624450 172.339856 113.827666 -0.002245 -0.017783
629926.086697 520.285236 50.834905 0.004202 0.003099
318150.466456 37.489635 269.265341 -0.014119 0.003945
40123.955365 464.703798 29.382632 -0.004708 -0.017576
724761.667999 93.738100 413.819083 0.014323 -0.009780
558074.092752 559.622464 337.140538 0.003110 0.006885
438651.350531 326.488216 533.002698 -0.003897 0.014303
1885724.248311 579.304593 301.070022 -0.018901 -0.006812
158400.153815 149.265340 226.233587 0.001128 -0.007012
1952982.963972 437.910353 543.332898 -0.018952 0.017258
1927788.328346 310.910648 28.436973 0.006180 -0.010115
607879.136041 746.696793 567.553543 0.014627 0.000448
1236504.919471 67.941158 551.396414 0.000249 -0.000244
1541570.438790 358.961193 131.518751 -0.009104 -0.000956
1098586.873663 281.975531 398.109886 0.017059 0.015189
1973812.054831 722.809814 257.014927 0.015664 0.017294
717421.361579 684.510521 190.602606 -0.003736 0.000391
1128238.588166 568.334415 265.660710 0.000399 0.003048
1906900.824936 102.942523 396.668186 0.014905 0.005385
311031.282093 514.483079 50.341515 -0.004987 0.016661
1119457.958787 738.997032 161.137606 -0.010896 0.014004
295815.608602 167.751508 451.898063 0.003016 -0.015961
1365835.790227 747.059980 574.177664 -0.019986 -0.006402
933742.419320 452.106985 30.376833 0.016398 -0.016985
1254474.420685 690.202729 122.001377 -0.008476 0.009413
1674721.783807 355.300249 227.475938 0.016825 0.012739
589441.845468 384.371829 445.651743 0.002538 0.008116
1186208.380939 568.420863 547.441391 -0.006132 -0.008545
28320.921598 24.209179 132.017791 0.018866 -0.018783
1123059.363627 350.674152 356.884635 0.004440 -0.006069
1339490.994503 192.321984 126.464495 0.014915 0.001144
1892333.765464 567.933007 583.213993 -0.007106 0.005289
1580513.963280 495.674880 66.430056 0.001273 -0.012685
1628540.167412 100.853751 535.795631 0.009077 -0.001105
358744.990248 592.824741 301.632749 -0.004018 0.008495
1065496.480589 768.963118 90.491143 -0.014910 0.002956
996930.964755 638.194562 488.768994 0.008370 0.006813
685065.261407 524.132247 228.632955 -0.007541 0.019177
22284.613001 83.377795 359.972691 -0.014938 0.005247
1564209.169505 749.416491 458.041358 0.006987 0.006546
471659.941818 683.811671 242.609174 0.009527 -0.009803
234378.384535 216.597688 129.625036 -0.009257 -0.004033
1581110.075852 613.183774 117.751844 0.004194 -0.000964
1733102.233956 757.750035 78.355141 -0.010136 -0.009512
222272.466972 206.630802 219.768668 0.008445 -0.004776
7593.072023 394.632347 189.890868 0.010701 -0.013209
1961038.188991 2.137487 13.796625 -0.004579 0.009652
554464.627316 401.920446 7.454948 -0.000263 0.010838
821613.773155 227.269104 322.339614 0.004127 0.015563
24485.756655 378.610521 502.004694 -0.014268 0.008815
196372.594776 203.418682 587.575496 -0.001419 0.018574
718005.964867 374.898450 274.705998 0.007030 -0.010277
1252709.545778 525.311952 142.523563 0.005953 -0.018323
1958473.456073 741.410638 326.394770 0.019637 -0.003219
628831.249023 321.966503 421.756023 0.014048 -0.019638
1185057.482303 690.606886 289.269895 -0.002860 -0.019727
406775.272641 421.385579 156.913570 -0.012811 0.019547
452064.211691 432.972745 275.845419 0.007359 -0.011339
1391094.198167 248.852446 524.469834 0.017284 0.018346
1830316.959801 730.347700 531.851899 -0.001630 0.016150
610994.441719 618.522964 183.907705 -0.019649 0.004987
631021.334152 481.579039 292.463152 0.011877 -0.018659
989235.750860 1.595605 334.298722 0.010238 -0.012652
1098658.789461 784.756123 434.994730 -0.019642 0.006629
1883467.686308 564.290557 585.909826 0.012702 0.005475
1871849.530317 584.557797 330.779832 0.012870 -0.012429
911993.535660 102.036782 577.666094 0.010533 -0.014571
1176139.691461 61.910005 443.149378 -0.016942 0.015033
1537174.407177 456.487275 526.587923 -0.006945 -0.006940
123261.179832 700.673867 184.951865 0.011583 0.015179
1946848.674653 582.880772 354.057525 0.017985 0.001721
457599.283409 708.775325 164.376670 0.011216 0.008296
926562.791190 189.191535 501.253589 -0.001028 0.020299
1942178.605097 11.898438 45.676982 0.008383 -0.016364
1905775.863633 382.460942 397.233628 0.013253 0.012157
1975712.466974 713.754513 407.828656 -0.008249 0.007161
1128937.655654 214.892667 243.908986 -0.013859 -0.011231
1900458.380534 306.405083 62.351014 -0.011054 -0.013434
1623668.112617 549.865717 239.900265 0.005854 -0.015460
798515.523224 494.077432 76.892644 -0.000969 -0.006935
438456.544857 343.413352 482.479266 0.015171 -0.009714
1216805.763178 694.782662 90.945232 -0.008491 -0.013412
1661706.700764 681.639215 259.530194 -0.010492 -0.019718
1303971.794110 150.619604 234.005982 0.010266 -0.003520
1107963.914568 454.964855 59.196189 0.018172 -0.011406
425643.800956 282.760186 499.710533 -0.006788 0.013458
318262.858465 448.759831 155.023777 0.018555 -0.002310
1036196.117772 457.755805 186.314739 0.006823 0.014502
948553.069005 401.155538 427.526250 0.016356 0.009463
1438074.149861 447.278983 555.906560 -0.015628 -0.007475
677338.477540 530.470456 530.573608 -0.002496 0.004697
197747.041563 520.817272 583.111349 0.017233 0.019661
1601492.672973 71.925564 330.959004 -0.017637 -0.017825
1987075.958395 461.672159 375.384176 -0.007839 -0.010076
971748.938305 621.998993 449.235245 -0.012076 0.007409
974474.447302 733.618435 146.517153 -0.003446 -0.018930
1121549.802423 602.098804 413.400244 -0.002206 -0.012390
613932.794246 434.825564 504.566090 -0.008865 -0.001006
1665525.531241 62.991509 338.927890 -0.004539 -0.014507
1238773.710671 302.610850 429.375352 -0.010183 0.007289
1925637.924078 585.191128 276.311658 0.008453 0.017190
290519.337305 158.719199 507.970049 -0.004380 0.004497
1745488.432117 760.778648 219.037977 0.002466 -0.004187
1111265.337612 695.233588 563.442462 -0.004207 -0.013984
829182.160473 183.911830 135.776964 0.019217 0.004578
728391.627189 479.139569 596.041097 -0.016852 0.013723
1349985.243450 33.591176 345.833350 -0.014554 0.010158
1010733.056353 223.998910 571.451554 -0.005920 0.006802
1129411.861826 180.022324 372.963958 0.017209 0.011480
33999.050983 388.838270 393.872795 0.018879 0.015303
1606354.705806 296.527266 66.795097 -0.018801 -0.005952
1451822.744427 314.991438 570.294362 0.008760 -0.001038
1590584.168020 314.940780 309.291762 -0.005147 0.001144
538209.161040 701.108456 485.088590 -0.011155 -0.010862
958317.440449 628.446203 272.029529 -0.015989 0.008644
479655.517489 94.223400 120.508327 0.015845 -0.017028
167238.956395 558.869046 267.250203 -0.012178 0.009130
1592486.357127 737.066672 73.155992 0.009859 0.005617
1189583.299304 433.316852 20.577470 -0.015559 0.016560
1124831.962923 303.362469 474.126013 -0.005176 0.004015
37146.621401 680.330824 232.351981 -0.001135 0.018044
205026.889315 569.011301 40.984323 -0.007868 0.004302
284161.461650 310.146163 183.745319 0.003490 0.003332
68690.410847 306.436607 301.972019 -0.013751 -0.014789
287411.349028 600.413661 403.659802 -0.012906 0.014454
1171263.018237 591.753973 143.931543 -0.004977 -0.015530
1682127.158941 315.183333 577.246284 -0.010884 0.014572
1824708.168313 264.560607 346.550753 0.019216 0.005362
369206.509725 98.062812 13.226696 -0.000371 0.008402
1208981.916871 419.721566 56.060158 -0.015659 0.007257
446720.970071 201.948995 259.143250 0.015813 -0.002830
586212.983628 385.022176 101.855102 0.001339 0.014292
560717.814863 299.467707 150.814496 -0.010338 0.004120
234257.601311 123.581441 559.168022 0.007792 -0.014617
1133248.557864 703.375722 154.307026 0.003534 -0.005192
1934248.125150 153.910501 536.783600 -0.017577 -0.007946
1152133.833222 226.504966 331.630831 -0.019684 -0.012908
1965200.129880 240.645688 396.593645 -0.013879 0.013376
1034901.121182 345.996619 125.752667 0.010811 0.006922
1623246.405098 708.841381 497.102140 0.009754 0.003209
1926329.093951 248.333477 276.004348 -0.011180 0.015962
1658576.383096 150.314728 54.950693 0.008976 -0.010073
786221.519479 240.605470 318.801494 0.017817 -0.007682
1421758.733421 743.002545 365.356328 -0.004979 -0.017062
888519.625593 711.203157 307.900557 0.006022 0.006229
374128.679919 371.762290 325.726108 -0.019383 -0.011611
247207.860577 782.965168 311.760674 0.003302 -0.012042
838233.393076 329.874390 231.768919 0.000612 -0.014428
1269501.125100 723.046479 262.399368 -0.013923 0.014902
1490342.234955 701.667265 467.394300 -0.005826 -0.010057
1720173.599068 639.060970 82.442322 -0.005111 -0.001877
1589947.016719 447.936925 550.736081 -0.006479 0.003061
254199.274003 369.622118 332.108774 0.005898 -0.018210
1506623.924480 52.689410 274.409637 -0.014401 0.003090
1187558.641279 619.486615 289.267466 -0.018784 0.017647
663885.182079 620.282104 490.760535 -0.015549 -0.014782
134186.233456 776.849758 557.527721 -0.011842 -0.006224
763995.101100 799.458363 542.563449 -0.008030 -0.006497
960104.740672 341.106154 479.438937 -0.018608 -0.017004
1689167.128731 629.854075 84.523573 -0.007905 0.017117
1435140.350571 716.223219 421.867420 -0.012036 0.017047
1287450.956780 425.052406 421.446655 0.033218 -0.000984
1664884.491668 423.650653 368.400274 0.010561 0.009340
1916152.068375 115.410442 439.981714 0.014431 -0.002270
142374.806172 274.424517 522.217924 0.014832 -0.004931
1889104.925044 571.998873 98.214329 -0.016645 -0.019298
184043.514628 642.159537 547.293518 0.011782 -0.019929
1678137.485719 350.635139 319.801568 0.001623 0.016045
349432.717240 299.031824 257.518671 0.011520 -0.014605
327130.583267 597.507439 167.633634 0.015872 0.004361
1445781.852792 774.589152 571.293992 0.003726 0.013547
657045.848974 430.380119 332.770334 -0.000286 0.004917
1143416.638087 467.927013 255.004409 -0.000619 -0.004818
853229.746620 259.310362 490.932787 0.018361 0.014567
1436276.935710 106.706744 143.261549 -0.014057 0.016932
747046.145027 249.269681 400.909965 0.006107 -0.011759
555282.349025 300.285755 106.307723 -0.010824 0.018766
31011.744417 446.329036 303.850825 0.002802 -0.017975
259713.421697 113.371850 381.507473 0.002207 0.005057
30230.289339 785.606386 570.305411 0.013298 0.017662
1629124.594680 440.379215 44.844381 -0.017895 0.007952
1993199.337271 341.141820 5.780140 0.006605 -0.016814
437214.899080 754.184014 272.511153 -0.004219 -0.013117
847463.854052 328.867161 438.407735 0.017224 0.019223
1561464.248021 48.447751 73.434179 -0.003334 0.004613
1496915.452879 345.380598 358.199859 0.007981 -0.009430
1076064.875850 410.415139 489.225034 0.004502 0.002609
1028186.607653 487.291365 594.931290 0.000949 -0.009058
141764.248787 594.370471 129.969308 0.001007 -0.014467
778578.041484 759.087618 329.530477 -0.015254 0.015197
1058486.954802 720.139472 564.270012 0.005942 -0.007206
1112790.978101 319.643931 448.409143 -0.013854 -0.016073
24501.685065 553.692751 366.528300 0.013094 -0.007836
353571.678676 273.016140 548.318998 -0.013261 0.014622
375264.103699 191.553037 365.561489 -0.003808 0.010609
1493884.026769 635.067634 428.963306 -0.008193 0.016528
1188817.119779 659.917764 487.989177 0.001404 -0.000928
259519.063057 73.535444 525.534248 0.015128 -0.010178
1949033.547169 712.020571 562.393266 0.003451 0.008704
482529.103981 609.674109 35.824909 -0.013821 0.017256
1850091.109914 273.820213 102.612551 0.001380 0.009872
1871495.037280 224.831874 324.699099 0.006104 0.002963
908785.677938 195.403971 241.052027 -0.009281 0.011204
1755362.652128 318.218818 522.488891 0.010157 -0.008996
232765.271437 582.377339 98.911967 -0.018005 -0.007334
1765166.354256 236.105581 45.912477 0.017672 -0.002012
15434.920795 693.100118 474.816560 -0.012874 -0.003991
1077013.659792 90.945536 409.146893 -0.016814 0.010589
516053.778360 427.302569 5.498469 0.006382 0.012098
1576709.125925 429.786213 119.340771 0.006405 -0.008351
948767.654108 620.818636 11.952594 0.005589 0.013190
667159.362075 417.590423 74.324244 -0.003591 -0.001443
1146380.339352 334.196432 198.370187 -0.005377 0.003857
1462269.868451 722.484766 426.658834 -0.003544 0.019277
949273.004639 536.541859 309.887060 -0.000661 -0.006819
636841.273232 217.393615 520.651859 0.000698 0.017244
316267.470045 793.326683 424.365699 -0.012919 0.005283
1072709.865436 409.068109 92.515640 0.006413 0.016867
1234697.917120 187.160759 203.619978 0.017921 0.003936
1871003.135047 543.295692 300.468161 0.005839 -0.016339
968257.898916 96.009860 457.485526 -0.019871 0.004205
184803.100389 255.810907 525.671953 0.018334 0.013472
1613704.762242 94.149440 497.162308 0.000560 -0.008182
920804.219749 40.335762 484.031300 0.004734 0.008370
1455508.939668 184.701350 566.152282 -0.017315 -0.012833
1084419.887087 1.594298 515.006670 -0.018237 0.005934
1899527.167855 422.344360 461.387358 0.008467 0.001128
745706.753221 643.377010 508.921669 -0.010099 0.010552
1369434.811813 44.287047 529.080418 0.000560 0.002782
353913.564400 779.627235 371.823092 0.019306 0.003531
660308.989072 568.709982 491.848049 -0.009044 0.011121
1997036.600484 653.434302 468.664415 0.014266 0.014404
857968.969670 644.872090 232.628591 -0.012088 0.000742
1832483.595159 456.853100 194.067627 0.011104 0.012377
174050.590104 359.429938 525.163743 0.018759 0.018487
887791.815627 116.172438 561.530293 -0.017445 -0.014849
1048845.100705 314.769545 504.257042 -0.006250 0.006699
1236598.032171 273.745307 290.285599 -0.004036 -0.012068
688449.854352 662.499632 2.806122 0.009263 -0.018953
1047717.716101 518.821479 357.869884 0.013896 -0.003496
831685.772553 746.923658 516.949336 -0.008421 0.016115
1646809.537731 587.703382 29.229742 0.010389 0.011928
354697.854423 226.979595 114.983084 -0.019287 0.005136
1718570.137265 508.534869 581.782641 -0.006273 -0.018629
338487.908402 549.921150 517.493327 -0.013006 -0.003232
1776805.868268 558.753030 40.729635 -0.000610 0.001831
960078.654327 720.517909 287.249144 -0.006584 -0.012451
763596.911339 131.500583 555.740012 -0.002773 0.016995
1446903.674606 486.308532 125.215819 0.016871 0.005172
1673049.761761 619.616564 156.159054 0.012242 -0.015284
591079.477496 780.564293 482.980831 -0.013692 -0.013979
450261.526019 37.059975 509.504077 -0.008262 0.001258
788880.985598 618.710683 259.076301 0.014940 -0.015431
1247242.441982 204.387202 167.249438 0.001996 0.007424
405506.701397 218.083394 175.506801 -0.003539 -0.012427
1835863.754077 197.956054 576.696646 -0.012853 -0.017832
159031.381905 379.756947 18.527894 0.015402 0.005311
362722.217274 87.689933 407.301881 -0.018648 -0.003808
420997.232395 340.067494 105.458917 0.005796 -0.007903
580167.091722 213.231567 332.666639 0.002776 0.012610
479025.265425 617.084285 52.775077 0.001293 -0.012685
552036.800679 360.096241 258.335267 -0.010477 0.005113
969986.005207 253.880389 61.801174 0.000724 -0.011932
1471710.388303 557.562441 187.653830 -0.003400 0.009162
1430984.936390 500.597988 91.279494 0.015653 -0.009266
902052.609670 144.876403 320.997066 -0.019789 0.010004
700700.571156 195.573206 313.146026 -0.002450 0.011070
1408199.004553 571.511125 136.830202 -0.014615 0.018110
1713095.736556 495.968822 161.644795 0.018410 -0.014603
944491.339356 556.909103 498.983027 0.011379 -0.015570
1119457.834922 400.316497 441.499598 0.008485 -0.004352
8319.607940 130.608640 343.717537 0.001558 -0.013272
647061.014849 711.614097 247.515215 0.013807 -0.006851
379545.065751 439.244076 25.771845 -0.003328 0.007329
1990576.603445 218.777327 181.623094 -0.009387 -0.010666
876473.971119 589.774082 557.737349 -0.009186 0.000887
80381.552726 664.365593 13.420896 0.011033 0.001697
828036.629980 624.689109 423.188842 0.019510 -0.007207
1747623.103553 248.525568 124.674787 -0.008535 -0.013751
1072386.123739 381.152039 423.382364 0.003192 0.015738
777386.485961 459.502022 100.643660 0.007650 0.013586
801906.589792 103.867541 346.027326 -0.006797 -0.003961
197987.358178 296.214713 138.062616 -0.015154 -0.014133
1545926.498969 428.239789 556.336777 -0.000630 0.001110
492654.834172 281.843093 500.252955 -0.001429 0.005300
1978982.283724 792.809642 69.231040 0.007765 0.002808
17631.095842 66.329242 86.551701 -0.012956 0.010998
1966499.848276 461.677800 543.373800 0.003116 0.015516
611006.784537 527.309316 167.149262 0.001452 0.011210
850069.038966 247.134039 189.677874 -0.005917 0.011501
1676786.882652 478.990578 83.592648 0.006886 -0.017866
1557780.060711 529.494402 26.257393 0.015765 -0.005739
1227310.625476 722.618099 263.192935 0.010847 -0.017792
428616.731627 592.285257 393.478849 -0.015227 -0.007965
1127178.874392 340.186475 576.375408 0.013663 0.018423
1480731.590409 213.063250 162.135727 -0.017758 0.004782
115335.758829 715.322788 130.608111 -0.012097 0.002659
541498.807511 781.055109 137.044429 -0.007429 0.014831
1167776.423119 742.289025 464.369354 -0.019065 0.007411
1705487.274428 189.980564 255.868623 0.000332 -0.005719
1455042.508177 58.093754 469.373233 0.007514 0.016568
1485351.840726 341.864616 108.581210 -0.019523 -0.000650
1600046.444498 55.905772 226.850624 -0.019284 -0.009273
1889695.885540 230.405474 146.815622 -0.013086 0.004136
230475.999522 605.624058 319.108529 0.015525 0.011182
434670.210087 593.455668 10.128975 0.005757 -0.009959
748135.628527 296.912364 193.365957 -0.013697 -0.017657
474188.291689 718.681605 292.461642 -0.003299 0.016315
1941577.332067 174.358035 588.715251 -0.006021 -0.010633
499196.726130 235.236906 314.416862 -0.000248 -0.001311
254300.674542 487.641369 134.032991 0.006357 -0.000091
6325.354803 700.334961 143.998206 -0.019183 0.000816
980919.682878 315.843818 534.900282 0.012545 0.001981
1900851.625903 40.314859 269.176656 -0.002560 -0.001267
719689.197242 326.315933 412.214718 -0.006341 0.010293
1844748.197982 472.765088 30.437599 -0.002164 -0.016575
1036199.990211 459.086852 416.493310 0.009647 -0.010740
385683.919483 595.665342 65.106026 -0.002694 0.010616
1256102.471266 738.631683 95.920474 0.000675 0.009823
1419511.694191 375.632137 472.608474 -0.013639 0.016263
511292.832210 414.998153 189.457195 0.017689 0.014398
145034.134456 691.418921 270.259848 -0.015048 -0.007554
1071721.370831 513.319962 530.735636 -0.010798 -0.004670
233847.819378 338.357142 77.155762 -0.011020 0.014216
1786277.592083 682.100819 467.483785 -0.017901 -0.005090
1031918.257955 609.765212 505.856488 -0.007877 0.016826
1499349.890975 446.590773 263.473002 -0.017359 0.000062
597617.807145 110.165857 219.206036 0.010000 -0.009540
1353622.215499 228.351037 541.944343 0.002465 0.000630
573296.933702 542.695902 563.754595 -0.003404 0.016137
1590131.532210 246.361258 453.853609 0.002996 -0.005561
258416.177825 72.682020 73.679155 0.018867 -0.004269
87595.200207 577.085718 571.511163 -0.000685 0.011451
906233.425674 625.654565 554.269156 0.012749 0.001245
370032.188655 396.136742 489.586539 -0.016462 -0.017730
664767.085884 299.710011 441.615020 -0.009137 0.011578
1278253.811075 53.081524 58.612878 -0.004141 0.005627
916040.443311 420.034796 438.715416 0.003227 -0.000151
249204.321880 499.451884 130.482979 -0.016939 -0.015704
8661.484350 424.229950 533.517759 0.017141 -0.006054
841302.204338 90.242137 506.288608 -0.010489 -0.011968
1802783.200425 455.834158 346.013174 0.005478 0.013643
731632.451868 220.872498 544.651293 -0.001433 0.006858
1096714.972098 736.869523 118.101836 -0.008811 -0.000014
1386984.768969 323.678843 76.221880 0.016467 -0.000750
469499.863903 732.362489 6.713358 -0.015017 0.013788
718651.906922 435.596689 574.446625 -0.011854 0.011251
316653.122342 84.172790 211.237201 0.009764 0.009340
385530.231700 79.931997 10.909677 -0.015988 0.002562
1379939.433830 519.234920 291.349731 0.015438 0.017157
1974529.288697 463.906256 199.397315 -0.015477 -0.000370
1626419.535664 279.540577 244.584100 0.012971 -0.001066
503204.831157 146.336068 10.735735 -0.011631 -0.004514
1600260.999799 293.251023 294.713681 -0.013930 -0.015945
467442.890847 275.481049 121.037774 -0.009920 -0.002202
1530910.291491 753.211836 56.393208 -0.009997 0.013164
43405.273949 190.026897 245.203951 -0.005812 -0.005900
1801413.789299 133.638389 421.079286 -0.007681 0.019663
348673.859774 447.726345 104.865895 -0.012291 0.010750
1122384.702378 793.633737 81.016065 -0.017905 -0.014238
474000.488629 229.286195 293.428112 -0.002438 0.001551
1867761.544822 163.005810 288.122241 -0.018878 -0.001830
617712.498930 39.468586 415.344367 0.008736 -0.003855
88793.583256 494.969301 342.605024 0.009867 0.016989
1123119.018564 736.065926 291.759628 0.009398 -0.015511
510837.786138 237.621950 62.717415 -0.004344 -0.005989
498234.962345 502.568094 381.689767 0.009529 -0.017333
350510.791107 537.725520 162.787206 0.006239 0.007963
1451432.125387 771.433422 449.251222 -0.003341 0.007324
303273.376219 370.183816 180.090900 0.008882 -0.011673
454803.713809 227.060555 76.276548 0.008588 -0.019208
480071.545802 775.579614 189.895485 -0.006233 -0.005565
1333575.176696 474.949155 592.986104 -0.007813 -0.006722
110627.538576 382.900414 2.084180 -0.006978 -0.014565
1406769.050940 41.604585 59.204624 -0.001895 -0.001187
1561676.394922 482.450420 559.436235 -0.016755 -0.006990
281255.947557 246.848610 365.077200 -0.009254 -0.019074
1257382.930842 407.164491 595.906702 0.017796 0.014125
706537.016996 489.600742 268.649091 -0.006335 0.016642
1558318.719993 317.949254 236.915532 0.011338 0.008938
1057752.200895 389.341005 465.694244 0.005108 0.017513
491364.625511 326.469016 325.147386 -0.012864 -0.000410
1734950.389590 255.142963 479.263386 -0.000928 0.003494
1643357.573842 84.518189 57.139132 0.012570 -0.017967
1898263.090243 134.007028 397.726927 -0.004150 0.000394
1157183.811607 140.761784 544.336450 0.018935 0.018338
1260090.642264 401.525085 266.765418 -0.003780 -0.014823
767107.214205 521.371349 323.101895 0.016995 0.013179
55740.578126 634.644464 88.924242 0.013036 -0.009272
1471867.368311 518.839354 224.897531 0.013036 -0.001638
851158.514084 624.398549 377.823787 -0.016459 -0.012918
279214.015361 533.238832 211.722119 -0.018177 0.005621
622537.959657 541.199298 84.946193 0.010262 -0.016718
543551.074594 112.237917 439.462190 0.012666 -0.017360
1125283.938425 670.323216 515.179164 0.008430 0.006541
255944.995329 357.693018 187.245507 0.000113 -0.008835
1549879.616848 742.668326 35.502127 -0.003803 -0.019307
474171.187949 435.848704 410.428036 0.003574 0.003647
648167.413030 720.790269 160.405725 -0.001353 0.006305
697835.028496 590.068548 478.477016 -0.016725 0.001913
1725670.433475 515.882106 231.191227 0.008696 -0.005469
99429.388577 679.245902 481.619052 -0.005521 -0.005938
163663.104253 109.405033 168.314157 -0.008563 0.000294
594763.153510 303.435443 52.523788 0.019267 0.018778
1355525.087265 244.687996 521.967783 0.017871 0.010910
1053977.892294 234.887516 305.698330 -0.007018 -0.004946
115031.983757 149.724725 12.584763 -0.002311 0.016321
752375.869431 393.925104 454.897839 -0.012793 0.014193
219437.964363 208.649668 595.057846 -0.004391 -0.003924
1068114.026016 550.184673 468.985854 0.004834 0.006841
1499866.051366 239.053015 584.348451 0.004748 -0.010276
1491842.997955 116.973953 322.395083 -0.009737 -0.001140
1826279.228472 250.861244 395.067033 0.017315 0.010248
1133058.067007 247.623780 149.328802 -0.007039 -0.000440
207507.431604 346.775983 450.125922 -0.016174 0.012960
304737.184339 504.143069 306.820448 0.017353 -0.009999
361247.467977 546.665181 329.427912 -0.013808 -0.007882
1585793.637478 720.515634 269.507073 -0.006772 -0.013800
1841064.114050 194.789992 281.443866 0.003173 -0.012874
451362.950938 116.090178 291.964634 -0.001005 -0.001228
1950936.490647 462.850738 542.094820 0.008261 0.007733
1454702.783122 701.842613 182.488908 -0.010451 0.012477
1108684.254395 335.419567 297.096150 -0.015855 0.002984
1596490.624173 717.020046 285.024758 -0.011703 -0.010716
1263706.185512 134.416616 282.351786 -0.015934 0.009881
1294332.516982 261.340733 535.577938 -0.014660 0.012053
723046.520130 87.227158 228.274791 -0.009399 0.013366
107937.715067 793.559794 427.019301 -0.005723 -0.010803
1046872.077066 729.196982 390.110610 -0.019326 -0.019446
450965.188654 653.560162 546.976892 0.008022 -0.017422
278162.196408 266.306969 139.803049 0.004373 -0.002629
1960316.196066 205.503804 456.639399 0.014895 -0.004393
1125740.257616 187.484125 299.749348 0.017719 -0.000063
668170.334151 797.065477 294.315612 -0.018175 -0.005832
1443825.863043 455.575087 159.978072 -0.005091 0.003542
564375.188464 478.356786 242.725638 -0.012222 -0.008030
938961.728913 266.989251 379.551935 0.008084 0.017699
132214.712972 546.472926 119.635818 0.013239 0.002215
1179224.623916 311.807272 473.241955 -0.016465 -0.006665
575213.267736 338.863360 197.895384 0.011050 -0.001205
1368718.602401 400.589958 23.754118 0.018035 0.014939
1254302.726711 186.039510 282.728983 -0.018674 -0.002902
1541011.519516 401.085846 456.351062 -0.003913 -0.011859
1407684.757098 375.199424 531.892899 0.016143 -0.008175
883750.411162 393.985199 411.728563 -0.010659 0.003294
38293.802197 414.636040 2.974269 -0.006037 -0.008103
949396.727117 26.712342 478.646970 0.000584 0.019410
1340193.529306 112.417594 130.092931 -0.014312 -0.013068
1289556.392138 729.455772 404.450342 -0.003802 -0.007431
1756783.113702 87.930426 469.348770 0.010552 -0.019629
157687.638028 165.865183 303.279320 0.010623 -0.002491
175039.783202 626.920764 573.497842 -0.016272 -0.014667
506304.289450 453.586809 99.528095 -0.017962 -0.016729
301433.914481 576.126708 133.586754 -0.005334 0.014517
790027.673724 9.858099 464.112581 -0.017203 -0.003253
176035.711624 758.521916 317.102962 0.014815 0.008521
1081972.172988 759.457254 552.169043 -0.018209 0.008648
715741.816310 107.089135 299.067768 -0.007415 -0.010926
1263880.632475 454.157846 476.676703 0.011933 0.004699
1751026.801649 758.963026 202.572370 -0.016138 -0.007304
399196.095951 394.529977 198.008145 0.019021 0.002414
1496994.359185 48.811210 306.233889 -0.008913 0.017283
445396.929255 653.840259 529.528613 -0.014298 0.014553
1193553.106484 400.087790 599.240514 -0.016142 0.012559
450224.472419 581.630526 229.309530 -0.019237 0.001037
1999453.321099 715.810540 285.487911 -0.005103 0.019594
1584501.028799 429.441158 291.136231 -0.015109 0.000408
94458.571679 696.587844 342.714574 0.002272 -0.014107
1007827.074736 623.661816 579.395110 -0.004562 0.016870
1658558.308919 786.454698 253.386749 0.013091 -0.016890
475365.567242 42.240270 483.164368 0.004492 -0.017026
663714.367274 495.906899 580.591531 0.012244 0.018216
1919117.403179 479.325959 296.811731 -0.002183 0.008833
9624.167350 393.665878 354.853076 0.003061 -0.018038
1478876.057770 64.509579 497.191390 0.007939 -0.001373
1502145.321808 426.738114 269.328351 -0.013029 -0.005540
1054818.871922 329.193029 248.005233 -0.006669 -0.018738
972186.690649 532.080487 390.607919 -0.001889 -0.001122
1216433.286302 329.780929 43.106675 -0.015879 0.014304
1585452.240699 85.820201 209.810212 -0.004611 0.007207
796849.675848 99.149242 458.877752 -0.011034 0.013102
461377.134761 782.712734 217.199222 0.007162 -0.013907
1447663.852688 165.430766 338.348192 -0.014478 0.001612
1190708.408687 498.932101 123.009470 -0.010151 -0.016986
1355477.244293 683.913171 294.201812 0.009984 0.018271
694211.989964 433.607258 39.131999 0.007887 0.017087
1497031.391364 75.974441 30.340438 0.000515 -0.007105
1759090.904966 594.603632 180.101278 -0.010325 -0.003074
904928.793621 772.283537 377.945168 -0.019361 -0.015855
341892.055395 489.233577 436.900146 -0.004948 0.014342
1609370.418642 43.268987 427.883830 -0.008196 0.012132
1339833.364515 513.380770 206.967183 0.009409 -0.006434
543533.833951 386.281284 260.199755 -0.007100 0.019802
1510075.678821 161.325673 443.601682 -0.017784 -0.002231
325429.097901 406.476129 246.049996 0.011719 0.000969
1027532.088117 771.086568 81.328902 -0.010374 -0.006352
1987715.010526 37.062010 236.869293 0.008278 -0.006371
396776.620483 301.221540 588.834698 0.001749 -0.015585
639902.701899 652.482297 356.118178 0.010135 -0.014495
1179865.857204 406.210875 204.086669 -0.006850 0.002536
1568458.621189 393.388446 42.442352 -0.012226 -0.008581
1190290.628555 566.633414 150.019212 0.009234 0.017978
1180185.991889 580.238852 597.283001 0.019393 -0.002780
672088.553511 146.636216 484.887922 -0.007349 0.009074
1837656.663655 510.365851 325.338643 0.000515 -0.004371
1360614.323691 81.835939 539.221248 -0.019200 -0.002738
924125.776125 643.700598 554.960952 0.001315 0.019939
418950.309241 102.565576 424.454979 -0.001740 0.014297
1312754.557148 39.296196 349.970940 0.006066 -0.018668
30587.249450 790.670612 130.364758 0.012903 -0.007755
1889215.610870 593.543832 566.146042 -0.000535 -0.009825
669560.509114 133.613214 214.310109 -0.010654 -0.012489
1579576.984783 556.697958 595.119016 0.008579 -0.010890
1982244.182370 738.958303 214.100320 0.007923 -0.004708
432350.935616 283.786881 258.360679 0.011987 -0.019762
930735.730068 652.493547 596.729708 0.007309 0.005525
600671.720971 501.803069 227.957414 -0.010192 -0.015427
1270601.892504 463.657859 169.363269 0.019708 0.012515
938976.299455 626.142679 304.956807 -0.001541 -0.000142
1474031.937064 361.942663 251.829785 -0.016249 -0.013952
1605130.416157 247.926383 302.852029 -0.010658 -0.015581
1023340.410098 559.397564 555.343760 0.000247 -0.004725
1128556.229700 645.467450 5.427334 0.017756 -0.017955
248420.950141 463.964812 377.859559 -0.003951 0.002727
884577.235619 700.805236 213.285715 0.018008 -0.006572
1704879.713107 549.861596 474.318508 -0.009092 0.011208
1882055.445519 60.129991 54.905937 -0.002171 -0.007614
404206.608610 766.087345 4.969261 -0.014895 -0.001427
780987.060993 553.612366 162.350583 -0.004035 0.005500
642018.800900 419.900203 130.533893 0.018033 0.017213
1579863.075903 314.066081 483.435868 -0.014207 -0.006285
286431.929230 798.836950 18.456879 0.017334 -0.009137
1625355.291937 699.845336 207.420712 0.016181 -0.007136
1310099.705732 85.391301 167.004123 0.006569 -0.010597
1485499.756171 42.683833 555.879523 -0.019456 -0.001833
1126826.147142 267.558421 586.885050 0.011211 -0.008630
1817754.082297 456.412846 406.856347 0.008593 0.008648
42605.713030 686.053296 428.654088 -0.017681 0.011556
1969490.396776 691.910248 399.688294 -0.006760 0.010785
1972945.507603 788.399938 525.783633 -0.009410 0.005964
221002.463354 5.956715 421.396222 -0.018499 -0.019155
314139.836614 480.043932 213.034195 -0.014577 -0.004773
1280098.799281 35.361411 570.873425 -0.007263 0.010338
1334025.561499 271.207493 370.268001 -0.004775 -0.004326
817314.073824 292.248366 154.127474 -0.017001 0.007868
52254.755074 49.058431 409.183433 0.016104 -0.006937
662711.798522 9.777774 200.029324 -0.018612 -0.018001
710212.109941 153.330618 389.971499 0.008413 -0.006921
61999.699130 280.720205 222.957134 0.019300 0.006750
261157.692532 519.491176 4.009790 0.009910 -0.018773
797766.605764 125.336770 237.300766 0.006226 -0.010771
184709.901076 545.522628 175.160135 0.010991 0.003321
1235796.007903 85.133249 357.621488 0.018098 -0.014395
1292608.929469 245.449406 198.627978 -0.008136 -0.019319
1317389.029692 261.600297 220.484661 -0.018787 -0.007607
71927.786838 128.110309 575.562872 -0.018266 0.016309
1977614.946653 353.662090 38.642419 -0.004645 -0.016064
591803.305127 381.714265 467.361911 0.003519 -0.009936
726241.200569 164.885619 214.239744 0.018394 -0.013695
995710.504705 485.062806 279.086043 0.013157 0.016102
963862.695249 390.929530 138.006076 0.013992 0.000726
1079147.418532 708.512555 407.746415 -0.000013 0.017194
1174876.041326 389.786045 223.016099 0.006099 0.014866
937689.950195 758.438572 209.317307 -0.010088 0.001402
1200871.358253 489.398663 445.049784 0.018307 0.002829
1798372.363578 364.560475 105.958226 -0.005458 -0.008567
158766.744732 676.385160 464.403513 -0.007580 0.007846
584123.108808 679.556861 348.471948 0.018824 -0.006109
1019930.488905 447.097251 500.314954 0.015241 -0.011567
1412068.961846 279.595661 95.603436 -0.017818 0.003954
1390465.348675 524.171004 125.717071 -0.002530 0.004549
1560588.704217 269.246081 41.643652 0.018291 0.008016
709118.110458 28.946268 327.170939 -0.014852 -0.006237
481739.437432 336.552987 116.840807 0.012838 -0.004336
1084185.081108 265.365865 569.654124 -0.004949 -0.011495
321427.933090 65.762569 337.453337 -0.007384 -0.014418
322096.383349 12.004999 475.474442 -0.005157 -0.001926
811598.476400 120.545504 472.519401 -0.000996 -0.015688
975828.599639 663.182251 87.085685 -0.018663 0.018325
980873.326296 219.591503 226.519435 0.007421 -0.016146
1538962.265262 182.123810 256.892330 0.008810 0.004164
1281944.833362 703.769959 411.451399 -0.011793 -0.012040
1646853.441208 292.067490 129.253889 0.004642 0.009422
1334224.681991 17.363465 531.646870 -0.001771 -0.000139
1987979.200663 754.185664 196.099033 -0.014456 0.019105
567825.405192 503.271128 150.339613 0.006551 -0.007396
693992.653253 345.439584 324.695961 0.011074 -0.013995
290886.182473 333.063732 18.612069 0.013265 0.004816
461579.700216 523.995003 590.710657 -0.002174 -0.009186
1440439.939238 90.482280 175.712578 0.004268 0.002723
1578856.275221 479.904206 306.992820 -0.015376 0.009518
975708.803616 319.797074 220.234546 0.009549 -0.017521
1363849.989774 68.308302 296.119345 -0.011054 0.014432
1287670.666020 295.372190 165.737525 0.006991 -0.011978
1793086.186886 724.706011 513.295467 0.015254 -0.005943
253419.465503 481.219090 278.352601 -0.003115 -0.011664
65064.939701 167.153419 484.771937 0.001754 -0.007021
1093948.624606 25.716628 434.609589 0.016612 0.010813
1570950.974510 477.076406 513.915836 -0.008900 0.012840
1433502.711092 738.284719 113.601403 0.019699 0.003922
779698.448619 711.742835 301.723692 -0.010205 0.010882
1707668.152502 297.654975 224.020149 -0.007287 0.011692
1161722.038482 280.469028 0.713884 -0.004413 0.015800
650195.260835 748.445133 556.052061 -0.018001 0.014026
1393276.303724 667.673921 268.037042 0.002112 -0.015477
534900.189626 215.528862 21.009656 -0.001728 -0.009467
1264731.390059 676.883081 91.340912 -0.014608 -0.016305
1848317.172308 790.772959 278.422351 -0.008136 -0.007734
512088.236637 702.166243 394.337300 -0.009745 -0.009291
1104225.446984 465.395104 121.956588 -0.000860 0.005241
107543.810321 140.002871 279.413545 0.000015 0.009133
1156781.673039 614.900494 598.063802 0.004540 -0.011018
520065.349769 196.814491 42.885278 -0.003472 -0.004753
327390.441823 269.717021 221.902444 0.005100 0.005372
1353004.063178 707.100783 306.943164 -0.006565 -0.014393
1558240.596931 709.354740 433.377079 0.019290 -0.005446
706633.334377 29.046483 323.758930 0.012772 0.001568
534505.464385 317.454258 182.894471 -0.009436 -0.019550
1061346.780072 419.649813 154.532425 0.004141 0.017545
1275778.349152 612.388710 164.495958 -0.019705 -0.004258
1816858.008419 547.161184 166.431978 -0.003177 -0.019285
837596.447597 159.400210 542.292417 -0.014381 -0.012769
537634.699856 395.947875 130.517200 0.012327 -0.007454
1509630.032587 60.080406 426.057407 -0.021070 -0.008563
1442342.147903 473.219882 518.427412 0.019149 -0.012307
1603574.954720 492.426848 575.713017 -0.016943 0.004952
706735.606634 787.735156 184.454248 0.005233 -0.003789
651319.147391 39.961982 362.542391 -0.010788 -0.012361
1573016.600485 398.576801 411.514972 -0.019882 -0.007692
1998835.487291 607.474884 229.911003 0.008383 0.012771
1445522.677826 344.829605 246.203240 0.003483 -0.003642
1207599.107738 311.281218 14.988704 0.002531 -0.001358
1297106.122271 733.600483 269.837876 0.018187 0.001911
1709409.523620 225.382812 358.928652 -0.001619 0.000460
1579454.636005 196.692867 6.062648 -0.000960 -0.009977
635151.660366 380.394948 5.318530 0.008019 -0.012583
1657542.871152 338.228780 369.176588 -0.010417 -0.019596
50074.195513 674.045881 239.526899 -0.017993 -0.003742
1728956.987955 558.736795 193.750075 -0.007450 0.006138
1741304.677791 135.048846 562.012622 -0.001256 0.005093
896425.988943 206.826630 524.673020 -0.001644 0.009360
248631.410417 620.685617 125.810214 -0.014672 -0.000941
789536.960791 769.501211 539.515900 -0.019588 -0.011932
1819863.026878 28.476677 26.453766 -0.007622 -0.016554
901731.744829 139.239134 470.682710 0.010946 -0.000475
878442.611954 515.265062 393.711808 -0.004974 -0.015490
569936.175165 658.858825 222.798925 -0.013645 -0.008690
212161.644461 226.565102 35.247522 -0.007364 -0.003281
1070836.321949 568.397369 227.851130 -0.002613 0.008852
1162154.364009 276.083543 454.410359 0.005037 0.006166
1685995.778854 61.411646 497.101790 0.005333 0.014020
631794.399876 53.771665 296.591750 0.018916 -0.002288
