120102.793966 630.543043 121.739013 -0.006078 -0.005540
269277.329682 300.438566 155.872417 -0.018251 0.015166
1260731.205931 301.957251 191.782164 0.013091 -0.002978
973263.179405 632.713280 573.053089 0.008527 -0.005926
1683880.506867 289.593765 229.572335 -0.016844 -0.013039
1760997.696668 175.145242 580.873406 0.011713 -0.019840
354965.669268 682.077316 474.872689 -0.004783 -0.011989
306862.422408 412.087623 346.386426 -0.003486 0.002369
913598.742761 34.698810 562.263899 0.011099 0.014842
723511.401901 210.392913 397.354066 -0.007314 0.019069
27418.055584 127.096902 203.384558 -0.004129 -0.010483
1026719.971107 221.769677 273.351904 -0.000716 -0.017202
919235.655535 527.476405 553.215520 -0.009943 -0.018403
247720.705461 324.044868 333.423028 0.008051 0.012693
229642.751734 125.987594 516.764476 -0.017950 0.017287
1463437.116455 330.504015 118.720506 -0.004259 0.009195
349002.480669 325.691718 533.753365 0.000812 0.011867
253345.397419 21.786916 48.641182 0.003305 0.000367
301882.374241 33.609985 101.142179 -0.017048 -0.008247
417897.793659 158.108289 419.522811 0.010568 0.015939
1032678.423930 703.177914 34.149956 -0.004919 0.017235
1981626.739717 86.810035 206.274758 -0.012508 0.000247
148080.320166 290.660985 545.850732 0.018531 0.015056
1426235.401736 72.163281 542.440024 0.011781 0.006907
826207.458426 756.153199 428.720642 0.003264 -0.019252
17939.873048 632.853628 129.664753 0.008290 0.002219
229060.592236 178.977986 260.609330 -0.013092 0.003977
729567.630556 129.539136 425.832944 0.008377 -0.006025
424191.899795 625.809225 427.998521 -0.015140 0.009795
1179453.697605 667.597048 501.576869 -0.000290 0.005141
1017047.714916 725.144634 344.267896 -0.011058 -0.000458
1184883.571782 186.322357 168.017612 0.012325 0.017639
1669257.284919 738.239088 98.296591 -0.009279 -0.016451
1530870.404807 506.892131 153.280587 -0.001022 -0.006337
1211583.405366 549.816248 75.118593 -0.007250 0.012369
1741377.547263 726.990772 385.923155 0.008273 -0.003865
544004.606336 172.267805 185.243842 0.013846 -0.002453
1594854.852927 350.278719 402.584047 -0.016923 -0.010138
1223177.906695 729.438480 101.602516 0.010999 -0.012916
527324.168257 433.096857 488.066262 0.000770 -0.019341
312490.830343 99.927707 422.436239 -0.009139 -0.002417
1025907.483430 121.148875 211.755004 -0.013742 0.014339
1509229.653286 342.301672 43.789013 -0.017622 -0.009174
1023852.793045 688.452479 427.711276 -0.012672 0.017505
1918069.081343 635.566526 509.642539 -0.014835 0.002817
59433.087734 314.195802 67.545978 0.013732 0.016467
257531.464220 800.244371 21.959305 0.013297 -0.008772
961609.428265 276.926577 259.690685 0.013349 0.000075
582120.371322 470.223741 558.357417 -0.005429 0.006029
408974.288222 701.305628 306.990397 0.016731 -0.017640
899929.745542 700.521339 512.189946 -0.008029 -0.019828
849952.291162 263.226611 237.977757 0.001494 -0.013090
617567.269419 532.536784 103.650348 -0.006174 -0.000038
907629.657959 661.449841 506.854392 0.015478 0.006361
693382.430213 141.988155 148.621290 -0.008912 0.001679
1797970.130014 385.205600 250.880604 -0.003540 -0.004074
955435.349120 688.789630 164.286169 -0.006717 -0.013577
557659.864685 605.691109 293.502136 0.007026 -0.008245
1324351.926951 787.962421 575.762379 0.013376 -0.006802
917046.023028 230.849181 93.812737 -0.007874 -0.012951
1632997.046985 519.499425 212.152606 -0.017460 0.017097
1790149.784549 770.370120 244.987306 -0.007438 -0.004997
1613713.184192 632.532706 140.994004 -0.016774 -0.015073
791753.703166 288.214673 527.645842 0.015412 -0.018578
347958.385175 437.711032 12.165590 -0.014651 -0.004666
701432.257286 473.857363 402.979290 0.000308 0.015822
1693039.169392 258.952422 327.022723 -0.012023 -0.004478
944105.254926 76.006972 210.682510 0.015273 -0.003682
1451122.988691 550.239663 119.624066 0.018431 0.010752
644142.737912 285.293469 76.833648 -0.011907 -0.010306
328294.663843 300.593906 473.807595 -0.012406 0.000406
344141.964030 428.479295 60.945232 0.013720 -0.018292
1995072.262359 551.821169 220.318252 0.001701 0.015576
1509670.835691 11.521188 590.677776 -0.015743 0.015800
783939.521193 665.384529 349.810404 0.003593 0.011718
702233.533702 730.452732 89.448892 -0.000819 -0.015309
783487.379916 514.674803 294.941234 -0.012722 0.013100
1976.599918 282.493154 217.868929 -0.015865 -0.012110
812477.567611 80.730054 531.967813 0.010924 0.005762
1551513.418346 422.425902 394.980601 0.010384 0.005359
1106838.468046 121.095584 279.494815 -0.014540 0.009715
516376.429478 389.686637 393.825472 -0.003751 0.018688
1541877.001311 639.412420 366.546004 -0.009513 0.019233
877046.727052 210.696967 200.527680 0.012087 -0.005351
1062152.807164 166.538524 280.482277 -0.003294 0.019276
220503.739184 154.813611 305.733749 0.010752 0.018115
285758.867062 257.525709 62.792845 0.004307 -0.001829
1694852.848395 693.278281 566.880190 0.000181 -0.009114
1823523.613542 219.350410 44.318591 0.000900 0.001461
109429.840049 768.402108 479.812558 -0.004447 0.010497
331166.874772 736.232277 582.398718 0.005302 -0.006516
1904142.131984 594.142908 318.578784 -0.001569 0.000440
967910.745632 483.225772 499.534588 0.003535 -0.011505
581591.096978 348.677437 47.693886 -0.010605 0.017537
706572.319710 118.054772 128.217495 -0.002956 0.006824
1499518.371885 385.492776 378.466754 0.001967 0.014848
785875.055374 571.665963 474.536041 -0.005456 -0.006112
257524.722376 252.816127 54.135631 0.006420 0.011129
1201976.699383 114.886451 228.707913 -0.002633 0.009287
1186503.038363 579.882285 101.393103 0.006860 0.018411
215485.423904 20.259433 64.887987 -0.007137 -0.001901
1555844.913030 56.723371 560.737555 -0.003682 0.004798
1610655.802121 641.016850 200.646036 0.003848 -0.013397
1363983.919548 580.337284 288.429306 0.010876 -0.004604
515601.680854 298.394671 317.357973 0.005551 0.012262
521772.659627 185.505664 319.173110 -0.002822 0.016147
984056.433190 429.713157 558.043786 0.003748 0.013998
764465.851134 302.389467 557.773354 -0.007329 0.011448
1098768.237559 97.859582 352.711043 0.014943 0.008787
1505133.839094 452.761201 266.014321 -0.010699 -0.006494
1656881.889169 392.874666 426.291465 -0.005684 -0.014811
1035409.796534 493.972662 216.786867 -0.018021 -0.018108
532033.862794 432.729776 350.281531 -0.012176 -0.014340
885049.308131 462.216264 312.039248 -0.005118 0.015775
611963.250959 737.233361 10.132454 0.015724 0.012218
1469794.933437 516.669934 223.231064 -0.012678 0.015402
1419313.830053 5.457375 222.367601 -0.003161 -0.005441
1001399.715897 750.908583 589.420755 0.014493 0.019474
57920.523946 102.950759 317.065797 0.004543 -0.007027
1340168.589419 44.353639 541.223175 -0.012399 -0.002902
1593328.125585 396.748415 209.139904 0.012534 -0.004438
308175.125303 438.477691 21.372872 0.000981 0.009088
1829796.170737 188.103585 440.168282 -0.008571 0.006237
194622.977727 628.792137 356.645307 -0.016831 0.005963
1163384.351490 86.147148 466.681728 -0.015486 0.009012
203536.384834 623.982729 466.529562 -0.019844 0.018802
408990.508136 640.488182 279.532844 0.002247 0.004594
1709918.606891 566.116326 96.889831 0.015668 -0.010654
1776676.395804 644.249627 280.667788 0.004834 -0.016377
248411.979642 575.418593 526.573071 0.008742 0.011926
1052401.075630 239.954765 543.651295 -0.007844 -0.003560
1254879.329007 324.327991 114.479580 -0.003784 -0.003600
322021.593490 487.211674 125.718077 0.004162 -0.014097
1647379.426121 385.731873 521.540005 0.019420 -0.005116
204691.412954 699.122591 106.329051 0.002811 -0.000173
536197.156895 555.605754 128.738728 -0.014191 -0.003470
25648.950611 537.552106 428.383675 0.016714 0.018981
247729.502734 437.030977 228.801153 -0.007405 0.018033
1580350.309415 380.260321 335.574155 -0.020000 -0.015900
1443766.372951 659.121859 350.785141 0.003664 0.012380
1912564.341869 554.625438 409.720363 -0.014666 -0.009430
357511.299829 321.201792 575.482960 -0.004335 0.001862
744693.135258 324.695884 130.977442 -0.016561 -0.007003
387589.365424 167.735825 523.055816 0.002985 0.000965
1645202.005117 291.714621 -0.002331 -0.004709 -0.005386
205411.871060 83.547744 113.363017 0.007491 0.007831
1996032.971887 514.735050 233.693849 0.007398 0.010736
1306804.762830 688.025922 106.830761 0.004500 -0.009862
1450619.077985 788.190617 395.447673 0.017737 -0.017179
1969754.747101 110.349545 168.258216 0.013823 0.008607
1609086.544071 543.591090 45.842821 0.012190 -0.017526
883645.576836 726.026639 99.578887 0.005417 0.003714
1722771.757153 502.646244 142.437523 -0.009975 -0.007587
28763.775727 722.929856 101.795047 -0.012147 0.000581
845989.907554 734.128686 301.020263 -0.016718 0.014448
1143645.596292 54.242502 600.000250 0.014084 0.016947
1423342.375748 525.439018 361.948113 0.011519 -0.001560
1329764.171191 184.593056 221.455438 0.013237 0.014442
1926056.274178 553.473689 294.023193 -0.011986 0.017713
1598411.507718 172.376703 507.893572 0.018762 -0.003693
726058.746095 313.740366 195.473424 0.014563 -0.001022
375371.614646 348.656162 324.995826 -0.012564 -0.008538
932014.105344 718.752777 566.915564 -0.017189 0.007309
811741.037672 587.549189 550.780597 0.010982 0.002614
1557690.799962 589.867685 154.542813 -0.009265 0.017519
399385.155365 53.702901 91.605008 -0.018142 -0.018550
1122038.441301 327.744605 256.772001 0.015479 -0.009081
1805346.826001 59.599602 425.666528 0.000169 -0.008148
1995636.369100 728.806888 96.671377 0.017698 0.019294
1695958.700821 278.852608 428.174136 0.010640 -0.015088
558004.577904 435.796588 516.463626 0.001449 0.012514
1597187.265566 588.915596 528.567283 0.018079 0.011279
1833981.536251 410.171704 114.735065 -0.006186 -0.004002
929917.220459 198.076223 284.674552 -0.013099 0.007642
1471826.909795 138.288946 361.571117 0.015863 -0.015402
1165988.196230 595.387208 277.968057 -0.008145 0.000415
1172216.120722 460.826752 32.714861 -0.002164 -0.015499
1736107.381869 196.255343 508.484911 0.009948 -0.012145
1259741.624473 532.751592 425.510767 0.012849 -0.019570
218963.730251 229.003725 155.228178 0.003355 -0.001585
1902503.935575 255.734032 379.801873 0.002177 -0.011349
1496596.111682 109.657312 576.239813 -0.011546 -0.002640
941537.357374 638.157973 6.112314 0.001049 -0.010214
245239.558744 315.404971 293.292908 0.018817 -0.014296
1372376.816986 480.193587 484.814100 -0.004167 -0.003136
1637971.852737 404.052767 424.338245 -0.016950 -0.016398
337179.376901 23.422536 245.327595 0.012104 0.003340
1249672.392965 440.254138 432.600940 0.003397 0.010460
310196.676436 44.622014 335.747355 -0.013369 0.003284
1607296.809371 230.422936 585.228691 -0.008261 -0.009677
236307.595035 783.591640 515.322476 0.017045 -0.004982
561161.337682 596.566927 528.553571 0.019494 0.012917
1939371.158341 125.434193 511.542362 -0.004858 0.018358
870700.636353 2.385738 305.516378 -0.013743 0.003547
541779.813609 249.146741 386.803458 0.013236 -0.000909
453110.709066 506.993886 459.282842 -0.011918 0.017072
47266.968548 256.591325 543.426671 0.015300 -0.010157
562186.379247 130.341256 594.895169 -0.013532 -0.013956
1629854.769274 105.166918 185.081732 0.006681 0.000388
534606.907766 82.031580 307.661649 0.011059 -0.009666
203362.833803 38.004125 341.945409 0.009839 0.015155
92345.910190 778.579006 306.758721 0.012434 -0.012993
877177.283576 667.688647 297.494545 -0.006211 0.008689
1484435.888699 500.735893 528.601190 0.009364 0.011489
64404.659935 439.135123 550.967623 -0.006348 -0.011395
856791.879449 486.695799 190.885808 0.017650 -0.004622
1153201.109335 34.253758 259.191903 -0.014189 0.011619
618554.387530 154.010952 457.111876 0.012841 -0.019874
1875266.974734 207.573980 502.932148 -0.002686 0.004171
1111007.126566 140.280121 138.208562 -0.002550 0.016399
34336.430968 375.012922 275.319773 0.017696 0.006061
1349224.196444 291.717127 250.043945 0.019707 -0.007778
1602661.077679 455.401502 209.437397 -0.010667 0.008593
276647.354605 434.086900 544.555526 0.016159 -0.005502
1822198.850020 670.919529 373.456557 0.009956 -0.009129
453696.245539 243.724504 268.389621 -0.001715 0.009662
713133.517985 379.320864 125.455558 0.012605 -0.003608
36437.158490 391.783738 464.297837 -0.002735 -0.000650
159010.190591 189.169413 31.288965 -0.002858 -0.001211
1535456.720523 453.430756 7.012373 0.007014 -0.001279
749811.288319 469.637275 183.379410 0.019881 -0.006550
1154889.427663 179.219133 384.418763 -0.019011 0.007232
762647.938338 304.891824 92.785442 0.003623 -0.012145
1129345.827331 486.877572 411.264573 -0.006489 -0.018274
337378.635228 334.217087 168.537602 -0.011168 0.013858
1499918.929068 791.074914 247.896306 0.010418 0.006596
1760744.261444 109.042497 150.139187 -0.012552 -0.014648
1172923.453698 610.719140 215.412598 -0.010937 0.011534
79642.974809 486.384423 101.266143 -0.012204 -0.012041
730713.756164 607.277264 484.224825 -0.017945 -0.016078
1702955.846536 175.767040 309.593178 -0.014707 -0.002373
724785.897287 705.729489 257.821258 0.011030 0.005754
187236.443249 524.464233 468.363763 -0.006229 0.013673
1828784.213322 744.440579 363.097612 -0.009213 -0.013498
787390.226865 250.350742 459.581493 0.002498 0.000276
1929498.061505 742.758217 160.689695 0.010766 0.019202
730520.102536 499.290211 119.952204 0.015241 0.010377
1281053.293162 194.654744 382.216873 -0.017200 -0.019244
562426.321470 130.613535 404.879341 -0.017526 0.000295
1033437.869061 780.355220 263.053569 -0.015113 -0.010066
1192859.900739 412.693867 336.728962 -0.005502 -0.016840
138898.690296 261.591121 3.925630 -0.006523 -0.016008
1973181.982512 561.318024 433.972150 -0.012558 0.003325
957790.512106 661.095097 496.475557 -0.015333 0.015870
1692076.045876 318.196955 36.236772 0.000832 -0.001631
1136829.509929 29.674894 260.700491 -0.019631 -0.013619
1367539.427880 482.673276 405.846948 -0.010182 0.018653
1509350.044424 252.153229 175.975024 0.010438 0.006087
785056.476847 598.357175 212.458447 -0.015369 0.017387
1873643.585422 475.880904 456.885871 0.010549 0.008439
1315983.134935 488.026764 65.037705 0.008766 -0.014748
1135951.929323 229.114815 100.771755 -0.019870 -0.008249
656102.584980 548.966015 538.862085 -0.019844 0.017283
1727078.126616 606.599525 148.285118 -0.013744 0.000823
1797488.349396 439.155685 161.266598 -0.009896 0.006600
406141.346510 151.645899 156.029938 0.018573 0.018120
1941231.998588 497.513964 337.536138 -0.016819 -0.006378
1386830.762674 518.219263 376.650849 0.014462 0.006007
1843128.023596 151.973258 201.974380 0.012775 -0.012249
538331.757550 546.152870 571.527122 0.000654 0.013556
944807.663069 332.197531 233.218383 0.009491 0.006629
106756.882792 755.101635 514.179708 -0.007516 0.016340
1618777.323337 226.696548 318.270538 -0.005103 -0.005368
1742666.514471 52.447154 6.551536 -0.000040 0.017099
1321460.731012 336.737918 69.920635 0.019900 -0.010404
620834.287545 213.342223 553.574829 -0.009486 0.011313
1523195.320518 587.702095 118.905816 -0.014005 -0.000953
1731081.362688 162.938853 251.999218 0.008896 0.000657
656632.629529 425.379677 480.194880 0.014356 0.016133
325566.043298 583.972785 581.259555 -0.013075 -0.010845
1792559.657149 666.767729 390.022914 -0.019483 0.013246
1778465.217808 259.069787 59.184612 0.012423 0.003487
1763427.173609 458.172937 192.795190 -0.017223 0.009256
1593951.392730 756.159594 556.123255 -0.011316 0.006660
886016.743670 436.026633 119.245312 -0.010333 -0.003823
204796.643092 324.180993 80.740038 -0.017153 0.003075
727276.621725 773.862090 247.977691 -0.019553 0.019181
488690.041233 721.886183 182.834425 -0.006276 0.008562
1781116.410057 179.462461 172.127843 -0.011507 -0.007823
20635.784613 7.186520 149.781462 0.017489 -0.010974
1834876.302553 303.712140 462.573964 -0.015341 0.004929
350019.654422 174.816605 16.916854 -0.007617 -0.008386
1214501.650638 538.141862 154.919310 -0.019202 0.007474
477760.385944 211.474034 353.413671 0.001749 0.004282
605806.972182 347.186038 499.172311 0.003598 0.005808
272576.070518 480.189073 392.478850 -0.004558 0.001506
1759240.741729 243.069736 550.332439 0.006003 -0.003237
1080301.612187 660.399350 382.946789 0.002766 -0.014598
1857771.559552 140.452642 484.597512 -0.012503 -0.012176
988850.145130 340.281649 276.413720 -0.016669 0.018758
134591.829094 309.269944 242.136824 0.015977 0.019038
96963.198901 28.437471 345.892778 0.008188 -0.003140
227820.812831 465.404558 434.994310 -0.018756 -0.010703
290631.014058 457.314273 34.563887 0.011416 -0.014443
385931.693197 569.947419 189.797043 -0.019989 0.015993
1023297.854244 396.688921 195.349647 0.018853 0.003201
589125.026292 31.392595 579.300326 0.007924 0.017492
1882412.602139 596.829813 584.055545 0.000700 -0.002075
790218.714061 505.081177 18.585385 -0.015184 0.006534
526777.357108 212.463601 140.255430 -0.007128 -0.017999
748590.766801 411.662862 457.598875 0.007598 0.000605
1324791.236466 161.784946 6.259167 0.019520 -0.013047
1179151.767483 225.994979 127.915605 0.002188 0.019213
301466.356172 396.319724 435.243824 -0.015009 -0.019479
349183.755158 415.248549 387.245227 -0.011776 0.005606
616335.581344 375.036129 543.515768 0.001710 0.011579
1910511.639859 733.580251 182.837137 0.008707 0.004279
1640005.631205 304.481876 485.116467 0.013256 -0.005303
1964468.728734 336.104279 390.722915 -0.012199 0.018996
1261209.360911 276.350958 282.395324 -0.005741 -0.001191
968463.258337 424.687401 593.649150 -0.014823 0.009445
1257770.379660 350.133958 123.548049 0.001328 0.019232
1991034.577596 391.568593 537.918746 -0.008000 -0.011715
1007596.648767 95.960567 353.038033 -0.007024 0.017970
1912045.142572 235.856499 222.810710 0.004267 -0.000415
692628.538559 190.010595 501.141398 0.010442 0.003309
609848.141023 240.841648 74.983810 -0.008230 -0.002770
1723251.459991 738.028401 520.976420 -0.017336 -0.001708
1696924.347289 50.154081 568.079377 0.009821 -0.005532
309029.791648 199.499078 289.663963 0.009666 0.002402
867302.640745 558.929876 513.673198 0.012190 -0.007809
691843.061099 120.828235 325.709609 -0.012809 0.018687
272265.500516 388.605251 161.954937 -0.009549 0.011203
1400582.436193 98.304839 421.547806 0.002861 -0.012369
320566.674844 333.390579 151.090856 -0.015710 -0.013503
1229627.376064 209.116914 246.596797 -0.016075 -0.019844
1946485.269790 425.049884 421.288717 -0.007452 -0.010449
15066.369444 140.457298 292.399319 0.002000 -0.005747
911695.870064 548.919004 505.861943 0.009029 0.017880
1245159.992597 340.449411 42.334871 -0.006776 0.019967
519428.529087 388.666942 246.943790 0.000424 0.003787
1147820.552414 101.765954 512.701577 0.019419 -0.011039
1717933.562453 767.050599 453.473854 0.002475 0.011498
183230.377819 455.263977 578.050780 0.003166 -0.015271
640928.558372 27.729136 483.045205 -0.013468 0.010363
1503776.668340 628.715877 111.386186 0.012860 -0.015543
360957.489517 65.308627 358.245930 0.003690 0.003729
380073.533570 132.342089 431.897811 -0.018215 -0.013980
1889061.825298 723.223206 66.044877 0.008005 -0.001367
1796955.322752 633.532793 20.500293 0.014490 -0.005170
306282.549308 146.600029 243.292906 0.018336 -0.006177
332156.324914 567.719931 78.890862 -0.005920 0.001289
485168.456326 426.389864 367.628182 0.013324 -0.014966
413343.113108 23.980905 173.963214 0.017088 -0.017016
883643.182406 697.206770 587.035882 0.002076 0.002835
887249.075289 360.316714 217.668478 -0.000892 -0.007468
1467432.667253 504.607793 297.430623 -0.014417 0.003560
1682910.725327 244.726213 179.381479 0.018941 0.006311
1660796.624450 172.346675 113.881660 -0.002247 -0.017785
629926.086697 520.272475 50.825498 0.004204 0.003097
318150.466456 37.532578 269.253358 -0.014170 0.003949
40123.955365 464.718084 29.436009 -0.004703 -0.017586
724761.667999 93.694615 413.848769 0.014323 -0.009776
558074.092752 559.613020 337.119634 0.003111 0.006886
438651.350531 326.499981 532.959328 -0.003854 0.014267
1885724.248311 579.361977 301.090702 -0.018901 -0.006810
158400.153815 149.261918 226.254882 0.001126 -0.007016
1952982.963972 437.967893 543.280507 -0.018952 0.017255
1927788.328346 310.891890 28.467687 0.006177 -0.010119
607879.136041 746.652386 567.552187 0.014626 0.000446
1236504.919471 67.940403 551.397148 0.000248 -0.000240
1541570.438790 358.988829 131.521651 -0.009101 -0.000954
1098586.873663 281.923738 398.063771 0.017060 0.015189
1973812.054831 722.762255 256.962451 0.015666 0.017275
717421.361579 684.521865 190.601419 -0.003737 0.000391
1128238.588166 568.333202 265.651458 0.000400 0.003047
1906900.824936 102.897274 396.651838 0.014904 0.005384
311031.282093 514.498225 50.290935 -0.004990 0.016658
1119457.958787 739.030149 161.095086 -0.010920 0.014006
295815.608602 167.742351 451.946516 0.003017 -0.015958
1365835.790227 747.120657 574.197095 -0.019985 -0.006397
933742.419320 452.057204 30.428406 0.016395 -0.016989
1254474.420685 690.228463 121.972799 -0.008476 0.009413
1674721.783807 355.249167 227.437262 0.016825 0.012739
589441.845468 384.364129 445.627100 0.002534 0.008117
1186208.380939 568.439478 547.467336 -0.006131 -0.008546
28320.921598 24.151905 132.074818 0.018864 -0.018784
1123059.363627 350.660657 356.903065 0.004450 -0.006072
1339490.994503 192.276704 126.461026 0.014914 0.001141
1892333.765464 567.954558 583.197949 -0.007091 0.005280
1580513.963280 495.671007 66.468572 0.001278 -0.012688
1628540.167412 100.826192 535.798983 0.009077 -0.001103
358744.990248 592.836936 301.606956 -0.004015 0.008496
1065496.480589 769.008382 90.482164 -0.014907 0.002959
996930.964755 638.169150 488.748311 0.008370 0.006812
685065.261407 524.155116 228.574725 -0.007524 0.019182
22284.613001 83.423180 359.956723 -0.014959 0.005273
1564209.169505 749.395273 458.021485 0.006990 0.006546
471659.941818 683.782744 242.638939 0.009528 -0.009805
234378.384535 216.625798 129.637285 -0.009261 -0.004036
1581110.075852 613.171041 117.754774 0.004194 -0.000966
1733102.233956 757.780804 78.384024 -0.010134 -0.009514
222272.466972 206.605164 219.783170 0.008444 -0.004777
7593.072023 394.599863 189.930984 0.010698 -0.013218
1961038.188991 2.151393 13.767325 -0.004581 0.009650
554464.627316 401.921245 7.422049 -0.000263 0.010834
821613.773155 227.256539 322.292371 0.004151 0.015559
24485.756655 378.653840 501.977929 -0.014269 0.008816
196372.594776 203.422990 587.519097 -0.001418 0.018579
718005.964867 374.877114 274.737223 0.007025 -0.010293
1252709.545778 525.293877 142.579195 0.005954 -0.018324
1958473.456073 741.351016 326.404541 0.019639 -0.003218
628831.249023 321.923854 421.815643 0.014047 -0.019637
1185057.482303 690.615566 289.329790 -0.002858 -0.019729
406775.272641 421.424455 156.854195 -0.012798 0.019566
452064.211691 432.950401 275.879840 0.007360 -0.011336
1391094.198167 248.799956 524.414127 0.017293 0.018351
1830316.959801 730.352648 531.802864 -0.001630 0.016152
610994.441719 618.582617 183.892563 -0.019647 0.004988
631021.334152 481.542970 292.519824 0.011884 -0.018674
989235.750860 1.564527 334.337135 0.010235 -0.012652
1098658.789461 784.815752 434.974605 -0.019639 0.006629
1883467.686308 564.252015 585.893185 0.012688 0.005487
1871849.530317 584.518723 330.817563 0.012870 -0.012427
911993.535660 102.004811 577.710326 0.010527 -0.014567
1176139.691461 61.961443 443.103736 -0.016943 0.015035
1537174.407177 456.508361 526.608994 -0.006946 -0.006941
123261.179832 700.638726 184.905727 0.011566 0.015214
1946848.674653 582.826167 354.052298 0.017986 0.001723
457599.283409 708.741271 164.351481 0.011217 0.008297
926562.791190 189.194960 501.191934 -0.001232 0.020314
1942178.605097 11.872989 45.726665 0.008381 -0.016365
1905775.863633 382.420711 397.196717 0.013250 0.012157
1975712.466974 713.779541 407.806918 -0.008238 0.007159
1128937.655654 214.934735 243.943089 -0.013854 -0.011234
1900458.380534 306.438642 62.391802 -0.011053 -0.013435
1623668.112617 549.847942 239.947200 0.005855 -0.015458
798515.523224 494.080374 76.913699 -0.000968 -0.006934
438456.544857 343.367278 482.508741 0.015180 -0.009702
1216805.763178 694.808441 90.985955 -0.008490 -0.013414
1661706.700764 681.671068 259.590061 -0.010491 -0.019719
1303971.794110 150.588438 234.016670 0.010265 -0.003521
1107963.914568 454.909684 59.230820 0.018172 -0.011407
425643.800956 282.780683 499.669740 -0.006715 0.013415
318262.858465 448.703498 155.030799 0.018554 -0.002316
1036196.117772 457.735094 186.270733 0.006821 0.014487
948553.069005 401.105890 427.497500 0.016349 0.009477
1438074.149861 447.326433 555.929230 -0.015629 -0.007459
677338.477540 530.478032 530.559348 -0.002495 0.004697
197747.041563 520.764947 583.051656 0.017236 0.019662
1601492.672973 71.979110 331.013124 -0.017636 -0.017827
1987075.958395 461.695961 375.414772 -0.007841 -0.010079
971748.938305 622.035658 449.212751 -0.012076 0.007410
974474.447302 733.628895 146.574628 -0.003445 -0.018932
1121549.802423 602.105501 413.437858 -0.002206 -0.012389
613932.794246 434.852479 504.569141 -0.008866 -0.001005
1665525.531241 63.005304 338.971928 -0.004548 -0.014503
1238773.710671 302.641765 429.353224 -0.010183 0.007288
1925637.924078 585.165465 276.259472 0.008453 0.017187
290519.337305 158.732499 507.956396 -0.004382 0.004497
1745488.432117 760.771156 219.050685 0.002469 -0.004185
1111265.337612 695.246345 563.484945 -0.004197 -0.014002
829182.160473 183.853489 135.763066 0.019215 0.004577
728391.627189 479.190726 595.999418 -0.016847 0.013733
1349985.243450 33.635373 345.802512 -0.014561 0.010156
1010733.056353 224.016885 571.430901 -0.005921 0.006803
1129411.861826 179.970080 372.929108 0.017207 0.011478
33999.050983 388.781157 393.826341 0.018748 0.015299
1606354.705806 296.584353 66.813169 -0.018805 -0.005952
1451822.744427 314.964843 570.297522 0.008759 -0.001043
1590584.168020 314.956407 309.288289 -0.005147 0.001144
538209.161040 701.142320 485.121566 -0.011154 -0.010861
958317.440449 628.494747 272.003288 -0.015989 0.008643
479655.517489 94.175298 120.560029 0.015843 -0.017030
167238.956395 558.906023 267.222485 -0.012180 0.009130
1592486.357127 737.036738 73.138944 0.009860 0.005614
1189583.299304 433.364097 20.527198 -0.015564 0.016557
1124831.962923 303.378179 474.113820 -0.005173 0.004017
37146.621401 680.334271 232.297202 -0.001135 0.018042
205026.889315 569.035184 40.971265 -0.007865 0.004300
284161.461650 310.135568 183.735208 0.003490 0.003329
68690.410847 306.478356 302.016920 -0.013751 -0.014789
287411.349028 600.452843 403.615922 -0.012905 0.014452
1171263.018237 591.769082 143.978698 -0.004976 -0.015533
1682127.158941 315.216378 577.202030 -0.010885 0.014581
1824708.168313 264.502266 346.534474 0.019216 0.005362
369206.509725 98.063940 13.201190 -0.000371 0.008400
1208981.916871 419.769109 56.038129 -0.015660 0.007255
446720.970071 201.900984 259.151839 0.015814 -0.002829
586212.983628 385.018112 101.811715 0.001339 0.014290
560717.814863 299.499090 150.801993 -0.010336 0.004116
234257.601311 123.557786 559.212398 0.007790 -0.014616
1133248.557864 703.364992 154.322792 0.003534 -0.005194
1934248.125150 153.963867 536.807727 -0.017578 -0.007947
1152133.833222 226.564728 331.670004 -0.019684 -0.012897
1965200.129880 240.687835 396.553031 -0.013885 0.013378
1034901.121182 345.963812 125.731643 0.010801 0.006928
1623246.405098 708.811767 497.092396 0.009755 0.003210
1926329.093951 248.367421 275.955887 -0.011180 0.015962
1658576.383096 150.287480 54.981278 0.008975 -0.010075
786221.519479 240.551369 318.824814 0.017822 -0.007680
1421758.733421 743.017697 365.408063 -0.005003 -0.017019
888519.625593 711.184851 307.881628 0.006038 0.006240
374128.679919 371.821138 325.761362 -0.019383 -0.011613
247207.860577 782.955139 311.797232 0.003305 -0.012041
838233.393076 329.872563 231.812746 0.000592 -0.014443
1269501.125100 723.088545 262.354481 -0.013792 0.014677
1490342.234955 701.684952 467.424832 -0.005824 -0.010056
1720173.599068 639.076481 82.448025 -0.005107 -0.001880
1589947.016719 447.956593 550.726796 -0.006477 0.003055
254199.274003 369.604213 332.164058 0.005897 -0.018209
1506623.924480 52.733131 274.400255 -0.014400 0.003090
1187558.641279 619.543643 289.213887 -0.018783 0.017648
663885.182079 620.329310 490.805413 -0.015549 -0.014782
134186.233456 776.885706 557.546616 -0.011838 -0.006224
763995.101100 799.482736 542.583172 -0.008027 -0.006495
960104.740672 341.162654 479.490569 -0.018611 -0.017008
1689167.128731 629.878081 84.471608 -0.007908 0.017115
1435140.350571 716.259761 421.815666 -0.012036 0.017047
1287450.956780 424.954496 421.430125 0.029665 0.011584
1664884.491668 423.618606 368.371912 0.010550 0.009343
1916152.068375 115.366614 439.988601 0.014441 -0.002267
142374.806172 274.379485 522.232893 0.014833 -0.004930
1889104.925044 572.049399 98.272921 -0.016639 -0.019299
184043.514628 642.123767 547.354026 0.011782 -0.019931
1678137.485719 350.630208 319.752860 0.001626 0.016041
349432.717240 298.996847 257.563008 0.011522 -0.014602
327130.583267 597.459249 167.620393 0.015873 0.004361
1445781.852792 774.577838 571.252860 0.003727 0.013548
657045.848974 430.380987 332.755405 -0.000286 0.004917
1143416.638087 467.928892 255.019037 -0.000619 -0.004818
853229.746620 259.254616 490.888555 0.018361 0.014570
1436276.935710 106.749427 143.210153 -0.014061 0.016925
747046.145027 249.251140 400.945647 0.006107 -0.011746
555282.349025 300.318618 106.250749 -0.010825 0.018766
31011.744417 446.320529 303.905397 0.002802 -0.017974
259713.421697 113.365151 381.492121 0.002206 0.005056
30230.289339 785.566011 570.251796 0.013300 0.017657
1629124.594680 440.433545 44.820238 -0.017894 0.007952
1993199.337271 341.121767 5.831194 0.006605 -0.016818
437214.899080 754.196818 272.550977 -0.004216 -0.013117
847463.854052 328.814866 438.349373 0.017225 0.019223
1561464.248021 48.457874 73.420171 -0.003335 0.004615
1496915.452879 345.356379 358.228487 0.007974 -0.009429
1076064.875850 410.401471 489.217109 0.004502 0.002612
1028186.607653 487.288479 594.958784 0.000952 -0.009054
141764.248787 594.367411 130.013233 0.001009 -0.014468
778578.041484 759.133926 329.484337 -0.015251 0.015198
1058486.954802 720.121408 564.291914 0.005958 -0.007222
1112790.978101 319.685991 448.457941 -0.013853 -0.016073
24501.685065 553.652996 366.552089 0.013095 -0.007835
353571.678676 273.056399 548.274601 -0.013260 0.014624
375264.103699 191.564598 365.529280 -0.003808 0.010608
1493884.026769 635.092504 428.913126 -0.008190 0.016528
1188817.119779 659.913502 487.991998 0.001404 -0.000930
259519.063057 73.489518 525.565151 0.015125 -0.010179
1949033.547169 712.010099 562.366840 0.003448 0.008704
482529.103981 609.716068 35.772523 -0.013820 0.017254
1850091.109914 273.816028 102.582578 0.001377 0.009873
1871495.037280 224.813364 324.690083 0.006089 0.002977
908785.677938 195.432152 241.018015 -0.009283 0.011202
1755362.652128 318.187980 522.516202 0.010157 -0.008995
232765.271437 582.431976 98.934256 -0.017986 -0.007349
1765166.354256 236.051930 45.918589 0.017671 -0.002014
15434.920795 693.139201 474.828672 -0.012872 -0.003988
1077013.659792 90.996586 409.114748 -0.016815 0.010586
516053.778360 427.283193 5.461747 0.006381 0.012093
1576709.125925 429.766774 119.366125 0.006401 -0.008352
948767.654108 620.801670 11.912554 0.005587 0.013187
667159.362075 417.601326 74.328625 -0.003591 -0.001444
1146380.339352 334.212764 198.358479 -0.005382 0.003856
1462269.868451 722.495514 426.600300 -0.003537 0.019282
949273.004639 536.543865 309.907757 -0.000661 -0.006816
636841.273232 217.391495 520.599505 0.000699 0.017245
316267.470045 793.365902 424.349664 -0.012916 0.005280
1072709.865436 409.048638 92.464432 0.006413 0.016865
1234697.917120 187.106352 203.608031 0.017920 0.003934
1871003.135047 543.277965 300.517765 0.005839 -0.016338
968257.898916 96.070210 457.472768 -0.019884 0.004199
184803.100389 255.755233 525.631052 0.018341 0.013472
1613704.762242 94.147741 497.187150 0.000559 -0.008183
920804.219749 40.321423 484.005875 0.004712 0.008379
1455508.939668 184.753921 566.191245 -0.017316 -0.012833
1084419.887087 1.649671 514.988655 -0.018240 0.005934
1899527.167855 422.318650 461.383932 0.008469 0.001130
745706.753221 643.407664 508.889630 -0.010094 0.010553
1369434.811813 44.285349 529.071975 0.000558 0.002780
353913.564400 779.568614 371.812374 0.019310 0.003530
660308.989072 568.737436 491.814285 -0.009042 0.011121
1997036.600484 653.390991 468.620685 0.014266 0.014403
857968.969670 644.908790 232.626339 -0.012088 0.000742
1832483.595159 456.819519 194.029934 0.011019 0.012452
174050.590104 359.372987 525.107614 0.018757 0.018488
887791.815627 116.225406 561.575372 -0.017447 -0.014847
1048845.100705 314.788521 504.236700 -0.006250 0.006701
1236598.032171 273.757561 290.322232 -0.004037 -0.012064
688449.854352 662.471507 2.863666 0.009265 -0.018955
1047717.716101 518.779295 357.880500 0.013893 -0.003498
831685.772553 746.949215 516.900413 -0.008415 0.016113
1646809.537731 587.671840 29.193532 0.010389 0.011926
354697.854423 227.038155 114.967494 -0.019289 0.005134
1718570.137265 508.553911 581.839196 -0.006271 -0.018627
338487.908402 549.960639 517.503137 -0.013007 -0.003230
1776805.868268 558.754880 40.724081 -0.000609 0.001828
960078.654327 720.537850 287.286924 -0.006552 -0.012437
763596.911339 131.509006 555.688419 -0.002776 0.016992
1446903.674606 486.257394 125.200160 0.016817 0.005143
1673049.761761 619.579389 156.205460 0.012247 -0.015285
591079.477496 780.605858 483.023272 -0.013689 -0.013979
450261.526019 37.085064 509.500257 -0.008265 0.001258
788880.985598 618.665322 259.123151 0.014941 -0.015432
1247242.441982 204.381149 167.226900 0.001992 0.007423
405506.701397 218.094140 175.544545 -0.003540 -0.012437
1835863.754077 197.995076 576.750781 -0.012853 -0.017830
159031.381905 379.710187 18.511772 0.015401 0.005309
362722.217274 87.746576 407.313458 -0.018666 -0.003818
420997.232395 340.049913 105.482945 0.005785 -0.007926
580167.091722 213.223146 332.628351 0.002771 0.012612
479025.265425 617.080359 52.813591 0.001294 -0.012687
552036.800679 360.128051 258.319732 -0.010478 0.005120
969986.005207 253.878212 61.837395 0.000710 -0.011929
1471710.388303 557.572766 187.626029 -0.003401 0.009153
1430984.936390 500.550463 91.307628 0.015654 -0.009267
902052.609670 144.936486 320.966691 -0.019790 0.010005
700700.571156 195.580644 313.112416 -0.002450 0.011071
1408199.004553 571.555497 136.775221 -0.014615 0.018109
1713095.736556 495.912932 161.689130 0.018408 -0.014602
944491.339356 556.874554 499.030298 0.011380 -0.015570
1119457.834922 400.290735 441.512807 0.008486 -0.004349
8319.607940 130.603911 343.757830 0.001557 -0.013271
647061.014849 711.572178 247.536022 0.013807 -0.006856
379545.065751 439.254176 25.749590 -0.003326 0.007331
1990576.603445 218.805828 181.655475 -0.009388 -0.010664
876473.971119 589.801971 557.734656 -0.009186 0.000887
80381.552726 664.332091 13.415745 0.011035 0.001696
828036.629980 624.629878 423.210728 0.019508 -0.007211
1747623.103553 248.551481 124.716540 -0.008535 -0.013753
1072386.123739 381.142355 423.334581 0.003187 0.015739
777386.485961 459.478792 100.602414 0.007653 0.013585
801906.589792 103.888174 346.039358 -0.006795 -0.003964
197987.358178 296.260719 138.105522 -0.015153 -0.014131
1545926.498969 428.241744 556.333445 -0.000658 0.001084
492654.834172 281.847530 500.236802 -0.001493 0.005340
1978982.283724 792.786063 69.222520 0.007767 0.002805
17631.095842 66.368577 86.518310 -0.012956 0.010999
1966499.848276 461.668472 543.326544 0.003028 0.015615
611006.784537 527.304908 167.115226 0.001451 0.011211
850069.038966 247.152002 189.642957 -0.005916 0.011501
1676786.882652 478.969674 83.646891 0.006885 -0.017867
1557780.060711 529.446540 26.274822 0.015765 -0.005742
1227310.625476 722.585371 263.246573 0.010718 -0.017552
428616.731627 592.331485 393.503031 -0.015226 -0.007965
1127178.874392 340.144991 576.319471 0.013664 0.018425
1480731.590409 213.117164 162.121214 -0.017758 0.004779
115335.758829 715.359515 130.600038 -0.012097 0.002659
541498.807511 781.077659 136.999402 -0.007426 0.014831
1167776.423119 742.346909 464.346850 -0.019066 0.007414
1705487.274428 189.979551 255.885988 0.000335 -0.005720
1455042.508177 58.070943 469.322930 0.007512 0.016568
1485351.840726 341.923882 108.583180 -0.019519 -0.000648
1600046.444498 55.964322 226.878779 -0.019286 -0.009274
1889695.885540 230.445205 146.803069 -0.013087 0.004134
230475.999522 605.576916 319.074578 0.015529 0.011183
434670.210087 593.438188 10.159216 0.005757 -0.009962
748135.628527 296.953963 193.419562 -0.013707 -0.017655
474188.291689 718.691614 292.412080 -0.003295 0.016333
1941577.332067 174.376316 588.747520 -0.006022 -0.010624
499196.726130 235.237657 314.420846 -0.000246 -0.001314
254300.674542 487.622072 134.033261 0.006355 -0.000087
6325.354803 700.393203 143.995732 -0.019183 0.000813
980919.682878 315.805732 534.894260 0.012544 0.001985
1900851.625903 40.322621 269.180501 -0.002554 -0.001266
719689.197242 326.335184 412.183468 -0.006341 0.010293
1844748.197982 472.771653 30.487925 -0.002161 -0.016577
1036199.990211 459.057559 416.525910 0.009649 -0.010736
385683.919483 595.673519 65.073798 -0.002693 0.010614
1256102.471266 738.629606 95.890743 0.000694 0.009763
1419511.694191 375.673550 472.559094 -0.013642 0.016266
511292.832210 414.944447 189.413485 0.017690 0.014396
145034.134456 691.464607 270.282783 -0.015048 -0.007554
1071721.370831 513.352742 530.749813 -0.010796 -0.004669
233847.819378 338.390594 77.112597 -0.011017 0.014219
1786277.592083 682.155166 467.499240 -0.017900 -0.005091
1031918.257955 609.789127 505.805401 -0.007877 0.016827
1499349.890975 446.643485 263.472817 -0.017365 0.000059
597617.807145 110.135501 219.235003 0.009997 -0.009541
1353622.215499 228.343553 541.942431 0.002465 0.000630
573296.933702 542.706238 563.705600 -0.003405 0.016138
1590131.532210 246.352166 453.870497 0.002993 -0.005564
258416.177825 72.624738 73.692115 0.018867 -0.004268
87595.200207 577.087799 571.476397 -0.000685 0.011451
906233.425674 625.615859 554.265376 0.012749 0.001245
370032.188655 396.186723 489.640366 -0.016463 -0.017728
664767.085884 299.737753 441.579868 -0.009138 0.011579
1278253.811075 53.094103 58.595792 -0.004145 0.005628
916040.443311 420.024995 438.715871 0.003229 -0.000149
249204.321880 499.503311 130.530656 -0.016938 -0.015703
8661.484350 424.177912 533.536138 0.017139 -0.006054
841302.204338 90.273986 506.324940 -0.010492 -0.011965
1802783.200425 455.817526 345.971755 0.005478 0.013642
731632.451868 220.876855 544.630467 -0.001437 0.006861
1096714.972098 736.896278 118.101857 -0.008813 0.000000
1386984.768969 323.628849 76.224161 0.016467 -0.000752
469499.863903 732.408086 6.671504 -0.015020 0.013784
718651.906922 435.632678 574.412461 -0.011854 0.011255
316653.122342 84.143232 211.208763 0.009708 0.009394
385530.231700 79.980538 10.901903 -0.015988 0.002559
1379939.433830 519.188043 291.297647 0.015442 0.017153
1974529.288697 463.953235 199.398428 -0.015470 -0.000363
1626419.535664 279.501201 244.587337 0.012968 -0.001066
503204.831157 146.371386 10.749442 -0.011634 -0.004516
1600260.999799 293.293314 294.762092 -0.013929 -0.015945
467442.890847 275.511166 121.044461 -0.009921 -0.002203
1530910.291491 753.242185 56.353246 -0.009995 0.013161
43405.273949 190.044549 245.221869 -0.005816 -0.005903
1801413.789299 133.661705 421.019592 -0.007678 0.019660
348673.859774 447.763663 104.833260 -0.012292 0.010749
1122384.702378 793.688092 81.059288 -0.017902 -0.014236
474000.488629 229.293600 293.423404 -0.002440 0.001550
1867761.544822 163.063129 288.127794 -0.018881 -0.001828
617712.498930 39.442067 415.356075 0.008733 -0.003858
88793.583256 494.939354 342.553425 0.009861 0.017001
1123119.018564 736.037383 291.806721 0.009404 -0.015511
510837.786138 237.635142 62.735600 -0.004346 -0.005990
498234.962345 502.539165 381.742389 0.009528 -0.017332
350510.791107 537.706582 162.763028 0.006236 0.007965
1451432.125387 771.443552 449.228995 -0.003332 0.007318
303273.376219 370.156850 180.126340 0.008882 -0.011674
454803.713809 227.034487 76.334866 0.008585 -0.019209
480071.545802 775.598533 189.912384 -0.006230 -0.005567
1333575.176696 474.972884 593.006511 -0.007819 -0.006721
110627.538576 382.921592 2.128415 -0.006973 -0.014574
1406769.050940 41.610343 59.208228 -0.001899 -0.001188
1561676.394922 482.501287 559.457453 -0.016753 -0.006988
281255.947557 246.876707 365.135110 -0.009255 -0.019074
1257382.930842 407.110457 595.863815 0.017799 0.014126
706537.016996 489.619974 268.598567 -0.006334 0.016640
1558318.719993 317.914834 236.888395 0.011336 0.008938
1057752.200895 389.325497 465.641067 0.005108 0.017517
491364.625511 326.508071 325.148629 -0.012864 -0.000409
1734950.389590 255.145782 479.252777 -0.000929 0.003494
1643357.573842 84.480024 57.193681 0.012571 -0.017968
1898263.090243 134.019628 397.725736 -0.004150 0.000391
1157183.811607 140.704299 544.280775 0.018934 0.018339
1260090.642264 401.536562 266.810419 -0.003780 -0.014822
767107.214205 521.319745 323.061882 0.016999 0.013179
55740.578126 634.604879 88.952382 0.013040 -0.009265
1471867.368311 518.799724 224.902483 0.013070 -0.001623
851158.514084 624.448519 377.863005 -0.016459 -0.012917
279214.015361 533.294013 211.705056 -0.018173 0.005619
622537.959657 541.168144 84.996951 0.010261 -0.016719
543551.074594 112.199519 439.514903 0.012628 -0.017364
1125283.938425 670.297617 515.159300 0.008433 0.006545
255944.995329 357.692675 187.272331 0.000113 -0.008836
1549879.616848 742.679869 35.560747 -0.003802 -0.019309
474171.187949 435.837849 410.416966 0.003577 0.003646
648167.413030 720.794377 160.386584 -0.001353 0.006304
697835.028496 590.119326 478.471209 -0.016725 0.001913
1725670.433475 515.855678 231.207887 0.008714 -0.005506
99429.388577 679.262662 481.637075 -0.005520 -0.005935
163663.104253 109.431692 168.313238 -0.009008 0.000314
594763.153510 303.376951 52.466785 0.019265 0.018773
1355525.087265 244.633754 521.934670 0.017861 0.010904
1053977.892294 234.908825 305.713352 -0.007019 -0.004949
115031.983757 149.731735 12.535209 -0.002307 0.016323
752375.869431 393.963955 454.854749 -0.012799 0.014193
219437.964363 208.662999 595.069755 -0.004391 -0.003920
1068114.026016 550.169997 468.965102 0.004834 0.006829
1499866.051366 239.038593 584.379646 0.004752 -0.010274
1491842.997955 117.003524 322.398550 -0.009743 -0.001144
1826279.228472 250.808669 395.035921 0.017319 0.010247
1133058.067007 247.645149 149.330140 -0.007038 -0.000441
207507.431604 346.825088 450.086575 -0.016174 0.012960
304737.184339 504.090385 306.850799 0.017353 -0.009995
361247.467977 546.707101 329.451839 -0.013807 -0.007880
1585793.637478 720.536199 269.548957 -0.006775 -0.013791
1841064.114050 194.780364 281.482964 0.003169 -0.012881
451362.950938 116.093231 291.968361 -0.001007 -0.001228
1950936.490647 462.825517 542.071491 0.008354 0.007635
1454702.783122 701.874340 182.451033 -0.010449 0.012473
1108684.254395 335.467704 297.087091 -0.015855 0.002984
1596490.624173 717.055243 285.057425 -0.011481 -0.010800
1263706.185512 134.464995 282.321785 -0.015935 0.009881
1294332.516982 261.385238 535.541342 -0.014658 0.012055
723046.520130 87.255696 228.234208 -0.009400 0.013368
107937.715067 793.577164 427.052088 -0.005719 -0.010795
1046872.077066 729.255644 390.169631 -0.019317 -0.019434
450965.188654 653.535805 547.029784 0.008024 -0.017421
278162.196408 266.293693 139.811032 0.004373 -0.002630
1960316.196066 205.458582 456.652736 0.014895 -0.004392
1125740.257616 187.430330 299.749538 0.017718 -0.000062
668170.334151 797.120653 294.333317 -0.018172 -0.005831
1443825.863043 455.590542 159.967322 -0.005090 0.003540
564375.188464 478.393894 242.750018 -0.012222 -0.008030
938961.728913 266.964703 379.498195 0.008087 0.017701
132214.712972 546.432762 119.629096 0.013219 0.002213
1179224.623916 311.857252 473.262194 -0.016460 -0.006667
575213.267736 338.829796 197.899046 0.011061 -0.001207
1368718.602401 400.535202 23.708767 0.018035 0.014936
1254302.726711 186.096215 282.737792 -0.018680 -0.002901
1541011.519516 401.097725 456.387062 -0.003912 -0.011856
1407684.757098 375.150416 531.917715 0.016141 -0.008173
883750.411162 394.017584 411.718564 -0.010675 0.003292
38293.802197 414.654369 2.998876 -0.006037 -0.008107
949396.727117 26.710576 478.588051 0.000579 0.019404
1340193.529306 112.461053 130.132610 -0.014316 -0.013070
1289556.392138 729.467308 404.472902 -0.003797 -0.007430
1756783.113702 87.898374 469.408335 0.010562 -0.019609
157687.638028 165.832935 303.286882 0.010620 -0.002490
175039.783202 626.970171 573.542374 -0.016275 -0.014668
506304.289450 453.641348 99.578888 -0.017966 -0.016732
301433.914481 576.142892 133.542691 -0.005327 0.014510
790027.673724 9.910335 464.122459 -0.017207 -0.003254
176035.711624 758.476932 317.077091 0.014818 0.008521
1081972.172988 759.512521 552.142799 -0.018199 0.008640
715741.816310 107.111651 299.100941 -0.007417 -0.010926
1263880.632475 454.121616 476.662435 0.011934 0.004700
1751026.801649 759.012012 202.594548 -0.016132 -0.007305
399196.095951 394.472249 198.000803 0.019008 0.002423
1496994.359185 48.838274 306.181415 -0.008915 0.017284
445396.929255 653.883669 529.484425 -0.014298 0.014555
1193553.106484 400.136803 599.202378 -0.016146 0.012563
450224.472419 581.688929 229.306380 -0.019235 0.001038
1999453.321099 715.826322 285.428329 -0.005295 0.019653
1584501.028799 429.487032 291.134991 -0.015110 0.000409
94458.571679 696.580945 342.757404 0.002273 -0.014107
1007827.074736 623.675666 579.343887 -0.004562 0.016874
1658558.308919 786.414950 253.438022 0.013093 -0.016886
475365.567242 42.226577 483.216085 0.004529 -0.017043
663714.367274 495.869719 580.536213 0.012248 0.018225
1919117.403179 479.332592 296.784911 -0.002186 0.008835
9624.167350 393.656585 354.907842 0.003061 -0.018039
1478876.057770 64.485424 497.195556 0.007973 -0.001371
1502145.321808 426.777674 269.345172 -0.013031 -0.005541
1054818.871922 329.213276 248.062122 -0.006669 -0.018738
972186.690649 532.086218 390.611324 -0.001887 -0.001121
1216433.286302 329.829141 43.063248 -0.015881 0.014303
1585452.240699 85.834198 209.788300 -0.004609 0.007227
796849.675848 99.182717 458.837964 -0.011018 0.013108
461377.134761 782.690983 217.241445 0.007166 -0.013908
1447663.852688 165.474723 338.343295 -0.014479 0.001613
1190708.408687 498.962921 123.061021 -0.010151 -0.016974
1355477.244293 683.882863 294.146338 0.009981 0.018273
694211.989964 433.583317 39.080127 0.007884 0.017084
1497031.391364 75.972879 30.362012 0.000515 -0.007107
1759090.904966 594.634976 180.110611 -0.010324 -0.003073
904928.793621 772.342315 377.993303 -0.019359 -0.015854
341892.055395 489.248596 436.856606 -0.004946 0.014339
1609370.418642 43.293877 427.846995 -0.008200 0.012133
1339833.364515 513.352209 206.986727 0.009405 -0.006441
543533.833951 386.302839 260.139629 -0.007099 0.019807
1510075.678821 161.379668 443.608457 -0.017785 -0.002232
325429.097901 406.440549 246.047056 0.011720 0.000968
1027532.088117 771.118056 81.348192 -0.010369 -0.006355
1987715.010526 37.036881 236.888638 0.008276 -0.006372
396776.620483 301.216231 588.882008 0.001748 -0.015581
639902.701899 652.451531 356.162182 0.010132 -0.014493
1179865.857204 406.231665 204.078973 -0.006846 0.002535
1568458.621189 393.425566 42.468407 -0.012227 -0.008583
1190290.628555 566.605378 149.964629 0.009235 0.017978
1180185.991889 580.179972 597.291434 0.019395 -0.002775
672088.553511 146.658514 484.860372 -0.007340 0.009075
1837656.663655 510.364287 325.351913 0.000515 -0.004371
1360614.323691 81.894229 539.229555 -0.019198 -0.002734
924125.776125 643.696604 554.900414 0.001316 0.019941
418950.309241 102.570839 424.411558 -0.001727 0.014307
1312754.557148 39.277777 350.027612 0.006068 -0.018664
30587.249450 790.631434 130.388303 0.012906 -0.007755
1889215.610870 593.545454 566.175866 -0.000533 -0.009822
669560.509114 133.645561 214.348028 -0.010654 -0.012490
1579576.984783 556.671914 595.152070 0.008577 -0.010884
1982244.182370 738.934250 214.114613 0.007923 -0.004708
432350.935616 283.750484 258.420673 0.011989 -0.019759
930735.730068 652.471354 596.712931 0.007310 0.005527
600671.720971 501.834019 228.004248 -0.010197 -0.015425
1270601.892504 463.598023 169.325275 0.019709 0.012514
938976.299455 626.147356 304.957236 -0.001540 -0.000140
1474031.937064 361.991992 251.872145 -0.016247 -0.013953
1605130.416157 247.958739 302.899334 -0.010656 -0.015582
1023340.410098 559.396814 555.358104 0.000246 -0.004724
1128556.229700 645.413534 5.481850 0.017761 -0.017958
248420.950141 463.976769 377.851240 -0.003926 0.002753
884577.235619 700.750559 213.305653 0.018010 -0.006563
1704879.713107 549.889200 474.284468 -0.009092 0.011216
1882055.445519 60.136576 54.929058 -0.002167 -0.007617
404206.608610 766.132565 4.973595 -0.014894 -0.001428
780987.060993 553.624608 162.333889 -0.004029 0.005497
642018.800900 419.845455 130.481633 0.018032 0.017213
1579863.075903 314.109206 483.454944 -0.014202 -0.006281
286431.929230 798.784323 18.484628 0.017334 -0.009142
1625355.291937 699.796212 207.442386 0.016180 -0.007141
1310099.705732 85.371366 167.036303 0.006564 -0.010601
1485499.756171 42.742905 555.885089 -0.019458 -0.001834
1126826.147142 267.524385 586.911246 0.011211 -0.008627
1817754.082297 456.386758 406.830093 0.008593 0.008647
42605.713030 686.107024 428.618984 -0.017712 0.011569
1969490.396776 691.930775 399.655552 -0.006762 0.010784
1972945.507603 788.428503 525.765527 -0.009407 0.005964
221002.463354 6.012882 421.454378 -0.018501 -0.019155
314139.836614 480.088188 213.048686 -0.014577 -0.004773
1280098.799281 35.383468 570.842032 -0.007267 0.010342
1334025.561499 271.221988 370.281138 -0.004773 -0.004328
817314.073824 292.299988 154.103588 -0.017004 0.007867
52254.755074 49.009543 409.204497 0.016101 -0.006939
662711.798522 9.834283 200.083977 -0.018614 -0.018002
710212.109941 153.305075 389.992512 0.008413 -0.006921
61999.699130 280.661614 222.936646 0.019297 0.006746
261157.692532 519.461087 4.066791 0.009911 -0.018776
797766.605764 125.317867 237.333466 0.006225 -0.010770
184709.901076 545.489260 175.150045 0.010990 0.003325
1235796.007903 85.078306 357.665191 0.018095 -0.014394
1292608.929469 245.474108 198.686627 -0.008137 -0.019317
1317389.029692 261.657338 220.507759 -0.018789 -0.007608
71927.786838 128.165765 575.513351 -0.018266 0.016313
1977614.946653 353.676186 38.691197 -0.004640 -0.016068
591803.305127 381.703584 467.392077 0.003517 -0.009936
726241.200569 164.829775 214.281323 0.018393 -0.013695
995710.504705 485.022854 279.037156 0.013161 0.016102
963862.695249 390.887050 138.003870 0.013992 0.000727
1079147.418532 708.512606 407.694220 -0.000021 0.017189
1174876.041326 389.767527 222.970963 0.006099 0.014867
937689.950195 758.469196 209.313043 -0.010086 0.001407
1200871.358253 489.343079 445.041193 0.018309 0.002830
1798372.363578 364.577044 105.984239 -0.005457 -0.008569
158766.744732 676.408184 464.379700 -0.007587 0.007841
584123.108808 679.499706 348.490495 0.018827 -0.006109
1019930.488905 447.050979 500.350073 0.015241 -0.011567
1412068.961846 279.649754 95.591438 -0.017816 0.003950
1390465.348675 524.178684 125.703264 -0.002529 0.004547
1560588.704217 269.190550 41.619321 0.018290 0.008012
709118.110458 28.991364 327.189856 -0.014855 -0.006225
481739.437432 336.514004 116.853972 0.012842 -0.004337
1084185.081108 265.380891 569.689020 -0.004949 -0.011493
321427.933090 65.784949 337.497131 -0.007358 -0.014431
322096.383349 12.020663 475.480289 -0.005161 -0.001925
811598.476400 120.548531 472.567031 -0.000997 -0.015688
975828.599639 663.238913 87.030053 -0.018663 0.018323
980873.326296 219.568976 226.568457 0.007419 -0.016147
1538962.265262 182.097071 256.879692 0.008805 0.004162
1281944.833362 703.805774 411.487946 -0.011800 -0.012035
1646853.441208 292.053397 129.225284 0.004642 0.009421
1334224.681991 17.368847 531.647289 -0.001774 -0.000138
1987979.200663 754.229555 196.041039 -0.014457 0.019099
567825.405192 503.251255 150.362077 0.006541 -0.007402
693992.653253 345.405980 324.738443 0.011062 -0.013991
290886.182473 333.023458 18.597451 0.013265 0.004813
461579.700216 524.001600 590.738539 -0.002172 -0.009182
1440439.939238 90.469325 175.704311 0.004266 0.002723
1578856.275221 479.950888 306.963916 -0.015376 0.009522
975708.803616 319.768084 220.287744 0.009549 -0.017523
1363849.989774 68.341862 296.075529 -0.011054 0.014431
1287670.666020 295.350967 165.773890 0.006990 -0.011977
1793086.186886 724.659698 513.313510 0.015255 -0.005943
253419.465503 481.228567 278.388020 -0.003128 -0.011668
65064.939701 167.148093 484.793253 0.001754 -0.007021
1093948.624606 25.666199 434.576760 0.016608 0.010813
1570950.974510 477.103418 513.876862 -0.008894 0.012834
1433502.711092 738.224903 113.589503 0.019705 0.003917
779698.448619 711.773813 301.690661 -0.010201 0.010877
1707668.152502 297.677096 223.984657 -0.007285 0.011689
1161722.038482 280.482430 0.665917 -0.004416 0.015798
650195.260835 748.499793 556.009477 -0.018006 0.014026
1393276.303724 667.667509 268.084032 0.002112 -0.015477
534900.189626 215.534110 21.038402 -0.001729 -0.009469
1264731.390059 676.927431 91.390418 -0.014608 -0.016307
1848317.172308 790.797657 278.445830 -0.008134 -0.007733
512088.236637 702.195826 394.365513 -0.009743 -0.009295
1104225.446984 465.397715 121.940677 -0.000861 0.005240
107543.810321 140.002822 279.385821 0.000018 0.009130
1156781.673039 614.886708 598.097248 0.004542 -0.011015
520065.349769 196.825036 42.899710 -0.003474 -0.004754
327390.441823 269.701533 221.886136 0.005103 0.005371
1353004.063178 707.120728 306.986857 -0.006574 -0.014390
1558240.596931 709.296174 433.393606 0.019290 -0.005442
706633.334377 29.007710 323.754190 0.012770 0.001555
534505.464385 317.482904 182.953831 -0.009435 -0.019553
1061346.780072 419.637250 154.479168 0.004134 0.017537
1275778.349152 612.448534 164.508881 -0.019704 -0.004255
1816858.008419 547.170829 166.490525 -0.003177 -0.019283
837596.447597 159.443863 542.331174 -0.014376 -0.012763
537634.699856 395.910447 130.539834 0.012328 -0.007456
1509630.032587 60.143377 426.082586 -0.020424 -0.008043
1442342.147903 473.161750 518.464768 0.019145 -0.012301
1603574.954720 492.478289 575.697984 -0.016945 0.004951
706735.606634 787.719264 184.465754 0.005236 -0.003790
651319.147391 39.994739 362.579916 -0.010790 -0.012358
1573016.600485 398.637151 411.538330 -0.019874 -0.007695
1998835.487291 607.449431 229.872227 0.008384 0.012772
1445522.677826 344.819029 246.214296 0.003484 -0.003641
1207599.107738 311.273536 14.992835 0.002530 -0.001363
1297106.122271 733.545254 269.832071 0.018195 0.001912
1709409.523620 225.387730 358.927255 -0.001620 0.000461
1579454.636005 196.695783 6.092942 -0.000961 -0.009979
635151.660366 380.370603 5.356737 0.008018 -0.012585
1657542.871152 338.260410 369.236081 -0.010419 -0.019595
50074.195513 674.100510 239.538261 -0.017994 -0.003743
1728956.987955 558.759410 193.731429 -0.007448 0.006145
1741304.677791 135.052656 561.997152 -0.001254 0.005098
896425.988943 206.831624 524.644599 -0.001645 0.009362
248631.410417 620.730159 125.813070 -0.014670 -0.000940
789536.960791 769.560677 539.552128 -0.019585 -0.011933
1819863.026878 28.499820 26.504028 -0.007623 -0.016556
901731.744829 139.205902 470.684155 0.010946 -0.000476
878442.611954 515.280161 393.758833 -0.004973 -0.015488
569936.175165 658.900251 222.825310 -0.013644 -0.008691
212161.644461 226.587462 35.257491 -0.007365 -0.003286
1070836.321949 568.405298 227.824256 -0.002611 0.008852
1162154.364009 276.068252 454.391639 0.005036 0.006166
1685995.778854 61.395503 497.059223 0.005301 0.014020
631794.399876 53.714236 296.598700 0.018915 -0.002290
