120102.793966 630.437439 121.642870 -0.006096 -0.005543
269277.329682 300.121738 156.135441 -0.018272 0.015154
1260731.205931 302.184214 191.730623 0.013073 -0.002964
973263.179405 632.861053 572.950209 0.008507 -0.005934
1683880.506867 289.301663 229.346109 -0.016828 -0.013039
1760997.696668 175.348505 580.529325 0.011718 -0.019824
354965.669268 681.994283 474.664357 -0.004789 -0.012027
306862.422408 412.027182 346.427430 -0.003482 0.002358
913598.742761 34.891682 562.521420 0.011134 0.014844
723511.401901 210.266056 397.684843 -0.007309 0.019062
27418.055584 127.025288 203.202836 -0.004126 -0.010465
1026719.971107 221.757259 273.053473 -0.000716 -0.017200
919235.655535 527.303895 552.896160 -0.009943 -0.018411
247720.705461 324.184611 333.643144 0.008058 0.012681
229642.751734 125.676117 517.063659 -0.017955 0.017201
1463437.116455 330.430156 118.879914 -0.004255 0.009181
349002.480669 325.708212 533.956544 0.001096 0.011545
253345.397419 21.844199 48.647524 0.003299 0.000364
301882.374241 33.314296 100.999087 -0.017038 -0.008248
417897.793659 158.291620 419.799358 0.010566 0.015940
1032678.423930 703.092558 34.449078 -0.004921 0.017247
1981626.739717 86.592731 206.280332 -0.012541 0.000395
148080.320166 290.982512 546.111867 0.018533 0.015046
1426235.401736 72.367792 542.559829 0.011794 0.006904
826207.458426 756.209733 428.386633 0.003252 -0.019251
17939.873048 632.997315 129.703380 0.008273 0.002233
229060.592236 178.751423 260.677860 -0.013026 0.003924
729567.630556 129.684794 425.728131 0.008415 -0.006058
424191.899795 625.546616 428.168141 -0.015131 0.009758
1179453.697605 667.591730 501.666025 -0.000323 0.005137
1017047.714916 724.952742 344.259928 -0.011062 -0.000460
1184883.571782 186.536084 168.323837 0.012312 0.017661
1669257.284919 738.078072 98.008905 -0.009274 -0.016728
1530870.404807 506.874105 153.170420 -0.001056 -0.006362
1211583.405366 549.690433 75.333335 -0.007253 0.012385
1741377.547263 727.134428 385.856574 0.008287 -0.003808
544004.606336 172.508157 185.201279 0.013860 -0.002453
1594854.852927 349.985104 402.408111 -0.016923 -0.010144
1223177.906695 729.628970 101.377216 0.010959 -0.013060
527324.168257 433.110185 487.730625 0.000766 -0.019350
312490.830343 99.765842 422.392250 -0.009521 -0.002668
1025907.483430 120.910520 212.003858 -0.013735 0.014348
1509229.653286 341.993911 43.628441 -0.017877 -0.009341
1023852.793045 688.232607 428.014934 -0.012673 0.017499
1918069.081343 635.309259 509.691313 -0.014822 0.002806
59433.087734 314.433944 67.831658 0.013720 0.016465
257531.464220 800.474932 21.806993 0.013280 -0.008786
961609.428265 277.158331 259.691888 0.013366 0.000064
582120.371322 470.129539 558.461830 -0.005430 0.006007
408974.288222 701.596436 306.684212 0.016794 -0.017656
899929.745542 700.382028 511.845845 -0.008030 -0.019839
849952.291162 263.252616 237.750637 0.001504 -0.013091
617567.269419 532.429667 103.649806 -0.006174 -0.000025
907629.657959 661.718484 506.964512 0.015490 0.006333
693382.430213 141.833572 148.650410 -0.008908 0.001677
1797970.130014 385.144282 250.809847 -0.003528 -0.004083
955435.349120 688.673130 164.050648 -0.006713 -0.013572
557659.864685 605.812946 293.359056 0.007019 -0.008249
1324351.926951 788.194307 575.644247 0.013355 -0.006815
917046.023028 230.712599 93.588313 -0.007871 -0.012920
1632997.046985 519.196290 212.449410 -0.017484 0.017117
1790149.784549 770.241267 244.900874 -0.007416 -0.004966
1613713.184192 632.241540 140.732551 -0.016790 -0.015066
791753.703166 288.482074 527.323435 0.015412 -0.018587
347958.385175 437.456809 12.084938 -0.014654 -0.004631
701432.257286 473.862799 403.253857 0.000318 0.015829
1693039.169392 258.743764 326.945017 -0.012030 -0.004480
944105.254926 76.272401 210.618600 0.015325 -0.003685
1451122.988691 550.559364 119.810733 0.018423 0.010766
644142.737912 285.086980 76.654883 -0.011896 -0.010301
328294.663843 300.380283 473.814751 -0.012222 0.000419
344141.964030 428.717257 60.627844 0.013711 -0.018294
1995072.262359 551.850617 220.588524 0.001694 0.015580
1509670.835691 11.248153 590.951811 -0.015731 0.015789
783939.521193 665.446480 350.013816 0.003548 0.011730
702233.533702 730.438561 89.183939 -0.000814 -0.015234
783487.379916 514.454246 295.168333 -0.012704 0.013080
1976.599918 282.217969 217.658995 -0.015856 -0.012090
812477.567611 80.919621 532.068022 0.010928 0.005790
1551513.418346 422.606012 395.073623 0.010379 0.005364
1106838.468046 120.843468 279.663433 -0.014523 0.009722
516376.429478 389.620748 394.149856 -0.003860 0.018704
1541877.001311 639.247387 366.879667 -0.009511 0.019230
877046.727052 210.906735 200.434852 0.012094 -0.005350
1062152.807164 166.481409 280.816950 -0.003290 0.019303
220503.739184 155.000290 306.047988 0.010767 0.018109
285758.867062 257.600280 62.759917 0.004291 -0.001967
1694852.848395 693.281828 566.721360 0.000227 -0.009195
1823523.613542 219.366153 44.344020 0.000915 0.001470
109429.840049 768.324876 479.994618 -0.004456 0.010490
331166.874772 736.324292 582.285475 0.005305 -0.006538
1904142.131984 594.115600 318.586395 -0.001580 0.000437
967910.745632 483.287002 499.334985 0.003524 -0.011505
581591.096978 348.493118 47.997876 -0.010642 0.017506
706572.319710 118.003168 128.336148 -0.002993 0.006853
1499518.371885 385.526922 378.724457 0.001969 0.014859
785875.055374 571.571242 474.429997 -0.005463 -0.006112
257524.722376 252.927785 54.329147 0.006451 0.011179
1201976.699383 114.840850 228.868978 -0.002623 0.009280
1186503.038363 580.001085 101.712414 0.006835 0.018397
215485.423904 20.135720 64.854968 -0.007124 -0.001905
1555844.913030 56.659393 560.820756 -0.003693 0.004793
1610655.802121 641.083544 200.413625 0.003840 -0.013394
1363983.919548 580.525999 288.349429 0.010878 -0.004604
515601.680854 298.491017 317.570639 0.005555 0.012253
521772.659627 185.456750 319.453099 -0.002816 0.016129
984056.433190 429.776508 558.284270 0.003562 0.013730
764465.851134 302.262359 557.971915 -0.007324 0.011441
1098768.237559 98.116525 352.863871 0.014692 0.008829
1505133.839094 452.575282 265.901525 -0.010733 -0.006509
1656881.889169 392.776341 426.034442 -0.005651 -0.014818
1035409.796534 493.660089 216.472720 -0.018011 -0.018105
532033.862794 432.518517 350.032762 -0.012177 -0.014337
885049.308131 462.127539 312.312893 -0.005109 0.015769
611963.250959 737.506030 10.344477 0.015708 0.012223
1469794.933437 516.451557 223.499727 -0.012496 0.015561
1419313.830053 5.402649 222.273240 -0.003147 -0.005437
1001399.715897 751.159964 589.758434 0.014485 0.019452
57920.523946 103.029705 316.943909 0.004557 -0.007024
1340168.589419 44.138636 541.172805 -0.012385 -0.002905
1593328.125585 396.965948 209.062846 0.012542 -0.004445
308175.125303 438.494365 21.530800 0.000942 0.009117
1829796.170737 187.954898 440.276495 -0.008569 0.006237
194622.977727 628.500177 356.748801 -0.016825 0.005967
1163384.351490 85.879607 466.839406 -0.015348 0.009162
203536.384834 623.638438 466.855752 -0.019844 0.018800
408990.508136 640.528209 279.612836 0.002368 0.004625
1709918.606891 566.388707 96.705222 0.015733 -0.010626
1776676.395804 644.333174 280.383567 0.004797 -0.016386
248411.979642 575.570304 526.779972 0.008746 0.011925
1052401.075630 239.818733 543.589679 -0.007837 -0.003543
1254879.329007 324.262650 114.417329 -0.003748 -0.003576
322021.593490 487.269826 125.467208 0.002281 -0.014839
1647379.426121 386.068799 521.451261 0.019419 -0.005113
204691.412954 699.171238 106.326067 0.002797 -0.000171
536197.156895 555.359485 128.678500 -0.014197 -0.003473
25648.950611 537.841775 428.712750 0.016679 0.018953
247729.502734 436.902533 229.114017 -0.007401 0.018032
1580350.309415 379.913276 335.298285 -0.020006 -0.015901
1443766.372951 659.185533 350.999984 0.003676 0.012386
1912564.341869 554.370946 409.556747 -0.014671 -0.009431
357511.299829 321.126019 575.515126 -0.004400 0.001846
744693.135258 324.408644 130.855841 -0.016551 -0.007015
387589.365424 167.787623 523.072480 0.002986 0.000956
1645202.005117 291.632885 -0.095618 -0.004713 -0.005368
205411.871060 83.677824 113.498961 0.007504 0.007840
1996032.971887 514.864397 233.877734 0.007508 0.010468
1306804.762830 688.104010 106.659697 0.004501 -0.009858
1450619.077985 788.498221 395.149599 0.017722 -0.017181
1969754.747101 110.587832 168.407615 0.013663 0.008612
1609086.544071 543.802599 45.538823 0.012192 -0.017517
883645.576836 726.122363 99.642825 0.005620 0.003657
1722771.757153 502.473210 142.306092 -0.009971 -0.007564
28763.775727 722.720229 101.804580 -0.012019 0.000520
845989.907554 733.838453 301.270720 -0.016739 0.014424
1143645.596292 54.486898 600.294135 0.014089 0.016931
1423342.375748 525.638655 361.920970 0.011494 -0.001569
1329764.171191 184.822777 221.706041 0.013244 0.014446
1926056.274178 553.265627 294.330581 -0.011999 0.017721
1598411.507718 172.702281 507.829457 0.018769 -0.003697
726058.746095 313.992962 195.455695 0.014555 -0.001022
375371.614646 348.437671 324.847123 -0.012625 -0.008606
932014.105344 718.454803 567.041128 -0.017162 0.007171
811741.037672 587.739722 550.826089 0.010982 0.002631
1557690.799962 589.706958 154.846692 -0.009263 0.017511
399385.155365 53.388192 91.283130 -0.018136 -0.018555
1122038.441301 328.013209 256.614250 0.015484 -0.009104
1805346.826001 59.633791 425.558154 0.004087 -0.002999
1995636.369100 729.113940 97.006997 0.017697 0.019397
1695958.700821 279.037260 427.912351 0.010646 -0.015089
558004.577904 435.821799 516.680679 0.001457 0.012507
1597187.265566 589.229301 528.762961 0.018084 0.011278
1833981.536251 410.064412 114.665704 -0.006182 -0.003993
929917.220459 197.848316 284.806612 -0.013171 0.007581
1471826.909795 138.564210 361.303884 0.015868 -0.015403
1165988.196230 595.245644 277.975288 -0.008174 0.000419
1172216.120722 460.788982 32.446094 -0.002190 -0.015483
1736107.381869 196.427950 508.274020 0.009949 -0.012166
1259741.624473 532.974511 425.171185 0.012848 -0.019575
218963.730251 229.061981 155.200522 0.003361 -0.001604
1902503.935575 255.771833 379.605053 0.002181 -0.011340
1496596.111682 109.456917 576.193884 -0.011555 -0.002655
941537.357374 638.176302 5.935256 0.001064 -0.010196
245239.558744 315.731443 293.044922 0.018817 -0.014291
1372376.816986 480.121233 484.759696 -0.004173 -0.003135
1637971.852737 403.758226 424.054087 -0.017002 -0.016357
337179.376901 23.632762 245.385606 0.012129 0.003347
1249672.392965 440.312957 432.782321 0.003383 0.010449
310196.676436 44.390121 335.804411 -0.013362 0.003293
1607296.809371 230.279785 585.060608 -0.008241 -0.009699
236307.595035 783.887308 515.236155 0.017038 -0.004968
561161.337682 596.904840 528.777656 0.019459 0.012914
1939371.158341 125.349922 511.860900 -0.004856 0.018362
870700.636353 2.147427 305.577933 -0.013728 0.003549
541779.813609 249.376546 386.787840 0.013255 -0.000892
453110.709066 506.787042 459.578988 -0.011926 0.017067
47266.968548 256.856737 543.250227 0.015296 -0.010183
562186.379247 130.106500 594.652881 -0.013529 -0.013974
1629854.769274 105.282868 185.088436 0.006685 0.000385
534606.907766 82.223478 307.493967 0.011062 -0.009664
203362.833803 38.174704 342.208738 0.009825 0.015200
92345.910190 778.794649 306.533287 0.012424 -0.012993
877177.283576 667.580922 297.645240 -0.006207 0.008682
1484435.888699 500.898342 528.800478 0.009363 0.011484
64404.659935 439.025174 550.769613 -0.006326 -0.011431
856791.879449 487.001947 190.805657 0.017642 -0.004618
1153201.109335 34.007304 259.393756 -0.014221 0.011649
618554.387530 154.233775 456.767008 0.012845 -0.019881
1875266.974734 207.527269 503.004558 -0.002699 0.004176
1111007.126566 140.235919 138.493224 -0.002546 0.016415
34336.430968 375.315831 275.410108 0.017251 0.004562
1349224.196444 292.058959 249.908974 0.019698 -0.007781
1602661.077679 455.216556 209.586253 -0.010653 0.008566
276647.354605 434.368642 544.459769 0.016328 -0.005538
1822198.850020 671.092176 373.298230 0.009946 -0.009123
453696.245539 243.694874 268.557483 -0.001700 0.009689
713133.517985 379.539545 125.392998 0.012603 -0.003603
36437.158490 391.735214 464.287029 -0.002857 -0.000594
159010.190591 189.119900 31.268032 -0.002849 -0.001202
1535456.720523 453.552401 6.990373 0.007009 -0.001257
749811.288319 469.982011 183.265901 0.019859 -0.006534
1154889.427663 178.889387 384.544118 -0.019001 0.007218
762647.938338 304.954696 92.574780 0.003625 -0.012139
1129345.827331 486.764716 410.947234 -0.006522 -0.018307
337378.635228 334.023308 168.778081 -0.011170 0.013863
1499918.929068 791.255247 248.011028 0.010369 0.006629
1760744.261444 108.824714 149.884888 -0.012554 -0.014667
1172923.453698 610.529261 215.612782 -0.010951 0.011543
79642.974809 486.172711 101.057282 -0.012201 -0.012035
730713.756164 606.965928 483.945881 -0.017944 -0.016077
1702955.846536 175.511987 309.551924 -0.014694 -0.002382
724785.897287 705.921001 257.921166 0.011046 0.005763
187236.443249 524.356158 468.600963 -0.006229 0.013670
1828784.213322 744.279592 362.865122 -0.009346 -0.013300
787390.226865 250.393949 459.586030 0.002483 0.000247
1929498.061505 742.944127 161.022970 0.010667 0.019216
730520.102536 499.554354 120.133727 0.015203 0.010554
1281053.293162 194.356311 381.882946 -0.017202 -0.019250
562426.321470 130.309614 404.884267 -0.017509 0.000273
1033437.869061 780.092963 262.878769 -0.015118 -0.010084
1192859.900739 412.598433 336.436842 -0.005499 -0.016834
138898.690296 261.478039 3.648007 -0.006513 -0.015995
1973181.982512 561.100096 434.029797 -0.012564 0.003320
957790.512106 660.829137 496.750893 -0.015325 0.015869
1692076.045876 318.211373 36.208519 0.000830 -0.001626
1136829.509929 29.334993 260.464127 -0.019551 -0.013627
1367539.427880 482.496626 406.170709 -0.010181 0.018669
1509350.044424 252.334079 176.080825 0.010409 0.006109
785056.476847 598.090541 212.760161 -0.015367 0.017393
1873643.585422 476.063904 457.032228 0.010546 0.008433
1315983.134935 488.179104 64.782036 0.008795 -0.014724
1135951.929323 228.770181 100.628565 -0.019857 -0.008257
656102.584980 548.621735 539.161921 -0.019843 0.017280
1727078.126616 606.360988 148.299500 -0.013753 0.000835
1797488.349396 438.984070 161.381141 -0.009886 0.006604
406141.346510 151.968161 156.344338 0.018576 0.018123
1941231.998588 497.222190 337.425437 -0.016816 -0.006383
1386830.762674 518.470159 376.755012 0.014460 0.006001
1843128.023596 152.194972 201.761942 0.012783 -0.012240
538331.757550 546.164235 571.762170 0.000656 0.013540
944807.663069 332.361248 233.332917 0.009386 0.006575
106756.882792 754.970993 514.463251 -0.007544 0.016346
1618777.323337 226.608112 318.178251 -0.005091 -0.005272
1742666.514471 52.446492 6.848295 -0.000036 0.017110
1321460.731012 337.083108 69.740213 0.019891 -0.010394
620834.287545 213.177750 553.770983 -0.009474 0.011299
1523195.320518 587.459031 118.889361 -0.014014 -0.000944
1731081.362688 163.093316 252.010645 0.008910 0.000660
656632.629529 425.628735 480.474711 0.014355 0.016125
325566.043298 583.745904 581.071312 -0.013078 -0.010855
1792559.657149 666.429646 390.252560 -0.019490 0.013227
1778465.217808 259.285002 59.245440 0.012386 0.003525
1763427.173609 457.870116 192.960207 -0.017691 0.009816
1593951.392730 755.963327 556.238466 -0.011309 0.006621
886016.743670 435.846934 119.179050 -0.010382 -0.003815
204796.643092 323.883351 80.792740 -0.017156 0.003001
727276.621725 773.522248 248.309973 -0.019621 0.019123
488690.041233 721.777357 182.982986 -0.006269 0.008563
1781116.410057 179.263065 171.992111 -0.011479 -0.007824
20635.784613 7.490038 149.591092 0.017499 -0.010970
1834876.302553 303.446047 462.659619 -0.015333 0.004945
350019.654422 174.684486 16.771396 -0.007613 -0.008381
1214501.650638 537.808719 155.049133 -0.019201 0.007491
477760.385944 211.504498 353.487926 0.001763 0.004277
605806.972182 347.248448 499.272975 0.003596 0.005796
272576.070518 480.109935 392.505087 -0.004565 0.001518
1759240.741729 243.173779 550.275972 0.005990 -0.003272
1080301.612187 660.447503 382.693560 0.002785 -0.014593
1857771.559552 140.235890 484.386197 -0.012483 -0.012183
988850.145130 339.992431 276.739126 -0.016671 0.018753
134591.829094 309.547248 242.467041 0.015990 0.019027
96963.198901 28.580300 345.838286 0.008278 -0.003141
227820.812831 465.079094 434.808557 -0.018762 -0.010710
290631.014058 457.512834 34.312896 0.011475 -0.014491
385931.693197 569.600362 190.074534 -0.020018 0.015995
1023297.854244 397.015863 195.405597 0.018836 0.003249
589125.026292 31.530254 579.603533 0.007944 0.017460
1882412.602139 596.841869 584.019387 0.000690 -0.002093
790218.714061 504.817719 18.698876 -0.015186 0.006549
526777.357108 212.340047 139.943230 -0.007115 -0.017990
748590.766801 411.794641 457.609292 0.007593 0.000595
1324791.236466 162.123644 6.032905 0.019524 -0.013036
1179151.767483 226.032997 128.249049 0.002194 0.019225
301466.356172 396.059504 434.905667 -0.014988 -0.019502
349183.755158 415.044322 387.342604 -0.011767 0.005619
616335.581344 375.065878 543.716420 0.001720 0.011552
1910511.639859 733.731246 182.911390 0.008699 0.004281
1640005.631205 304.712062 485.024199 0.013279 -0.005333
1964468.728734 335.892696 391.052486 -0.012191 0.018995
1261209.360911 276.251310 282.374813 -0.005746 -0.001173
968463.258337 424.430203 593.812867 -0.014825 0.009428
1257770.379660 350.156576 123.881960 0.001278 0.019260
1991034.577596 391.429763 537.715350 -0.008004 -0.011731
1007596.648767 95.841312 353.349308 -0.006741 0.017913
1912045.142572 235.930535 222.803528 0.004268 -0.000413
692628.538559 190.180190 501.200726 0.009221 0.003564
609848.141023 240.698922 74.935763 -0.008223 -0.002768
1723251.459991 737.727522 520.946770 -0.017348 -0.001710
1696924.347289 50.324542 567.983094 0.009829 -0.005567
309029.791648 199.666548 289.705135 0.009638 0.002345
867302.640745 559.141278 513.537624 0.012180 -0.007819
691843.061099 120.605643 326.033445 -0.012850 0.018643
272265.500516 388.439592 162.149329 -0.009547 0.011205
1400582.436193 98.355424 421.333664 0.002970 -0.012313
320566.674844 333.118009 150.856567 -0.015710 -0.013505
1229627.376064 208.838213 246.252429 -0.016052 -0.019853
1946485.269790 424.986442 421.355699 0.003779 0.007799
15066.369444 140.492067 292.299517 0.002008 -0.005757
911695.870064 549.075760 506.172125 0.009040 0.017876
1245159.992597 340.334363 42.683220 -0.006460 0.020195
519428.529087 388.673840 247.010007 0.000371 0.003846
1147820.552414 102.102858 512.509963 0.019418 -0.011049
1717933.562453 767.093666 453.673045 0.002490 0.011463
183230.377819 455.318912 577.785643 0.003167 -0.015293
640928.558372 27.495574 483.224520 -0.013456 0.010307
1503776.668340 628.938883 111.116616 0.012847 -0.015532
360957.489517 65.372745 358.310549 0.003701 0.003720
380073.533570 132.025981 431.654960 -0.018224 -0.014016
1889061.825298 723.362142 66.021327 0.008011 -0.001348
1796955.322752 633.784141 20.410597 0.014485 -0.005169
306282.549308 146.918318 243.185652 0.018355 -0.006187
332156.324914 567.617166 78.913414 -0.005927 0.001311
485168.456326 426.619155 367.369118 0.013114 -0.014894
413343.113108 24.277471 173.668048 0.017098 -0.017010
883643.182406 697.242769 587.084888 0.002074 0.002814
887249.075289 360.301164 217.539091 -0.000900 -0.007448
1467432.667253 504.357722 297.492389 -0.014410 0.003560
1682910.725327 245.055039 179.491019 0.018965 0.006316
1660796.624450 172.307777 113.573193 -0.002237 -0.017773
629926.086697 520.345318 50.879328 0.004193 0.003108
318150.466456 37.289147 269.321659 -0.013898 0.003923
40123.955365 464.636267 29.131366 -0.004728 -0.017532
724761.667999 93.943107 413.678988 0.014321 -0.009795
558074.092752 559.666971 337.239038 0.003109 0.006878
438651.350531 326.430932 533.208741 -0.004111 0.014492
1885724.248311 579.034048 300.972439 -0.018901 -0.006822
158400.153815 149.281565 226.133368 0.001139 -0.006991
1952982.963972 437.639057 543.580018 -0.018956 0.017272
1927788.328346 310.999212 28.292321 0.006195 -0.010097
607879.136041 746.906153 567.560040 0.014626 0.000460
1236504.919471 67.944757 551.392795 0.000254 -0.000262
1541570.438790 358.830800 131.505003 -0.009116 -0.000965
1098586.873663 282.219685 398.327272 0.017056 0.015186
1973812.054831 723.033950 257.263117 0.015653 0.017386
717421.361579 684.457065 190.608223 -0.003733 0.000394
1128238.588166 568.340122 265.704371 0.000398 0.003053
1906900.824936 103.155895 396.745324 0.014909 0.005393
311031.282093 514.411793 50.580083 -0.004973 0.016673
1119457.958787 738.841848 161.338008 -0.010790 0.013998
295815.608602 167.794621 451.669521 0.003008 -0.015973
1365835.790227 746.773867 574.085846 -0.019991 -0.006427
933742.419320 452.341788 30.133837 0.016410 -0.016968
1254474.420685 690.081388 122.136086 -0.008478 0.009410
1674721.783807 355.541071 227.658289 0.016824 0.012740
589441.845468 384.408285 445.767882 0.002556 0.008111
1186208.380939 568.333068 547.319079 -0.006135 -0.008545
28320.921598 24.479272 131.748953 0.018873 -0.018781
1123059.363627 350.737356 356.797865 0.004391 -0.006055
1339490.994503 192.535494 126.480951 0.014918 0.001156
1892333.765464 567.830781 583.290041 -0.007179 0.005338
1580513.963280 495.692929 66.248587 0.001249 -0.012671
1628540.167412 100.983670 535.779761 0.009076 -0.001112
358744.990248 592.767128 301.754327 -0.004032 0.008492
1065496.480589 768.749599 90.533376 -0.014924 0.002945
996930.964755 638.314386 488.866519 0.008372 0.006814
685065.261407 524.023745 228.907292 -0.007620 0.019154
22284.613001 83.164606 360.047039 -0.014852 0.005147
1564209.169505 749.516424 458.135068 0.006976 0.006548
471659.941818 683.948033 242.468925 0.009526 -0.009794
234378.384535 216.465317 129.567383 -0.009239 -0.004022
1581110.075852 613.243783 117.738107 0.004191 -0.000955
1733102.233956 757.604896 78.219055 -0.010144 -0.009502
222272.466972 206.751724 219.700350 0.008451 -0.004770
7593.072023 394.785622 189.702094 0.010715 -0.013168
1961038.188991 2.071997 13.934825 -0.004571 0.009658
554464.627316 401.916681 7.610202 -0.000263 0.010855
821613.773155 227.327314 322.562585 0.004004 0.015595
24485.756655 378.406320 502.130839 -0.014264 0.008810
196372.594776 203.398357 587.841204 -0.001421 0.018552
718005.964867 374.999199 274.559268 0.007047 -0.010231
1252709.545778 525.397129 142.261333 0.005948 -0.018317
1958473.456073 741.691647 326.348679 0.019627 -0.003222
628831.249023 322.167602 421.474905 0.014051 -0.019642
1185057.482303 690.565883 288.987594 -0.002869 -0.019718
406775.272641 421.201768 157.192688 -0.012872 0.019451
452064.211691 433.078025 275.683034 0.007352 -0.011350
1391094.198167 249.099551 524.732244 0.017243 0.018320
1830316.959801 730.324372 532.082963 -0.001630 0.016136
610994.441719 618.241640 183.979077 -0.019659 0.004985
631021.334152 481.748824 292.196532 0.011848 -0.018597
989235.750860 1.742241 334.117612 0.010251 -0.012653
1098658.789461 784.474875 435.089611 -0.019656 0.006629
1883467.686308 564.472858 585.987773 0.012771 0.005415
1871849.530317 584.742018 330.601861 0.012870 -0.012438
911993.535660 102.187764 577.457402 0.010563 -0.014589
1176139.691461 61.667559 443.364486 -0.016934 0.015023
1537174.407177 456.387904 526.488642 -0.006940 -0.006933
123261.179832 700.840188 185.167910 0.011654 0.015005
1946848.674653 583.138183 354.082104 0.017982 0.001713
457599.283409 708.935846 164.495420 0.011213 0.008296
926562.791190 189.182511 501.543172 -0.000287 0.020149
1942178.605097 12.018523 45.442762 0.008396 -0.016362
1905775.863633 382.650744 397.407649 0.013268 0.012158
1975712.466974 713.636088 407.931198 -0.008299 0.007167
1128937.655654 214.694097 243.748317 -0.013886 -0.011218
1900458.380534 306.246811 62.158778 -0.011060 -0.013427
1623668.112617 549.949476 239.678926 0.005849 -0.015467
798515.523224 494.063516 76.793349 -0.000975 -0.006939
438456.544857 343.630232 482.339857 0.015133 -0.009763
1216805.763178 694.661095 90.753344 -0.008495 -0.013400
1661706.700764 681.489022 259.247997 -0.010494 -0.019712
1303971.794110 150.766601 233.955621 0.010273 -0.003517
1107963.914568 455.224951 59.032945 0.018170 -0.011403
425643.800956 282.660264 499.904690 -0.007193 0.013676
318262.858465 449.025488 154.990894 0.018564 -0.002284
1036196.117772 457.853530 186.522847 0.006832 0.014576
948553.069005 401.389884 427.661197 0.016387 0.009392
1438074.149861 447.055321 555.799013 -0.015623 -0.007552
677338.477540 530.434704 530.640818 -0.002499 0.004694
197747.041563 521.063878 583.392718 0.017224 0.019654
1601492.672973 71.673088 330.703939 -0.017641 -0.017814
1987075.958395 461.560038 375.240066 -0.007828 -0.010060
971748.938305 621.826137 449.341269 -0.012076 0.007405
974474.447302 733.569082 146.246284 -0.003450 -0.018918
1121549.802423 602.067220 413.222867 -0.002207 -0.012394
613932.794246 434.698727 504.551665 -0.008858 -0.001010
1665525.531241 62.926829 338.720085 -0.004498 -0.014528
1238773.710671 302.465108 429.479712 -0.010181 0.007293
1925637.924078 585.312132 276.557789 0.008455 0.017201
290519.337305 158.656579 508.034393 -0.004370 0.004494
1745488.432117 760.813838 218.977947 0.002451 -0.004200
1111265.337612 695.173053 563.242895 -0.004251 -0.013901
829182.160473 184.186988 135.842503 0.019229 0.004580
728391.627189 478.898201 596.237192 -0.016873 0.013676
1349985.243450 33.383099 345.978796 -0.014520 0.010164
1010733.056353 223.914206 571.548870 -0.005915 0.006796
1129411.861826 180.268701 373.128322 0.017217 0.011486
33999.050983 389.115012 394.092252 0.019958 0.015387
1606354.705806 296.258273 66.709908 -0.018784 -0.005951
1451822.744427 315.116855 570.279675 0.008763 -0.001014
1590584.168020 314.867102 309.308111 -0.005147 0.001141
538209.161040 700.948761 484.933107 -0.011159 -0.010863
958317.440449 628.217322 272.153285 -0.015991 0.008648
479655.517489 94.450274 120.264657 0.015855 -0.017019
167238.956395 558.694800 267.380889 -0.012169 0.009130
1592486.357127 737.207731 73.236488 0.009851 0.005631
1189583.299304 433.094280 20.814621 -0.015540 0.016576
1124831.962923 303.288279 474.183441 -0.005190 0.004009
37146.621401 680.314566 232.610311 -0.001136 0.018052
205026.889315 568.898541 41.045963 -0.007887 0.004311
284161.461650 310.196139 183.793112 0.003493 0.003346
68690.410847 306.239812 301.760354 -0.013747 -0.014786
287411.349028 600.228927 403.866738 -0.012906 0.014461
1171263.018237 591.682708 143.709365 -0.004980 -0.015514
1682127.158941 315.027601 577.454563 -0.010876 0.014530
1824708.168313 264.835636 346.627476 0.019213 0.005359
369206.509725 98.057495 13.347017 -0.000372 0.008410
1208981.916871 419.497473 56.164076 -0.015653 0.007264
446720.970071 202.175283 259.102716 0.015805 -0.002834
586212.983628 385.041322 102.059737 0.001336 0.014301
560717.814863 299.319660 150.873607 -0.010348 0.004139
234257.601311 123.693045 558.958756 0.007802 -0.014623
1133248.557864 703.426306 154.232780 0.003534 -0.005182
1934248.125150 153.658964 536.669894 -0.017569 -0.007941
1152133.833222 226.223179 331.445653 -0.019688 -0.012966
1965200.129880 240.447241 396.785052 -0.013849 0.013368
1034901.121182 346.151707 125.851528 0.010860 0.006892
1623246.405098 708.980944 497.148063 0.009747 0.003207
1926329.093951 248.173438 276.232810 -0.011181 0.015960
1658576.383096 150.443236 54.806545 0.008980 -0.010068
786221.519479 240.860341 318.691455 0.017795 -0.007693
1421758.733421 742.932112 365.110626 -0.004862 -0.017271
888519.625593 711.288831 307.989360 0.005951 0.006178
374128.679919 371.484838 325.560001 -0.019384 -0.011599
247207.860577 783.012335 311.588268 0.003289 -0.012047
838233.393076 329.883756 231.562890 0.000693 -0.014360
1269501.125100 722.839447 262.629272 -0.015313 0.018415
1490342.234955 701.583798 467.250343 -0.005836 -0.010058
1720173.599068 638.987660 82.415558 -0.005132 -0.001863
1589947.016719 447.844129 550.780108 -0.006488 0.003091
254199.274003 369.706613 331.848095 0.005908 -0.018214
1506623.924480 52.483247 274.453852 -0.014405 0.003088
1187558.641279 619.217700 289.520061 -0.018790 0.017647
663885.182079 620.059544 490.548947 -0.015549 -0.014782
134186.233456 776.680140 557.438635 -0.011858 -0.006224
763995.101100 799.343330 542.470414 -0.008043 -0.006503
960104.740672 340.839899 479.195661 -0.018595 -0.016989
1689167.128731 629.741021 84.768626 -0.007891 0.017124
1435140.350571 716.050943 422.111419 -0.012035 0.017046
1287450.956780 425.369458 421.255745 0.012665 -0.016005
1664884.491668 423.802186 368.533867 0.010611 0.009325
1916152.068375 115.616675 439.949120 0.014386 -0.002285
142374.806172 274.636814 522.147319 0.014831 -0.004934
1889104.925044 571.760367 97.938144 -0.016682 -0.019292
184043.514628 642.328174 547.008307 0.011781 -0.019923
1678137.485719 350.658258 320.031383 0.001607 0.016066
349432.717240 299.196639 257.309532 0.011509 -0.014618
327130.583267 597.734596 167.696060 0.015868 0.004361
1445781.852792 774.642427 571.487831 0.003718 0.013538
657045.848974 430.376018 332.840747 -0.000287 0.004921
1143416.638087 467.918141 254.935468 -0.000621 -0.004815
853229.746620 259.573181 491.141210 0.018361 0.014555
1436276.935710 106.505694 143.504163 -0.014035 0.016968
747046.145027 249.357097 400.741173 0.006108 -0.011826
555282.349025 300.130836 106.576350 -0.010822 0.018768
31011.744417 446.369169 303.593515 0.002805 -0.017978
259713.421697 113.403461 381.579899 0.002210 0.005063
30230.289339 785.796676 570.558407 0.013291 0.017689
1629124.594680 440.123044 44.958200 -0.017899 0.007951
1993199.337271 341.236343 5.539586 0.006603 -0.016797
437214.899080 754.123514 272.323381 -0.004235 -0.013119
847463.854052 329.113666 438.682892 0.017219 0.019223
1561464.248021 48.400087 73.500134 -0.003326 0.004603
1496915.452879 345.495059 358.064873 0.008013 -0.009432
1076064.875850 410.479590 489.262310 0.004504 0.002599
1028186.607653 487.304846 594.801497 0.000935 -0.009077
141764.248787 594.384818 129.762285 0.000997 -0.014460
778578.041484 758.869147 329.747980 -0.015272 0.015194
1058486.954802 720.223997 564.167329 0.005869 -0.007144
1112790.978101 319.445619 448.179056 -0.013856 -0.016076
24501.685065 553.880138 366.416112 0.013089 -0.007840
353571.678676 272.826293 548.528215 -0.013266 0.014611
375264.103699 191.498542 365.713380 -0.003807 0.010614
1493884.026769 634.950282 429.199847 -0.008204 0.016523
1188817.119779 659.937846 487.975980 0.001402 -0.000916
259519.063057 73.752081 525.388628 0.015142 -0.010169
1949033.547169 712.070092 562.517890 0.003468 0.008709
482529.103981 609.476260 36.071955 -0.013824 0.017263
1850091.109914 273.840068 102.753812 0.001395 0.009866
1871495.037280 224.919751 324.741043 0.006176 0.002898
908785.677938 195.271161 241.212498 -0.009275 0.011218
1755362.652128 318.364207 522.360110 0.010157 -0.008998
232765.271437 582.119002 98.807552 -0.018089 -0.007255
1765166.354256 236.358550 45.883769 0.017675 -0.002000
15434.920795 692.915800 474.759359 -0.012880 -0.004002
1077013.659792 90.704912 409.298554 -0.016807 0.010602
516053.778360 427.393959 5.671774 0.006387 0.012118
1576709.125925 429.878022 119.221290 0.006424 -0.008344
948767.654108 620.898670 12.141480 0.005594 0.013202
667159.362075 417.539030 74.303628 -0.003590 -0.001438
1146380.339352 334.119609 198.425420 -0.005357 0.003861
1462269.868451 722.433801 426.934611 -0.003577 0.019256
949273.004639 536.532425 309.789358 -0.000658 -0.006833
636841.273232 217.403567 520.898665 0.000693 0.017241
316267.470045 793.141659 424.441454 -0.012933 0.005302
1072709.865436 409.159915 92.757145 0.006415 0.016877
1234697.917120 187.417315 203.676353 0.017926 0.003941
1871003.135047 543.379295 300.234272 0.005842 -0.016342
968257.898916 95.725823 457.545949 -0.019817 0.004237
184803.100389 256.073117 525.864770 0.018303 0.013470
1613704.762242 94.157461 497.045237 0.000561 -0.008176
920804.219749 40.404209 484.150760 0.004827 0.008321
1455508.939668 184.453532 565.968591 -0.017311 -0.012833
1084419.887087 1.333352 515.091593 -0.018224 0.005932
1899527.167855 422.465475 461.403430 0.008456 0.001118
745706.753221 643.232271 509.072662 -0.010125 0.010545
1369434.811813 44.295143 529.120282 0.000571 0.002789
353913.564400 779.903442 371.873682 0.019287 0.003537
660308.989072 568.580477 492.007215 -0.009052 0.011119
1997036.600484 653.638495 468.870611 0.014265 0.014407
857968.969670 644.699032 232.639217 -0.012092 0.000743
1832483.595159 457.015013 194.241704 0.011523 0.011912
174050.590104 359.698496 525.428318 0.018766 0.018481
887791.815627 115.922802 561.317701 -0.017435 -0.014856
1048845.100705 314.680073 504.352871 -0.006251 0.006690
1236598.032171 273.687583 290.112738 -0.004030 -0.012085
688449.854352 662.632152 2.534914 0.009254 -0.018942
1047717.716101 519.020485 357.819923 0.013910 -0.003485
831685.772553 746.802938 517.180047 -0.008447 0.016121
1646809.537731 587.852066 29.400541 0.010386 0.011937
354697.854423 226.703576 115.056674 -0.019280 0.005146
1718570.137265 508.445008 581.515902 -0.006283 -0.018641
338487.908402 549.735028 517.446971 -0.013000 -0.003245
1776805.868268 558.744249 40.755924 -0.000617 0.001843
960078.654327 720.422540 287.070473 -0.006742 -0.012514
763596.911339 131.461014 555.983402 -0.002756 0.017013
1446903.674606 486.552460 125.290918 0.017255 0.005323
1673049.761761 619.791657 155.940304 0.012223 -0.015281
591079.477496 780.368227 482.780703 -0.013704 -0.013984
450261.526019 36.941803 509.522069 -0.008249 0.001256
788880.985598 618.924509 258.855465 0.014937 -0.015426
1247242.441982 204.415897 167.355708 0.002014 0.007425
405506.701397 218.032781 175.329245 -0.003533 -0.012382
1835863.754077 197.772058 576.441323 -0.012856 -0.017843
159031.381905 379.977417 18.603987 0.015403 0.005321
362722.217274 87.423596 407.247699 -0.018567 -0.003762
420997.232395 340.150811 105.346622 0.005844 -0.007786
580167.091722 213.271464 332.847042 0.002799 0.012597
479025.265425 617.102763 52.593561 0.001289 -0.012677
552036.800679 359.946322 258.408222 -0.010471 0.005081
969986.005207 253.891203 61.630285 0.000787 -0.011945
1471710.388303 557.513802 187.785261 -0.003396 0.009203
1430984.936390 500.821998 91.146893 0.015647 -0.009262
902052.609670 144.593197 321.140253 -0.019782 0.010002
700700.571156 195.538132 313.304426 -0.002450 0.011063
1408199.004553 571.301965 137.089452 -0.014611 0.018114
1713095.736556 496.232387 161.435718 0.018417 -0.014610
944491.339356 557.071950 498.760185 0.011375 -0.015567
1119457.834922 400.437944 441.437211 0.008484 -0.004365
8319.607940 130.630968 343.527564 0.001562 -0.013273
647061.014849 711.811759 247.417307 0.013811 -0.006829
379545.065751 439.196374 25.876681 -0.003337 0.007319
1990576.603445 218.642980 181.470349 -0.009385 -0.010676
876473.971119 589.642582 557.750053 -0.009187 0.000888
80381.552726 664.523459 13.445199 0.011024 0.001699
828036.629980 624.968436 423.085823 0.019519 -0.007188
1747623.103553 248.403410 124.478005 -0.008534 -0.013744
1072386.123739 381.197913 423.607620 0.003218 0.015736
777386.485961 459.611438 100.838172 0.007639 0.013592
801906.589792 103.770175 345.970725 -0.006807 -0.003947
197987.358178 295.997772 137.860280 -0.015158 -0.014139
1545926.498969 428.231674 556.353485 -0.000507 0.001222
492654.834172 281.825065 500.327410 -0.001073 0.005099
1978982.283724 792.920700 69.271328 0.007753 0.002822
17631.095842 66.143803 86.709109 -0.012955 0.010996
1966499.848276 461.725187 543.592715 0.003495 0.015081
611006.784537 527.330144 167.309694 0.001458 0.011206
850069.038966 247.049318 189.842483 -0.005921 0.011500
1676786.882652 479.089182 83.336953 0.006891 -0.017861
1557780.060711 529.720043 26.175345 0.015763 -0.005725
1227310.625476 722.781145 262.920835 0.012255 -0.021463
428616.731627 592.067302 393.364843 -0.015227 -0.007965
1127178.874392 340.382014 576.639032 0.013658 0.018412
1480731.590409 212.809059 162.204276 -0.017759 0.004796
115335.758829 715.149622 130.646179 -0.012099 0.002660
541498.807511 780.948690 137.256734 -0.007441 0.014833
1167776.423119 742.016176 464.475319 -0.019059 0.007395
1705487.274428 189.985211 255.786805 0.000317 -0.005713
1455042.508177 58.201384 469.610394 0.007524 0.016569
1485351.840726 341.585027 108.571854 -0.019542 -0.000658
1600046.444498 55.629801 226.717922 -0.019276 -0.009269
1889695.885540 230.218188 146.874879 -0.013083 0.004144
230475.999522 605.846132 319.268542 0.015505 0.011176
434670.210087 593.538062 9.986521 0.005756 -0.009945
748135.628527 296.716624 193.113171 -0.013654 -0.017663
474188.291689 718.634261 292.694601 -0.003317 0.016236
1941577.332067 174.271915 588.562768 -0.006012 -0.010673
499196.726130 235.233283 314.398171 -0.000258 -0.001300
254300.674542 487.732424 134.031586 0.006366 -0.000106
6325.354803 700.060382 144.009975 -0.019182 0.000829
980919.682878 316.023441 534.928510 0.012553 0.001963
1900851.625903 40.278010 269.158487 -0.002588 -0.001271
719689.197242 326.225186 412.362063 -0.006339 0.010295
1844748.197982 472.734011 30.200443 -0.002178 -0.016562
1036199.990211 459.224884 416.339444 0.009639 -0.010759
385683.919483 595.626758 65.258053 -0.002698 0.010626
1256102.471266 738.640571 96.063341 0.000558 0.010154
1419511.694191 375.437017 472.841145 -0.013624 0.016247
511292.832210 415.251342 189.663333 0.017688 0.014405
145034.134456 691.203525 270.151724 -0.015049 -0.007553
1071721.370831 513.165332 530.668756 -0.010808 -0.004675
233847.819378 338.199316 77.359129 -0.011032 0.014200
1786277.592083 681.844542 467.410953 -0.017907 -0.005086
1031918.257955 609.652468 506.097303 -0.007876 0.016822
1499349.890975 446.342513 263.473994 -0.017330 0.000076
597617.807145 110.309083 219.069520 0.010013 -0.009535
1353622.215499 228.386349 541.953352 0.002469 0.000629
573296.933702 542.647213 563.985567 -0.003399 0.016135
1590131.532210 246.404240 453.774085 0.003010 -0.005550
258416.177825 72.952080 73.618025 0.018867 -0.004272
87595.200207 577.075895 571.675071 -0.000687 0.011451
906233.425674 625.837028 554.286946 0.012746 0.001241
370032.188655 395.901151 489.332672 -0.016456 -0.017741
664767.085884 299.579259 441.780712 -0.009132 0.011574
1278253.811075 53.022382 58.693394 -0.004123 0.005623
916040.443311 420.080938 438.713170 0.003220 -0.000163
249204.321880 499.209379 130.258125 -0.016945 -0.015713
8661.484350 424.475394 533.431117 0.017154 -0.006052
841302.204338 90.092105 506.117198 -0.010475 -0.011982
1802783.200425 455.912560 346.208455 0.005477 0.013643
731632.451868 220.852159 544.749382 -0.001409 0.006847
1096714.972098 736.743466 118.101143 -0.008801 -0.000082
1386984.768969 323.914576 76.211215 0.016470 -0.000740
469499.863903 732.147601 6.910847 -0.015008 0.013806
718651.906922 435.427036 574.607508 -0.011851 0.011229
316653.122342 84.314471 211.368928 0.010034 0.009058
385530.231700 79.703150 10.946422 -0.015988 0.002572
1379939.433830 519.455733 291.595434 0.015416 0.017174
1974529.288697 463.684460 199.391809 -0.015514 -0.000400
1626419.535664 279.726302 244.568869 0.012980 -0.001063
503204.831157 146.169690 10.671194 -0.011616 -0.004504
1600260.999799 293.051612 294.485421 -0.013933 -0.015948
467442.890847 275.339100 121.006260 -0.009914 -0.002201
1530910.291491 753.068672 56.581728 -0.010007 0.013177
43405.273949 189.943843 245.119581 -0.005793 -0.005888
1801413.789299 133.528353 421.360836 -0.007694 0.019677
348673.859774 447.550479 105.019793 -0.012283 0.010754
1122384.702378 793.377347 80.812206 -0.017920 -0.014247
474000.488629 229.251336 293.450377 -0.002432 0.001560
1867761.544822 162.735731 288.095953 -0.018859 -0.001843
617712.498930 39.593762 415.289277 0.008754 -0.003842
88793.583256 495.110712 342.847804 0.009891 0.016933
1123119.018564 736.200264 291.537598 0.009372 -0.015512
510837.786138 237.559858 62.631722 -0.004332 -0.005984
498234.962345 502.704507 381.441658 0.009532 -0.017335
350510.791107 537.814912 162.901120 0.006252 0.007954
1451432.125387 771.385290 449.356246 -0.003384 0.007351
303273.376219 370.310953 179.923861 0.008882 -0.011667
454803.713809 227.183570 76.001661 0.008600 -0.019201
480071.545802 775.490276 189.815875 -0.006250 -0.005558
1333575.176696 474.837532 592.889893 -0.007784 -0.006722
110627.538576 382.800387 1.876007 -0.006999 -0.014521
1406769.050940 41.577609 59.187675 -0.001874 -0.001182
1561676.394922 482.210540 559.336131 -0.016763 -0.006998
281255.947557 246.716193 364.804206 -0.009248 -0.019071
1257382.930842 407.419148 596.108856 0.017786 0.014120
706537.016996 489.510022 268.887368 -0.006341 0.016651
1558318.719993 318.111601 237.043464 0.011346 0.008938
1057752.200895 389.414137 465.944808 0.005110 0.017497
491364.625511 326.284908 325.141506 -0.012861 -0.000412
1734950.389590 255.129709 479.313389 -0.000924 0.003493
1643357.573842 84.698100 56.881981 0.012568 -0.017963
1898263.090243 133.947613 397.732634 -0.004152 0.000404
1157183.811607 141.032864 544.598895 0.018942 0.018333
1260090.642264 401.470956 266.553218 -0.003783 -0.014827
767107.214205 521.614507 323.290507 0.016980 0.013175
55740.578126 634.830936 88.791254 0.013018 -0.009309
1471867.368311 519.024775 224.873683 0.012873 -0.001689
851158.514084 624.162983 377.638847 -0.016456 -0.012923
279214.015361 532.978537 211.802652 -0.018193 0.005631
622537.959657 541.346214 84.706944 0.010266 -0.016711
543551.074594 112.420465 439.213897 0.012839 -0.017332
1125283.938425 670.443807 515.272656 0.008419 0.006523
255944.995329 357.694628 187.119092 0.000112 -0.008829
1549879.616848 742.613864 35.225862 -0.003807 -0.019295
474171.187949 435.899792 410.480296 0.003564 0.003655
648167.413030 720.770881 160.496014 -0.001356 0.006310
697835.028496 589.829124 478.504390 -0.016728 0.001912
1725670.433475 516.006042 231.114075 0.008625 -0.005316
99429.388577 679.166855 481.533964 -0.005524 -0.005951
163663.104253 109.294096 168.318414 -0.007069 0.000323
594763.153510 303.711297 52.792766 0.019277 0.018805
1355525.087265 244.944152 522.124161 0.017920 0.010940
1053977.892294 234.787090 305.627641 -0.007014 -0.004931
115031.983757 149.691529 12.818295 -0.002327 0.016310
752375.869431 393.742187 455.100978 -0.012765 0.014191
219437.964363 208.586820 595.001532 -0.004391 -0.003944
1068114.026016 550.253829 469.084166 0.004829 0.006896
1499866.051366 239.120829 584.201263 0.004728 -0.010289
1491842.997955 116.834744 322.378883 -0.009714 -0.001123
1826279.228472 251.108966 395.213738 0.017298 0.010251
1133058.067007 247.522996 149.322533 -0.007043 -0.000436
207507.431604 346.544466 450.311397 -0.016175 0.012956
304737.184339 504.391462 306.677203 0.017354 -0.010016
361247.467977 546.467517 329.315049 -0.013811 -0.007888
1585793.637478 720.418797 269.309261 -0.006758 -0.013840
1841064.114050 194.835535 281.259833 0.003190 -0.012840
451362.950938 116.075850 291.947054 -0.000997 -0.001229
1950936.490647 462.966039 542.208614 0.007859 0.008159
1454702.783122 701.692964 182.667626 -0.010459 0.012495
1108684.254395 335.192604 297.138854 -0.015857 0.002983
1596490.624173 716.845875 284.875049 -0.012581 -0.010170
1263706.185512 134.188590 282.493219 -0.015927 0.009881
1294332.516982 261.130832 535.750395 -0.014669 0.012044
723046.520130 87.092680 228.466042 -0.009391 0.013357
107937.715067 793.477710 426.864372 -0.005746 -0.010846
1046872.077066 728.920017 389.831817 -0.019373 -0.019510
450965.188654 653.674912 546.727475 0.008012 -0.017428
278162.196408 266.369560 139.765440 0.004373 -0.002626
1960316.196066 205.717010 456.576494 0.014895 -0.004396
1125740.257616 187.737777 299.748399 0.017723 -0.000069
668170.334151 796.805217 294.232071 -0.018190 -0.005840
1443825.863043 455.502211 160.028853 -0.005092 0.003553
564375.188464 478.181840 242.610708 -0.012222 -0.008028
938961.728913 267.104870 379.805213 0.008071 0.017690
132214.712972 546.663092 119.667605 0.013332 0.002227
1179224.623916 311.571439 473.146614 -0.016487 -0.006656
575213.267736 339.021163 197.878223 0.011000 -0.001193
1368718.602401 400.848112 23.968028 0.018036 0.014950
1254302.726711 185.772426 282.687444 -0.018645 -0.002902
1541011.519516 401.029772 456.181223 -0.003922 -0.011872
1407684.757098 375.430580 531.775841 0.016155 -0.008182
883750.411162 393.833163 411.775772 -0.010583 0.003302
38293.802197 414.549640 2.858406 -0.006035 -0.008086
949396.727117 26.720858 478.925004 0.000606 0.019439
1340193.529306 112.212888 129.905963 -0.014291 -0.013056
1289556.392138 729.401196 404.343947 -0.003824 -0.007435
1756783.113702 88.081049 469.067130 0.010491 -0.019722
157687.638028 166.017366 303.243630 0.010641 -0.002495
175039.783202 626.687916 573.287946 -0.016263 -0.014661
506304.289450 453.329824 99.288760 -0.017946 -0.016713
301433.914481 576.050110 133.794758 -0.005368 0.014547
790027.673724 9.611957 464.066030 -0.017189 -0.003251
176035.711624 758.733854 317.224958 0.014798 0.008524
1081972.172988 759.196276 552.293127 -0.018257 0.008690
715741.816310 106.983074 298.911372 -0.007404 -0.010926
1263880.632475 454.328634 476.743950 0.011931 0.004697
1751026.801649 758.731809 202.467852 -0.016169 -0.007300
399196.095951 394.802675 198.042376 0.019082 0.002369
1496994.359185 48.683727 306.481253 -0.008900 0.017280
445396.929255 653.635570 529.736850 -0.014302 0.014543
1193553.106484 399.856892 599.420142 -0.016121 0.012540
450224.472419 581.355100 229.324370 -0.019247 0.001036
1999453.321099 715.743310 285.765704 -0.004332 0.019195
1584501.028799 429.224905 291.142022 -0.015107 0.000401
94458.571679 696.620322 342.512635 0.002266 -0.014109
1007827.074736 623.596514 579.636472 -0.004563 0.016854
1658558.308919 786.642047 253.144873 0.013087 -0.016907
475365.567242 42.303408 482.921273 0.004337 -0.016939
663714.367274 496.082002 580.851977 0.012223 0.018176
1919117.403179 479.294818 296.938083 -0.002169 0.008823
9624.167350 393.709696 354.594888 0.003062 -0.018037
1478876.057770 64.622093 497.171700 0.007782 -0.001376
1502145.321808 426.551671 269.249085 -0.013022 -0.005536
1054818.871922 329.097572 247.737034 -0.006669 -0.018737
972186.690649 532.053395 390.591826 -0.001897 -0.001127
1216433.286302 329.553730 43.311458 -0.015867 0.014309
1585452.240699 85.754101 209.912758 -0.004626 0.007123
796849.675848 98.990798 459.065085 -0.011104 0.013074
461377.134761 782.815116 217.000189 0.007143 -0.013903
1447663.852688 165.223577 338.371243 -0.014472 0.001608
1190708.408687 498.786838 122.765911 -0.010143 -0.017048
1355477.244293 684.056179 294.463244 0.009997 0.018258
694211.989964 433.720290 39.376703 0.007906 0.017104
1497031.391364 75.981815 30.238797 0.000515 -0.007097
1759090.904966 594.455818 180.057242 -0.010329 -0.003079
904928.793621 772.006338 377.718208 -0.019371 -0.015857
341892.055395 489.162716 437.105534 -0.004953 0.014356
1609370.418642 43.151807 428.057476 -0.008177 0.012130
1339833.364515 513.515575 206.875314 0.009427 -0.006402
543533.833951 386.179646 260.483050 -0.007101 0.019782
1510075.678821 161.071124 443.569752 -0.017783 -0.002230
325429.097901 406.643828 246.063884 0.011713 0.000972
1027532.088117 770.937937 81.238069 -0.010394 -0.006340
1987715.010526 37.180571 236.778147 0.008288 -0.006364
396776.620483 301.246610 588.611506 0.001754 -0.015601
639902.701899 652.627471 355.910645 0.010150 -0.014503
1179865.857204 406.112713 204.122987 -0.006866 0.002539
1568458.621189 393.213454 42.319559 -0.012225 -0.008576
1190290.628555 566.765582 150.276544 0.009233 0.017978
1180185.991889 580.516388 597.243045 0.019386 -0.002803
672088.553511 146.530704 485.017740 -0.007393 0.009065
1837656.663655 510.373224 325.276048 0.000515 -0.004375
1360614.323691 81.561037 539.181944 -0.019211 -0.002754
924125.776125 643.719373 555.246275 0.001308 0.019928
418950.309241 102.540295 424.659292 -0.001792 0.014251
1312754.557148 39.382954 349.703586 0.006056 -0.018688
30587.249450 790.855203 130.253787 0.012889 -0.007751
1889215.610870 593.536097 566.005325 -0.000546 -0.009837
669560.509114 133.460729 214.131363 -0.010652 -0.012486
1579576.984783 556.820855 594.962941 0.008593 -0.010917
1982244.182370 739.071716 214.032919 0.007924 -0.004710
432350.935616 283.958372 258.077743 0.011975 -0.019772
930735.730068 652.598133 596.808710 0.007304 0.005514
600671.720971 501.657365 227.736568 -0.010167 -0.015431
1270601.892504 463.939908 169.542461 0.019702 0.012523
938976.299455 626.120565 304.954722 -0.001549 -0.000149
1474031.937064 361.710040 251.630133 -0.016255 -0.013945
1605130.416157 247.773764 302.629042 -0.010667 -0.015576
1023340.410098 559.401136 555.276064 0.000252 -0.004733
1128556.229700 645.721457 5.170430 0.017735 -0.017941
248420.950141 463.907462 377.897756 -0.004060 0.002611
884577.235619 701.062936 213.191356 0.017999 -0.006613
1704879.713107 549.731475 474.478683 -0.009089 0.011173
1882055.445519 60.098813 54.797056 -0.002186 -0.007599
404206.608610 765.874096 4.948901 -0.014901 -0.001418
780987.060993 553.554389 162.429435 -0.004066 0.005517
642018.800900 420.158347 130.780255 0.018037 0.017210
1579863.075903 313.862564 483.345789 -0.014230 -0.006302
286431.929230 799.085069 18.326248 0.017334 -0.009115
1625355.291937 700.076951 207.318734 0.016182 -0.007113
1310099.705732 85.485477 166.852562 0.006590 -0.010580
1485499.756171 42.405439 555.853311 -0.019443 -0.001830
1126826.147142 267.718869 586.761412 0.011208 -0.008645
1817754.082297 456.535844 406.980192 0.008593 0.008656
42605.713030 685.801269 428.819079 -0.017534 0.011499
1969490.396776 691.813538 399.842677 -0.006753 0.010787
1972945.507603 788.265167 525.868984 -0.009421 0.005962
221002.463354 5.692026 421.122048 -0.018485 -0.019154
314139.836614 479.835296 212.965845 -0.014575 -0.004777
1280098.799281 35.257557 571.021246 -0.007248 0.010317
1334025.561499 271.139063 370.206132 -0.004786 -0.004318
817314.073824 292.005123 154.240145 -0.016986 0.007875
52254.755074 49.289004 409.084240 0.016113 -0.006923
662711.798522 9.511438 199.771711 -0.018602 -0.017995
710212.109941 153.451047 389.872435 0.008414 -0.006921
61999.699130 280.996553 223.053853 0.019313 0.006765
261157.692532 519.633013 3.741180 0.009908 -0.018759
797766.605764 125.425926 237.146550 0.006231 -0.010777
184709.901076 545.679984 175.207528 0.010995 0.003301
1235796.007903 85.392419 357.415392 0.018114 -0.014402
1292608.929469 245.332969 198.351380 -0.008133 -0.019329
1317389.029692 261.331428 220.375818 -0.018781 -0.007601
71927.786838 127.848866 575.796168 -0.018265 0.016289
1977614.946653 353.595453 38.412613 -0.004666 -0.016046
591803.305127 381.764704 467.219676 0.003529 -0.009938
726241.200569 165.148946 214.043741 0.018399 -0.013692
995710.504705 485.251035 279.316533 0.013143 0.016103
963862.695249 391.129837 138.016435 0.013996 0.000721
1079147.418532 708.512646 407.992677 0.000026 0.017215
1174876.041326 389.873359 223.228876 0.006101 0.014864
937689.950195 758.294110 209.337192 -0.010097 0.001377
1200871.358253 489.660650 445.090237 0.018299 0.002823
1798372.363578 364.482310 105.835681 -0.005464 -0.008556
158766.744732 676.276890 464.515971 -0.007547 0.007868
584123.108808 679.826228 348.384529 0.018813 -0.006106
1019930.488905 447.315380 500.149368 0.015238 -0.011569
1412068.961846 279.340572 95.660178 -0.017825 0.003975
1390465.348675 524.134761 125.782275 -0.002534 0.004562
1560588.704217 269.507908 41.758496 0.018293 0.008031
709118.110458 28.733810 327.081282 -0.014833 -0.006291
481739.437432 336.736589 116.778782 0.012817 -0.004331
1084185.081108 265.295002 569.489525 -0.004952 -0.011504
321427.933090 65.655983 337.247419 -0.007509 -0.014354
322096.383349 11.931301 475.446838 -0.005140 -0.001931
811598.476400 120.531274 472.294817 -0.000992 -0.015692
975828.599639 662.915114 87.348050 -0.018663 0.018334
980873.326296 219.697755 226.288359 0.007426 -0.016141
1538962.265262 182.250100 256.951974 0.008836 0.004170
1281944.833362 703.601414 411.278881 -0.011757 -0.012065
1646853.441208 292.133959 129.388791 0.004645 0.009427
1334224.681991 17.338215 531.644862 -0.001757 -0.000142
1987979.200663 753.978779 196.372720 -0.014451 0.019136
567825.405192 503.365228 150.233927 0.006597 -0.007370
693992.653253 345.598529 324.495517 0.011136 -0.014013
290886.182473 333.253610 18.681113 0.013265 0.004831
461579.700216 523.963848 590.579052 -0.002179 -0.009203
1440439.939238 90.543458 175.751526 0.004280 0.002719
1578856.275221 479.684131 307.128899 -0.015374 0.009496
975708.803616 319.933761 219.983846 0.009550 -0.017509
1363849.989774 68.150092 296.325945 -0.011052 0.014435
1287670.666020 295.472266 165.566050 0.006993 -0.011981
1793086.186886 724.924356 513.210425 0.015254 -0.005940
253419.465503 481.174936 278.185767 -0.003056 -0.011646
65064.939701 167.178533 484.671444 0.001755 -0.007021
1093948.624606 25.954530 434.764352 0.016629 0.010811
1570950.974510 476.948792 514.099823 -0.008932 0.012869
1433502.711092 738.566475 113.657733 0.019669 0.003948
779698.448619 711.596613 301.879603 -0.010226 0.010903
1707668.152502 297.550597 224.187610 -0.007297 0.011707
1161722.038482 280.405984 0.940133 -0.004396 0.015812
650195.260835 748.187639 556.252816 -0.017978 0.014025
1393276.303724 667.704176 267.815511 0.002115 -0.015476
534900.189626 215.504154 20.874237 -0.001724 -0.009455
1264731.390059 676.673977 91.107580 -0.014609 -0.016297
1848317.172308 790.656396 278.311606 -0.008150 -0.007740
512088.236637 702.026703 394.204450 -0.009752 -0.009272
1104225.446984 465.382822 122.031652 -0.000856 0.005247
107543.810321 140.002962 279.544385 -0.000002 0.009148
1156781.673039 614.965437 597.905979 0.004534 -0.011034
520065.349769 196.764852 42.817289 -0.003463 -0.004747
327390.441823 269.789943 221.979370 0.005089 0.005377
1353004.063178 707.007116 306.737047 -0.006524 -0.014407
1558240.596931 709.630877 433.298992 0.019293 -0.005465
706633.334377 29.229373 323.781813 0.012781 0.001630
534505.464385 317.319121 182.614715 -0.009446 -0.019539
1061346.780072 419.709319 154.783858 0.004173 0.017587
1275778.349152 612.106621 164.434927 -0.019710 -0.004269
1816858.008419 547.115731 166.155901 -0.003174 -0.019290
837596.447597 159.194209 542.109454 -0.014403 -0.012796
537634.699856 396.124297 130.410575 0.012323 -0.007444
1509630.032587 59.751775 425.903689 -0.025095 -0.014190
1442342.147903 473.494139 518.251005 0.019172 -0.012342
1603574.954720 492.184391 575.783933 -0.016935 0.004956
706735.606634 787.809939 184.400055 0.005216 -0.003783
651319.147391 39.807633 362.365346 -0.010778 -0.012376
1573016.600485 398.291942 411.405000 -0.019921 -0.007674
1998835.487291 607.594840 230.093777 0.008378 0.012767
1445522.677826 344.879434 246.151099 0.003479 -0.003644
1207599.107738 311.317464 14.969440 0.002534 -0.001333
1297106.122271 733.860536 269.865201 0.018149 0.001907
1709409.523620 225.359657 358.935187 -0.001616 0.000454
1579454.636005 196.679149 5.919908 -0.000957 -0.009967
635151.660366 380.509767 5.138480 0.008024 -0.012574
1657542.871152 338.079736 368.896048 -0.010408 -0.019602
50074.195513 673.788348 239.473393 -0.017991 -0.003734
1728956.987955 558.630086 193.837679 -0.007460 0.006103
1741304.677791 135.030823 562.085341 -0.001263 0.005068
896425.988943 206.803139 524.806913 -0.001638 0.009348
248631.410417 620.475513 125.796732 -0.014684 -0.000943
789536.960791 769.220746 539.345112 -0.019600 -0.011931
1819863.026878 28.367603 26.216866 -0.007618 -0.016547
901731.744829 139.395834 470.675956 0.010949 -0.000469
878442.611954 515.193860 393.490030 -0.004975 -0.015498
569936.175165 658.663469 222.674563 -0.013651 -0.008687
212161.644461 226.459705 35.200736 -0.007362 -0.003256
1070836.321949 568.359904 227.977822 -0.002622 0.008851
1162154.364009 276.155672 454.498595 0.005041 0.006163
1685995.778854 61.489090 497.302454 0.005487 0.014016
631794.399876 54.042485 296.559058 0.018924 -0.002280
