120102.793966 630.411310 121.619117 -0.006100 -0.005544
269277.329682 300.043438 156.200367 -0.018277 0.015151
1260731.205931 302.240218 191.717928 0.013069 -0.002961
973263.179405 632.897495 572.924780 0.008503 -0.005936
1683880.506867 289.229569 229.290239 -0.016824 -0.013039
1760997.696668 175.398717 580.444392 0.011719 -0.019820
354965.669268 681.973761 474.612803 -0.004791 -0.012037
306862.422408 412.012265 346.437530 -0.003481 0.002356
913598.742761 34.939408 562.585023 0.011143 0.014844
723511.401901 210.234740 397.766513 -0.007308 0.019060
27418.055584 127.007609 203.158004 -0.004126 -0.010461
1026719.971107 221.754194 272.979778 -0.000715 -0.017199
919235.655535 527.261290 552.817270 -0.009943 -0.018413
247720.705461 324.219139 333.697474 0.008059 0.012679
229642.751734 125.599183 517.137314 -0.017956 0.017179
1463437.116455 330.411925 118.919244 -0.004254 0.009177
349002.480669 325.713072 534.005824 0.001173 0.011456
253345.397419 21.858330 48.649081 0.003297 0.000363
301882.374241 33.241299 100.963747 -0.017035 -0.008248
417897.793659 158.336890 419.867655 0.010565 0.015940
1032678.423930 703.071473 34.522982 -0.004921 0.017249
1981626.739717 86.538981 206.282100 -0.012548 0.000430
148080.320166 291.061921 546.176330 0.018533 0.015043
1426235.401736 72.418336 542.589408 0.011798 0.006903
826207.458426 756.223663 428.304150 0.003249 -0.019250
17939.873048 633.032755 129.712958 0.008269 0.002237
229060.592236 178.695644 260.694646 -0.013010 0.003912
729567.630556 129.720872 425.702153 0.008426 -0.006068
424191.899795 625.481789 428.209934 -0.015128 0.009750
1179453.697605 667.590330 501.688032 -0.000331 0.005136
1017047.714916 724.905341 344.257954 -0.011063 -0.000461
1184883.571782 186.588831 168.399521 0.012309 0.017666
1669257.284919 738.038358 97.937051 -0.009262 -0.016813
1530870.404807 506.869560 153.143146 -0.001065 -0.006368
1211583.405366 549.659353 75.386411 -0.007254 0.012389
1741377.547263 727.169945 385.840291 0.008291 -0.003792
544004.606336 172.567551 185.190766 0.013863 -0.002453
1594854.852927 349.912591 402.364645 -0.016924 -0.010145
1223177.906695 729.675904 101.321174 0.010948 -0.013099
527324.168257 433.113467 487.647712 0.000765 -0.019352
312490.830343 99.724843 422.380658 -0.009616 -0.002744
1025907.483430 120.851673 212.065339 -0.013733 0.014350
1509229.653286 341.917126 43.588317 -0.017966 -0.009387
1023852.793045 688.178305 428.089910 -0.012674 0.017498
1918069.081343 635.245760 509.703329 -0.014818 0.002803
59433.087734 314.492725 67.902206 0.013717 0.016465
257531.464220 800.531827 21.769340 0.013276 -0.008789
961609.428265 277.215610 259.692157 0.013370 0.000061
582120.371322 470.106271 558.487554 -0.005430 0.006001
408974.288222 701.668428 306.608552 0.016810 -0.017660
899929.745542 700.347621 511.760836 -0.008030 -0.019841
849952.291162 263.259067 237.694545 0.001507 -0.013091
617567.269419 532.403213 103.649707 -0.006174 -0.000022
907629.657959 661.784861 506.991631 0.015493 0.006326
693382.430213 141.795405 148.657596 -0.008907 0.001677
1797970.130014 385.129173 250.792347 -0.003525 -0.004085
955435.349120 688.644369 163.992497 -0.006712 -0.013571
557659.864685 605.843017 293.323709 0.007017 -0.008250
1324351.926951 788.251520 575.615038 0.013350 -0.006819
917046.023028 230.678874 93.532971 -0.007870 -0.012912
1632997.046985 519.121366 212.522762 -0.017489 0.017122
1790149.784549 770.209502 244.879611 -0.007411 -0.004959
1613713.184192 632.169588 140.667998 -0.016794 -0.015065
791753.703166 288.548113 527.243789 0.015413 -0.018589
347958.385175 437.394018 12.065111 -0.014655 -0.004623
701432.257286 473.864168 403.321682 0.000321 0.015830
1693039.169392 258.692216 326.925821 -0.012031 -0.004481
944105.254926 76.338092 210.602810 0.015338 -0.003685
1451122.988691 550.638296 119.856868 0.018421 0.010769
644142.737912 285.036014 76.610749 -0.011894 -0.010300
328294.663843 300.328007 473.816553 -0.012179 0.000422
344141.964030 428.776003 60.549457 0.013710 -0.018295
1995072.262359 551.857870 220.655280 0.001692 0.015580
1509670.835691 11.180756 591.019459 -0.015728 0.015787
783939.521193 665.461659 350.064082 0.003537 0.011733
702233.533702 730.435078 89.118702 -0.000812 -0.015217
783487.379916 514.399823 295.224366 -0.012700 0.013075
1976.599918 282.150033 217.607205 -0.015854 -0.012085
812477.567611 80.966447 532.092845 0.010929 0.005797
1551513.418346 422.650479 395.096608 0.010377 0.005365
1106838.468046 120.781248 279.705092 -0.014519 0.009724
516376.429478 389.604107 394.229997 -0.003911 0.018703
1541877.001311 639.206636 366.962062 -0.009510 0.019230
877046.727052 210.958557 200.411928 0.012095 -0.005350
1062152.807164 166.467312 280.899675 -0.003290 0.019310
220503.739184 155.046434 306.125579 0.010771 0.018108
285758.867062 257.618661 62.751416 0.004289 -0.002001
1694852.848395 693.282826 566.681916 0.000238 -0.009216
1823523.613542 219.370081 44.350326 0.000919 0.001473
109429.840049 768.305777 480.039561 -0.004458 0.010488
331166.874772 736.347024 582.257449 0.005306 -0.006544
1904142.131984 594.108826 318.588266 -0.001582 0.000436
967910.745632 483.302093 499.285691 0.003521 -0.011505
581591.096978 348.447502 48.072868 -0.010651 0.017498
706572.319710 117.990324 128.365528 -0.003002 0.006860
1499518.371885 385.535360 378.788129 0.001970 0.014862
785875.055374 571.547829 474.403809 -0.005465 -0.006112
257524.722376 252.955443 54.377072 0.006459 0.011191
1201976.699383 114.829616 228.908738 -0.002621 0.009279
1186503.038363 580.030360 101.791233 0.006829 0.018394
215485.423904 20.105203 64.846801 -0.007121 -0.001906
1555844.913030 56.643562 560.841291 -0.003696 0.004792
1610655.802121 641.099993 200.356238 0.003838 -0.013393
1363983.919548 580.572608 288.329702 0.010878 -0.004604
515601.680854 298.514821 317.623138 0.005556 0.012251
521772.659627 185.444685 319.522199 -0.002815 0.016125
984056.433190 429.791686 558.342967 0.003523 0.013669
764465.851134 302.230982 558.020933 -0.007322 0.011439
1098768.237559 98.179371 352.901719 0.014643 0.008838
1505133.839094 452.529278 265.873630 -0.010741 -0.006512
1656881.889169 392.752144 425.970948 -0.005643 -0.014820
1035409.796534 493.582923 216.395147 -0.018008 -0.018104
532033.862794 432.466340 349.971333 -0.012178 -0.014336
885049.308131 462.105652 312.380457 -0.005107 0.015768
611963.250959 737.573326 10.396853 0.015704 0.012225
1469794.933437 516.398107 223.566470 -0.012453 0.015593
1419313.830053 5.389171 222.249946 -0.003144 -0.005436
1001399.715897 751.222022 589.841768 0.014482 0.019446
57920.523946 103.049240 316.913817 0.004561 -0.007023
1340168.589419 44.085575 541.160357 -0.012382 -0.002905
1593328.125585 397.019692 209.043796 0.012544 -0.004447
308175.125303 438.498382 21.569882 0.000933 0.009125
1829796.170737 187.918183 440.303220 -0.008569 0.006237
194622.977727 628.428088 356.774372 -0.016824 0.005968
1163384.351490 85.813929 466.878736 -0.015308 0.009196
203536.384834 623.553410 466.936303 -0.019844 0.018799
408990.508136 640.538420 279.632667 0.002399 0.004631
1709918.606891 566.456155 96.659708 0.015751 -0.010618
1776676.395804 644.353709 280.313353 0.004788 -0.016388
248411.979642 575.607783 526.831068 0.008747 0.011925
1052401.075630 239.785157 543.574509 -0.007835 -0.003538
1254879.329007 324.246607 114.402018 -0.003740 -0.003571
322021.593490 487.277935 125.403262 0.001467 -0.015000
1647379.426121 386.152007 521.429353 0.019419 -0.005113
204691.412954 699.183216 106.325337 0.002794 -0.000170
536197.156895 555.298650 128.663618 -0.014199 -0.003474
25648.950611 537.913222 428.793943 0.016671 0.018946
247729.502734 436.870822 229.191279 -0.007400 0.018032
1580350.309415 379.827554 335.230152 -0.020007 -0.015902
1443766.372951 659.201289 351.053061 0.003678 0.012388
1912564.341869 554.308081 409.516339 -0.014672 -0.009431
357511.299829 321.107134 575.523027 -0.004415 0.001842
744693.135258 324.337732 130.825776 -0.016549 -0.007018
387589.365424 167.800419 523.076571 0.002987 0.000954
1645202.005117 291.612688 -0.118608 -0.004714 -0.005363
205411.871060 83.709981 113.532559 0.007507 0.007842
1996032.971887 514.896619 233.922456 0.007532 0.010407
1306804.762830 688.123297 106.617460 0.004501 -0.009857
1450619.077985 788.574147 395.075982 0.017718 -0.017182
1969754.747101 110.646318 168.444513 0.013637 0.008611
1609086.544071 543.854840 45.463772 0.012192 -0.017515
883645.576836 726.146557 99.658465 0.005673 0.003643
1722771.757153 502.430487 142.273695 -0.009971 -0.007558
28763.775727 722.668794 101.806778 -0.011989 0.000506
845989.907554 733.766722 301.332512 -0.016744 0.014419
1143645.596292 54.547266 600.366671 0.014090 0.016927
1423342.375748 525.687894 361.914243 0.011488 -0.001571
1329764.171191 184.879529 221.767940 0.013246 0.014447
1926056.274178 553.214207 294.406513 -0.012002 0.017723
1598411.507718 172.782707 507.813612 0.018771 -0.003698
726058.746095 314.055323 195.451318 0.014553 -0.001022
375371.614646 348.383540 324.810210 -0.012642 -0.008624
932014.105344 718.381281 567.071788 -0.017157 0.007141
811741.037672 587.786778 550.837370 0.010982 0.002635
1557690.799962 589.667267 154.921719 -0.009263 0.017509
399385.155365 53.310487 91.203625 -0.018135 -0.018556
1122038.441301 328.079556 256.575229 0.015485 -0.009110
1805346.826001 59.653198 425.552876 0.004788 0.000941
1995636.369100 729.189766 97.090167 0.017697 0.019425
1695958.700821 279.082876 427.847695 0.010647 -0.015090
558004.577904 435.828045 516.734264 0.001459 0.012505
1597187.265566 589.306787 528.811282 0.018085 0.011277
1833981.536251 410.037926 114.648599 -0.006181 -0.003991
929917.220459 197.791846 284.839060 -0.013187 0.007565
1471826.909795 138.632203 361.237887 0.015869 -0.015403
1165988.196230 595.210606 277.977084 -0.008181 0.000420
1172216.120722 460.779586 32.379764 -0.002196 -0.015479
1736107.381869 196.470580 508.221881 0.009949 -0.012171
1259741.624473 533.029564 425.087309 0.012848 -0.019576
218963.730251 229.076383 155.193640 0.003362 -0.001609
1902503.935575 255.781178 379.556469 0.002182 -0.011338
1496596.111682 109.407400 576.182501 -0.011558 -0.002659
941537.357374 638.180868 5.891576 0.001067 -0.010192
245239.558744 315.812068 292.983692 0.018817 -0.014290
1372376.816986 480.103349 484.746263 -0.004175 -0.003135
1637971.852737 403.685351 423.984026 -0.017014 -0.016346
337179.376901 23.684747 245.399951 0.012136 0.003349
1249672.392965 440.327445 432.827085 0.003380 0.010446
310196.676436 44.332869 335.818527 -0.013361 0.003296
1607296.809371 230.244485 585.019038 -0.008236 -0.009705
236307.595035 783.960309 515.214875 0.017037 -0.004965
561161.337682 596.988196 528.832988 0.019450 0.012913
1939371.158341 125.329117 511.939578 -0.004855 0.018363
870700.636353 2.088613 305.593141 -0.013725 0.003550
541779.813609 249.433352 386.784028 0.013260 -0.000888
453110.709066 506.735939 459.652112 -0.011927 0.017065
47266.968548 256.922273 543.206584 0.015295 -0.010189
562186.379247 130.048532 594.592998 -0.013529 -0.013978
1629854.769274 105.311514 185.090084 0.006686 0.000384
534606.907766 82.270879 307.452560 0.011063 -0.009663
203362.833803 38.216796 342.273889 0.009822 0.015211
92345.910190 778.847878 306.477614 0.012422 -0.012993
877177.283576 667.554329 297.682439 -0.006206 0.008681
1484435.888699 500.938458 528.849684 0.009363 0.011483
64404.659935 438.998079 550.720613 -0.006321 -0.011441
856791.879449 487.077532 190.785874 0.017640 -0.004617
1153201.109335 33.946354 259.443686 -0.014229 0.011656
618554.387530 154.288813 456.681819 0.012846 -0.019883
1875266.974734 207.515696 503.022455 -0.002703 0.004177
1111007.126566 140.225013 138.563568 -0.002545 0.016420
34336.430968 375.389567 275.429170 0.017168 0.004342
1349224.196444 292.143355 249.875632 0.019696 -0.007782
1602661.077679 455.170919 209.622942 -0.010649 0.008560
276647.354605 434.438716 544.436017 0.016381 -0.005548
1822198.850020 671.134785 373.259145 0.009943 -0.009121
453696.245539 243.687596 268.599010 -0.001697 0.009695
713133.517985 379.593547 125.377561 0.012603 -0.003602
36437.158490 391.722913 464.284516 -0.002885 -0.000579
159010.190591 189.107696 31.262886 -0.002847 -0.001200
1535456.720523 453.582429 6.985001 0.007008 -0.001251
749811.288319 470.067090 183.237911 0.019854 -0.006531
1154889.427663 178.807979 384.575039 -0.018998 0.007215
762647.938338 304.970227 92.522770 0.003625 -0.012138
1129345.827331 486.736754 410.868775 -0.006531 -0.018316
337378.635228 333.975445 168.837483 -0.011171 0.013864
1499918.929068 791.299649 248.039448 0.010356 0.006637
1760744.261444 108.770923 149.822031 -0.012555 -0.014673
1172923.453698 610.482331 215.662244 -0.010954 0.011545
79642.974809 486.120433 101.005719 -0.012201 -0.012033
730713.756164 606.889041 483.876993 -0.017944 -0.016077
1702955.846536 175.449034 309.541712 -0.014691 -0.002385
724785.897287 705.968340 257.945865 0.011050 0.005766
187236.443249 524.329466 468.659533 -0.006230 0.013669
1828784.213322 744.239475 362.808243 -0.009380 -0.013249
787390.226865 250.404582 459.587071 0.002480 0.000239
1929498.061505 742.989785 161.105310 0.010645 0.019218
730520.102536 499.619460 120.179053 0.015187 0.010603
1281053.293162 194.282603 381.800462 -0.017203 -0.019251
562426.321470 130.234604 404.885427 -0.017504 0.000268
1033437.869061 780.028181 262.835552 -0.015120 -0.010088
1192859.900739 412.574871 336.364714 -0.005499 -0.016833
138898.690296 261.450137 3.579482 -0.006511 -0.015991
1973181.982512 561.046261 434.044020 -0.012565 0.003319
957790.512106 660.763476 496.818889 -0.015323 0.015869
1692076.045876 318.214930 36.201553 0.000830 -0.001625
1136829.509929 29.251266 260.405736 -0.019531 -0.013628
1367539.427880 482.453006 406.250708 -0.010180 0.018673
1509350.044424 252.378663 176.107011 0.010402 0.006114
785056.476847 598.024698 212.834690 -0.015367 0.017395
1873643.585422 476.109091 457.068357 0.010546 0.008431
1315983.134935 488.216802 64.718960 0.008802 -0.014718
1135951.929323 228.685106 100.593182 -0.019854 -0.008259
656102.584980 548.536712 539.235961 -0.019843 0.017279
1727078.126616 606.302054 148.303082 -0.013756 0.000837
1797488.349396 438.941715 161.409440 -0.009884 0.006605
406141.346510 152.047755 156.421991 0.018576 0.018124
1941231.998588 497.150140 337.398083 -0.016815 -0.006385
1386830.762674 518.532114 376.780721 0.014459 0.005999
1843128.023596 152.249750 201.709500 0.012786 -0.012238
538331.757550 546.167049 571.820176 0.000657 0.013536
944807.663069 332.401417 233.361063 0.009364 0.006563
106756.882792 754.938652 514.533291 -0.007551 0.016347
1618777.323337 226.586304 318.155708 -0.005088 -0.005250
1742666.514471 52.446339 6.921612 -0.000035 0.017113
1321460.731012 337.168333 69.695683 0.019889 -0.010391
620834.287545 213.137161 553.819389 -0.009471 0.011296
1523195.320518 587.398981 118.885322 -0.014016 -0.000942
1731081.362688 163.131502 252.013476 0.008914 0.000661
656632.629529 425.690240 480.543798 0.014354 0.016123
325566.043298 583.689865 581.024795 -0.013079 -0.010858
1792559.657149 666.346134 390.309224 -0.019491 0.013222
1778465.217808 259.338053 59.260563 0.012377 0.003534
1763427.173609 457.794069 193.002670 -0.017805 0.010009
1593951.392730 755.914875 556.266815 -0.011307 0.006611
886016.743670 435.802422 119.162707 -0.010395 -0.003813
204796.643092 323.809845 80.805558 -0.017155 0.002983
727276.621725 773.438143 248.391878 -0.019637 0.019108
488690.041233 721.750501 183.019678 -0.006267 0.008564
1781116.410057 179.213895 171.958588 -0.011472 -0.007824
20635.784613 7.565021 149.544089 0.017501 -0.010969
1834876.302553 303.380352 462.680814 -0.015331 0.004948
350019.654422 174.651867 16.735488 -0.007612 -0.008380
1214501.650638 537.726448 155.081241 -0.019201 0.007496
477760.385944 211.512060 353.506251 0.001767 0.004276
605806.972182 347.263855 499.297805 0.003595 0.005793
272576.070518 480.090372 392.511599 -0.004567 0.001521
1759240.741729 243.199438 550.261936 0.005987 -0.003280
1080301.612187 660.459445 382.631038 0.002789 -0.014591
1857771.559552 140.182414 484.333992 -0.012478 -0.012185
988850.145130 339.921000 276.819477 -0.016671 0.018752
134591.829094 309.615766 242.548563 0.015993 0.019025
96963.198901 28.615820 345.824826 0.008302 -0.003141
227820.812831 464.998702 434.762663 -0.018763 -0.010712
290631.014058 457.562034 34.250779 0.011490 -0.014504
385931.693197 569.514575 190.143070 -0.020025 0.015996
1023297.854244 397.096561 195.419545 0.018832 0.003261
589125.026292 31.564305 579.678329 0.007949 0.017452
1882412.602139 596.844818 584.010411 0.000687 -0.002097
790218.714061 504.752650 18.726945 -0.015186 0.006553
526777.357108 212.309570 139.866154 -0.007111 -0.017987
748590.766801 411.827170 457.611837 0.007591 0.000593
1324791.236466 162.207301 5.977057 0.019525 -0.013033
1179151.767483 226.042403 128.331431 0.002196 0.019228
301466.356172 395.995295 434.822090 -0.014983 -0.019509
349183.755158 414.993909 387.366688 -0.011765 0.005623
616335.581344 375.073253 543.765902 0.001722 0.011545
1910511.639859 733.768515 182.929733 0.008697 0.004281
1640005.631205 304.768971 485.001332 0.013285 -0.005341
1964468.728734 335.840462 391.133875 -0.012190 0.018995
1261209.360911 276.226687 282.369795 -0.005747 -0.001169
968463.258337 424.366679 593.853254 -0.014826 0.009424
1257770.379660 350.162026 123.964500 0.001265 0.019267
1991034.577596 391.395465 537.665075 -0.008005 -0.011735
1007596.648767 95.812550 353.426035 -0.006685 0.017901
1912045.142572 235.948821 222.801760 0.004268 -0.000412
692628.538559 190.219240 501.216173 0.009012 0.003646
609848.141023 240.663693 74.923902 -0.008221 -0.002768
1723251.459991 737.653183 520.939445 -0.017351 -0.001710
1696924.347289 50.366660 567.959223 0.009831 -0.005575
309029.791648 199.707831 289.715152 0.009631 0.002331
867302.640745 559.193459 513.504116 0.012177 -0.007822
691843.061099 120.550565 326.113305 -0.012859 0.018633
272265.500516 388.398688 162.197343 -0.009546 0.011206
1400582.436193 98.368208 421.280942 0.002997 -0.012296
320566.674844 333.050695 150.798702 -0.015710 -0.013505
1229627.376064 208.769446 246.167361 -0.016046 -0.019854
1946485.269790 425.007133 421.387728 0.005754 0.007116
15066.369444 140.500673 292.274844 0.002009 -0.005760
911695.870064 549.114502 506.248717 0.009043 0.017875
1245159.992597 340.306910 42.769885 -0.006352 0.020257
519428.529087 388.675399 247.026520 0.000357 0.003861
1147820.552414 102.186058 512.462617 0.019418 -0.011051
1717933.562453 767.104341 453.722143 0.002493 0.011454
183230.377819 455.332482 577.720105 0.003167 -0.015298
640928.558372 27.437925 483.268651 -0.013453 0.010292
1503776.668340 628.993923 111.050071 0.012844 -0.015529
360957.489517 65.388611 358.326481 0.003704 0.003717
380073.533570 131.947890 431.594887 -0.018226 -0.014025
1889061.825298 723.396470 66.015563 0.008012 -0.001343
1796955.322752 633.846201 20.388449 0.014483 -0.005169
306282.549308 146.996974 243.159136 0.018360 -0.006190
332156.324914 567.591769 78.919044 -0.005928 0.001317
485168.456326 426.675243 367.305343 0.013067 -0.014874
413343.113108 24.350739 173.595168 0.017101 -0.017008
883643.182406 697.251655 587.096935 0.002074 0.002809
887249.075289 360.297302 217.507191 -0.000902 -0.007443
1467432.667253 504.295982 297.507646 -0.014408 0.003561
1682910.725327 245.136311 179.518082 0.018971 0.006317
1660796.624450 172.298197 113.497047 -0.002235 -0.017770
629926.086697 520.363277 50.892650 0.004190 0.003111
318150.466456 37.229732 269.338455 -0.013836 0.003916
40123.955365 464.615993 29.056274 -0.004735 -0.017519
724761.667999 94.004469 413.637010 0.014320 -0.009799
558074.092752 559.680289 337.268506 0.003108 0.006877
438651.350531 326.413169 533.270970 -0.004181 0.014555
1885724.248311 578.953063 300.943200 -0.018901 -0.006825
158400.153815 149.286451 226.103425 0.001142 -0.006985
1952982.963972 437.557832 543.654032 -0.018958 0.017276
1927788.328346 311.025764 28.249070 0.006199 -0.010092
607879.136041 746.968820 567.562017 0.014625 0.000463
1236504.919471 67.945847 551.391661 0.000255 -0.000267
1541570.438790 358.791735 131.500862 -0.009119 -0.000968
1098586.873663 282.292763 398.392337 0.017055 0.015185
1973812.054831 723.101009 257.337673 0.015648 0.017415
717421.361579 684.441073 190.609911 -0.003732 0.000394
1128238.588166 568.341828 265.717455 0.000398 0.003054
1906900.824936 103.219779 396.768435 0.014910 0.005395
311031.282093 514.390493 50.651530 -0.004969 0.016676
1119457.958787 738.795675 161.397983 -0.010762 0.013997
295815.608602 167.807506 451.601074 0.003006 -0.015976
1365835.790227 746.688208 574.058291 -0.019992 -0.006435
933742.419320 452.412110 30.061146 0.016414 -0.016962
1254474.420685 690.045061 122.176403 -0.008479 0.009409
1674721.783807 355.613156 227.712880 0.016823 0.012741
589441.845468 384.419247 445.802633 0.002561 0.008110
1186208.380939 568.306777 547.282467 -0.006136 -0.008544
28320.921598 24.560144 131.668484 0.018876 -0.018780
1123059.363627 350.756140 356.771929 0.004376 -0.006051
1339490.994503 192.599416 126.485910 0.014919 0.001159
1892333.765464 567.799974 583.312947 -0.007201 0.005354
1580513.963280 495.698263 66.194304 0.001241 -0.012667
1628540.167412 101.022558 535.774990 0.009076 -0.001115
358744.990248 592.749844 301.790713 -0.004036 0.008491
1065496.480589 768.685643 90.545985 -0.014928 0.002941
996930.964755 638.350260 488.895716 0.008373 0.006814
685065.261407 523.991044 228.989348 -0.007644 0.019147
22284.613001 83.101015 360.069042 -0.014830 0.005124
1564209.169505 749.546306 458.163124 0.006972 0.006548
471659.941818 683.988848 242.426969 0.009525 -0.009791
234378.384535 216.425741 129.550157 -0.009234 -0.004019
1581110.075852 613.261740 117.734020 0.004191 -0.000953
1733102.233956 757.561425 78.178346 -0.010147 -0.009499
222272.466972 206.787938 219.679916 0.008453 -0.004768
7593.072023 394.831543 189.645695 0.010719 -0.013157
1961038.188991 2.052415 13.976213 -0.004569 0.009660
554464.627316 401.915554 7.656723 -0.000263 0.010860
821613.773155 227.344388 322.629432 0.003965 0.015608
24485.756655 378.345204 502.168586 -0.014263 0.008809
196372.594776 203.392268 587.920682 -0.001421 0.018546
718005.964867 375.029400 274.515449 0.007050 -0.010223
1252709.545778 525.422613 142.182852 0.005947 -0.018315
1958473.456073 741.775739 326.334874 0.019625 -0.003222
628831.249023 322.227808 421.390741 0.014052 -0.019643
1185057.482303 690.553585 288.903115 -0.002871 -0.019715
406775.272641 421.146579 157.275963 -0.012889 0.019419
452064.211691 433.109520 275.634393 0.007349 -0.011354
1391094.198167 249.173406 524.810723 0.017231 0.018312
1830316.959801 730.317388 532.152093 -0.001630 0.016132
610994.441719 618.157401 184.000435 -0.019662 0.004984
631021.334152 481.799572 292.116886 0.011840 -0.018580
989235.750860 1.786173 334.063394 0.010255 -0.012654
1098658.789461 784.390647 435.118014 -0.019660 0.006629
1883467.686308 564.527624 586.010933 0.012793 0.005395
1871849.530317 584.797163 330.548560 0.012870 -0.012441
911993.535660 102.233044 577.394882 0.010572 -0.014594
1176139.691461 61.595006 443.428852 -0.016932 0.015021
1537174.407177 456.358171 526.458941 -0.006939 -0.006931
123261.179832 700.890160 185.232083 0.011672 0.014949
1946848.674653 583.215229 354.089440 0.017981 0.001711
457599.283409 708.983888 164.530966 0.011212 0.008296
926562.791190 189.181642 501.629389 -0.000123 0.020094
1942178.605097 12.054504 45.372655 0.008399 -0.016362
1905775.863633 382.707602 397.459743 0.013272 0.012158
1975712.466974 713.600497 407.961912 -0.008314 0.007169
1128937.655654 214.634581 243.700257 -0.013894 -0.011215
1900458.380534 306.199416 62.101253 -0.011062 -0.013425
1623668.112617 549.974535 239.612650 0.005848 -0.015469
798515.523224 494.059335 76.763616 -0.000977 -0.006940
438456.544857 343.695051 482.297998 0.015122 -0.009776
1216805.763178 694.624694 90.695936 -0.008496 -0.013396
1661706.700764 681.444057 259.163540 -0.010494 -0.019710
1303971.794110 150.810624 233.940555 0.010275 -0.003516
1107963.914568 455.302805 58.984087 0.018170 -0.011402
425643.800956 282.629132 499.963440 -0.007341 0.013747
318262.858465 449.105036 154.981122 0.018567 -0.002277
1036196.117772 457.882806 186.585351 0.006834 0.014599
948553.069005 401.460112 427.701391 0.016394 0.009369
1438074.149861 446.988385 555.766602 -0.015621 -0.007576
677338.477540 530.423992 530.660929 -0.002501 0.004693
197747.041563 521.137672 583.476925 0.017221 0.019652
1601492.672973 71.597500 330.627617 -0.017642 -0.017811
1987075.958395 461.526504 375.196970 -0.007825 -0.010056
971748.938305 621.774394 449.372996 -0.012076 0.007404
974474.447302 733.554295 146.165233 -0.003452 -0.018914
1121549.802423 602.057762 413.169757 -0.002208 -0.012396
613932.794246 434.660777 504.547335 -0.008856 -0.001011
1665525.531241 62.907582 338.657821 -0.004486 -0.014535
1238773.710671 302.421484 429.510962 -0.010181 0.007294
1925637.924078 585.348359 276.631498 0.008455 0.017204
290519.337305 158.637860 508.053646 -0.004367 0.004493
1745488.432117 760.824330 218.959941 0.002446 -0.004204
1111265.337612 695.154812 563.183389 -0.004264 -0.013876
829182.160473 184.269388 135.862128 0.019233 0.004580
728391.627189 478.825890 596.295760 -0.016879 0.013661
1349985.243450 33.320908 346.022352 -0.014509 0.010166
1010733.056353 223.888863 571.577984 -0.005914 0.006794
1129411.861826 180.342475 373.177541 0.017219 0.011488
33999.050983 389.201851 394.158364 0.020626 0.015487
1606354.705806 296.177798 66.684411 -0.018779 -0.005951
1451822.744427 315.154406 570.275344 0.008764 -0.001007
1590584.168020 314.845047 309.312997 -0.005147 0.001140
538209.161040 700.900946 484.886559 -0.011160 -0.010864
958317.440449 628.148801 272.190344 -0.015992 0.008650
479655.517489 94.518216 120.191743 0.015858 -0.017016
167238.956395 558.642667 267.420011 -0.012166 0.009131
1592486.357127 737.249934 73.260623 0.009849 0.005635
1189583.299304 433.027707 20.885654 -0.015534 0.016581
1124831.962923 303.266035 474.200613 -0.005193 0.004007
37146.621401 680.309697 232.687664 -0.001136 0.018054
205026.889315 568.864734 41.064439 -0.007893 0.004313
284161.461650 310.211107 183.807459 0.003494 0.003350
68690.410847 306.180913 301.696999 -0.013746 -0.014786
287411.349028 600.173626 403.928705 -0.012907 0.014463
1171263.018237 591.661367 143.642901 -0.004981 -0.015510
1682127.158941 314.981004 577.516796 -0.010874 0.014518
1824708.168313 264.917956 346.650435 0.019212 0.005358
369206.509725 98.055902 13.383056 -0.000372 0.008412
1208981.916871 419.430409 56.195203 -0.015651 0.007266
446720.970071 202.243000 259.090571 0.015803 -0.002835
586212.983628 385.047047 102.121019 0.001336 0.014304
560717.814863 299.275315 150.891353 -0.010351 0.004145
234257.601311 123.726483 558.896098 0.007806 -0.014625
1133248.557864 703.441446 154.210580 0.003534 -0.005180
1934248.125150 153.583688 536.635871 -0.017567 -0.007940
1152133.833222 226.138819 331.390057 -0.019689 -0.012984
1965200.129880 240.387918 396.842326 -0.013841 0.013366
1034901.121182 346.198273 125.881038 0.010876 0.006883
1623246.405098 709.022703 497.161805 0.009745 0.003207
1926329.093951 248.125529 276.301196 -0.011181 0.015960
1658576.383096 150.481717 54.763412 0.008982 -0.010066
786221.519479 240.936575 318.658487 0.017789 -0.007696
1421758.733421 742.911358 365.036482 -0.004826 -0.017337
888519.625593 711.314286 308.015798 0.005931 0.006162
374128.679919 371.401781 325.510310 -0.019384 -0.011595
247207.860577 783.026417 311.536645 0.003285 -0.012049
838233.393076 329.886772 231.501402 0.000714 -0.014341
1269501.125100 722.773379 262.721435 -0.014181 0.027427
1490342.234955 701.558786 467.207247 -0.005839 -0.010058
1720173.599068 638.965657 82.407586 -0.005138 -0.001858
1589947.016719 447.816325 550.793373 -0.006491 0.003100
254199.274003 369.731932 331.770051 0.005911 -0.018215
1506623.924480 52.421523 274.467083 -0.014406 0.003087
1187558.641279 619.137185 289.595672 -0.018792 0.017646
663885.182079 619.992921 490.485608 -0.015549 -0.014783
134186.233456 776.629321 557.411966 -0.011863 -0.006224
763995.101100 799.308857 542.442548 -0.008048 -0.006504
960104.740672 340.760233 479.122877 -0.018591 -0.016985
1689167.128731 629.707218 84.842000 -0.007887 0.017126
1435140.350571 715.999374 422.184458 -0.012035 0.017046
1287450.956780 425.416913 421.189268 0.009674 -0.014972
1664884.491668 423.847679 368.573813 0.010624 0.009320
1916152.068375 115.678285 439.939320 0.014373 -0.002290
142374.806172 274.700361 522.126173 0.014831 -0.004936
1889104.925044 571.688863 97.855483 -0.016695 -0.019291
184043.514628 642.378652 546.922947 0.011781 -0.019921
1678137.485719 350.665135 320.100234 0.001602 0.016072
349432.717240 299.245946 257.246890 0.011506 -0.014622
327130.583267 597.802582 167.714746 0.015866 0.004361
1445781.852792 774.658354 571.545831 0.003716 0.013535
657045.848974 430.374786 332.861835 -0.000288 0.004922
1143416.638087 467.915481 254.914838 -0.000621 -0.004814
853229.746620 259.651854 491.203566 0.018361 0.014551
1436276.935710 106.445571 143.576890 -0.014028 0.016979
747046.145027 249.383271 400.690460 0.006109 -0.011846
555282.349025 300.084468 106.656769 -0.010821 0.018769
31011.744417 446.381191 303.516482 0.002806 -0.017979
259713.421697 113.412934 381.601595 0.002211 0.005064
30230.289339 785.853623 570.634218 0.013290 0.017697
1629124.594680 440.046350 44.992269 -0.017900 0.007951
1993199.337271 341.264633 5.467625 0.006602 -0.016792
437214.899080 754.105359 272.267166 -0.004239 -0.013120
847463.854052 329.187441 438.765259 0.017217 0.019223
1561464.248021 48.385838 73.519850 -0.003324 0.004600
1496915.452879 345.529412 358.024459 0.008023 -0.009432
1076064.875850 410.498888 489.273439 0.004504 0.002596
1028186.607653 487.308841 594.762590 0.000930 -0.009083
141764.248787 594.389085 129.700335 0.000994 -0.014457
778578.041484 758.803700 329.813078 -0.015277 0.015192
1058486.954802 720.249101 564.136752 0.005848 -0.007129
1112790.978101 319.386250 448.110174 -0.013856 -0.016076
24501.685065 553.936217 366.382518 0.013087 -0.007841
353571.678676 272.769449 548.590814 -0.013267 0.014608
375264.103699 191.482232 365.758861 -0.003806 0.010615
1493884.026769 634.915121 429.270642 -0.008208 0.016522
1188817.119779 659.943853 487.972061 0.001402 -0.000913
259519.063057 73.816968 525.345060 0.015146 -0.010167
1949033.547169 712.084964 562.555207 0.003474 0.008710
482529.103981 609.417025 36.145927 -0.013825 0.017265
1850091.109914 273.846053 102.796080 0.001399 0.009864
1871495.037280 224.946260 324.753418 0.006198 0.002879
908785.677938 195.231422 241.260571 -0.009274 0.011222
1755362.652128 318.407728 522.321553 0.010157 -0.008999
232765.271437 582.041445 98.776518 -0.018112 -0.007231
1765166.354256 236.434284 45.875209 0.017676 -0.001996
15434.920795 692.860607 474.742206 -0.012882 -0.004005
1077013.659792 90.632906 409.343987 -0.016804 0.010605
516053.778360 427.421330 5.723707 0.006389 0.012124
1576709.125925 429.905559 119.185542 0.006430 -0.008342
948767.654108 620.922643 12.198056 0.005596 0.013206
667159.362075 417.523650 74.297469 -0.003589 -0.001437
1146380.339352 334.096667 198.441964 -0.005352 0.003862
1462269.868451 722.418451 427.017105 -0.003587 0.019250
949273.004639 536.529609 309.760072 -0.000657 -0.006837
636841.273232 217.406533 520.972536 0.000692 0.017240
316267.470045 793.086236 424.464184 -0.012937 0.005308
1072709.865436 409.187400 92.829465 0.006415 0.016880
1234697.917120 187.494128 203.693245 0.017928 0.003943
1871003.135047 543.404331 300.164249 0.005844 -0.016343
968257.898916 95.640945 457.564125 -0.019802 0.004247
184803.100389 256.151520 525.922484 0.018293 0.013470
1613704.762242 94.159865 497.010207 0.000561 -0.008175
920804.219749 40.424942 484.186381 0.004851 0.008306
1455508.939668 184.379359 565.913605 -0.017310 -0.012833
1084419.887087 1.255276 515.117010 -0.018220 0.005932
1899527.167855 422.501700 461.408214 0.008453 0.001115
745706.753221 643.188872 509.117843 -0.010132 0.010543
1369434.811813 44.297596 529.132235 0.000574 0.002791
353913.564400 779.986070 371.888842 0.019281 0.003539
660308.989072 568.541687 492.054855 -0.009054 0.011118
1997036.600484 653.699619 468.932344 0.014265 0.014408
857968.969670 644.647218 232.642400 -0.012093 0.000743
1832483.595159 457.064653 194.292356 0.011647 0.011727
174050.590104 359.778907 525.507501 0.018768 0.018479
887791.815627 115.848102 561.254043 -0.017432 -0.014858
1048845.100705 314.653288 504.381532 -0.006251 0.006688
1236598.032171 273.670322 290.060943 -0.004028 -0.012091
688449.854352 662.671795 2.453758 0.009251 -0.018939
1047717.716101 519.080097 357.804997 0.013915 -0.003482
831685.772553 746.766728 517.249127 -0.008455 0.016123
1646809.537731 587.896566 29.451696 0.010385 0.011940
354697.854423 226.620972 115.078731 -0.019277 0.005149
1718570.137265 508.418081 581.436022 -0.006286 -0.018645
338487.908402 549.679329 517.433060 -0.012998 -0.003249
1776805.868268 558.741603 40.763827 -0.000619 0.001846
960078.654327 720.393550 287.016818 -0.006790 -0.012531
763596.911339 131.449216 556.056308 -0.002751 0.017018
1446903.674606 486.626773 125.313812 0.017441 0.005362
1673049.761761 619.844015 155.874833 0.012217 -0.015280
591079.477496 780.309503 482.720784 -0.013707 -0.013985
450261.526019 36.906466 509.527449 -0.008245 0.001255
788880.985598 618.988507 258.789373 0.014936 -0.015424
1247242.441982 204.424538 167.387523 0.002019 0.007425
405506.701397 218.017645 175.276221 -0.003532 -0.012368
1835863.754077 197.716973 576.364863 -0.012856 -0.017846
159031.381905 380.043418 18.626792 0.015404 0.005324
362722.217274 87.344090 407.231607 -0.018544 -0.003749
420997.232395 340.175877 105.313337 0.005856 -0.007750
580167.091722 213.283470 332.901009 0.002805 0.012593
479025.265425 617.108282 52.539247 0.001288 -0.012675
552036.800679 359.901459 258.429970 -0.010470 0.005071
969986.005207 253.894616 61.579095 0.000806 -0.011949
1471710.388303 557.499254 187.824719 -0.003395 0.009215
1430984.936390 500.889038 91.107213 0.015645 -0.009260
902052.609670 144.508439 321.183109 -0.019780 0.010002
700700.571156 195.527632 313.351823 -0.002450 0.011061
1408199.004553 571.239365 137.167070 -0.014609 0.018116
1713095.736556 496.311305 161.373113 0.018419 -0.014612
944491.339356 557.120685 498.693484 0.011374 -0.015567
1119457.834922 400.474295 441.418500 0.008484 -0.004369
8319.607940 130.637664 343.470694 0.001563 -0.013273
647061.014849 711.870938 247.388058 0.013812 -0.006823
379545.065751 439.182068 25.908034 -0.003340 0.007316
1990576.603445 218.602771 181.424599 -0.009384 -0.010679
876473.971119 589.603216 557.753858 -0.009188 0.000888
80381.552726 664.570690 13.452480 0.011022 0.001700
828036.629980 625.052073 423.055037 0.019521 -0.007182
1747623.103553 248.366846 124.419121 -0.008533 -0.013742
1072386.123739 381.211716 423.675042 0.003225 0.015735
777386.485961 459.644161 100.896415 0.007635 0.013594
801906.589792 103.741001 345.953822 -0.006810 -0.003943
197987.358178 295.932819 137.799692 -0.015160 -0.014142
1545926.498969 428.229573 556.358785 -0.000474 0.001252
492654.834172 281.820739 500.349116 -0.000943 0.005033
1978982.283724 792.953911 69.283427 0.007749 0.002826
17631.095842 66.088296 86.756222 -0.012955 0.010995
1966499.848276 461.740386 543.657076 0.003598 0.014961
611006.784537 527.336394 167.357707 0.001459 0.011205
850069.038966 247.023947 189.891757 -0.005922 0.011500
1676786.882652 479.118713 83.260425 0.006893 -0.017860
1557780.060711 529.787583 26.150823 0.015763 -0.005721
1227310.625476 722.834107 262.815126 0.011076 -0.030798
428616.731627 592.002056 393.330717 -0.015228 -0.007965
1127178.874392 340.440534 576.717916 0.013657 0.018409
1480731.590409 212.732964 162.224837 -0.017760 0.004801
115335.758829 715.097781 130.657578 -0.012099 0.002661
541498.807511 780.916801 137.320292 -0.007444 0.014834
1167776.423119 741.934515 464.506998 -0.019058 0.007391
1705487.274428 189.986561 255.762328 0.000313 -0.005712
1455042.508177 58.233630 469.681389 0.007527 0.016569
1485351.840726 341.501281 108.569028 -0.019548 -0.000661
1600046.444498 55.547212 226.678210 -0.019274 -0.009268
1889695.885540 230.162134 146.892641 -0.013082 0.004147
230475.999522 605.912552 319.316425 0.015499 0.011174
434670.210087 593.562723 9.943917 0.005755 -0.009941
748135.628527 296.658147 193.037485 -0.013641 -0.017665
474188.291689 718.620037 292.764119 -0.003322 0.016213
1941577.332067 174.246159 588.517013 -0.006010 -0.010684
499196.726130 235.232172 314.392605 -0.000261 -0.001297
254300.674542 487.759706 134.031122 0.006369 -0.000110
6325.354803 699.978191 144.013533 -0.019182 0.000832
980919.682878 316.077231 534.936909 0.012555 0.001957
1900851.625903 40.266905 269.153037 -0.002596 -0.001273
719689.197242 326.198026 412.406177 -0.006339 0.010296
1844748.197982 472.724667 30.129487 -0.002183 -0.016558
1036199.990211 459.266179 416.293330 0.009636 -0.010765
385683.919483 595.615197 65.303587 -0.002699 0.010629
1256102.471266 738.642862 96.107099 0.000510 0.010273
1419511.694191 375.378648 472.910751 -0.013620 0.016243
511292.832210 415.327127 189.725058 0.017687 0.014407
145034.134456 691.139045 270.119360 -0.015049 -0.007553
1071721.370831 513.119017 530.648723 -0.010811 -0.004676
233847.819378 338.152038 77.419962 -0.011036 0.014195
1786277.592083 681.767812 467.389163 -0.017909 -0.005085
1031918.257955 609.618719 506.169376 -0.007876 0.016820
1499349.890975 446.268279 263.474328 -0.017321 0.000080
597617.807145 110.351994 219.028669 0.010017 -0.009533
1353622.215499 228.396929 541.956046 0.002470 0.000629
573296.933702 542.632651 564.054701 -0.003398 0.016135
1590131.532210 246.417144 453.750312 0.003013 -0.005547
258416.177825 73.032919 73.599716 0.018867 -0.004273
87595.200207 577.072951 571.724136 -0.000687 0.011451
906233.425674 625.891641 554.292261 0.012746 0.001240
370032.188655 395.830643 489.256648 -0.016455 -0.017745
664767.085884 299.540133 441.830300 -0.009131 0.011572
1278253.811075 53.004727 58.717483 -0.004118 0.005621
916040.443311 420.094730 438.712466 0.003218 -0.000166
249204.321880 499.136771 130.190791 -0.016946 -0.015716
8661.484350 424.548901 533.405185 0.017157 -0.006052
841302.204338 90.047232 506.065848 -0.010471 -0.011987
1802783.200425 455.936026 346.266913 0.005476 0.013643
731632.451868 220.846134 544.778712 -0.001403 0.006844
1096714.972098 736.705763 118.100752 -0.008797 -0.000101
1386984.768969 323.985149 76.208051 0.016471 -0.000737
469499.863903 732.083301 6.970015 -0.015005 0.013812
718651.906922 435.376259 574.655608 -0.011850 0.011222
316653.122342 84.357642 211.407538 0.010117 0.008963
385530.231700 79.634647 10.957451 -0.015987 0.002576
1379939.433830 519.521774 291.669029 0.015410 0.017178
1974529.288697 463.617963 199.390075 -0.015525 -0.000409
1626419.535664 279.781925 244.564317 0.012983 -0.001062
503204.831157 146.119926 10.651900 -0.011612 -0.004501
1600260.999799 292.991912 294.417084 -0.013934 -0.015949
467442.890847 275.296623 120.996830 -0.009913 -0.002201
1530910.291491 753.025791 56.638199 -0.010009 0.013182
43405.273949 189.919035 245.094359 -0.005787 -0.005885
1801413.789299 133.495376 421.445157 -0.007699 0.019682
348673.859774 447.497857 105.065873 -0.012280 0.010755
1122384.702378 793.300556 80.751156 -0.017924 -0.014250
474000.488629 229.240919 293.457065 -0.002430 0.001562
1867761.544822 162.654936 288.088048 -0.018854 -0.001847
617712.498930 39.631282 415.272822 0.008759 -0.003839
88793.583256 495.153106 342.920324 0.009897 0.016917
1123119.018564 736.240405 291.471131 0.009364 -0.015513
510837.786138 237.541304 62.606083 -0.004328 -0.005983
498234.962345 502.745350 381.367382 0.009533 -0.017335
350510.791107 537.841707 162.935195 0.006255 0.007951
1451432.125387 771.370762 449.387759 -0.003397 0.007359
303273.376219 370.349012 179.873873 0.008882 -0.011666
454803.713809 227.220429 75.919393 0.008604 -0.019199
480071.545802 775.463488 189.792064 -0.006254 -0.005556
1333575.176696 474.804195 592.861092 -0.007776 -0.006722
110627.538576 382.770386 1.813816 -0.007005 -0.014508
1406769.050940 41.569590 59.182615 -0.001868 -0.001180
1561676.394922 482.138711 559.306143 -0.016765 -0.007000
281255.947557 246.676569 364.722495 -0.009247 -0.019070
1257382.930842 407.495351 596.169355 0.017783 0.014119
706537.016996 489.482851 268.958721 -0.006342 0.016654
1558318.719993 318.160221 237.081759 0.011349 0.008938
1057752.200895 389.436034 466.019766 0.005111 0.017492
491364.625511 326.229802 325.139739 -0.012860 -0.000413
1734950.389590 255.125755 479.328353 -0.000922 0.003492
1643357.573842 84.751949 56.805015 0.012567 -0.017962
1898263.090243 133.929824 397.734371 -0.004152 0.000407
1157183.811607 141.114029 544.677443 0.018944 0.018331
1260090.642264 401.454746 266.489685 -0.003784 -0.014828
767107.214205 521.687253 323.346957 0.016976 0.013174
55740.578126 634.886703 88.751343 0.013012 -0.009320
1471867.368311 519.079832 224.866427 0.012826 -0.001698
851158.514084 624.092475 377.583473 -0.016455 -0.012924
279214.015361 532.900574 211.826787 -0.018198 0.005634
622537.959657 541.390204 84.635343 0.010267 -0.016710
543551.074594 112.475585 439.139657 0.012889 -0.017322
1125283.938425 670.479874 515.300592 0.008416 0.006517
255944.995329 357.695108 187.081266 0.000112 -0.008827
1549879.616848 742.597548 35.143197 -0.003809 -0.019291
474171.187949 435.915055 410.495961 0.003561 0.003657
648167.413030 720.765070 160.523056 -0.001357 0.006312
697835.028496 589.757446 478.512583 -0.016729 0.001912
1725670.433475 516.042958 231.091383 0.008607 -0.005276
99429.388577 679.143183 481.508456 -0.005525 -0.005955
163663.104253 109.264502 168.319850 -0.006752 0.000348
594763.153510 303.793899 52.873360 0.019280 0.018814
1355525.087265 245.020966 522.171057 0.017934 0.010949
1053977.892294 234.757041 305.606521 -0.007012 -0.004927
115031.983757 149.681550 12.888173 -0.002331 0.016307
752375.869431 393.687510 455.161779 -0.012757 0.014190
219437.964363 208.568008 594.984620 -0.004391 -0.003950
1068114.026016 550.274516 469.113745 0.004827 0.006911
1499866.051366 239.141074 584.157166 0.004722 -0.010293
1491842.997955 116.793137 322.374081 -0.009707 -0.001118
1826279.228472 251.183073 395.257664 0.017293 0.010252
1133058.067007 247.492815 149.320669 -0.007044 -0.000434
207507.431604 346.475162 450.366908 -0.016175 0.012955
304737.184339 504.465820 306.634274 0.017354 -0.010022
361247.467977 546.408340 329.281247 -0.013812 -0.007890
1585793.637478 720.389848 269.249934 -0.006754 -0.013852
1841064.114050 194.849214 281.204840 0.003195 -0.012829
451362.950938 116.071583 291.941789 -0.000995 -0.001229
1950936.490647 462.999478 542.243826 0.007750 0.008276
1454702.783122 701.648145 182.721176 -0.010461 0.012500
1108684.254395 335.124660 297.151636 -0.015857 0.002983
1596490.624173 716.791535 284.831875 -0.012777 -0.009982
1263706.185512 134.120350 282.535555 -0.015925 0.009881
1294332.516982 261.067974 535.801994 -0.014672 0.012041
723046.520130 87.052445 228.523267 -0.009389 0.013354
107937.715067 793.453072 426.817871 -0.005754 -0.010860
1046872.077066 728.836979 389.748173 -0.019387 -0.019533
450965.188654 653.709235 546.652798 0.008009 -0.017430
278162.196408 266.388297 139.754191 0.004373 -0.002625
1960316.196066 205.780834 456.557654 0.014896 -0.004397
1125740.257616 187.813716 299.748098 0.017724 -0.000071
668170.334151 796.727269 294.207040 -0.018194 -0.005843
1443825.863043 455.480390 160.044086 -0.005093 0.003557
564375.188464 478.129471 242.576309 -0.012222 -0.008028
938961.728913 267.139444 379.881004 0.008067 0.017687
132214.712972 546.720272 119.677154 0.013359 0.002231
1179224.623916 311.500781 473.118100 -0.016494 -0.006653
575213.267736 339.068267 197.873118 0.010986 -0.001190
1368718.602401 400.925390 24.032093 0.018036 0.014953
1254302.726711 185.692554 282.675007 -0.018637 -0.002903
1541011.519516 401.012964 456.130347 -0.003924 -0.011876
1407684.757098 375.499808 531.740781 0.016159 -0.008184
883750.411162 393.787866 411.789922 -0.010560 0.003303
38293.802197 414.523781 2.823770 -0.006035 -0.008081
949396.727117 26.723468 479.008317 0.000612 0.019449
1340193.529306 112.151669 129.850029 -0.014284 -0.013052
1289556.392138 729.384797 404.312087 -0.003830 -0.007436
1756783.113702 88.125956 468.982572 0.010470 -0.019747
157687.638028 166.062970 303.232936 0.010646 -0.002497
175039.783202 626.618241 573.225131 -0.016260 -0.014659
506304.289450 453.252940 99.217161 -0.017942 -0.016708
301433.914481 576.027086 133.857107 -0.005378 0.014556
790027.673724 9.538316 464.052102 -0.017185 -0.003250
176035.711624 758.797252 317.261485 0.014794 0.008525
1081972.172988 759.118019 552.330388 -0.018271 0.008702
715741.816310 106.951356 298.864556 -0.007401 -0.010926
1263880.632475 454.379752 476.764073 0.011930 0.004696
1751026.801649 758.662507 202.436575 -0.016179 -0.007299
399196.095951 394.884478 198.052499 0.019101 0.002356
1496994.359185 48.645601 306.555292 -0.008896 0.017279
445396.929255 653.574288 529.799156 -0.014303 0.014540
1193553.106484 399.787830 599.473861 -0.016115 0.012534
450224.472419 581.272626 229.328810 -0.019250 0.001036
1999453.321099 715.725139 285.847649 -0.004154 0.019054
1584501.028799 429.160178 291.143737 -0.015106 0.000399
94458.571679 696.630029 342.452181 0.002265 -0.014109
1007827.074736 623.576963 579.708679 -0.004563 0.016850
1658558.308919 786.698118 253.072421 0.013085 -0.016912
475365.567242 42.321905 482.848752 0.004298 -0.016912
663714.367274 496.134364 580.929832 0.012218 0.018165
1919117.403179 479.285535 296.975880 -0.002165 0.008820
9624.167350 393.722814 354.517603 0.003062 -0.018037
1478876.057770 64.655339 497.165806 0.007736 -0.001375
1502145.321808 426.495881 269.225368 -0.013019 -0.005535
1054818.871922 329.068998 247.656752 -0.006669 -0.018737
972186.690649 532.045262 390.586996 -0.001899 -0.001128
1216433.286302 329.485752 43.372771 -0.015863 0.014310
1585452.240699 85.734267 209.943229 -0.004632 0.007100
796849.675848 98.943178 459.121085 -0.011124 0.013065
461377.134761 782.845711 216.940620 0.007138 -0.013902
1447663.852688 165.161572 338.378131 -0.014470 0.001607
1190708.408687 498.743388 122.692818 -0.010137 -0.017070
1355477.244293 684.099023 294.541467 0.010001 0.018254
694211.989964 433.754178 39.450003 0.007912 0.017110
1497031.391364 75.984024 30.208394 0.000516 -0.007095
1759090.904966 594.411560 180.044048 -0.010330 -0.003080
904928.793621 771.923334 377.650262 -0.019373 -0.015858
341892.055395 489.141488 437.167054 -0.004955 0.014360
1609370.418642 43.116783 428.109450 -0.008171 0.012130
1339833.364515 513.555977 206.847904 0.009432 -0.006392
543533.833951 386.149217 260.567797 -0.007102 0.019776
1510075.678821 160.994931 443.560198 -0.017782 -0.002230
325429.097901 406.694012 246.068049 0.011711 0.000973
1027532.088117 770.893388 81.210914 -0.010400 -0.006336
1987715.010526 37.216090 236.750881 0.008291 -0.006363
396776.620483 301.254127 588.544648 0.001755 -0.015606
639902.701899 652.670971 355.848497 0.010155 -0.014506
1179865.857204 406.083282 204.133868 -0.006871 0.002540
1568458.621189 393.161076 42.282817 -0.012224 -0.008574
1190290.628555 566.805140 150.353574 0.009232 0.017977
1180185.991889 580.599446 597.231022 0.019384 -0.002809
672088.553511 146.498998 485.056575 -0.007406 0.009062
1837656.663655 510.375430 325.257301 0.000515 -0.004376
1360614.323691 81.478718 539.170134 -0.019214 -0.002759
924125.776125 643.724975 555.331657 0.001307 0.019925
418950.309241 102.532588 424.720324 -0.001806 0.014237
1312754.557148 39.408897 349.623501 0.006053 -0.018693
30587.249450 790.910420 130.220579 0.012885 -0.007750
1889215.610870 593.533752 565.963168 -0.000549 -0.009841
669560.509114 133.415087 214.077865 -0.010652 -0.012485
1579576.984783 556.857681 594.916145 0.008597 -0.010926
1982244.182370 739.105669 214.012738 0.007924 -0.004710
432350.935616 284.009675 257.993020 0.011972 -0.019775
930735.730068 652.629427 596.832328 0.007303 0.005510
600671.720971 501.613817 227.670446 -0.010160 -0.015433
1270601.892504 464.024321 169.596123 0.019700 0.012525
938976.299455 626.113925 304.954077 -0.001551 -0.000152
1474031.937064 361.640389 251.570388 -0.016256 -0.013943
1605130.416157 247.728054 302.562304 -0.010669 -0.015575
1023340.410098 559.402217 555.255777 0.000253 -0.004736
1128556.229700 645.797435 5.093565 0.017729 -0.017937
248420.950141 463.890001 377.908875 -0.004090 0.002578
884577.235619 701.140051 213.162995 0.017996 -0.006625
1704879.713107 549.692533 474.526532 -0.009088 0.011162
1882055.445519 60.089438 54.764505 -0.002190 -0.007595
404206.608610 765.810245 4.942828 -0.014903 -0.001416
780987.060993 553.536946 162.453085 -0.004076 0.005522
642018.800900 420.235632 130.853996 0.018038 0.017210
1579863.075903 313.801576 483.318778 -0.014237 -0.006306
286431.929230 799.159342 18.287207 0.017334 -0.009108
1625355.291937 700.146288 207.288272 0.016183 -0.007106
1310099.705732 85.513728 166.807241 0.006597 -0.010575
1485499.756171 42.322138 555.845474 -0.019439 -0.001828
1126826.147142 267.766892 586.724359 0.011207 -0.008650
1817754.082297 456.572663 407.017286 0.008593 0.008659
42605.713030 685.726233 428.868315 -0.017491 0.011483
1969490.396776 691.784611 399.888897 -0.006750 0.010787
1972945.507603 788.224792 525.894529 -0.009425 0.005962
221002.463354 5.612829 421.039979 -0.018481 -0.019154
314139.836614 479.772846 212.945374 -0.014575 -0.004778
1280098.799281 35.226512 571.065437 -0.007243 0.010310
1334025.561499 271.118551 370.187634 -0.004789 -0.004316
817314.073824 291.932350 154.273891 -0.016982 0.007877
52254.755074 49.358052 409.054584 0.016116 -0.006919
662711.798522 9.431737 199.694613 -0.018600 -0.017993
710212.109941 153.487098 389.842782 0.008414 -0.006921
61999.699130 281.079313 223.082848 0.019317 0.006770
261157.692532 519.675465 3.660814 0.009907 -0.018754
797766.605764 125.452628 237.100371 0.006232 -0.010778
184709.901076 545.727099 175.221661 0.010997 0.003296
1235796.007903 85.470046 357.353681 0.018119 -0.014403
1292608.929469 245.298122 198.268553 -0.008132 -0.019332
1317389.029692 261.250961 220.343253 -0.018779 -0.007599
71927.786838 127.770608 575.865950 -0.018264 0.016283
1977614.946653 353.575448 38.343873 -0.004672 -0.016040
591803.305127 381.779832 467.177094 0.003532 -0.009938
726241.200569 165.227786 213.985075 0.018401 -0.013691
995710.504705 485.307342 279.385532 0.013139 0.016103
963862.695249 391.189808 138.019523 0.013997 0.000720
1079147.418532 708.512781 408.066449 0.000037 0.017220
1174876.041326 389.899501 223.292564 0.006101 0.014863
937689.950195 758.250839 209.343075 -0.010100 0.001369
1200871.358253 489.739051 445.102330 0.018296 0.002822
1798372.363578 364.458897 105.799026 -0.005465 -0.008553
158766.744732 676.244574 464.549696 -0.007537 0.007874
584123.108808 679.906832 348.358367 0.018810 -0.006106
1019930.488905 447.380668 500.099796 0.015237 -0.011570
1412068.961846 279.264191 95.677221 -0.017827 0.003981
1390465.348675 524.123902 125.801828 -0.002535 0.004565
1560588.704217 269.586290 41.792916 0.018294 0.008035
709118.110458 28.670271 327.054292 -0.014825 -0.006308
481739.437432 336.791494 116.760227 0.012811 -0.004330
1084185.081108 265.273781 569.440228 -0.004953 -0.011507
321427.933090 65.623729 337.185959 -0.007547 -0.014334
322096.383349 11.909287 475.438562 -0.005135 -0.001932
811598.476400 120.527027 472.227580 -0.000991 -0.015693
975828.599639 662.835148 87.426613 -0.018663 0.018337
980873.326296 219.729576 226.219201 0.007427 -0.016140
1538962.265262 182.287977 256.969844 0.008844 0.004171
1281944.833362 703.551064 411.227171 -0.011745 -0.012072
1646853.441208 292.153864 129.429188 0.004646 0.009429
1334224.681991 17.330695 531.644251 -0.001753 -0.000143
1987979.200663 753.916865 196.454734 -0.014449 0.019146
567825.405192 503.393527 150.202365 0.006611 -0.007362
693992.653253 345.646289 324.435464 0.011157 -0.014018
290886.182473 333.310449 18.701820 0.013265 0.004835
461579.700216 523.954505 590.539608 -0.002181 -0.009208
1440439.939238 90.561802 175.763176 0.004283 0.002719
1578856.275221 479.618256 307.169574 -0.015374 0.009490
975708.803616 319.974680 219.908834 0.009550 -0.017505
1363849.989774 68.102738 296.387799 -0.011052 0.014436
1287670.666020 295.502229 165.514710 0.006993 -0.011983
1793086.186886 724.989715 513.184975 0.015254 -0.005939
253419.465503 481.161874 278.135877 -0.003041 -0.011641
65064.939701 167.186052 484.641362 0.001755 -0.007021
1093948.624606 26.025793 434.810674 0.016634 0.010811
1570950.974510 476.910499 514.154985 -0.008942 0.012879
1433502.711092 738.650733 113.674664 0.019660 0.003955
779698.448619 711.552784 301.926336 -0.010232 0.010910
1707668.152502 297.519323 224.237779 -0.007300 0.011711
1161722.038482 280.387158 1.007892 -0.004391 0.015816
650195.260835 748.110625 556.312906 -0.017971 0.014024
1393276.303724 667.713241 267.749199 0.002116 -0.015476
534900.189626 215.496769 20.833734 -0.001723 -0.009451
1264731.390059 676.611378 91.037757 -0.014610 -0.016294
1848317.172308 790.621465 278.278440 -0.008154 -0.007741
512088.236637 701.984911 394.164733 -0.009755 -0.009267
1104225.446984 465.379155 122.054138 -0.000855 0.005249
107543.810321 140.002945 279.583592 -0.000006 0.009152
1156781.673039 614.984859 597.858690 0.004532 -0.011039
520065.349769 196.750018 42.796953 -0.003461 -0.004745
327390.441823 269.811743 222.002412 0.005086 0.005378
1353004.063178 706.979187 306.675309 -0.006513 -0.014411
1558240.596931 709.713544 433.275564 0.019294 -0.005471
706633.334377 29.284139 323.788838 0.012782 0.001649
534505.464385 317.278644 182.531003 -0.009448 -0.019535
1061346.780072 419.727221 154.859243 0.004183 0.017601
1275778.349152 612.022165 164.416626 -0.019712 -0.004273
1816858.008419 547.102132 166.073243 -0.003173 -0.019292
837596.447597 159.132482 542.054608 -0.014410 -0.012804
537634.699856 396.177096 130.378684 0.012322 -0.007441
1509630.032587 59.641990 425.833842 -0.025929 -0.018899
1442342.147903 473.576304 518.198096 0.019180 -0.012354
1603574.954720 492.111834 575.805172 -0.016933 0.004957
706735.606634 787.832278 184.383849 0.005211 -0.003781
651319.147391 39.761456 362.312306 -0.010776 -0.012381
1573016.600485 398.206561 411.372131 -0.019933 -0.007668
1998835.487291 607.630734 230.148477 0.008376 0.012765
1445522.677826 344.894339 246.135485 0.003478 -0.003645
1207599.107738 311.328323 14.963742 0.002535 -0.001326
1297106.122271 733.938279 269.873368 0.018138 0.001905
1709409.523620 225.352735 358.937127 -0.001615 0.000452
1579454.636005 196.675052 5.877208 -0.000956 -0.009964
635151.660366 380.544150 5.084608 0.008025 -0.012572
1657542.871152 338.035146 368.812053 -0.010405 -0.019604
50074.195513 673.711263 239.457396 -0.017990 -0.003732
1728956.987955 558.598116 193.863804 -0.007463 0.006092
1741304.677791 135.025408 562.107040 -0.001265 0.005060
896425.988943 206.796124 524.846961 -0.001636 0.009345
248631.410417 620.412586 125.792690 -0.014688 -0.000944
789536.960791 769.136757 539.293991 -0.019604 -0.011931
1819863.026878 28.334964 26.145972 -0.007617 -0.016545
901731.744829 139.442748 470.673952 0.010949 -0.000467
878442.611954 515.172543 393.423619 -0.004976 -0.015501
569936.175165 658.604974 222.637346 -0.013653 -0.008685
212161.644461 226.428162 35.186800 -0.007361 -0.003249
1070836.321949 568.348663 228.015744 -0.002625 0.008850
1162154.364009 276.177276 454.525000 0.005043 0.006162
1685995.778854 61.512697 497.362501 0.005532 0.014012
631794.399876 54.123577 296.549294 0.018927 -0.002277
