120102.793966 630.407556 121.615705 -0.006101 -0.005544
269277.329682 300.032190 156.209691 -0.018278 0.015151
1260731.205931 302.248260 191.716106 0.013068 -0.002961
973263.179405 632.902727 572.921127 0.008502 -0.005936
1683880.506867 289.219216 229.282215 -0.016823 -0.013039
1760997.696668 175.405928 580.432195 0.011720 -0.019820
354965.669268 681.970813 474.605395 -0.004791 -0.012038
306862.422408 412.010124 346.438980 -0.003481 0.002356
913598.742761 34.946265 562.594157 0.011144 0.014844
723511.401901 210.230243 397.778242 -0.007308 0.019060
27418.055584 127.005070 203.151566 -0.004126 -0.010461
1026719.971107 221.753754 272.969194 -0.000715 -0.017199
919235.655535 527.255171 552.805939 -0.009944 -0.018413
247720.705461 324.224099 333.705276 0.008059 0.012678
229642.751734 125.588133 517.147885 -0.017956 0.017176
1463437.116455 330.409307 118.924891 -0.004254 0.009177
349002.480669 325.713797 534.012869 0.001185 0.011443
253345.397419 21.860359 48.649305 0.003297 0.000363
301882.374241 33.230817 100.958672 -0.017035 -0.008248
417897.793659 158.343391 419.877464 0.010565 0.015940
1032678.423930 703.068445 34.533596 -0.004921 0.017250
1981626.739717 86.531259 206.282366 -0.012549 0.000436
148080.320166 291.073326 546.185587 0.018533 0.015043
1426235.401736 72.425596 542.593655 0.011799 0.006903
826207.458426 756.225662 428.292304 0.003249 -0.019250
17939.873048 633.037843 129.714334 0.008269 0.002238
229060.592236 178.687639 260.697052 -0.013008 0.003910
729567.630556 129.726057 425.698419 0.008427 -0.006069
424191.899795 625.472480 428.215934 -0.015128 0.009748
1179453.697605 667.590126 501.691193 -0.000332 0.005136
1017047.714916 724.898533 344.257671 -0.011063 -0.000461
1184883.571782 186.596405 168.410392 0.012308 0.017667
1669257.284919 738.032659 97.926701 -0.009260 -0.016826
1530870.404807 506.868904 153.139227 -0.001066 -0.006369
1211583.405366 549.654889 75.394035 -0.007254 0.012390
1741377.547263 727.175048 385.837959 0.008292 -0.003790
544004.606336 172.576083 185.189257 0.013864 -0.002453
1594854.852927 349.902177 402.358402 -0.016924 -0.010145
1223177.906695 729.682641 101.313111 0.010947 -0.013105
527324.168257 433.113938 487.635803 0.000765 -0.019352
312490.830343 99.718922 422.378966 -0.009629 -0.002755
1025907.483430 120.843222 212.074169 -0.013733 0.014350
1509229.653286 341.906067 43.582539 -0.017979 -0.009394
1023852.793045 688.170506 428.100677 -0.012674 0.017497
1918069.081343 635.236641 509.705054 -0.014818 0.002803
59433.087734 314.501166 67.912338 0.013717 0.016465
257531.464220 800.539996 21.763931 0.013276 -0.008790
961609.428265 277.223837 259.692194 0.013371 0.000061
582120.371322 470.102930 558.491246 -0.005430 0.006000
408974.288222 701.678774 306.597685 0.016813 -0.017660
899929.745542 700.342680 511.748626 -0.008030 -0.019842
849952.291162 263.259994 237.686489 0.001507 -0.013091
617567.269419 532.399414 103.649694 -0.006174 -0.000021
907629.657959 661.794395 506.995523 0.015493 0.006325
693382.430213 141.789924 148.658628 -0.008907 0.001677
1797970.130014 385.127004 250.789833 -0.003524 -0.004086
955435.349120 688.640239 163.984146 -0.006712 -0.013571
557659.864685 605.847335 293.318633 0.007017 -0.008250
1324351.926951 788.259735 575.610843 0.013349 -0.006819
917046.023028 230.674031 93.525026 -0.007870 -0.012911
1632997.046985 519.110604 212.533298 -0.017490 0.017122
1790149.784549 770.204942 244.876560 -0.007410 -0.004958
1613713.184192 632.159254 140.658727 -0.016795 -0.015065
791753.703166 288.557597 527.232349 0.015413 -0.018590
347958.385175 437.385001 12.062266 -0.014655 -0.004622
701432.257286 473.864365 403.331424 0.000321 0.015831
1693039.169392 258.684812 326.923063 -0.012032 -0.004481
944105.254926 76.347531 210.600542 0.015340 -0.003686
1451122.988691 550.649631 119.863495 0.018420 0.010770
644142.737912 285.028695 76.604411 -0.011893 -0.010299
328294.663843 300.320515 473.816813 -0.012173 0.000423
344141.964030 428.784439 60.538199 0.013709 -0.018295
1995072.262359 551.858911 220.664868 0.001692 0.015581
1509670.835691 11.171078 591.029173 -0.015727 0.015786
783939.521193 665.463836 350.071302 0.003535 0.011733
702233.533702 730.434578 89.109339 -0.000812 -0.015214
783487.379916 514.392009 295.232412 -0.012699 0.013075
1976.599918 282.140277 217.599769 -0.015854 -0.012084
812477.567611 80.973172 532.096413 0.010929 0.005798
1551513.418346 422.656864 395.099909 0.010377 0.005365
1106838.468046 120.772314 279.711076 -0.014519 0.009724
516376.429478 389.601698 394.241506 -0.003920 0.018702
1541877.001311 639.200784 366.973895 -0.009510 0.019229
877046.727052 210.966000 200.408636 0.012096 -0.005350
1062152.807164 166.465287 280.911558 -0.003290 0.019311
220503.739184 155.053062 306.136722 0.010772 0.018108
285758.867062 257.621300 62.750183 0.004288 -0.002006
1694852.848395 693.282973 566.676245 0.000240 -0.009219
1823523.613542 219.370647 44.351232 0.000919 0.001473
109429.840049 768.303034 480.046015 -0.004459 0.010488
331166.874772 736.350290 582.253422 0.005306 -0.006545
1904142.131984 594.107852 318.588534 -0.001583 0.000436
967910.745632 483.304260 499.278612 0.003520 -0.011505
581591.096978 348.440948 48.083635 -0.010652 0.017497
706572.319710 117.988476 128.369750 -0.003004 0.006861
1499518.371885 385.536572 378.797275 0.001970 0.014862
785875.055374 571.544466 474.400048 -0.005465 -0.006112
257524.722376 252.959418 54.383960 0.006460 0.011193
1201976.699383 114.828004 228.914448 -0.002620 0.009278
1186503.038363 580.034562 101.802552 0.006829 0.018393
215485.423904 20.100821 64.845628 -0.007120 -0.001907
1555844.913030 56.641288 560.844240 -0.003697 0.004792
1610655.802121 641.102355 200.347996 0.003838 -0.013393
1363983.919548 580.579302 288.326869 0.010878 -0.004604
515601.680854 298.518240 317.630677 0.005556 0.012251
521772.659627 185.442953 319.532121 -0.002815 0.016124
984056.433190 429.793852 558.351376 0.003517 0.013660
764465.851134 302.226476 558.027972 -0.007322 0.011439
1098768.237559 98.188380 352.907158 0.014637 0.008839
1505133.839094 452.522668 265.869622 -0.010742 -0.006512
1656881.889169 392.748671 425.961829 -0.005642 -0.014820
1035409.796534 493.571842 216.384007 -0.018008 -0.018104
532033.862794 432.458847 349.962511 -0.012178 -0.014336
885049.308131 462.102509 312.390160 -0.005107 0.015768
611963.250959 737.582990 10.404376 0.015704 0.012225
1469794.933437 516.390445 223.576067 -0.012447 0.015597
1419313.830053 5.387237 222.246601 -0.003143 -0.005436
1001399.715897 751.230934 589.853734 0.014482 0.019446
57920.523946 103.052047 316.909495 0.004561 -0.007023
1340168.589419 44.077956 541.158569 -0.012382 -0.002906
1593328.125585 397.027411 209.041059 0.012544 -0.004447
308175.125303 438.498956 21.575497 0.000932 0.009126
1829796.170737 187.912911 440.307058 -0.008568 0.006237
194622.977727 628.417735 356.778045 -0.016824 0.005969
1163384.351490 85.804511 466.884396 -0.015302 0.009201
203536.384834 623.541199 466.947872 -0.019844 0.018799
408990.508136 640.539898 279.635517 0.002403 0.004632
1709918.606891 566.465848 96.653175 0.015753 -0.010617
1776676.395804 644.356655 280.303268 0.004787 -0.016388
248411.979642 575.613165 526.838406 0.008748 0.011925
1052401.075630 239.780335 543.572332 -0.007835 -0.003538
1254879.329007 324.244306 114.399821 -0.003739 -0.003570
322021.593490 487.278796 125.394026 0.001330 -0.015018
1647379.426121 386.163956 521.426207 0.019419 -0.005113
204691.412954 699.184935 106.325232 0.002793 -0.000170
536197.156895 555.289913 128.661481 -0.014199 -0.003474
25648.950611 537.923481 428.805601 0.016670 0.018945
247729.502734 436.866268 229.202375 -0.007400 0.018032
1580350.309415 379.815243 335.220367 -0.020007 -0.015902
1443766.372951 659.203552 351.060684 0.003679 0.012388
1912564.341869 554.299052 409.510535 -0.014673 -0.009431
357511.299829 321.104416 575.524160 -0.004418 0.001841
744693.135258 324.327549 130.821457 -0.016548 -0.007019
387589.365424 167.802257 523.077158 0.002987 0.000953
1645202.005117 291.609787 -0.121908 -0.004714 -0.005363
205411.871060 83.714600 113.537384 0.007507 0.007843
1996032.971887 514.901255 233.928857 0.007535 0.010399
1306804.762830 688.126067 106.611395 0.004501 -0.009857
1450619.077985 788.585050 395.065409 0.017718 -0.017182
1969754.747101 110.654708 168.449811 0.013634 0.008611
1609086.544071 543.862343 45.452995 0.012193 -0.017514
883645.576836 726.150050 99.660706 0.005680 0.003641
1722771.757153 502.424351 142.269044 -0.009970 -0.007557
28763.775727 722.661417 101.807089 -0.011985 0.000504
845989.907554 733.756418 301.341384 -0.016744 0.014418
1143645.596292 54.555937 600.377087 0.014090 0.016926
1423342.375748 525.694963 361.913276 0.011488 -0.001572
1329764.171191 184.887680 221.776831 0.013246 0.014447
1926056.274178 553.206822 294.417419 -0.012003 0.017723
1598411.507718 172.794259 507.811336 0.018772 -0.003699
726058.746095 314.064278 195.450689 0.014553 -0.001022
375371.614646 348.375760 324.804902 -0.012645 -0.008627
932014.105344 718.370723 567.076181 -0.017156 0.007137
811741.037672 587.793535 550.838991 0.010982 0.002636
1557690.799962 589.661567 154.932494 -0.009263 0.017509
399385.155365 53.299327 91.192206 -0.018134 -0.018556
1122038.441301 328.089084 256.569623 0.015485 -0.009111
1805346.826001 59.656132 425.553699 0.004742 0.001741
1995636.369100 729.200656 97.102122 0.017697 0.019429
1695958.700821 279.089428 427.838410 0.010647 -0.015090
558004.577904 435.828942 516.741959 0.001459 0.012505
1597187.265566 589.317916 528.818221 0.018085 0.011277
1833981.536251 410.034123 114.646143 -0.006181 -0.003991
929917.220459 197.783731 284.843714 -0.013189 0.007563
1471826.909795 138.641969 361.228409 0.015869 -0.015403
1165988.196230 595.205572 277.977342 -0.008182 0.000420
1172216.120722 460.778234 32.370239 -0.002197 -0.015478
1736107.381869 196.476702 508.214391 0.009949 -0.012172
1259741.624473 533.037470 425.075262 0.012848 -0.019576
218963.730251 229.078452 155.192650 0.003362 -0.001609
1902503.935575 255.782521 379.549492 0.002182 -0.011337
1496596.111682 109.400287 576.180864 -0.011558 -0.002659
941537.357374 638.181525 5.885305 0.001068 -0.010191
245239.558744 315.823647 292.974899 0.018816 -0.014290
1372376.816986 480.100780 484.744334 -0.004175 -0.003135
1637971.852737 403.674881 423.973968 -0.017015 -0.016344
337179.376901 23.692215 245.402012 0.012136 0.003349
1249672.392965 440.329524 432.833513 0.003379 0.010445
310196.676436 44.324647 335.820555 -0.013361 0.003296
1607296.809371 230.239417 585.013065 -0.008236 -0.009706
236307.595035 783.970793 515.211820 0.017036 -0.004964
561161.337682 597.000165 528.840934 0.019449 0.012913
1939371.158341 125.326129 511.950878 -0.004855 0.018363
870700.636353 2.080168 305.595325 -0.013724 0.003550
541779.813609 249.441512 386.783482 0.013261 -0.000887
453110.709066 506.728599 459.662613 -0.011928 0.017065
47266.968548 256.931684 543.200313 0.015294 -0.010190
562186.379247 130.040207 594.584397 -0.013528 -0.013979
1629854.769274 105.315628 185.090321 0.006686 0.000384
534606.907766 82.277686 307.446614 0.011063 -0.009663
203362.833803 38.222840 342.283249 0.009822 0.015212
92345.910190 778.855522 306.469618 0.012421 -0.012993
877177.283576 667.550510 297.687780 -0.006206 0.008680
1484435.888699 500.944220 528.856750 0.009363 0.011483
64404.659935 438.994190 550.713572 -0.006320 -0.011442
856791.879449 487.088387 190.783033 0.017639 -0.004617
1153201.109335 33.937597 259.450859 -0.014230 0.011657
618554.387530 154.296718 456.669583 0.012846 -0.019883
1875266.974734 207.514033 503.025026 -0.002703 0.004178
1111007.126566 140.223447 138.573672 -0.002545 0.016420
34336.430968 375.400128 275.431833 0.017157 0.004313
1349224.196444 292.155475 249.870843 0.019696 -0.007782
1602661.077679 455.164366 209.628209 -0.010649 0.008559
276647.354605 434.448798 544.432603 0.016389 -0.005550
1822198.850020 671.140903 373.253533 0.009942 -0.009121
453696.245539 243.686553 268.604977 -0.001696 0.009696
713133.517985 379.601302 125.375344 0.012603 -0.003602
36437.158490 391.721137 464.284160 -0.002889 -0.000577
159010.190591 189.105944 31.262147 -0.002847 -0.001200
1535456.720523 453.586741 6.984231 0.007007 -0.001250
749811.288319 470.079307 183.233893 0.019853 -0.006530
1154889.427663 178.796289 384.579479 -0.018998 0.007214
762647.938338 304.972458 92.515301 0.003625 -0.012137
1129345.827331 486.732735 410.857504 -0.006532 -0.018317
337378.635228 333.968571 168.846015 -0.011171 0.013864
1499918.929068 791.306022 248.043533 0.010355 0.006638
1760744.261444 108.763197 149.813002 -0.012555 -0.014674
1172923.453698 610.475590 215.669348 -0.010955 0.011545
79642.974809 486.112925 100.998315 -0.012201 -0.012033
730713.756164 606.877998 483.867100 -0.017944 -0.016077
1702955.846536 175.439994 309.540244 -0.014690 -0.002385
724785.897287 705.975140 257.949414 0.011051 0.005766
187236.443249 524.325633 468.667944 -0.006230 0.013669
1828784.213322 744.233701 362.800093 -0.009385 -0.013241
787390.226865 250.406108 459.587218 0.002479 0.000238
1929498.061505 742.996334 161.117137 0.010642 0.019219
730520.102536 499.628805 120.185580 0.015184 0.010610
1281053.293162 194.272017 381.788616 -0.017203 -0.019252
562426.321470 130.223833 404.885591 -0.017504 0.000267
1033437.869061 780.018877 262.829344 -0.015120 -0.010089
1192859.900739 412.571487 336.354356 -0.005499 -0.016833
138898.690296 261.446131 3.569642 -0.006510 -0.015991
1973181.982512 561.038529 434.046062 -0.012565 0.003319
957790.512106 660.754047 496.828655 -0.015323 0.015869
1692076.045876 318.215441 36.200553 0.000830 -0.001625
1136829.509929 29.239249 260.397349 -0.019528 -0.013629
1367539.427880 482.446742 406.262199 -0.010180 0.018673
1509350.044424 252.385064 176.110774 0.010401 0.006115
785056.476847 598.015242 212.845394 -0.015367 0.017395
1873643.585422 476.115581 457.073545 0.010546 0.008431
1315983.134935 488.222219 64.709904 0.008803 -0.014717
1135951.929323 228.672889 100.588100 -0.019853 -0.008259
656102.584980 548.524501 539.246594 -0.019843 0.017279
1727078.126616 606.293589 148.303598 -0.013756 0.000838
1797488.349396 438.935633 161.413505 -0.009884 0.006605
406141.346510 152.059186 156.433144 0.018576 0.018124
1941231.998588 497.139793 337.394154 -0.016815 -0.006385
1386830.762674 518.541011 376.784412 0.014459 0.005999
1843128.023596 152.257618 201.701969 0.012786 -0.012238
538331.757550 546.167453 571.828505 0.000657 0.013535
944807.663069 332.407178 233.365101 0.009361 0.006561
106756.882792 754.934005 514.543350 -0.007552 0.016347
1618777.323337 226.583173 318.152478 -0.005087 -0.005247
1742666.514471 52.446317 6.932143 -0.000035 0.017113
1321460.731012 337.180572 69.689289 0.019889 -0.010391
620834.287545 213.131333 553.826340 -0.009471 0.011295
1523195.320518 587.390356 118.884742 -0.014016 -0.000941
1731081.362688 163.136987 252.013883 0.008914 0.000661
656632.629529 425.699074 480.553719 0.014354 0.016123
325566.043298 583.681816 581.018114 -0.013079 -0.010858
1792559.657149 666.334140 390.317360 -0.019491 0.013222
1778465.217808 259.345668 59.262738 0.012375 0.003535
1763427.173609 457.783108 193.008838 -0.017821 0.010038
1593951.392730 755.907917 556.270883 -0.011307 0.006610
886016.743670 435.796025 119.160360 -0.010397 -0.003813
204796.643092 323.799288 80.807393 -0.017155 0.002980
727276.621725 773.426059 248.403636 -0.019639 0.019106
488690.041233 721.746645 183.024948 -0.006267 0.008564
1781116.410057 179.206836 171.953774 -0.011471 -0.007824
20635.784613 7.575791 149.537339 0.017501 -0.010969
1834876.302553 303.370918 462.683859 -0.015331 0.004949
350019.654422 174.647183 16.730331 -0.007612 -0.008380
1214501.650638 537.714632 155.085853 -0.019201 0.007496
477760.385944 211.513147 353.508882 0.001767 0.004276
605806.972182 347.266067 499.301369 0.003595 0.005793
272576.070518 480.087561 392.512535 -0.004567 0.001522
1759240.741729 243.203122 550.259917 0.005986 -0.003281
1080301.612187 660.461161 382.622059 0.002790 -0.014591
1857771.559552 140.174736 484.326494 -0.012477 -0.012185
988850.145130 339.910742 276.831016 -0.016671 0.018752
134591.829094 309.625608 242.560270 0.015993 0.019024
96963.198901 28.620930 345.822893 0.008306 -0.003141
227820.812831 464.987156 434.756072 -0.018763 -0.010712
290631.014058 457.569106 34.241853 0.011493 -0.014506
385931.693197 569.502252 190.152913 -0.020026 0.015996
1023297.854244 397.108149 195.421553 0.018831 0.003263
589125.026292 31.569197 579.689068 0.007950 0.017451
1882412.602139 596.845241 584.009120 0.000687 -0.002098
790218.714061 504.743305 18.730978 -0.015186 0.006553
526777.357108 212.305195 139.855086 -0.007111 -0.017987
748590.766801 411.831841 457.612202 0.007591 0.000592
1324791.236466 162.219316 5.969037 0.019525 -0.013033
1179151.767483 226.043754 128.343264 0.002196 0.019229
301466.356172 395.986076 434.810085 -0.014982 -0.019510
349183.755158 414.986670 387.370148 -0.011764 0.005623
616335.581344 375.074313 543.773007 0.001723 0.011544
1910511.639859 733.773866 182.932368 0.008697 0.004282
1640005.631205 304.777146 484.998045 0.013285 -0.005342
1964468.728734 335.832962 391.145564 -0.012189 0.018995
1261209.360911 276.223151 282.369076 -0.005748 -0.001168
968463.258337 424.357556 593.859053 -0.014826 0.009423
1257770.379660 350.162804 123.976356 0.001263 0.019268
1991034.577596 391.390539 537.657854 -0.008005 -0.011736
1007596.648767 95.808438 353.437049 -0.006678 0.017899
1912045.142572 235.951447 222.801506 0.004268 -0.000412
692628.538559 190.224777 501.218421 0.008984 0.003658
609848.141023 240.658634 74.922199 -0.008221 -0.002768
1723251.459991 737.642506 520.938392 -0.017352 -0.001710
1696924.347289 50.372710 567.955792 0.009831 -0.005576
309029.791648 199.713757 289.716585 0.009630 0.002329
867302.640745 559.200952 513.499303 0.012177 -0.007822
691843.061099 120.542652 326.124770 -0.012860 0.018631
272265.500516 388.392813 162.204238 -0.009546 0.011206
1400582.436193 98.370053 421.273376 0.003001 -0.012294
320566.674844 333.041027 150.790392 -0.015710 -0.013505
1229627.376064 208.759572 246.155143 -0.016045 -0.019855
1946485.269790 425.010745 421.392073 0.005981 0.007004
15066.369444 140.501910 292.271299 0.002010 -0.005760
911695.870064 549.120067 506.259717 0.009043 0.017875
1245159.992597 340.303007 42.782353 -0.006335 0.020267
519428.529087 388.675618 247.028896 0.000355 0.003863
1147820.552414 102.198007 512.455817 0.019418 -0.011051
1717933.562453 767.105876 453.729191 0.002494 0.011453
183230.377819 455.334431 577.710691 0.003167 -0.015299
640928.558372 27.429647 483.274984 -0.013452 0.010290
1503776.668340 629.001827 111.040515 0.012844 -0.015529
360957.489517 65.390890 358.328769 0.003705 0.003717
380073.533570 131.936674 431.586256 -0.018227 -0.014026
1889061.825298 723.401400 66.014736 0.008013 -0.001342
1796955.322752 633.855114 20.385269 0.014483 -0.005169
306282.549308 147.008272 243.155328 0.018360 -0.006190
332156.324914 567.588121 78.919855 -0.005929 0.001318
485168.456326 426.683282 367.296191 0.013061 -0.014871
413343.113108 24.361262 173.584701 0.017101 -0.017008
883643.182406 697.252931 587.098663 0.002074 0.002808
887249.075289 360.296746 217.502611 -0.000903 -0.007442
1467432.667253 504.287116 297.509837 -0.014408 0.003561
1682910.725327 245.147985 179.521969 0.018971 0.006317
1660796.624450 172.296822 113.486112 -0.002234 -0.017770
629926.086697 520.365855 50.894565 0.004190 0.003111
318150.466456 37.221220 269.340865 -0.013827 0.003915
40123.955365 464.613079 29.045495 -0.004736 -0.017517
724761.667999 94.013281 413.630980 0.014320 -0.009799
558074.092752 559.682202 337.272737 0.003108 0.006876
438651.350531 326.410593 533.279930 -0.004191 0.014565
1885724.248311 578.941432 300.938999 -0.018901 -0.006826
158400.153815 149.287154 226.099126 0.001142 -0.006985
1952982.963972 437.546166 543.664663 -0.018958 0.017277
1927788.328346 311.029579 28.242860 0.006200 -0.010091
607879.136041 746.977820 567.562302 0.014625 0.000464
1236504.919471 67.946004 551.391496 0.000255 -0.000268
1541570.438790 358.786123 131.500266 -0.009120 -0.000968
1098586.873663 282.303258 398.401681 0.017055 0.015185
1973812.054831 723.110638 257.348391 0.015648 0.017419
717421.361579 684.438777 190.610154 -0.003732 0.000395
1128238.588166 568.342073 265.719335 0.000398 0.003055
1906900.824936 103.228954 396.771755 0.014910 0.005395
311031.282093 514.387436 50.661792 -0.004969 0.016677
1119457.958787 738.789054 161.406596 -0.010758 0.013997
295815.608602 167.809356 451.591243 0.003006 -0.015977
1365835.790227 746.675905 574.054331 -0.019993 -0.006436
933742.419320 452.422211 30.050709 0.016415 -0.016961
1254474.420685 690.039844 122.182192 -0.008479 0.009409
1674721.783807 355.623508 227.720720 0.016823 0.012741
589441.845468 384.420823 445.807623 0.002562 0.008110
1186208.380939 568.303001 547.277209 -0.006137 -0.008544
28320.921598 24.571760 131.656928 0.018876 -0.018780
1123059.363627 350.758832 356.768206 0.004374 -0.006050
1339490.994503 192.608597 126.486624 0.014919 0.001160
1892333.765464 567.795541 583.316243 -0.007205 0.005357
1580513.963280 495.699026 66.186509 0.001240 -0.012666
1628540.167412 101.028142 535.774304 0.009076 -0.001115
358744.990248 592.747361 301.795938 -0.004036 0.008491
1065496.480589 768.676457 90.547795 -0.014929 0.002941
996930.964755 638.355412 488.899910 0.008373 0.006815
685065.261407 523.986339 229.001130 -0.007647 0.019146
22284.613001 83.091890 360.072194 -0.014827 0.005120
1564209.169505 749.550597 458.167153 0.006972 0.006548
471659.941818 683.994709 242.420944 0.009525 -0.009790
234378.384535 216.420059 129.547685 -0.009233 -0.004018
1581110.075852 613.264318 117.733434 0.004190 -0.000952
1733102.233956 757.555181 78.172501 -0.010147 -0.009499
222272.466972 206.793140 219.676982 0.008453 -0.004768
7593.072023 394.838139 189.637600 0.010720 -0.013155
1961038.188991 2.049603 13.982158 -0.004569 0.009661
554464.627316 401.915393 7.663406 -0.000263 0.010861
821613.773155 227.346826 322.639037 0.003959 0.015610
24485.756655 378.336427 502.174006 -0.014263 0.008809
196372.594776 203.391393 587.932094 -0.001422 0.018545
718005.964867 375.033739 274.509158 0.007051 -0.010222
1252709.545778 525.426273 142.171582 0.005947 -0.018315
1958473.456073 741.787815 326.332891 0.019624 -0.003223
628831.249023 322.236455 421.378653 0.014052 -0.019644
1185057.482303 690.551818 288.890983 -0.002871 -0.019714
406775.272641 421.138647 157.287911 -0.012891 0.019415
452064.211691 433.114042 275.627406 0.007349 -0.011354
1391094.198167 249.184008 524.821991 0.017229 0.018311
1830316.959801 730.316385 532.162020 -0.001630 0.016131
610994.441719 618.145301 184.003502 -0.019662 0.004984
631021.334152 481.806857 292.105453 0.011839 -0.018578
989235.750860 1.792484 334.055607 0.010256 -0.012654
1098658.789461 784.378548 435.122093 -0.019661 0.006629
1883467.686308 564.535497 586.014252 0.012796 0.005392
1871849.530317 584.805083 330.540904 0.012870 -0.012442
911993.535660 102.239550 577.385901 0.010574 -0.014595
1176139.691461 61.584587 443.438095 -0.016931 0.015020
1537174.407177 456.353901 526.454677 -0.006938 -0.006930
123261.179832 700.897343 185.241280 0.011674 0.014941
1946848.674653 583.226294 354.090493 0.017981 0.001711
457599.283409 708.990787 164.536071 0.011212 0.008296
926562.791190 189.181573 501.641752 -0.000101 0.020086
1942178.605097 12.059672 45.362587 0.008400 -0.016362
1905775.863633 382.715770 397.467224 0.013273 0.012158
1975712.466974 713.595380 407.966324 -0.008316 0.007170
1128937.655654 214.626030 243.693356 -0.013895 -0.011214
1900458.380534 306.192609 62.092992 -0.011063 -0.013424
1623668.112617 549.978134 239.603130 0.005848 -0.015469
798515.523224 494.058734 76.759346 -0.000977 -0.006940
438456.544857 343.704356 482.291981 0.015121 -0.009777
1216805.763178 694.619466 90.687693 -0.008496 -0.013396
1661706.700764 681.437600 259.151411 -0.010495 -0.019710
1303971.794110 150.816947 233.938392 0.010276 -0.003516
1107963.914568 455.313985 58.977070 0.018169 -0.011402
425643.800956 282.624608 499.971903 -0.007364 0.013758
318262.858465 449.116461 154.979722 0.018567 -0.002275
1036196.117772 457.887011 186.594336 0.006834 0.014602
948553.069005 401.470201 427.707156 0.016395 0.009366
1438074.149861 446.978772 555.761939 -0.015621 -0.007579
677338.477540 530.422454 530.663817 -0.002501 0.004693
197747.041563 521.148270 583.489018 0.017221 0.019652
1601492.672973 71.586644 330.616657 -0.017642 -0.017810
1987075.958395 461.521689 375.190782 -0.007825 -0.010055
971748.938305 621.766963 449.377553 -0.012076 0.007404
974474.447302 733.552171 146.153594 -0.003452 -0.018914
1121549.802423 602.056404 413.162129 -0.002208 -0.012396
613932.794246 434.655328 504.546713 -0.008856 -0.001011
1665525.531241 62.904822 338.648876 -0.004484 -0.014536
1238773.710671 302.415219 429.515450 -0.010181 0.007294
1925637.924078 585.353562 276.642086 0.008455 0.017205
290519.337305 158.635172 508.056411 -0.004367 0.004493
1745488.432117 760.825836 218.957354 0.002446 -0.004205
1111265.337612 695.152188 563.174851 -0.004265 -0.013872
829182.160473 184.281224 135.864946 0.019233 0.004580
728391.627189 478.815503 596.304166 -0.016880 0.013659
1349985.243450 33.311980 346.028607 -0.014508 0.010166
1010733.056353 223.885224 571.582164 -0.005914 0.006794
1129411.861826 180.353071 373.184610 0.017219 0.011488
33999.050983 389.214582 394.167902 0.020752 0.015511
1606354.705806 296.166242 66.680749 -0.018778 -0.005950
1451822.744427 315.159799 570.274724 0.008764 -0.001007
1590584.168020 314.841880 309.313698 -0.005147 0.001140
538209.161040 700.894078 484.879874 -0.011160 -0.010864
958317.440449 628.138960 272.195666 -0.015992 0.008650
479655.517489 94.527975 120.181272 0.015859 -0.017015
167238.956395 558.635181 267.425630 -0.012165 0.009131
1592486.357127 737.255994 73.264091 0.009848 0.005636
1189583.299304 433.018149 20.895858 -0.015533 0.016581
1124831.962923 303.262840 474.203079 -0.005193 0.004006
37146.621401 680.308998 232.698774 -0.001136 0.018055
205026.889315 568.859877 41.067093 -0.007894 0.004314
284161.461650 310.213256 183.809520 0.003494 0.003351
68690.410847 306.172455 301.687900 -0.013746 -0.014786
287411.349028 600.165683 403.937605 -0.012907 0.014464
1171263.018237 591.658301 143.633357 -0.004981 -0.015509
1682127.158941 314.974313 577.525730 -0.010874 0.014517
1824708.168313 264.929778 346.653732 0.019212 0.005358
369206.509725 98.055674 13.388232 -0.000372 0.008412
1208981.916871 419.420778 56.199674 -0.015651 0.007266
446720.970071 202.252724 259.088826 0.015803 -0.002836
586212.983628 385.047869 102.129822 0.001336 0.014304
560717.814863 299.268946 150.893904 -0.010351 0.004145
234257.601311 123.731287 558.887098 0.007806 -0.014625
1133248.557864 703.443621 154.207393 0.003533 -0.005179
1934248.125150 153.572879 536.630985 -0.017567 -0.007940
1152133.833222 226.126703 331.382066 -0.019689 -0.012987
1965200.129880 240.379402 396.850550 -0.013840 0.013365
1034901.121182 346.204966 125.885273 0.010878 0.006881
1623246.405098 709.028700 497.163779 0.009745 0.003207
1926329.093951 248.118648 276.311018 -0.011182 0.015960
1658576.383096 150.487244 54.757218 0.008982 -0.010066
786221.519479 240.947521 318.653751 0.017788 -0.007696
1421758.733421 742.908390 365.025810 -0.004820 -0.017347
888519.625593 711.317935 308.019590 0.005928 0.006160
374128.679919 371.389853 325.503175 -0.019384 -0.011595
247207.860577 783.028438 311.529230 0.003284 -0.012049
838233.393076 329.887212 231.492578 0.000717 -0.014338
1269501.125100 722.765407 262.739372 -0.011438 0.030928
1490342.234955 701.555193 467.201058 -0.005839 -0.010058
1720173.599068 638.962495 82.406443 -0.005139 -0.001858
1589947.016719 447.812331 550.795281 -0.006491 0.003102
254199.274003 369.735569 331.758842 0.005911 -0.018215
1506623.924480 52.412658 274.468983 -0.014406 0.003087
1187558.641279 619.125622 289.606531 -0.018792 0.017646
663885.182079 619.983353 490.476511 -0.015549 -0.014783
134186.233456 776.622021 557.408136 -0.011864 -0.006224
763995.101100 799.303905 542.438545 -0.008048 -0.006505
960104.740672 340.748793 479.112425 -0.018590 -0.016984
1689167.128731 629.702364 84.852538 -0.007887 0.017126
1435140.350571 715.991968 422.194947 -0.012035 0.017046
1287450.956780 425.422760 421.180107 0.009331 -0.014803
1664884.491668 423.854217 368.579549 0.010626 0.009320
1916152.068375 115.687129 439.937911 0.014371 -0.002290
142374.806172 274.709487 522.123136 0.014831 -0.004936
1889104.925044 571.678589 97.843612 -0.016697 -0.019291
184043.514628 642.385902 546.910689 0.011781 -0.019921
1678137.485719 350.666120 320.110125 0.001601 0.016073
349432.717240 299.253026 257.237893 0.011505 -0.014622
327130.583267 597.812346 167.717429 0.015866 0.004361
1445781.852792 774.660641 571.554159 0.003716 0.013535
657045.848974 430.374609 332.864864 -0.000288 0.004922
1143416.638087 467.915099 254.911875 -0.000621 -0.004814
853229.746620 259.663153 491.212520 0.018361 0.014550
1436276.935710 106.436939 143.587339 -0.014027 0.016981
747046.145027 249.387030 400.683170 0.006109 -0.011849
555282.349025 300.077809 106.668319 -0.010821 0.018769
31011.744417 446.382918 303.505418 0.002806 -0.017979
259713.421697 113.414295 381.604711 0.002211 0.005065
30230.289339 785.861800 570.645108 0.013290 0.017699
1629124.594680 440.035335 44.997162 -0.017900 0.007951
1993199.337271 341.268695 5.457292 0.006602 -0.016792
437214.899080 754.102750 272.259093 -0.004240 -0.013120
847463.854052 329.198036 438.777089 0.017217 0.019223
1561464.248021 48.383792 73.522681 -0.003324 0.004600
1496915.452879 345.534350 358.018655 0.008024 -0.009432
1076064.875850 410.501659 489.275036 0.004504 0.002595
1028186.607653 487.309413 594.757000 0.000930 -0.009084
141764.248787 594.389697 129.691438 0.000994 -0.014457
778578.041484 758.794299 329.822427 -0.015278 0.015192
1058486.954802 720.252698 564.132366 0.005846 -0.007127
1112790.978101 319.377724 448.100282 -0.013856 -0.016077
24501.685065 553.944271 366.377693 0.013087 -0.007841
353571.678676 272.761284 548.599803 -0.013268 0.014608
375264.103699 191.479890 365.765393 -0.003806 0.010616
1493884.026769 634.910070 429.280809 -0.008208 0.016522
1188817.119779 659.944716 487.971499 0.001402 -0.000912
259519.063057 73.826288 525.338804 0.015146 -0.010167
1949033.547169 712.087101 562.560567 0.003474 0.008710
482529.103981 609.408517 36.156552 -0.013825 0.017265
1850091.109914 273.846914 102.802149 0.001400 0.009863
1871495.037280 224.950075 324.755189 0.006201 0.002876
908785.677938 195.225715 241.267477 -0.009273 0.011222
1755362.652128 318.413978 522.316015 0.010157 -0.008999
232765.271437 582.030299 98.772070 -0.018115 -0.007227
1765166.354256 236.445161 45.873981 0.017676 -0.001995
15434.920795 692.852680 474.739742 -0.012882 -0.004005
1077013.659792 90.622566 409.350513 -0.016803 0.010606
516053.778360 427.425261 5.731168 0.006389 0.012124
1576709.125925 429.909516 119.180409 0.006431 -0.008342
948767.654108 620.926087 12.206183 0.005596 0.013207
667159.362075 417.521441 74.296585 -0.003589 -0.001436
1146380.339352 334.093374 198.444340 -0.005351 0.003862
1462269.868451 722.416243 427.028950 -0.003589 0.019249
949273.004639 536.529205 309.755864 -0.000657 -0.006838
636841.273232 217.406959 520.983145 0.000691 0.017240
316267.470045 793.078274 424.467451 -0.012938 0.005309
1072709.865436 409.191348 92.839852 0.006415 0.016880
1234697.917120 187.505160 203.695672 0.017928 0.003943
1871003.135047 543.407927 300.154192 0.005844 -0.016343
968257.898916 95.628760 457.566738 -0.019800 0.004248
184803.100389 256.162777 525.930772 0.018292 0.013469
1613704.762242 94.160211 497.005176 0.000561 -0.008175
920804.219749 40.427928 484.191491 0.004854 0.008303
1455508.939668 184.368707 565.905708 -0.017310 -0.012833
1084419.887087 1.244065 515.120661 -0.018219 0.005932
1899527.167855 422.506902 461.408900 0.008452 0.001115
745706.753221 643.182637 509.124330 -0.010133 0.010543
1369434.811813 44.297949 529.133952 0.000574 0.002791
353913.564400 779.997934 371.891020 0.019281 0.003539
660308.989072 568.536116 492.061697 -0.009055 0.011118
1997036.600484 653.708397 468.941210 0.014265 0.014408
857968.969670 644.639776 232.642858 -0.012093 0.000743
1832483.595159 457.071826 194.299563 0.011664 0.011698
174050.590104 359.790456 525.518872 0.018768 0.018479
887791.815627 115.837375 561.244900 -0.017432 -0.014858
1048845.100705 314.649441 504.385648 -0.006251 0.006687
1236598.032171 273.667843 290.053503 -0.004027 -0.012092
688449.854352 662.677487 2.442104 0.009250 -0.018939
1047717.716101 519.088659 357.802854 0.013915 -0.003481
831685.772553 746.761525 517.259049 -0.008456 0.016123
1646809.537731 587.902957 29.459044 0.010385 0.011941
354697.854423 226.609109 115.081900 -0.019277 0.005150
1718570.137265 508.414213 581.424549 -0.006286 -0.018645
338487.908402 549.671331 517.431060 -0.012998 -0.003249
1776805.868268 558.741222 40.764963 -0.000619 0.001847
960078.654327 720.389370 287.009106 -0.006797 -0.012534
763596.911339 131.447524 556.066781 -0.002750 0.017019
1446903.674606 486.637514 125.317113 0.017472 0.005366
1673049.761761 619.851533 155.865430 0.012216 -0.015279
591079.477496 780.301068 482.712178 -0.013708 -0.013985
450261.526019 36.901392 509.528222 -0.008245 0.001255
788880.985598 618.997698 258.779882 0.014936 -0.015424
1247242.441982 204.425780 167.392092 0.002020 0.007425
405506.701397 218.015472 175.268611 -0.003532 -0.012366
1835863.754077 197.709062 576.353881 -0.012856 -0.017847
159031.381905 380.052897 18.630068 0.015404 0.005324
362722.217274 87.332680 407.229301 -0.018541 -0.003747
420997.232395 340.179481 105.308569 0.005858 -0.007745
580167.091722 213.285196 332.908758 0.002806 0.012593
479025.265425 617.109075 52.531447 0.001287 -0.012675
552036.800679 359.895016 258.433090 -0.010470 0.005070
969986.005207 253.895113 61.571742 0.000809 -0.011949
1471710.388303 557.497166 187.830391 -0.003394 0.009217
1430984.936390 500.898666 91.101514 0.015645 -0.009260
902052.609670 144.496267 321.189264 -0.019780 0.010002
700700.571156 195.526124 313.358629 -0.002450 0.011060
1408199.004553 571.230375 137.178218 -0.014609 0.018116
1713095.736556 496.322640 161.364121 0.018420 -0.014613
944491.339356 557.127684 498.683905 0.011373 -0.015567
1119457.834922 400.479516 441.415811 0.008483 -0.004369
8319.607940 130.638626 343.462526 0.001563 -0.013273
647061.014849 711.879437 247.383860 0.013812 -0.006822
379545.065751 439.180012 25.912536 -0.003341 0.007316
1990576.603445 218.596996 181.418027 -0.009384 -0.010679
876473.971119 589.597562 557.754404 -0.009188 0.000888
80381.552726 664.577472 13.453525 0.011021 0.001700
828036.629980 625.064085 423.050618 0.019521 -0.007181
1747623.103553 248.361595 124.410665 -0.008533 -0.013741
1072386.123739 381.213702 423.684724 0.003227 0.015735
777386.485961 459.648859 100.904781 0.007635 0.013594
801906.589792 103.736810 345.951396 -0.006811 -0.003942
197987.358178 295.923491 137.790990 -0.015160 -0.014142
1545926.498969 428.229282 556.359557 -0.000469 0.001256
492654.834172 281.820165 500.352210 -0.000923 0.005023
1978982.283724 792.958679 69.285166 0.007749 0.002826
17631.095842 66.080324 86.762988 -0.012955 0.010995
1966499.848276 461.742605 543.666277 0.003613 0.014944
611006.784537 527.337292 167.364603 0.001460 0.011205
850069.038966 247.020303 189.898834 -0.005922 0.011500
1676786.882652 479.122955 83.249435 0.006893 -0.017860
1557780.060711 529.797283 26.147303 0.015763 -0.005720
1227310.625476 722.840142 262.795077 0.008237 -0.034422
428616.731627 591.992686 393.325816 -0.015228 -0.007965
1127178.874392 340.448938 576.729244 0.013657 0.018408
1480731.590409 212.722035 162.227791 -0.017760 0.004801
115335.758829 715.090336 130.659215 -0.012099 0.002661
541498.807511 780.912220 137.329421 -0.007445 0.014834
1167776.423119 741.922788 464.511546 -0.019058 0.007390
1705487.274428 189.986754 255.758814 0.000312 -0.005711
1455042.508177 58.238262 469.691585 0.007528 0.016569
1485351.840726 341.489252 108.568622 -0.019549 -0.000661
1600046.444498 55.535352 226.672507 -0.019274 -0.009267
1889695.885540 230.154084 146.895192 -0.013082 0.004147
230475.999522 605.922089 319.323301 0.015498 0.011174
434670.210087 593.566264 9.937800 0.005755 -0.009940
748135.628527 296.649754 193.026615 -0.013640 -0.017665
474188.291689 718.617993 292.774095 -0.003323 0.016210
1941577.332067 174.242461 588.510438 -0.006009 -0.010686
499196.726130 235.232011 314.391807 -0.000261 -0.001297
254300.674542 487.763625 134.031054 0.006369 -0.000111
6325.354803 699.966387 144.014045 -0.019182 0.000833
980919.682878 316.084957 534.938113 0.012555 0.001957
1900851.625903 40.265307 269.152254 -0.002597 -0.001273
719689.197242 326.194125 412.412512 -0.006339 0.010296
1844748.197982 472.723324 30.119298 -0.002183 -0.016558
1036199.990211 459.272109 416.286705 0.009636 -0.010766
385683.919483 595.613536 65.310128 -0.002699 0.010629
1256102.471266 738.643173 96.113426 0.000502 0.010291
1419511.694191 375.370267 472.920746 -0.013620 0.016242
511292.832210 415.338011 189.733923 0.017687 0.014407
145034.134456 691.129784 270.114712 -0.015049 -0.007553
1071721.370831 513.112364 530.645845 -0.010811 -0.004676
233847.819378 338.145247 77.428697 -0.011036 0.014195
1786277.592083 681.756791 467.386034 -0.017909 -0.005085
1031918.257955 609.613873 506.179727 -0.007876 0.016820
1499349.890975 446.257620 263.474378 -0.017320 0.000081
597617.807145 110.358158 219.022803 0.010017 -0.009533
1353622.215499 228.398449 541.956433 0.002470 0.000629
573296.933702 542.630560 564.064630 -0.003398 0.016135
1590131.532210 246.418998 453.746899 0.003014 -0.005546
258416.177825 73.044529 73.597086 0.018867 -0.004274
87595.200207 577.072528 571.731182 -0.000688 0.011451
906233.425674 625.899484 554.293025 0.012745 0.001240
370032.188655 395.820518 489.245728 -0.016454 -0.017745
664767.085884 299.534514 441.837421 -0.009131 0.011572
1278253.811075 53.002194 58.720942 -0.004117 0.005621
916040.443311 420.096710 438.712364 0.003217 -0.000166
249204.321880 499.126343 130.181119 -0.016947 -0.015717
8661.484350 424.559459 533.401461 0.017158 -0.006052
841302.204338 90.040788 506.058472 -0.010470 -0.011987
1802783.200425 455.939396 346.275309 0.005476 0.013643
731632.451868 220.845271 544.782924 -0.001402 0.006843
1096714.972098 736.700350 118.100689 -0.008797 -0.000104
1386984.768969 323.995285 76.207597 0.016471 -0.000736
469499.863903 732.074067 6.978515 -0.015005 0.013812
718651.906922 435.368966 574.662513 -0.011850 0.011222
316653.122342 84.363872 211.413050 0.010129 0.008949
385530.231700 79.624809 10.959036 -0.015987 0.002576
1379939.433830 519.531256 291.679600 0.015409 0.017179
1974529.288697 463.608410 199.389823 -0.015527 -0.000411
1626419.535664 279.789915 244.563664 0.012983 -0.001062
503204.831157 146.112780 10.649130 -0.011612 -0.004501
1600260.999799 292.983337 294.407270 -0.013934 -0.015949
467442.890847 275.290523 120.995475 -0.009913 -0.002201
1530910.291491 753.019631 56.646310 -0.010010 0.013182
43405.273949 189.915475 245.090738 -0.005786 -0.005884
1801413.789299 133.490639 421.457268 -0.007699 0.019682
348673.859774 447.490300 105.072491 -0.012280 0.010755
1122384.702378 793.289527 80.742387 -0.017925 -0.014250
474000.488629 229.239424 293.458026 -0.002430 0.001562
1867761.544822 162.643335 288.086912 -0.018853 -0.001847
617712.498930 39.636673 415.270460 0.008760 -0.003838
88793.583256 495.159196 342.930733 0.009898 0.016914
1123119.018564 736.246167 291.461585 0.009363 -0.015513
510837.786138 237.538641 62.602402 -0.004328 -0.005983
498234.962345 502.751216 381.356714 0.009533 -0.017335
350510.791107 537.845556 162.940088 0.006256 0.007951
1451432.125387 771.368671 449.392288 -0.003399 0.007360
303273.376219 370.354478 179.866694 0.008882 -0.011665
454803.713809 227.225724 75.907579 0.008605 -0.019199
480071.545802 775.459639 189.788645 -0.006255 -0.005556
1333575.176696 474.799410 592.856956 -0.007775 -0.006722
110627.538576 382.766075 1.804889 -0.007006 -0.014506
1406769.050940 41.568441 59.181889 -0.001868 -0.001180
1561676.394922 482.128394 559.301835 -0.016765 -0.007000
281255.947557 246.670879 364.710760 -0.009246 -0.019070
1257382.930842 407.506294 596.178043 0.017783 0.014118
706537.016996 489.478948 268.968969 -0.006342 0.016655
1558318.719993 318.167205 237.087259 0.011349 0.008938
1057752.200895 389.439179 466.030529 0.005111 0.017491
491364.625511 326.221889 325.139485 -0.012860 -0.000413
1734950.389590 255.125188 479.330502 -0.000922 0.003492
1643357.573842 84.759683 56.793961 0.012567 -0.017962
1898263.090243 133.927269 397.734622 -0.004152 0.000407
1157183.811607 141.125686 544.688723 0.018944 0.018331
1260090.642264 401.452418 266.480560 -0.003784 -0.014829
767107.214205 521.697698 323.355063 0.016975 0.013174
55740.578126 634.894710 88.745607 0.013012 -0.009322
1471867.368311 519.087722 224.865382 0.012819 -0.001699
851158.514084 624.082349 377.575520 -0.016455 -0.012924
279214.015361 532.889375 211.830254 -0.018199 0.005635
622537.959657 541.396522 84.625061 0.010268 -0.016709
543551.074594 112.483519 439.128998 0.012896 -0.017320
1125283.938425 670.485052 515.304602 0.008415 0.006516
255944.995329 357.695177 187.075834 0.000112 -0.008827
1549879.616848 742.595204 35.131326 -0.003809 -0.019291
474171.187949 435.917246 410.498211 0.003560 0.003657
648167.413030 720.764235 160.526940 -0.001357 0.006312
697835.028496 589.747151 478.513759 -0.016729 0.001912
1725670.433475 516.048253 231.088138 0.008604 -0.005271
99429.388577 679.139783 481.504791 -0.005525 -0.005956
163663.104253 109.260360 168.320066 -0.006711 0.000352
594763.153510 303.805763 52.884937 0.019280 0.018815
1355525.087265 245.032003 522.177795 0.017937 0.010951
1053977.892294 234.752726 305.603490 -0.007012 -0.004926
115031.983757 149.680116 12.898207 -0.002332 0.016306
752375.869431 393.679660 455.170511 -0.012755 0.014190
219437.964363 208.565306 594.982189 -0.004391 -0.003951
1068114.026016 550.277486 469.117999 0.004827 0.006914
1499866.051366 239.143979 584.150832 0.004721 -0.010294
1491842.997955 116.787163 322.373393 -0.009706 -0.001118
1826279.228472 251.193714 395.263973 0.017292 0.010252
1133058.067007 247.488480 149.320402 -0.007045 -0.000434
207507.431604 346.465208 450.374880 -0.016175 0.012955
304737.184339 504.476499 306.628107 0.017354 -0.010022
361247.467977 546.399841 329.276391 -0.013812 -0.007890
1585793.637478 720.385693 269.241409 -0.006753 -0.013854
1841064.114050 194.851180 281.196946 0.003195 -0.012828
451362.950938 116.070971 291.941033 -0.000994 -0.001229
1950936.490647 463.004242 542.248924 0.007734 0.008293
1454702.783122 701.641708 182.728868 -0.010461 0.012501
1108684.254395 335.114902 297.153472 -0.015858 0.002983
1596490.624173 716.783665 284.825741 -0.012803 -0.009955
1263706.185512 134.110550 282.541635 -0.015925 0.009881
1294332.516982 261.058945 535.809403 -0.014672 0.012041
723046.520130 87.046668 228.531484 -0.009389 0.013354
107937.715067 793.449531 426.811188 -0.005755 -0.010862
1046872.077066 728.825048 389.736152 -0.019389 -0.019536
450965.188654 653.714164 546.642072 0.008009 -0.017430
278162.196408 266.390988 139.752576 0.004373 -0.002625
1960316.196066 205.790000 456.554948 0.014896 -0.004398
1125740.257616 187.824623 299.748054 0.017724 -0.000071
668170.334151 796.716073 294.203445 -0.018195 -0.005843
1443825.863043 455.477256 160.046274 -0.005093 0.003557
564375.188464 478.121950 242.571369 -0.012222 -0.008028
938961.728913 267.144408 379.891888 0.008066 0.017687
132214.712972 546.728494 119.678527 0.013362 0.002231
1179224.623916 311.490631 473.114006 -0.016495 -0.006653
575213.267736 339.075027 197.872386 0.010984 -0.001189
1368718.602401 400.936488 24.041294 0.018036 0.014954
1254302.726711 185.681087 282.673221 -0.018635 -0.002903
1541011.519516 401.010549 456.123039 -0.003924 -0.011876
1407684.757098 375.509751 531.735745 0.016159 -0.008184
883750.411162 393.781369 411.791955 -0.010556 0.003303
38293.802197 414.520068 2.818797 -0.006035 -0.008080
949396.727117 26.723845 479.020285 0.000613 0.019450
1340193.529306 112.142879 129.841998 -0.014284 -0.013052
1289556.392138 729.382440 404.307511 -0.003831 -0.007436
1756783.113702 88.132398 468.970419 0.010467 -0.019751
157687.638028 166.069521 303.231399 0.010647 -0.002497
175039.783202 626.608235 573.216110 -0.016260 -0.014659
506304.289450 453.241899 99.206880 -0.017941 -0.016707
301433.914481 576.023776 133.866064 -0.005380 0.014557
790027.673724 9.527741 464.050102 -0.017184 -0.003250
176035.711624 758.806355 317.266731 0.014793 0.008525
1081972.172988 759.106775 552.335744 -0.018273 0.008704
715741.816310 106.946801 298.857833 -0.007401 -0.010926
1263880.632475 454.387093 476.766963 0.011930 0.004696
1751026.801649 758.652550 202.432083 -0.016180 -0.007299
399196.095951 394.896233 198.053948 0.019104 0.002354
1496994.359185 48.640127 306.565925 -0.008896 0.017279
445396.929255 653.565486 529.808103 -0.014303 0.014539
1193553.106484 399.777913 599.481573 -0.016114 0.012534
450224.472419 581.260780 229.329447 -0.019250 0.001036
1999453.321099 715.722590 285.859368 -0.004130 0.019034
1584501.028799 429.150882 291.143983 -0.015106 0.000399
94458.571679 696.631422 342.443499 0.002264 -0.014109
1007827.074736 623.574155 579.719047 -0.004563 0.016849
1658558.308919 786.706170 253.062013 0.013085 -0.016913
475365.567242 42.324548 482.838346 0.004292 -0.016908
663714.367274 496.141882 580.941009 0.012217 0.018163
1919117.403179 479.284204 296.981308 -0.002164 0.008820
9624.167350 393.724698 354.506504 0.003062 -0.018037
1478876.057770 64.660097 497.164960 0.007729 -0.001375
1502145.321808 426.487869 269.221962 -0.013019 -0.005534
1054818.871922 329.064894 247.645222 -0.006669 -0.018737
972186.690649 532.044094 390.586302 -0.001900 -0.001128
1216433.286302 329.475990 43.381577 -0.015863 0.014310
1585452.240699 85.731416 209.947598 -0.004633 0.007097
796849.675848 98.936332 459.129124 -0.011126 0.013064
461377.134761 782.850103 216.932065 0.007137 -0.013902
1447663.852688 165.152668 338.379120 -0.014470 0.001607
1190708.408687 498.737151 122.682313 -0.010136 -0.017073
1355477.244293 684.105178 294.552699 0.010002 0.018254
694211.989964 433.759047 39.460532 0.007913 0.017111
1497031.391364 75.984341 30.204028 0.000516 -0.007094
1759090.904966 594.405203 180.042153 -0.010330 -0.003080
904928.793621 771.911412 377.640504 -0.019374 -0.015858
341892.055395 489.138439 437.175891 -0.004955 0.014361
1609370.418642 43.111755 428.116914 -0.008170 0.012130
1339833.364515 513.561781 206.843971 0.009433 -0.006391
543533.833951 386.144847 260.579966 -0.007102 0.019775
1510075.678821 160.983988 443.558825 -0.017782 -0.002230
325429.097901 406.701219 246.068648 0.011711 0.000973
1027532.088117 770.886988 81.207015 -0.010401 -0.006335
1987715.010526 37.221192 236.746966 0.008292 -0.006362
396776.620483 301.255207 588.535044 0.001755 -0.015607
639902.701899 652.677220 355.839571 0.010155 -0.014506
1179865.857204 406.079054 204.135431 -0.006872 0.002540
1568458.621189 393.153553 42.277541 -0.012224 -0.008574
1190290.628555 566.810822 150.364637 0.009232 0.017977
1180185.991889 580.611374 597.229293 0.019383 -0.002810
672088.553511 146.494440 485.062151 -0.007408 0.009062
1837656.663655 510.375747 325.254608 0.000515 -0.004376
1360614.323691 81.466895 539.168436 -0.019214 -0.002759
924125.776125 643.725779 555.343918 0.001306 0.019925
418950.309241 102.531476 424.729084 -0.001808 0.014235
1312754.557148 39.412622 349.611998 0.006053 -0.018694
30587.249450 790.918348 130.215811 0.012884 -0.007750
1889215.610870 593.533414 565.957112 -0.000549 -0.009841
669560.509114 133.408533 214.070182 -0.010652 -0.012485
1579576.984783 556.862972 594.909421 0.008597 -0.010927
1982244.182370 739.110545 214.009839 0.007924 -0.004710
432350.935616 284.017041 257.980851 0.011971 -0.019775
930735.730068 652.633920 596.835719 0.007302 0.005510
600671.720971 501.607565 227.660950 -0.010159 -0.015433
1270601.892504 464.036444 169.603830 0.019700 0.012525
938976.299455 626.112971 304.953984 -0.001551 -0.000152
1474031.937064 361.630386 251.561808 -0.016257 -0.013943
1605130.416157 247.721488 302.552720 -0.010670 -0.015575
1023340.410098 559.402373 555.252863 0.000253 -0.004736
1128556.229700 645.808344 5.082528 0.017728 -0.017937
248420.950141 463.887483 377.910460 -0.004095 0.002574
884577.235619 701.151125 213.158918 0.017996 -0.006627
1704879.713107 549.686941 474.533401 -0.009088 0.011161
1882055.445519 60.088090 54.759832 -0.002191 -0.007594
404206.608610 765.801074 4.941957 -0.014903 -0.001416
780987.060993 553.534438 162.456483 -0.004077 0.005523
642018.800900 420.246732 130.864586 0.018038 0.017209
1579863.075903 313.792815 483.314897 -0.014238 -0.006307
286431.929230 799.170009 18.281602 0.017334 -0.009107
1625355.291937 700.156246 207.283899 0.016183 -0.007105
1310099.705732 85.517787 166.800734 0.006598 -0.010574
1485499.756171 42.310176 555.844349 -0.019439 -0.001828
1126826.147142 267.773789 586.719036 0.011207 -0.008651
1817754.082297 456.577951 407.022615 0.008593 0.008659
42605.713030 685.715472 428.875381 -0.017485 0.011481
1969490.396776 691.780457 399.895535 -0.006750 0.010788
1972945.507603 788.218992 525.898198 -0.009425 0.005962
221002.463354 5.601457 421.028192 -0.018481 -0.019154
314139.836614 479.763877 212.942434 -0.014575 -0.004778
1280098.799281 35.222055 571.071782 -0.007242 0.010309
1334025.561499 271.115604 370.184979 -0.004789 -0.004316
817314.073824 291.921901 154.278739 -0.016981 0.007877
52254.755074 49.367970 409.050326 0.016117 -0.006919
662711.798522 9.420291 199.683541 -0.018599 -0.017992
710212.109941 153.492275 389.838523 0.008414 -0.006921
61999.699130 281.091201 223.087014 0.019318 0.006770
261157.692532 519.681561 3.649273 0.009907 -0.018754
797766.605764 125.456463 237.093738 0.006232 -0.010779
184709.901076 545.733866 175.223688 0.010997 0.003295
1235796.007903 85.481196 357.344817 0.018120 -0.014404
1292608.929469 245.293118 198.256656 -0.008132 -0.019333
1317389.029692 261.239405 220.338577 -0.018779 -0.007599
71927.786838 127.759369 575.875969 -0.018264 0.016282
1977614.946653 353.572573 38.334003 -0.004673 -0.016039
591803.305127 381.782006 467.170979 0.003533 -0.009938
726241.200569 165.239109 213.976650 0.018401 -0.013691
995710.504705 485.315427 279.395441 0.013139 0.016103
963862.695249 391.198421 138.019965 0.013997 0.000720
1079147.418532 708.512805 408.077046 0.000039 0.017221
1174876.041326 389.903255 223.301710 0.006101 0.014863
937689.950195 758.244623 209.343918 -0.010101 0.001368
1200871.358253 489.750310 445.104066 0.018296 0.002821
1798372.363578 364.455534 105.793763 -0.005465 -0.008553
158766.744732 676.239937 464.554542 -0.007535 0.007875
584123.108808 679.918407 348.354609 0.018810 -0.006105
1019930.488905 447.390044 500.092676 0.015237 -0.011570
1412068.961846 279.253221 95.679671 -0.017828 0.003982
1390465.348675 524.122342 125.804637 -0.002535 0.004566
1560588.704217 269.597547 41.797860 0.018294 0.008036
709118.110458 28.661148 327.050409 -0.014824 -0.006310
481739.437432 336.799378 116.757563 0.012811 -0.004330
1084185.081108 265.270734 569.433147 -0.004953 -0.011507
321427.933090 65.619083 337.177139 -0.007552 -0.014331
322096.383349 11.906127 475.437373 -0.005134 -0.001932
811598.476400 120.526417 472.217923 -0.000990 -0.015693
975828.599639 662.823663 87.437897 -0.018663 0.018337
980873.326296 219.734146 226.209269 0.007427 -0.016140
1538962.265262 182.293420 256.972411 0.008845 0.004172
1281944.833362 703.543837 411.219743 -0.011744 -0.012073
1646853.441208 292.156723 129.434990 0.004646 0.009429
1334224.681991 17.329617 531.644163 -0.001752 -0.000143
1987979.200663 753.907974 196.466515 -0.014448 0.019147
567825.405192 503.397596 150.197835 0.006613 -0.007361
693992.653253 345.653156 324.426838 0.011161 -0.014019
290886.182473 333.318612 18.704796 0.013265 0.004836
461579.700216 523.953163 590.533941 -0.002182 -0.009209
1440439.939238 90.564438 175.764849 0.004284 0.002718
1578856.275221 479.608796 307.175413 -0.015374 0.009489
975708.803616 319.980557 219.898062 0.009550 -0.017504
1363849.989774 68.095937 296.396683 -0.011052 0.014436
1287670.666020 295.506533 165.507336 0.006993 -0.011983
1793086.186886 724.999101 513.181321 0.015254 -0.005939
253419.465503 481.160003 278.128714 -0.003039 -0.011640
65064.939701 167.187132 484.637042 0.001755 -0.007021
1093948.624606 26.036029 434.817326 0.016635 0.010811
1570950.974510 476.904996 514.162911 -0.008944 0.012881
1433502.711092 738.662830 113.677099 0.019658 0.003956
779698.448619 711.546487 301.933050 -0.010233 0.010911
1707668.152502 297.514831 224.244986 -0.007301 0.011712
1161722.038482 280.384456 1.017625 -0.004391 0.015816
650195.260835 748.099567 556.321536 -0.017970 0.014024
1393276.303724 667.714543 267.739675 0.002116 -0.015476
534900.189626 215.495709 20.827918 -0.001723 -0.009450
1264731.390059 676.602388 91.027730 -0.014610 -0.016294
1848317.172308 790.616447 278.273676 -0.008155 -0.007742
512088.236637 701.978908 394.159031 -0.009755 -0.009266
1104225.446984 465.378629 122.057367 -0.000855 0.005249
107543.810321 140.002941 279.589224 -0.000007 0.009153
1156781.673039 614.987648 597.851897 0.004532 -0.011040
520065.349769 196.747888 42.794033 -0.003460 -0.004745
327390.441823 269.814872 222.005722 0.005086 0.005379
1353004.063178 706.975179 306.666441 -0.006511 -0.014411
1558240.596931 709.725417 433.272197 0.019294 -0.005472
706633.334377 29.292005 323.789854 0.012782 0.001652
534505.464385 317.272830 182.518982 -0.009449 -0.019535
1061346.780072 419.729795 154.870074 0.004184 0.017603
1275778.349152 612.010035 164.413997 -0.019712 -0.004273
1816858.008419 547.100180 166.061371 -0.003173 -0.019292
837596.447597 159.123615 542.046728 -0.014411 -0.012805
537634.699856 396.184678 130.374105 0.012322 -0.007441
1509630.032587 59.626049 425.821921 -0.025874 -0.019854
1442342.147903 473.588107 518.190493 0.019181 -0.012356
1603574.954720 492.101414 575.808223 -0.016932 0.004957
706735.606634 787.835485 184.381523 0.005211 -0.003781
651319.147391 39.754825 362.304687 -0.010775 -0.012382
1573016.600485 398.194295 411.367412 -0.019934 -0.007668
1998835.487291 607.635888 230.156332 0.008376 0.012765
1445522.677826 344.896479 246.133242 0.003478 -0.003645
1207599.107738 311.329883 14.962926 0.002535 -0.001325
1297106.122271 733.949440 269.874540 0.018137 0.001905
1709409.523620 225.351741 358.937405 -0.001615 0.000452
1579454.636005 196.674464 5.871077 -0.000955 -0.009964
635151.660366 380.549088 5.076872 0.008025 -0.012571
1657542.871152 338.028743 368.799989 -0.010405 -0.019604
50074.195513 673.700193 239.455099 -0.017990 -0.003732
1728956.987955 558.593523 193.867552 -0.007463 0.006090
1741304.677791 135.024630 562.110154 -0.001265 0.005059
896425.988943 206.795117 524.852712 -0.001636 0.009344
248631.410417 620.403547 125.792109 -0.014689 -0.000944
789536.960791 769.124693 539.286649 -0.019604 -0.011931
1819863.026878 28.330277 26.135791 -0.007617 -0.016544
901731.744829 139.449485 470.673665 0.010949 -0.000466
878442.611954 515.169481 393.414080 -0.004976 -0.015501
569936.175165 658.596573 222.632001 -0.013653 -0.008685
212161.644461 226.423632 35.184801 -0.007361 -0.003248
1070836.321949 568.347047 228.021190 -0.002625 0.008850
1162154.364009 276.180379 454.528792 0.005043 0.006162
1685995.778854 61.516103 497.371124 0.005539 0.014012
631794.399876 54.135224 296.547893 0.018927 -0.002277
