120102.793966 630.647912 121.834717 -0.006059 -0.005536
269277.329682 300.753783 155.610187 -0.018229 0.015181
1260731.205931 301.730830 191.833763 0.013113 -0.002995
973263.179405 632.565728 573.155439 0.008549 -0.005919
1683880.506867 289.884998 229.797659 -0.016860 -0.013038
1760997.696668 174.942873 581.216438 0.011707 -0.019859
354965.669268 682.159932 475.079553 -0.004778 -0.011952
306862.422408 412.147895 346.345400 -0.003490 0.002379
913598.742761 34.507305 562.007425 0.011063 0.014839
723511.401901 210.519354 397.024457 -0.007319 0.019076
27418.055584 127.168273 203.565873 -0.004131 -0.010501
1026719.971107 221.782053 273.649209 -0.000716 -0.017204
919235.655535 527.648232 553.533494 -0.009942 -0.018395
247720.705461 323.905787 333.203576 0.008044 0.012704
229642.751734 126.297737 516.464988 -0.017942 0.017372
1463437.116455 330.577662 118.561477 -0.004264 0.009209
349002.480669 325.679843 533.545894 0.000567 0.012137
253345.397419 21.729748 48.634814 0.003311 0.000370
301882.374241 33.904693 101.284696 -0.017058 -0.008246
417897.793659 157.925634 419.247346 0.010570 0.015940
1032678.423930 703.262903 33.852207 -0.004917 0.017223
1981626.739717 87.025853 206.271772 -0.012467 0.000098
148080.320166 290.340735 545.590436 0.018530 0.015067
1426235.401736 71.959801 542.320644 0.011768 0.006909
826207.458426 756.096681 429.053371 0.003276 -0.019254
17939.873048 632.710219 129.626511 0.008306 0.002206
229060.592236 179.204811 260.540066 -0.013159 0.004040
729567.630556 129.394654 425.936814 0.008345 -0.005997
424191.899795 626.070922 427.828923 -0.015145 0.009832
1179453.697605 667.601794 501.487976 -0.000259 0.005147
1017047.714916 725.335707 344.275791 -0.011054 -0.000456
1184883.571782 186.109239 167.712993 0.012338 0.017614
1669257.284919 738.399211 98.579095 -0.009248 -0.016254
1530870.404807 506.909501 153.389900 -0.000988 -0.006313
1211583.405366 549.941520 74.904962 -0.007247 0.012354
1741377.547263 726.847911 385.990371 0.008260 -0.003912
544004.606336 172.028631 185.286238 0.013833 -0.002453
1594854.852927 350.571184 402.759191 -0.016923 -0.010132
1223177.906695 729.248083 101.824626 0.011035 -0.012792
527324.168257 433.083525 488.400437 0.000773 -0.019333
312490.830343 100.082497 422.476463 -0.008780 -0.002251
1025907.483430 121.386414 211.507274 -0.013748 0.014330
1509229.653286 342.604794 43.946387 -0.017470 -0.009044
1023852.793045 688.671475 427.408708 -0.012672 0.017511
1918069.081343 635.823017 509.593765 -0.014848 0.002828
59433.087734 313.958344 67.261377 0.013749 0.016470
257531.464220 800.014417 22.110782 0.013315 -0.008758
961609.428265 276.696018 259.689309 0.013333 0.000085
582120.371322 470.317550 558.253022 -0.005427 0.006052
408974.288222 701.016978 307.295097 0.016675 -0.017623
899929.745542 700.660095 512.532509 -0.008029 -0.019817
849952.291162 263.200894 238.203979 0.001483 -0.013090
617567.269419 532.643480 103.651113 -0.006174 -0.000051
907629.657959 661.182458 506.744225 0.015466 0.006388
693382.430213 142.142200 148.592258 -0.008916 0.001680
1797970.130014 385.266888 250.950928 -0.003552 -0.004065
955435.349120 688.905741 164.520858 -0.006721 -0.013583
557659.864685 605.569618 293.644580 0.007034 -0.008240
1324351.926951 787.731092 575.879820 0.013396 -0.006789
917046.023028 230.985275 94.036827 -0.007876 -0.012983
1632997.046985 519.800959 211.857314 -0.017436 0.017076
1790149.784549 770.498890 245.073914 -0.007465 -0.005026
1613713.184192 632.822452 141.254537 -0.016758 -0.015079
791753.703166 287.948323 527.966835 0.015412 -0.018570
347958.385175 437.964213 12.246530 -0.014649 -0.004701
701432.257286 473.852112 402.705904 0.000299 0.015816
1693039.169392 259.160154 327.100086 -0.012017 -0.004475
944105.254926 75.743456 210.746131 0.015224 -0.003680
1451122.988691 549.921065 119.438359 0.018440 0.010739
644142.737912 285.499331 77.011808 -0.011917 -0.010312
328294.663843 300.809985 473.800686 -0.012604 0.000394
344141.964030 428.242121 61.261340 0.013728 -0.018290
1995072.262359 551.791714 220.049094 0.001708 0.015573
1509670.835691 11.793369 590.404631 -0.015756 0.015811
783939.521193 665.322048 349.607985 0.003638 0.011707
702233.533702 730.466907 89.714144 -0.000821 -0.015389
783487.379916 514.894830 294.714623 -0.012742 0.013126
1976.599918 282.767416 218.078394 -0.015874 -0.012131
812477.567611 80.541310 531.868457 0.010919 0.005737
1551513.418346 422.246406 394.888014 0.010389 0.005355
1106838.468046 121.346995 279.326969 -0.014556 0.009709
516376.429478 389.750925 393.502680 -0.003693 0.018669
1541877.001311 639.576846 366.213601 -0.009516 0.019236
877046.727052 210.488131 200.620155 0.012081 -0.005351
1062152.807164 166.595490 280.149377 -0.003299 0.019250
220503.739184 154.627930 305.420649 0.010737 0.018120
285758.867062 257.451058 62.823278 0.004334 -0.001693
1694852.848395 693.275567 567.036985 0.000132 -0.009032
1823523.613542 219.334994 44.293425 0.000884 0.001452
109429.840049 768.478871 479.631087 -0.004437 0.010504
331166.874772 736.140678 582.511137 0.005299 -0.006494
1904142.131984 594.169923 318.571145 -0.001558 0.000444
967910.745632 483.164589 499.733420 0.003546 -0.011506
581591.096978 348.860393 47.390527 -0.010568 0.017571
706572.319710 118.105527 128.099847 -0.002918 0.006791
1499518.371885 385.458798 378.210247 0.001965 0.014837
785875.055374 571.760186 474.641682 -0.005448 -0.006113
257524.722376 252.705430 53.943719 0.006390 0.011081
1201976.699383 114.932049 228.547369 -0.002643 0.009293
1186503.038363 579.763515 101.074825 0.006886 0.018422
215485.423904 20.382886 64.920801 -0.007150 -0.001897
1555844.913030 56.786906 560.654585 -0.003671 0.004804
1610655.802121 640.950282 200.877592 0.003856 -0.013400
1363983.919548 580.149330 288.508874 0.010875 -0.004605
515601.680854 298.298761 317.145996 0.005548 0.012270
521772.659627 185.554480 318.893909 -0.002827 0.016165
984056.433190 429.646382 557.799256 0.003991 0.014309
764465.851134 302.516165 557.575443 -0.007334 0.011456
1098768.237559 97.598237 352.559602 0.015335 0.008739
1505133.839094 452.945809 266.126412 -0.010665 -0.006478
1656881.889169 392.973183 426.547359 -0.005718 -0.014804
1035409.796534 494.284202 217.099846 -0.018033 -0.018112
532033.862794 432.940179 350.529377 -0.012174 -0.014343
885049.308131 462.304799 311.766573 -0.005128 0.015781
611963.250959 736.961472 9.921327 0.015741 0.012215
1469794.933437 516.890556 222.966586 -0.012851 0.015197
1419313.830053 5.512128 222.461656 -0.003175 -0.005444
1001399.715897 750.658035 589.084007 0.014502 0.019497
57920.523946 102.872367 317.187265 0.004529 -0.007030
1340168.589419 44.568034 541.273300 -0.012413 -0.002899
1593328.125585 396.531859 209.216547 0.012527 -0.004432
308175.125303 438.460377 21.216036 0.001024 0.009063
1829796.170737 188.251722 440.060494 -0.008573 0.006237
194622.977727 629.083050 356.542299 -0.016836 0.005958
1163384.351490 86.415659 466.527313 -0.015581 0.008859
203536.384834 624.325673 466.204615 -0.019844 0.018804
408990.508136 640.450328 279.453796 0.002135 0.004552
1709918.606891 565.846021 97.074185 0.015615 -0.010680
1776676.395804 644.165792 280.950720 0.004868 -0.016366
248411.979642 575.267552 526.366971 0.008738 0.011926
1052401.075630 240.090380 543.712990 -0.007850 -0.003580
1254879.329007 324.393705 114.541988 -0.003821 -0.003623
322021.593490 487.131416 125.956638 0.005030 -0.013545
1647379.426121 385.396261 521.628449 0.019420 -0.005119
204691.412954 699.073900 106.332068 0.002824 -0.000176
536197.156895 555.850962 128.798691 -0.014186 -0.003469
25648.950611 537.262892 428.055395 0.016758 0.019010
247729.502734 437.158982 228.489491 -0.007409 0.018035
1580350.309415 380.605918 335.848919 -0.019995 -0.015898
1443766.372951 659.058641 350.571254 0.003652 0.012373
1912564.341869 554.878841 409.883335 -0.014660 -0.009430
357511.299829 321.276126 575.450651 -0.004267 0.001877
744693.135258 324.982163 131.098350 -0.016570 -0.006990
387589.365424 167.684257 523.039057 0.002983 0.000974
1645202.005117 291.795968 0.090901 -0.004705 -0.005404
205411.871060 83.418382 113.227761 0.007479 0.007822
1996032.971887 514.608355 233.505696 0.007258 0.011048
1306804.762830 687.948155 107.001222 0.004499 -0.009866
1450619.077985 787.883961 395.744548 0.017752 -0.017177
1969754.747101 110.107857 168.109985 0.014218 0.008508
1609086.544071 543.380439 46.145791 0.012188 -0.017536
883645.576836 725.934646 99.514208 0.005232 0.003771
1722771.757153 502.818659 142.568838 -0.009978 -0.007610
28763.775727 723.140926 101.784409 -0.012281 0.000652
845989.907554 734.417426 300.770366 -0.016697 0.014473
1143645.596292 53.999137 599.707244 0.014080 0.016962
1423342.375748 525.239744 361.974994 0.011543 -0.001551
1329764.171191 184.364360 221.205882 0.013230 0.014439
1926056.274178 553.680726 293.717130 -0.011974 0.017707
1598411.507718 172.052531 507.957364 0.018754 -0.003689
726058.746095 313.488623 195.491089 0.014571 -0.001022
375371.614646 348.872867 325.142860 -0.012516 -0.008480
932014.105344 719.050137 566.787807 -0.017225 0.007485
811741.037672 587.359412 550.735570 0.010981 0.002598
1557690.799962 590.027809 154.239981 -0.009266 0.017528
399385.155365 54.016478 91.925536 -0.018148 -0.018545
1122038.441301 327.477138 256.928729 0.015474 -0.009057
1805346.826001 59.617907 425.820826 -0.002100 -0.009481
1995636.369100 728.501026 96.338756 0.017698 0.019202
1695958.700821 278.668770 428.434871 0.010635 -0.015086
558004.577904 435.771604 516.247295 0.001442 0.012522
1597187.265566 588.603204 528.372344 0.018074 0.011281
1833981.536251 410.278653 114.804311 -0.006191 -0.004012
929917.220459 198.301918 284.542007 -0.013018 0.007696
1471826.909795 138.014847 361.837297 0.015858 -0.015402
1165988.196230 595.527740 277.960913 -0.008118 0.000412
1172216.120722 460.863957 32.982848 -0.002142 -0.015514
1736107.381869 196.083437 508.694617 0.009946 -0.012124
1259741.624473 532.529542 425.848938 0.012849 -0.019566
218963.730251 228.945801 155.255407 0.003349 -0.001567
1902503.935575 255.696437 379.998071 0.002174 -0.011357
1496596.111682 109.856772 576.285298 -0.011538 -0.002624
941537.357374 638.139990 6.288988 0.001032 -0.010232
245239.558744 315.079760 293.540005 0.018819 -0.014301
1372376.816986 480.265555 484.868314 -0.004161 -0.003138
1637971.852737 404.345215 424.621941 -0.016894 -0.016432
337179.376901 23.213567 245.269923 0.012079 0.003334
1249672.392965 440.195301 432.420071 0.003412 0.010471
310196.676436 44.853113 335.690683 -0.013376 0.003275
1607296.809371 230.565882 585.395726 -0.008282 -0.009654
236307.595035 783.297023 515.408702 0.017051 -0.004996
561161.337682 596.229718 528.330312 0.019530 0.012920
1939371.158341 125.518179 511.225138 -0.004861 0.018354
870700.636353 2.623371 305.455100 -0.013758 0.003545
541779.813609 248.918174 386.819341 0.013216 -0.000929
453110.709066 507.199794 458.987769 -0.011911 0.017077
47266.968548 256.326862 543.602014 0.015306 -0.010135
562186.379247 130.575142 595.136210 -0.013535 -0.013939
1629854.769274 105.051485 185.075007 0.006678 0.000391
534606.907766 81.840487 307.828703 0.011056 -0.009667
203362.833803 37.833962 341.683895 0.009854 0.015109
92345.910190 778.364035 306.983269 0.012444 -0.012993
877177.283576 667.796022 297.344321 -0.006215 0.008696
1484435.888699 500.574056 528.402611 0.009365 0.011493
64404.659935 439.245038 551.164262 -0.006372 -0.011362
856791.879449 486.390709 190.965714 0.017658 -0.004626
1153201.109335 34.498719 258.991411 -0.014160 0.011583
618554.387530 153.789061 457.455270 0.012838 -0.019867
1875266.974734 207.620284 502.860110 -0.002673 0.004166
1111007.126566 140.324218 137.925297 -0.002554 0.016383
34336.430968 374.704046 275.180793 0.017661 0.011501
1349224.196444 291.376485 250.178327 0.019715 -0.007774
1602661.077679 455.585963 209.288660 -0.010681 0.008620
276647.354605 433.808737 544.650359 0.016038 -0.005474
1822198.850020 670.747373 373.614372 0.009967 -0.009135
453696.245539 243.754286 268.222873 -0.001731 0.009636
713133.517985 379.103007 125.517961 0.012607 -0.003613
36437.158490 391.829856 464.309441 -0.002601 -0.000690
159010.190591 189.218887 31.309970 -0.002867 -0.001220
1535456.720523 453.309497 7.034678 0.007019 -0.001302
749811.288319 469.293509 183.492760 0.019903 -0.006568
1154889.427663 179.547763 384.293666 -0.019021 0.007245
762647.938338 304.829229 92.995384 0.003621 -0.012151
1129345.827331 486.989461 411.580124 -0.006461 -0.018244
337378.635228 334.410063 168.298147 -0.011165 0.013854
1499918.929068 790.894463 247.782579 0.010465 0.006566
1760744.261444 109.259412 150.392191 -0.012552 -0.014633
1172923.453698 610.908037 215.213348 -0.010923 0.011525
79642.974809 486.595350 101.474299 -0.012206 -0.012048
730713.756164 607.587392 484.502688 -0.017946 -0.016079
1702955.846536 176.021329 309.634109 -0.014721 -0.002364
724785.897287 705.538995 257.721905 0.011015 0.005744
187236.443249 524.571871 468.127430 -0.006228 0.013677
1828784.213322 744.598688 363.332475 -0.009086 -0.013680
787390.226865 250.307450 459.576454 0.002513 0.000307
1929498.061505 742.571178 160.357997 0.010883 0.019184
730520.102536 499.026694 119.774132 0.015253 0.010237
1281053.293162 194.951973 382.549388 -0.017198 -0.019238
562426.321470 130.916563 404.874052 -0.017543 0.000317
1033437.869061 780.616363 263.227368 -0.015108 -0.010047
1192859.900739 412.788969 337.020041 -0.005504 -0.016846
138898.690296 261.703928 4.202405 -0.006532 -0.016022
1973181.982512 561.535003 433.914645 -0.012553 0.003330
957790.512106 661.360134 496.201286 -0.015339 0.015871
1692076.045876 318.182573 36.264987 0.000833 -0.001635
1136829.509929 30.014835 260.935757 -0.019709 -0.013607
1367539.427880 482.849229 405.524708 -0.010180 0.018639
1509350.044424 251.972590 175.870005 0.010467 0.006066
785056.476847 598.622802 212.158027 -0.015371 0.017380
1873643.585422 475.698575 456.739986 0.010552 0.008444
1315983.134935 487.875499 65.292789 0.008739 -0.014772
1135951.929323 229.458327 100.914244 -0.019883 -0.008241
656102.584980 549.308958 538.563370 -0.019844 0.017286
1727078.126616 606.836968 148.270989 -0.013735 0.000812
1797488.349396 439.326804 161.152577 -0.009907 0.006596
406141.346510 151.324932 155.716819 0.018572 0.018117
1941231.998588 497.804643 337.646305 -0.016821 -0.006372
1386830.762674 517.969307 376.546988 0.014465 0.006013
1843128.023596 151.752562 202.186130 0.012766 -0.012257
538331.757550 546.141591 571.292716 0.000651 0.013572
944807.663069 332.032378 233.103308 0.009629 0.006689
106756.882792 755.231271 513.897376 -0.007487 0.016334
1618777.323337 226.784833 318.364204 -0.005114 -0.005474
1742666.514471 52.447877 6.256130 -0.000044 0.017088
1321460.731012 336.393931 70.100535 0.019909 -0.010415
620834.287545 213.506254 553.379208 -0.009497 0.011326
1523195.320518 587.944061 118.922365 -0.013997 -0.000962
1731081.362688 162.785246 251.987890 0.008881 0.000654
656632.629529 425.131572 479.916006 0.014357 0.016141
325566.043298 584.198731 581.446880 -0.013073 -0.010834
1792559.657149 667.104364 389.793844 -0.019475 0.013264
1778465.217808 258.854792 59.124699 0.012458 0.003447
1763427.173609 458.467017 192.638197 -0.016826 0.008943
1593951.392730 756.355201 556.007847 -0.011321 0.006696
886016.743670 436.204826 119.311452 -0.010289 -0.003831
204796.643092 324.477343 80.686270 -0.017141 0.003147
727276.621725 774.199334 247.645752 -0.019475 0.019233
488690.041233 721.994717 182.686470 -0.006284 0.008561
1781116.410057 179.661555 172.263010 -0.011534 -0.007820
20635.784613 6.884352 149.971154 0.017480 -0.010978
1834876.302553 303.977315 462.488908 -0.015348 0.004914
350019.654422 174.948270 17.061834 -0.007621 -0.008392
1214501.650638 538.473705 154.790295 -0.019202 0.007457
477760.385944 211.443935 353.339625 0.001735 0.004287
605806.972182 347.123831 499.071842 0.003601 0.005819
272576.070518 480.267771 392.452927 -0.004550 0.001494
1759240.741729 242.965876 550.388086 0.006016 -0.003202
1080301.612187 660.351725 383.199117 0.002745 -0.014603
1857771.559552 140.668905 484.807870 -0.012524 -0.012168
988850.145130 340.569707 276.089506 -0.016667 0.018763
134591.829094 308.993950 241.807714 0.015964 0.019049
96963.198901 28.296673 345.947004 0.008108 -0.003136
227820.812831 465.728657 435.179214 -0.018751 -0.010696
290631.014058 457.117450 34.813138 0.011364 -0.014403
385931.693197 570.292631 189.520681 -0.019962 0.015990
1023297.854244 396.362967 195.294748 0.018869 0.003153
589125.026292 31.255835 578.997762 0.007903 0.017523
1882412.602139 596.817620 584.091257 0.000711 -0.002058
790218.714061 505.343578 18.472604 -0.015183 0.006518
526777.357108 212.586905 140.566578 -0.007142 -0.018009
748590.766801 411.531494 457.588324 0.007605 0.000616
1324791.236466 161.447647 6.484731 0.019515 -0.013058
1179151.767483 225.957216 127.583683 0.002182 0.019200
301466.356172 396.579286 435.580286 -0.015030 -0.019460
349183.755158 415.452131 387.148473 -0.011785 0.005591
616335.581344 375.006668 543.315434 0.001700 0.011606
1910511.639859 733.429704 182.763214 0.008716 0.004276
1640005.631205 304.252971 485.207870 0.013235 -0.005275
1964468.728734 336.315160 390.394611 -0.012206 0.018998
1261209.360911 276.450128 282.416047 -0.005736 -0.001207
968463.258337 424.943557 593.485782 -0.014821 0.009462
1257770.379660 350.110614 123.215910 0.001373 0.019206
1991034.577596 391.706808 538.121067 -0.007996 -0.011699
1007596.648767 96.085440 352.726926 -0.007463 0.018034
1912045.142572 235.782770 222.817904 0.004266 -0.000417
692628.538559 189.813532 501.082692 0.012518 0.003680
609848.141023 240.983943 75.031694 -0.008238 -0.002772
1723251.459991 738.327882 521.005932 -0.017323 -0.001707
1696924.347289 49.984411 568.174698 0.009815 -0.005499
309029.791648 199.331794 289.621942 0.009693 0.002462
867302.640745 558.719126 513.808072 0.012200 -0.007800
691843.061099 121.049192 325.386284 -0.012761 0.018731
272265.500516 388.770307 161.761342 -0.009552 0.011201
1400582.436193 98.256341 421.761924 0.002752 -0.012407
320566.674844 333.662078 151.324206 -0.015710 -0.013502
1229627.376064 209.394922 246.939671 -0.016098 -0.019836
1946485.269790 424.945631 421.496452 0.012876 -0.007286
15066.369444 140.422793 292.498559 0.001993 -0.005738
911695.870064 548.763056 505.552898 0.009018 0.017885
1245159.992597 340.568304 41.991435 -0.006968 0.019785
519428.529087 388.659173 246.878865 0.000475 0.003727
1147820.552414 101.430346 512.892275 0.019420 -0.011030
1717933.562453 767.007956 453.274848 0.002460 0.011532
183230.377819 455.209272 578.314498 0.003165 -0.015249
640928.558372 27.961977 482.865677 -0.013479 0.010413
1503776.668340 628.493525 111.654887 0.012873 -0.015554
360957.489517 65.244960 358.181394 0.003678 0.003739
380073.533570 132.656798 432.139124 -0.018206 -0.013948
1889061.825298 723.084915 66.068664 0.007999 -0.001386
1796955.322752 633.282345 20.589659 0.014494 -0.005172
306282.549308 146.283313 243.399565 0.018317 -0.006167
332156.324914 567.822171 78.868786 -0.005913 0.001266
485168.456326 426.157563 367.887282 0.013565 -0.015013
413343.113108 23.685679 174.257323 0.017078 -0.017021
883643.182406 697.170883 586.986709 0.002077 0.002856
887249.075289 360.332049 217.797703 -0.000883 -0.007487
1467432.667253 504.857003 297.369106 -0.014424 0.003560
1682910.725327 244.399081 179.272442 0.018918 0.006307
1660796.624450 172.385588 114.189133 -0.002256 -0.017798
629926.086697 520.199715 50.772055 0.004216 0.003088
318150.466456 37.780093 269.184945 -0.014483 0.003967
40123.955365 464.799152 29.740379 -0.004679 -0.017638
724761.667999 93.447107 414.017532 0.014320 -0.009754
558074.092752 559.559249 337.000568 0.003112 0.006893
438651.350531 326.564588 532.714411 -0.003627 0.014082
1885724.248311 579.688622 301.208293 -0.018901 -0.006798
158400.153815 149.242559 226.376347 0.001114 -0.007041
1952982.963972 438.295449 542.982446 -0.018956 0.017240
1927788.328346 310.785297 28.642741 0.006159 -0.010140
607879.136041 746.399630 567.544601 0.014624 0.000432
1236504.919471 67.936153 551.401100 0.000244 -0.000218
1541570.438790 359.146004 131.538051 -0.009088 -0.000944
1098586.873663 281.628880 397.801234 0.017064 0.015194
1973812.054831 722.491445 256.664797 0.015673 0.017174
717421.361579 684.586482 190.594696 -0.003741 0.000387
1128238.588166 568.326285 265.598860 0.000401 0.003040
1906900.824936 102.639756 396.558870 0.014898 0.005375
311031.282093 514.584627 50.003178 -0.005009 0.016643
1119457.958787 739.220202 160.852896 -0.011080 0.014024
295815.608602 167.690136 452.222169 0.003025 -0.015943
1365835.790227 747.465972 574.307402 -0.019978 -0.006369
933742.419320 451.773978 30.722188 0.016382 -0.017010
1254474.420685 690.374925 121.810087 -0.008474 0.009417
1674721.783807 354.958380 227.217130 0.016827 0.012737
589441.845468 384.320518 445.486764 0.002513 0.008124
1186208.380939 568.545397 547.615026 -0.006127 -0.008546
28320.921598 23.825980 132.399459 0.018855 -0.018787
1123059.363627 350.583258 357.008143 0.004507 -0.006089
1339490.994503 192.018997 126.441423 0.014910 0.001127
1892333.765464 568.076406 583.107115 -0.007011 0.005234
1580513.963280 495.648668 66.687992 0.001307 -0.012705
1628540.167412 100.669304 535.817971 0.009079 -0.001094
358744.990248 592.906180 301.460101 -0.003998 0.008499
1065496.480589 769.265858 90.430901 -0.014890 0.002974
996930.964755 638.024517 488.630595 0.008368 0.006811
685065.261407 524.284342 228.243009 -0.007431 0.019207
22284.613001 83.682842 359.864003 -0.015097 0.005476
1564209.169505 749.274350 457.908388 0.007004 0.006543
471659.941818 683.618068 242.808481 0.009530 -0.009816
234378.384535 216.786026 129.707140 -0.009282 -0.004048
1581110.075852 613.098536 117.771561 0.004197 -0.000977
1733102.233956 757.955849 78.548551 -0.010124 -0.009526
222272.466972 206.459305 219.865792 0.008436 -0.004785
7593.072023 394.415137 190.159860 0.010680 -0.013271
1961038.188991 2.230645 13.600619 -0.004591 0.009642
554464.627316 401.925794 7.234990 -0.000263 0.010814
821613.773155 227.183695 322.023569 0.004276 0.015555
24485.756655 378.900464 501.825516 -0.014273 0.008822
196372.594776 203.447472 587.197783 -0.001415 0.018607
718005.964867 374.755845 274.916658 0.007027 -0.010544
1252709.545778 525.190930 142.895936 0.005960 -0.018332
1958473.456073 741.011523 326.460119 0.019650 -0.003214
628831.249023 321.681122 422.154971 0.014044 -0.019633
1185057.482303 690.664853 289.670831 -0.002845 -0.019739
406775.272641 421.644993 156.515195 -0.012724 0.019663
452064.211691 432.823124 276.075629 0.007369 -0.011322
1391094.198167 248.500641 524.096715 0.017346 0.018382
1830316.959801 730.380809 531.523576 -0.001629 0.016169
610994.441719 618.922060 183.806338 -0.019636 0.004991
631021.334152 481.337217 292.843345 0.011930 -0.018771
989235.750860 1.387790 334.555774 0.010219 -0.012651
1098658.789461 785.155002 434.860049 -0.019622 0.006629
1883467.686308 564.033405 585.797830 0.012612 0.005547
1871849.530317 584.296297 331.032229 0.012871 -0.012416
911993.535660 101.823159 577.961888 0.010495 -0.014546
1176139.691461 62.254333 442.843810 -0.016952 0.015046
1537174.407177 456.628444 526.729025 -0.006951 -0.006950
123261.179832 700.439720 184.641236 0.011463 0.015390
1946848.674653 582.515308 354.022449 0.017989 0.001732
457599.283409 708.547384 164.208095 0.011221 0.008297
926562.791190 189.228923 500.842218 -0.002813 0.020012
1942178.605097 11.728277 46.009495 0.008366 -0.016367
1905775.863633 382.191884 396.986618 0.013232 0.012157
1975712.466974 713.921415 407.683253 -0.008181 0.007152
1128937.655654 215.173877 244.137368 -0.013822 -0.011250
1900458.380534 306.629585 62.624076 -0.011045 -0.013445
1623668.112617 549.746704 240.214281 0.005861 -0.015450
798515.523224 494.097050 77.033502 -0.000962 -0.006930
438456.544857 343.104508 482.675742 0.015231 -0.009621
1216805.763178 694.955131 91.217899 -0.008486 -0.013428
1661706.700764 681.852362 259.930907 -0.010489 -0.019726
1303971.794110 150.411121 234.077542 0.010256 -0.003524
1107963.914568 454.595612 59.427974 0.018175 -0.011410
425643.800956 282.893607 499.439837 -0.006370 0.013197
318262.858465 448.382936 155.071079 0.018545 -0.002346
1036196.117772 457.617333 186.021126 0.006807 0.014400
948553.069005 400.823729 427.333095 0.016304 0.009547
1438074.149861 447.596568 556.057357 -0.015633 -0.007370
677338.477540 530.521115 530.478139 -0.002491 0.004701
197747.041563 520.466970 582.711784 0.017249 0.019671
1601492.672973 72.283861 331.321318 -0.017632 -0.017840
1987075.958395 461.831601 375.589141 -0.007857 -0.010100
971748.938305 622.244365 449.084662 -0.012077 0.007414
974474.447302 733.688382 146.901942 -0.003440 -0.018947
1121549.802423 602.143606 413.651914 -0.002204 -0.012384
613932.794246 435.005776 504.586461 -0.008875 -0.001000
1665525.531241 63.084325 339.222358 -0.004597 -0.014479
1238773.710671 302.817756 429.227310 -0.010184 0.007284
1925637.924078 585.019402 275.962554 0.008451 0.017174
290519.337305 158.808327 507.878642 -0.004394 0.004501
1745488.432117 760.728336 219.122867 0.002486 -0.004169
1111265.337612 695.318387 563.727793 -0.004139 -0.014103
829182.160473 183.521545 135.683981 0.019200 0.004575
728391.627189 479.481640 595.761611 -0.016819 0.013787
1349985.243450 33.887367 345.627070 -0.014601 0.010147
1010733.056353 224.119262 571.313261 -0.005927 0.006811
1129411.861826 179.672794 372.730808 0.017197 0.011471
33999.050983 388.461688 393.562071 0.018283 0.015287
1606354.705806 296.909520 66.916050 -0.018826 -0.005954
1451822.744427 314.813512 570.315825 0.008753 -0.001075
1590584.168020 315.045363 309.268478 -0.005147 0.001148
538209.161040 701.335038 485.309256 -0.011149 -0.010860
958317.440449 628.771038 271.853978 -0.015986 0.008637
479655.517489 93.901614 120.854449 0.015830 -0.017042
167238.956395 559.116630 267.064714 -0.012193 0.009129
1592486.357127 736.866247 73.042076 0.009870 0.005597
1189583.299304 433.633282 20.241241 -0.015589 0.016537
1124831.962923 303.467390 474.044336 -0.005150 0.004024
37146.621401 680.353881 231.985486 -0.001134 0.018033
205026.889315 569.170908 40.897048 -0.007843 0.004289
284161.461650 310.075283 183.677833 0.003487 0.003311
68690.410847 306.716052 302.272532 -0.013757 -0.014792
287411.349028 600.675859 403.366230 -0.012904 0.014444
1171263.018237 591.855050 144.247322 -0.004972 -0.015554
1682127.158941 315.404559 576.949598 -0.010893 0.014633
1824708.168313 264.170139 346.441773 0.019220 0.005366
369206.509725 98.070353 13.056097 -0.000371 0.008391
1208981.916871 420.039806 55.912823 -0.015667 0.007246
446720.970071 201.627601 259.200678 0.015824 -0.002823
586212.983628 384.994947 101.564860 0.001342 0.014278
560717.814863 299.677614 150.731058 -0.010324 0.004093
234257.601311 123.423238 559.464930 0.007781 -0.014609
1133248.557864 703.303909 154.412647 0.003535 -0.005205
1934248.125150 154.267734 536.945121 -0.017587 -0.007953
1152133.833222 226.904846 331.892327 -0.019678 -0.012833
1965200.129880 240.928126 396.321743 -0.013923 0.013388
1034901.121182 345.777605 125.611615 0.010750 0.006963
1623246.405098 708.643111 497.036904 0.009763 0.003212
1926329.093951 248.560624 275.680024 -0.011179 0.015963
1658576.383096 150.132432 55.155445 0.008969 -0.010081
786221.519479 240.243135 318.957428 0.017850 -0.007667
1421758.733421 743.105314 365.700138 -0.005136 -0.016785
888519.625593 711.079671 307.773290 0.006137 0.006297
374128.679919 372.156104 325.962174 -0.019382 -0.011627
247207.860577 782.897891 312.005267 0.003321 -0.012035
838233.393076 329.863468 232.063116 0.000453 -0.014532
1269501.125100 723.322658 262.107341 -0.013364 0.014042
1490342.234955 701.785507 467.598612 -0.005813 -0.010055
1720173.599068 639.164508 82.480658 -0.005081 -0.001896
1589947.016719 448.068463 550.674273 -0.006470 0.003024
254199.274003 369.502402 332.478696 0.005886 -0.018204
1506623.924480 52.981957 274.346832 -0.014396 0.003092
1187558.641279 619.868192 288.908893 -0.018776 0.017649
663885.182079 620.598016 491.060865 -0.015548 -0.014781
134186.233456 777.090127 557.654172 -0.011819 -0.006224
763995.101100 799.621305 542.695364 -0.008010 -0.006488
960104.740672 341.484453 479.784736 -0.018630 -0.017037
1689167.128731 630.014903 84.175902 -0.007926 0.017106
1435140.350571 716.467783 421.521055 -0.012038 0.017048
1287450.956780 424.793974 421.188896 -0.001047 0.006800
1664884.491668 423.436876 368.210343 0.010480 0.009353
1916152.068375 115.116549 440.027664 0.014499 -0.002254
142374.806172 274.123135 522.318061 0.014834 -0.004926
1889104.925044 572.336673 98.606528 -0.016609 -0.019309
184043.514628 641.920160 547.698557 0.011781 -0.019942
1678137.485719 350.601981 319.475834 0.001641 0.016019
349432.717240 298.797617 257.815223 0.011534 -0.014587
327130.583267 597.184895 167.545018 0.015878 0.004362
1445781.852792 774.513342 571.018625 0.003737 0.013559
657045.848974 430.385908 332.670476 -0.000284 0.004912
1143416.638087 467.939571 255.102336 -0.000617 -0.004822
853229.746620 258.937293 490.636617 0.018362 0.014586
1436276.935710 106.992630 142.917983 -0.014084 0.016888
747046.145027 249.145580 401.147975 0.006110 -0.011670
555282.349025 300.505710 105.926466 -0.010827 0.018763
31011.744417 446.272141 304.215996 0.002798 -0.017971
259713.421697 113.327064 381.404797 0.002202 0.005050
30230.289339 785.336070 569.946896 0.013312 0.017629
1629124.594680 440.742764 44.682805 -0.017891 0.007952
1993199.337271 341.007593 6.122015 0.006608 -0.016838
437214.899080 754.269506 272.777634 -0.004197 -0.013114
847463.854052 328.517129 438.017164 0.017231 0.019223
1561464.248021 48.515584 73.340317 -0.003344 0.004627
1496915.452879 345.218906 358.391422 0.007936 -0.009427
1076064.875850 410.323692 489.171867 0.004500 0.002624
1028186.607653 487.271853 595.115045 0.000972 -0.009030
141764.248787 594.349870 130.263351 0.001021 -0.014477
778578.041484 759.397308 329.221652 -0.015230 0.015202
1058486.954802 720.017636 564.417633 0.006052 -0.007335
1112790.978101 319.925382 448.735682 -0.013851 -0.016070
24501.685065 553.426639 366.687450 0.013101 -0.007830
353571.678676 273.285502 548.021755 -0.013254 0.014637
375264.103699 191.630417 365.345990 -0.003809 0.010603
1493884.026769 635.233926 428.627442 -0.008176 0.016533
1188817.119779 659.889233 488.008210 0.001405 -0.000946
259519.063057 73.228271 525.741156 0.015108 -0.010189
1949033.547169 711.950685 562.216466 0.003428 0.008699
482529.103981 609.954868 35.474413 -0.013816 0.017246
1850091.109914 273.792393 102.411893 0.001359 0.009880
1871495.037280 224.708834 324.637968 0.006009 0.003055
908785.677938 195.592637 240.824566 -0.009290 0.011186
1755362.652128 318.012440 522.671636 0.010157 -0.008993
232765.271437 582.741839 99.061987 -0.017872 -0.007430
1765166.354256 235.746576 45.953521 0.017667 -0.002028
15434.920795 693.361598 474.897480 -0.012865 -0.003975
1077013.659792 91.287213 408.931933 -0.016817 0.010570
516053.778360 427.172962 5.252957 0.006376 0.012070
1576709.125925 429.656331 119.510529 0.006381 -0.008360
948767.654108 620.705170 11.684788 0.005580 0.013172
667159.362075 417.663405 74.353622 -0.003593 -0.001449
1146380.339352 334.306011 198.291881 -0.005410 0.003851
1462269.868451 722.556283 426.266843 -0.003496 0.019309
949273.004639 536.555324 310.025393 -0.000665 -0.006798
636841.273232 217.379371 520.301453 0.000704 0.017248
316267.470045 793.588960 424.258582 -0.012898 0.005261
1072709.865436 408.937825 92.173063 0.006411 0.016854
1234697.917120 186.796717 203.540102 0.017914 0.003927
1871003.135047 543.177083 300.800089 0.005836 -0.016335
968257.898916 96.414486 457.400547 -0.019961 0.004159
184803.100389 255.437936 525.398201 0.018379 0.013475
1613704.762242 94.138088 497.328619 0.000558 -0.008189
920804.219749 40.241185 483.860668 0.004570 0.008421
1455508.939668 185.053212 566.413028 -0.017320 -0.012833
1084419.887087 1.965030 514.886091 -0.018256 0.005936
1899527.167855 422.172169 461.364307 0.008483 0.001141
745706.753221 643.581832 508.707183 -0.010062 0.010561
1369434.811813 44.275812 529.024001 0.000545 0.002772
353913.564400 779.234696 371.751449 0.019333 0.003521
660308.989072 568.893615 491.622063 -0.009033 0.011124
1997036.600484 653.144451 468.371802 0.014266 0.014400
857968.969670 645.117651 232.613535 -0.012083 0.000740
1832483.595159 456.632950 193.811860 0.010588 0.012756
174050.590104 359.048892 524.788040 0.018750 0.018495
887791.815627 116.527040 561.831882 -0.017460 -0.014838
1048845.100705 314.896528 504.120792 -0.006249 0.006712
1236598.032171 273.827388 290.530545 -0.004044 -0.012044
688449.854352 662.311300 3.191348 0.009276 -0.018967
1047717.716101 518.539353 357.941057 0.013875 -0.003510
831685.772553 747.094373 516.622016 -0.008384 0.016105
1646809.537731 587.492264 28.987538 0.010393 0.011914
354697.854423 227.371581 114.878880 -0.019298 0.005121
1718570.137265 508.662188 582.160972 -0.006260 -0.018612
338487.908402 550.185500 517.558820 -0.013015 -0.003214
1776805.868268 558.765337 40.692615 -0.000601 0.001813
960078.654327 720.649494 287.501148 -0.006370 -0.012354
763596.911339 131.557150 555.394942 -0.002795 0.016972
1446903.674606 485.968768 125.112522 0.016606 0.005007
1673049.761761 619.367530 156.469666 0.012271 -0.015291
591079.477496 780.842313 483.264804 -0.013675 -0.013973
450261.526019 37.228039 509.478488 -0.008281 0.001261
788880.985598 618.407079 259.389898 0.014945 -0.015438
1247242.441982 204.346903 167.098632 0.001971 0.007421
405506.701397 218.155393 175.759954 -0.003549 -0.012492
1835863.754077 198.217177 577.058794 -0.012850 -0.017816
159031.381905 379.444038 18.420117 0.015399 0.005298
362722.217274 88.070069 407.379926 -0.018773 -0.003874
420997.232395 339.950501 105.621016 0.005718 -0.008050
580167.091722 213.175483 332.410255 0.002744 0.012628
479025.265425 617.057960 53.032921 0.001298 -0.012696
552036.800679 360.309202 258.230879 -0.010487 0.005163
969986.005207 253.866610 62.043380 0.000632 -0.011909
1471710.388303 557.631590 187.468270 -0.003406 0.009104
1430984.936390 500.279868 91.467831 0.015661 -0.009273
902052.609670 145.278572 320.793765 -0.019799 0.010008
700700.571156 195.622983 312.921013 -0.002450 0.011080
1408199.004553 571.808123 136.462307 -0.014621 0.018104
1713095.736556 495.594879 161.941413 0.018400 -0.014594
944491.339356 556.677829 499.299405 0.011387 -0.015573
1119457.834922 400.144070 441.587827 0.008488 -0.004333
8319.607940 130.577044 343.987177 0.001552 -0.013271
647061.014849 711.333611 247.654727 0.013802 -0.006882
379545.065751 439.311545 25.622781 -0.003314 0.007344
1990576.603445 218.968095 181.839675 -0.009391 -0.010653
876473.971119 589.960697 557.719337 -0.009183 0.000886
80381.552726 664.141284 13.386447 0.011046 0.001694
828036.629980 624.292849 423.335537 0.019495 -0.007233
1747623.103553 248.698997 124.954298 -0.008537 -0.013762
1072386.123739 381.087536 423.062566 0.003157 0.015741
777386.485961 459.346396 100.367717 0.007670 0.013576
801906.589792 104.005488 346.108014 -0.006782 -0.003981
197987.358178 296.522549 138.349691 -0.015148 -0.014126
1545926.498969 428.254669 556.316089 -0.000845 0.000919
492654.834172 281.876099 500.142702 -0.001798 0.005545
1978982.283724 792.651704 69.174188 0.007782 0.002789
17631.095842 66.592491 86.328210 -0.012957 0.011001
1966499.848276 461.620947 543.051361 0.002448 0.016253
611006.784537 527.279883 166.921437 0.001445 0.011216
850069.038966 247.254202 189.444173 -0.005911 0.011504
1676786.882652 478.850744 83.955719 0.006879 -0.017873
1557780.060711 529.174075 26.374196 0.015767 -0.005758
1227310.625476 722.404177 263.542883 0.010316 -0.016863
428616.731627 592.594618 393.640682 -0.015226 -0.007965
1127178.874392 339.908793 576.000936 0.013670 0.018438
1480731.590409 213.424041 162.038771 -0.017757 0.004762
115335.758829 715.568555 130.554103 -0.012095 0.002657
541498.807511 781.205879 136.743125 -0.007412 0.014828
1167776.423119 742.676465 464.218550 -0.019073 0.007434
1705487.274428 189.973613 255.984896 0.000352 -0.005726
1455042.508177 57.941220 469.036606 0.007500 0.016568
1485351.840726 342.260976 108.594328 -0.019492 -0.000643
1600046.444498 56.297695 227.039090 -0.019295 -0.009279
1889695.885540 230.671402 146.731716 -0.013091 0.004124
230475.999522 605.308318 318.881248 0.015555 0.011190
434670.210087 593.338673 10.331528 0.005759 -0.009979
748135.628527 297.191339 193.724567 -0.013765 -0.017641
474188.291689 718.748404 292.128910 -0.003278 0.016440
1941577.332067 174.480473 588.930702 -0.006031 -0.010575
499196.726130 235.241817 314.443669 -0.000235 -0.001328
254300.674542 487.512337 134.034611 0.006345 -0.000069
6325.354803 700.724733 143.981811 -0.019184 0.000798
980919.682878 315.589026 534.859757 0.012535 0.002008
1900851.625903 40.366404 269.202318 -0.002512 -0.001259
719689.197242 326.444787 412.005608 -0.006343 0.010291
1844748.197982 472.808842 30.774545 -0.002143 -0.016593
1036199.990211 458.890718 416.711250 0.009659 -0.010714
385683.919483 595.720013 64.890461 -0.002688 0.010603
1256102.471266 738.616865 95.724578 0.000775 0.009481
1419511.694191 375.909478 472.277814 -0.013662 0.016286
511292.832210 414.638715 189.164759 0.017692 0.014388
145034.134456 691.724648 270.413340 -0.015046 -0.007555
1071721.370831 513.539218 530.830452 -0.010785 -0.004663
233847.819378 338.580836 76.866677 -0.010999 0.014241
1786277.592083 682.464462 467.587270 -0.017894 -0.005096
1031918.257955 609.925262 505.514540 -0.007878 0.016833
1499349.890975 446.943892 263.471945 -0.017401 0.000042
597617.807145 109.962868 219.399955 0.009981 -0.009548
1353622.215499 228.300985 541.931537 0.002462 0.000631
573296.933702 542.765129 563.426685 -0.003410 0.016140
1590131.532210 246.300580 453.966770 0.002977 -0.005578
258416.177825 72.298669 73.765844 0.018868 -0.004264
87595.200207 577.099624 571.278492 -0.000683 0.011452
906233.425674 625.395507 554.243822 0.012752 0.001249
370032.188655 396.471296 489.946627 -0.016470 -0.017715
664767.085884 299.895724 441.379717 -0.009144 0.011584
1278253.811075 53.165936 58.498476 -0.004168 0.005634
916040.443311 419.969112 438.718319 0.003238 -0.000135
249204.321880 499.795981 130.801943 -0.016932 -0.015693
8661.484350 423.881855 533.640768 0.017124 -0.006055
841302.204338 90.455445 506.531574 -0.010508 -0.011948
1802783.200425 455.722836 345.735994 0.005480 0.013642
731632.451868 220.901942 544.511783 -0.001466 0.006874
1096714.972098 737.048636 118.101117 -0.008818 0.000086
1386984.768969 323.344319 76.237270 0.016461 -0.000764
469499.863903 732.667762 6.433507 -0.015033 0.013759
718651.906922 435.837566 574.217725 -0.011857 0.011281
316653.122342 83.978148 211.044014 0.009401 0.009663
385530.231700 80.256852 10.857781 -0.015989 0.002547
1379939.433830 518.920932 291.001412 0.015470 0.017129
1974529.288697 464.220232 199.404409 -0.015429 -0.000329
1626419.535664 279.277180 244.605797 0.012957 -0.001070
503204.831157 146.572617 10.827582 -0.011654 -0.004527
1600260.999799 293.534011 295.037621 -0.013926 -0.015942
467442.890847 275.682669 121.082540 -0.009927 -0.002204
1530910.291491 753.414822 56.125944 -0.009984 0.013145
43405.273949 190.145243 245.324015 -0.005837 -0.005918
1801413.789299 133.794285 420.679941 -0.007665 0.019647
348673.859774 447.976193 104.647540 -0.012304 0.010744
1122384.702378 793.997306 81.305220 -0.017883 -0.014226
474000.488629 229.335829 293.396706 -0.002447 0.001540
1867761.544822 163.389621 288.159256 -0.018903 -0.001813
617712.498930 39.291338 415.422877 0.008711 -0.003873
88793.583256 494.769259 342.259024 0.009823 0.017069
1123119.018564 735.874588 292.074779 0.009436 -0.015511
510837.786138 237.710381 62.839169 -0.004361 -0.005996
498234.962345 502.374533 382.041899 0.009525 -0.017330
350510.791107 537.598931 162.625295 0.006222 0.007975
1451432.125387 771.500683 449.102794 -0.003280 0.007287
303273.376219 370.003358 180.328139 0.008881 -0.011680
454803.713809 226.886252 76.666909 0.008570 -0.019218
480071.545802 775.706026 190.008666 -0.006210 -0.005576
1333575.176696 475.108319 593.122659 -0.007855 -0.006720
110627.538576 383.041884 2.380716 -0.006948 -0.014623
1406769.050940 41.643372 59.228804 -0.001923 -0.001194
1561676.394922 482.790736 559.578138 -0.016744 -0.006979
281255.947557 247.036710 365.464785 -0.009262 -0.019078
1257382.930842 406.802731 595.619649 0.017814 0.014130
706537.016996 489.729384 268.311084 -0.006328 0.016630
1558318.719993 317.719005 236.733923 0.011327 0.008939
1057752.200895 389.237257 465.338181 0.005104 0.017535
491364.625511 326.730409 325.155679 -0.012867 -0.000407
1734950.389590 255.161890 479.192376 -0.000935 0.003496
1643357.573842 84.262751 57.504234 0.012574 -0.017972
1898263.090243 134.091335 397.719084 -0.004149 0.000378
1157183.811607 140.377158 543.963804 0.018926 0.018344
1260090.642264 401.601862 267.066520 -0.003777 -0.014816
767107.214205 521.025810 322.834083 0.017018 0.013183
55740.578126 634.379349 89.112105 0.013060 -0.009220
1471867.368311 518.572172 224.929609 0.013261 -0.001507
851158.514084 624.732989 378.086187 -0.016462 -0.012911
279214.015361 533.607915 211.608048 -0.018154 0.005607
622537.959657 540.990854 85.285960 0.010257 -0.016727
543551.074594 111.983173 439.815167 0.012407 -0.017382
1125283.938425 670.151766 515.046009 0.008446 0.006566
255944.995329 357.690710 187.425090 0.000114 -0.008843
1549879.616848 742.745519 35.894572 -0.003796 -0.019324
474171.187949 435.775927 410.354044 0.003589 0.003636
648167.413030 720.817729 160.277694 -0.001350 0.006298
697835.028496 590.408330 478.438144 -0.016721 0.001914
1725670.433475 515.704068 231.305054 0.008839 -0.005750
99429.388577 679.358023 481.739499 -0.005516 -0.005919
163663.104253 109.621156 168.302145 -0.013780 0.001444
594763.153510 303.044122 52.142616 0.019253 0.018743
1355525.087265 244.325615 521.746545 0.017799 0.010868
1053977.892294 235.030175 305.799044 -0.007024 -0.004968
115031.983757 149.771385 12.252996 -0.002281 0.016337
752375.869431 394.185449 454.609452 -0.012834 0.014194
219437.964363 208.738884 595.137300 -0.004391 -0.003897
1068114.026016 550.086422 468.847672 0.004837 0.006761
1499866.051366 238.956247 584.557062 0.004778 -0.010258
1491842.997955 117.172161 322.418494 -0.009774 -0.001164
1826279.228472 250.509188 394.858845 0.017340 0.010246
1133058.067007 247.766736 149.337816 -0.007033 -0.000447
207507.431604 347.104603 449.862559 -0.016174 0.012965
304737.184339 503.790512 307.023364 0.017351 -0.009976
361247.467977 546.945688 329.587961 -0.013804 -0.007873
1585793.637478 720.653402 269.786903 -0.006789 -0.013746
1841064.114050 194.725791 281.705919 0.003146 -0.012920
451362.950938 116.110711 291.989572 -0.001016 -0.001227
1950936.490647 462.676092 541.944791 0.008963 0.007006
1454702.783122 702.054822 182.235630 -0.010438 0.012455
1108684.254395 335.741695 297.035523 -0.015853 0.002984
1596490.624173 717.242194 285.246091 -0.010164 -0.010937
1263706.185512 134.740462 282.151009 -0.015944 0.009882
1294332.516982 261.638468 535.332923 -0.014648 0.012065
723046.520130 87.418229 228.003087 -0.009409 0.013379
107937.715067 793.675786 427.238291 -0.005695 -0.010755
1046872.077066 729.589012 390.504965 -0.019264 -0.019376
450965.188654 653.397038 547.330794 0.008036 -0.017414
278162.196408 266.218127 139.856512 0.004373 -0.002634
1960316.196066 205.201176 456.728609 0.014894 -0.004388
1125740.257616 187.124159 299.750550 0.017714 -0.000055
668170.334151 797.434548 294.433999 -0.018154 -0.005821
1443825.863043 455.678494 159.906278 -0.005088 0.003525
564375.188464 478.605119 242.888816 -0.012222 -0.008032
938961.728913 266.824813 379.192184 0.008102 0.017713
132214.712972 546.205326 119.590934 0.013101 0.002204
1179224.623916 312.141485 473.377504 -0.016434 -0.006677
575213.267736 338.638070 197.920028 0.011129 -0.001221
1368718.602401 400.223527 23.450757 0.018035 0.014923
1254302.726711 186.419368 282.787926 -0.018718 -0.002900
1541011.519516 401.165245 456.591816 -0.003902 -0.011839
1407684.757098 374.871590 532.058888 0.016127 -0.008165
883750.411162 394.202815 411.661771 -0.010761 0.003280
38293.802197 414.758720 3.139147 -0.006039 -0.008127
949396.727117 26.700800 478.253002 0.000552 0.019372
1340193.529306 112.708686 130.358608 -0.014342 -0.013084
1289556.392138 729.532698 404.601265 -0.003770 -0.007425
1756783.113702 87.715431 469.746231 0.010605 -0.019496
157687.638028 165.649588 303.329871 0.010599 -0.002485
175039.783202 627.251542 573.795930 -0.016288 -0.014675
506304.289450 453.952032 99.868206 -0.017990 -0.016750
301433.914481 576.234570 133.292262 -0.005283 0.014471
790027.673724 10.207850 464.178719 -0.017224 -0.003257
176035.711624 758.220681 316.929865 0.014837 0.008517
1081972.172988 759.826537 551.993895 -0.018142 0.008593
715741.816310 107.239947 299.289775 -0.007430 -0.010927
1263880.632475 453.915356 476.581185 0.011937 0.004703
1751026.801649 759.290492 202.720865 -0.016097 -0.007314
399196.095951 394.144397 197.958460 0.018934 0.002477
1496994.359185 48.992485 305.882680 -0.008931 0.017288
445396.929255 654.130722 529.232771 -0.014293 0.014568
1193553.106484 400.416071 598.985043 -0.016174 0.012589
450224.472419 582.021257 229.288438 -0.019224 0.001039
1999453.321099 715.927672 285.087488 -0.006426 0.019713
1584501.028799 429.748183 291.127850 -0.015113 0.000417
94458.571679 696.541607 343.001184 0.002280 -0.014105
1007827.074736 623.754505 579.052107 -0.004562 0.016894
1658558.308919 786.188608 253.729688 0.013102 -0.016868
475365.567242 42.146245 483.511296 0.004776 -0.017114
663714.367274 495.657807 580.220767 0.012277 0.018282
1919117.403179 479.370553 296.632070 -0.002208 0.008854
9624.167350 393.603692 355.219592 0.003060 -0.018040
1478876.057770 64.345960 497.219074 0.008167 -0.001348
1502145.321808 427.002950 269.440973 -0.013040 -0.005546
1054818.871922 329.328522 248.385965 -0.006668 -0.018740
972186.690649 532.118740 390.630652 -0.001877 -0.001116
1216433.286302 330.103720 42.816110 -0.015896 0.014297
1585452.240699 85.913821 209.662384 -0.004608 0.007348
796849.675848 99.372316 458.611103 -0.010922 0.013146
461377.134761 782.566939 217.481836 0.007189 -0.013912
1447663.852688 165.725004 338.315369 -0.014486 0.001618
1190708.408687 499.138312 123.353883 -0.010144 -0.016922
1355477.244293 683.710513 293.830417 0.009964 0.018288
694211.989964 433.447257 38.785054 0.007863 0.017065
1497031.391364 75.963993 30.484909 0.000514 -0.007116
1759090.904966 594.813346 180.163682 -0.010319 -0.003068
904928.793621 772.676781 378.267273 -0.019348 -0.015852
341892.055395 489.334005 436.608927 -0.004938 0.014324
1609370.418642 43.435796 427.637299 -0.008224 0.012135
1339833.364515 513.189865 207.098356 0.009383 -0.006478
543533.833951 386.425508 259.797104 -0.007097 0.019834
1510075.678821 161.687044 443.647034 -0.017787 -0.002233
325429.097901 406.237944 246.030360 0.011727 0.000964
1027532.088117 771.297045 81.458154 -0.010345 -0.006371
1987715.010526 36.893969 236.998835 0.008263 -0.006381
396776.620483 301.186066 589.151104 0.001743 -0.015561
639902.701899 652.276561 356.412567 0.010117 -0.014484
1179865.857204 406.349815 204.035201 -0.006827 0.002531
1568458.621189 393.636885 42.616790 -0.012229 -0.008589
1190290.628555 566.445767 149.653928 0.009237 0.017979
1180185.991889 579.844719 597.339162 0.019404 -0.002748
672088.553511 146.784879 484.703474 -0.007284 0.009082
1837656.663655 510.355384 325.427407 0.000515 -0.004366
1360614.323691 82.225905 539.276641 -0.019186 -0.002715
924125.776125 643.673791 554.555687 0.001324 0.019954
418950.309241 102.600050 424.163820 -0.001651 0.014363
1312754.557148 39.172828 350.349949 0.006077 -0.018639
30587.249450 790.408243 130.522373 0.012923 -0.007760
1889215.610870 593.554562 566.345491 -0.000521 -0.009808
669560.509114 133.829707 214.563906 -0.010657 -0.012493
1579576.984783 556.523827 595.339895 0.008561 -0.010852
1982244.182370 738.797343 214.195957 0.007921 -0.004706
432350.935616 283.543160 258.762042 0.012004 -0.019746
930735.730068 652.344966 596.617295 0.007316 0.005541
600671.720971 502.010502 228.270778 -0.010227 -0.015419
1270601.892504 463.257348 169.109087 0.019717 0.012505
938976.299455 626.173888 304.959584 -0.001531 -0.000131
1474031.937064 362.272712 252.113371 -0.016240 -0.013963
1605130.416157 248.142809 303.168658 -0.010646 -0.015587
1023340.410098 559.392600 555.439656 0.000241 -0.004714
1128556.229700 645.106357 5.792335 0.017788 -0.017974
248420.950141 464.043304 377.802338 -0.003770 0.002909
884577.235619 700.439210 213.418638 0.018021 -0.006513
1704879.713107 550.046348 474.090252 -0.009094 0.011261
1882055.445519 60.173863 55.060853 -0.002148 -0.007635
404206.608610 766.389897 4.998364 -0.014887 -0.001438
780987.060993 553.693939 162.239069 -0.003995 0.005477
642018.800900 419.533869 130.184123 0.018027 0.017217
1579863.075903 314.354414 483.563317 -0.014176 -0.006261
286431.929230 798.484758 18.642853 0.017334 -0.009169
1625355.291937 699.516602 207.566045 0.016179 -0.007170
1310099.705732 85.258160 167.219690 0.006537 -0.010622
1485499.756171 43.079312 555.916811 -0.019473 -0.001837
1126826.147142 267.330611 587.060174 0.011214 -0.008608
1817754.082297 456.238256 406.680743 0.008593 0.008638
42605.713030 686.414678 428.418370 -0.017892 0.011650
1969490.396776 692.047715 399.469207 -0.006771 0.010781
1972945.507603 788.590957 525.662448 -0.009393 0.005965
221002.463354 6.332761 421.785429 -0.018518 -0.019157
314139.836614 480.340124 213.131127 -0.014579 -0.004768
1280098.799281 35.509212 570.663081 -0.007285 0.010367
1334025.561499 271.304364 370.356023 -0.004760 -0.004338
817314.073824 292.594007 153.967702 -0.017022 0.007859
52254.755074 48.731383 409.324564 0.016090 -0.006956
662711.798522 10.156055 200.395148 -0.018625 -0.018009
710212.109941 153.159677 390.112126 0.008413 -0.006922
61999.699130 280.328235 222.820201 0.019284 0.006730
261157.692532 519.289785 4.391434 0.009914 -0.018794
797766.605764 125.210330 237.519537 0.006220 -0.010764
184709.901076 545.299385 175.092355 0.010984 0.003351
1235796.007903 84.765737 357.913897 0.018078 -0.014388
1292608.929469 245.614752 199.020363 -0.008140 -0.019306
1317389.029692 261.982117 220.639311 -0.018797 -0.007616
71927.786838 128.481445 575.231222 -0.018267 0.016337
1977614.946653 353.756155 38.969084 -0.004614 -0.016091
591803.305127 381.642878 467.563779 0.003509 -0.009935
726241.200569 164.511958 214.518028 0.018387 -0.013698
995710.504705 484.795233 278.758903 0.013182 0.016099
963862.695249 390.645285 137.991253 0.013987 0.000733
1079147.418532 708.513363 407.397403 -0.000067 0.017160
1174876.041326 389.662145 222.714005 0.006097 0.014870
937689.950195 758.643405 209.288449 -0.010075 0.001439
1200871.358253 489.026577 444.992225 0.018319 0.002837
1798372.363578 364.671293 106.132435 -0.005450 -0.008582
158766.744732 676.539620 464.244408 -0.007623 0.007816
584123.108808 679.174231 348.596093 0.018840 -0.006112
1019930.488905 446.787552 500.549954 0.015245 -0.011565
1412068.961846 279.957567 95.523389 -0.017807 0.003926
1390465.348675 524.222359 125.624818 -0.002525 0.004532
1560588.704217 268.874477 41.481011 0.018288 0.007994
709118.110458 29.248213 327.296918 -0.014868 -0.006166
481739.437432 336.291810 116.928986 0.012873 -0.004345
1084185.081108 265.466389 569.887544 -0.004946 -0.011482
321427.933090 65.910854 337.747175 -0.007213 -0.014505
322096.383349 12.110037 475.513509 -0.005182 -0.001919
811598.476400 120.565815 472.838113 -0.001003 -0.015684
975828.599639 663.561447 86.713499 -0.018663 0.018311
980873.326296 219.440806 226.847560 0.007413 -0.016153
1538962.265262 181.945172 256.807846 0.008775 0.004152
1281944.833362 704.010063 411.695672 -0.011841 -0.012004
1646853.441208 291.973209 129.062520 0.004638 0.009415
1334224.681991 17.399648 531.649632 -0.001791 -0.000133
1987979.200663 754.479435 195.711281 -0.014461 0.019064
567825.405192 503.138704 150.490230 0.006485 -0.007429
693992.653253 345.215327 324.980037 0.011004 -0.013969
290886.182473 332.794209 18.514412 0.013265 0.004797
461579.700216 524.039083 590.897039 -0.002165 -0.009161
1440439.939238 90.395713 175.657212 0.004253 0.002727
1578856.275221 480.216621 306.799121 -0.015377 0.009549
975708.803616 319.603076 220.590711 0.009547 -0.017538
1363849.989774 68.532919 295.826160 -0.011056 0.014428
1287670.666020 295.230186 165.980853 0.006988 -0.011974
1793086.186886 724.396063 513.416242 0.015255 -0.005946
253419.465503 481.283355 278.589802 -0.003215 -0.011683
65064.939701 167.117779 484.914588 0.001754 -0.007021
1093948.624606 25.379355 434.389868 0.016588 0.010815
1570950.974510 477.256840 513.655296 -0.008862 0.012808
1433502.711092 737.884101 113.522106 0.019735 0.003883
779698.448619 711.949916 301.502877 -0.010179 0.010855
1707668.152502 297.802895 223.782812 -0.007274 0.011670
1161722.038482 280.558922 0.393028 -0.004436 0.015783
650195.260835 748.811226 555.767063 -0.018036 0.014028
1393276.303724 667.631043 268.351524 0.002108 -0.015479
534900.189626 215.564032 21.202181 -0.001734 -0.009484
1264731.390059 677.179864 91.672325 -0.014606 -0.016317
1848317.172308 790.938075 278.579411 -0.008117 -0.007726
512088.236637 702.364126 394.526335 -0.009734 -0.009317
1104225.446984 465.412627 121.850173 -0.000865 0.005234
107543.810321 140.002317 279.228210 0.000041 0.009110
1156781.673039 614.808154 598.287433 0.004549 -0.010995
520065.349769 196.885173 42.981930 -0.003485 -0.004761
327390.441823 269.613210 221.793368 0.005119 0.005365
1353004.063178 707.234838 307.235395 -0.006633 -0.014372
1558240.596931 708.962826 433.487460 0.019288 -0.005420
706633.334377 28.787194 323.727932 0.012749 0.001485
534505.464385 317.645859 183.291858 -0.009424 -0.019566
1061346.780072 419.566139 154.176470 0.004095 0.017495
1275778.349152 612.789011 164.582293 -0.019699 -0.004240
1816858.008419 547.225755 166.823716 -0.003179 -0.019276
837596.447597 159.692085 542.551447 -0.014350 -0.012729
537634.699856 395.697341 130.668789 0.012334 -0.007468
1509630.032587 60.471077 426.205544 -0.017724 -0.006459
1442342.147903 472.831067 518.677060 0.019125 -0.012269
1603574.954720 492.771214 575.612497 -0.016955 0.004942
706735.606634 787.628597 184.531323 0.005256 -0.003798
651319.147391 40.181314 362.793331 -0.010802 -0.012340
1573016.600485 398.980231 411.671484 -0.019831 -0.007714
1998835.487291 607.304482 229.651448 0.008390 0.012778
1445522.677826 344.758770 246.277198 0.003489 -0.003638
1207599.107738 311.229848 15.016651 0.002526 -0.001393
1297106.122271 733.230413 269.798975 0.018241 0.001918
1709409.523620 225.415766 358.919231 -0.001624 0.000468
1579454.636005 196.712427 6.265507 -0.000965 -0.009991
635151.660366 380.232082 5.574336 0.008013 -0.012597
1657542.871152 338.440563 369.574659 -0.010430 -0.019588
50074.195513 674.411503 239.603026 -0.017997 -0.003752
1728956.987955 558.888014 193.624869 -0.007435 0.006187
1741304.677791 135.074264 561.908796 -0.001246 0.005127
896425.988943 206.860122 524.482676 -0.001653 0.009377
248631.410417 620.983560 125.829300 -0.014656 -0.000938
789536.960791 769.899021 539.758360 -0.019570 -0.011934
1819863.026878 28.631610 26.790220 -0.007629 -0.016565
901731.744829 139.016764 470.692451 0.010943 -0.000484
878442.611954 515.366089 394.026409 -0.004971 -0.015478
569936.175165 659.135983 222.975542 -0.013637 -0.008695
212161.644461 226.714768 35.314546 -0.007368 -0.003317
1070836.321949 568.450316 227.671268 -0.002599 0.008853
1162154.364009 275.981267 454.285045 0.005031 0.006170
1685995.778854 61.305528 496.817003 0.005112 0.014009
631794.399876 53.387430 296.638377 0.018906 -0.002302
