120102.793966 630.392340 121.601880 -0.006104 -0.005545
269277.329682 299.986613 156.247467 -0.018280 0.015150
1260731.205931 302.280842 191.708724 0.013066 -0.002960
973263.179405 632.923923 572.906325 0.008499 -0.005937
1683880.506867 289.177272 229.249702 -0.016821 -0.013039
1760997.696668 175.435151 580.382779 0.011720 -0.019818
354965.669268 681.958866 474.575372 -0.004792 -0.012044
306862.422408 412.001446 346.444852 -0.003480 0.002354
913598.742761 34.974059 562.631170 0.011149 0.014844
723511.401901 210.212022 397.825764 -0.007307 0.019059
27418.055584 126.994784 203.125486 -0.004125 -0.010458
1026719.971107 221.751970 272.926310 -0.000715 -0.017199
919235.655535 527.230377 552.760025 -0.009944 -0.018414
247720.705461 324.244196 333.736886 0.008060 0.012677
229642.751734 125.543361 517.190697 -0.017956 0.017164
1463437.116455 330.398700 118.947770 -0.004254 0.009175
349002.480669 325.716810 534.041333 0.001232 0.011388
253345.397419 21.868578 48.650209 0.003296 0.000362
301882.374241 33.188343 100.938106 -0.017033 -0.008248
417897.793659 158.369734 419.917208 0.010565 0.015940
1032678.423930 703.056174 34.576610 -0.004921 0.017252
1981626.739717 86.499965 206.283478 -0.012553 0.000456
148080.320166 291.119537 546.223094 0.018533 0.015042
1426235.401736 72.455018 542.610866 0.011801 0.006902
826207.458426 756.233761 428.244306 0.003247 -0.019250
17939.873048 633.058457 129.719916 0.008266 0.002240
229060.592236 178.655216 260.706793 -0.012999 0.003903
729567.630556 129.747078 425.683279 0.008434 -0.006075
424191.899795 625.434762 428.240235 -0.015126 0.009744
1179453.697605 667.589294 501.703998 -0.000336 0.005135
1017047.714916 724.870947 344.256521 -0.011064 -0.000461
1184883.571782 186.627093 168.454447 0.012306 0.017670
1669257.284919 738.009582 97.884681 -0.009250 -0.016880
1530870.404807 506.866239 153.123341 -0.001071 -0.006373
1211583.405366 549.636801 75.424931 -0.007255 0.012392
1741377.547263 727.195725 385.828522 0.008294 -0.003780
544004.606336 172.610654 185.183139 0.013866 -0.002454
1594854.852927 349.859979 402.333104 -0.016924 -0.010146
1223177.906695 729.709929 101.280404 0.010941 -0.013129
527324.168257 433.115845 487.587548 0.000765 -0.019354
312490.830343 99.694843 422.372037 -0.009684 -0.002803
1025907.483430 120.808981 212.109952 -0.013732 0.014351
1509229.653286 341.861164 43.559081 -0.018038 -0.009421
1023852.793045 688.138904 428.144305 -0.012674 0.017496
1918069.081343 635.199696 509.712040 -0.014816 0.002801
59433.087734 314.535367 67.953392 0.013716 0.016465
257531.464220 800.573096 21.742011 0.013273 -0.008792
961609.428265 277.257179 259.692345 0.013373 0.000060
582120.371322 470.089389 558.506203 -0.005430 0.005997
408974.288222 701.720708 306.553647 0.016823 -0.017663
899929.745542 700.322657 511.699150 -0.008030 -0.019843
849952.291162 263.263754 237.653846 0.001509 -0.013091
617567.269419 532.384019 103.649644 -0.006174 -0.000019
907629.657959 661.833030 507.011288 0.015495 0.006320
693382.430213 141.767716 148.662808 -0.008906 0.001676
1797970.130014 385.118218 250.779644 -0.003522 -0.004087
955435.349120 688.623504 163.950309 -0.006711 -0.013570
557659.864685 605.864829 293.298060 0.007016 -0.008251
1324351.926951 788.293017 575.593837 0.013346 -0.006821
917046.023028 230.654407 93.492838 -0.007870 -0.012907
1632997.046985 519.066990 212.575995 -0.017493 0.017125
1790149.784549 770.186468 244.864205 -0.007408 -0.004953
1613713.184192 632.117374 140.621166 -0.016797 -0.015064
791753.703166 288.596028 527.185995 0.015413 -0.018591
347958.385175 437.348459 12.050747 -0.014655 -0.004617
701432.257286 473.865168 403.370898 0.000323 0.015832
1693039.169392 258.654811 326.911891 -0.012032 -0.004481
944105.254926 76.385791 210.591352 0.015348 -0.003686
1451122.988691 550.695560 119.890351 0.018419 0.010771
644142.737912 284.999042 76.578731 -0.011892 -0.010299
328294.663843 300.290194 473.817869 -0.012148 0.000425
344141.964030 428.818621 60.492582 0.013708 -0.018295
1995072.262359 551.863128 220.703718 0.001691 0.015581
1509670.835691 11.131865 591.068534 -0.015726 0.015785
783939.521193 665.472643 350.100560 0.003529 0.011735
702233.533702 730.432555 89.071415 -0.000811 -0.015204
783487.379916 514.360347 295.265009 -0.012697 0.013072
1976.599918 282.100748 217.569642 -0.015853 -0.012081
812477.567611 81.000422 532.110875 0.010929 0.005802
1551513.418346 422.682738 395.113287 0.010376 0.005366
1106838.468046 120.736116 279.735323 -0.014516 0.009725
516376.429478 389.591868 394.288132 -0.003966 0.018696
1541877.001311 639.177071 367.021843 -0.009510 0.019229
877046.727052 210.996160 200.395296 0.012096 -0.005350
1062152.807164 166.457085 280.959714 -0.003290 0.019315
220503.739184 155.079924 306.181872 0.010774 0.018107
285758.867062 257.631992 62.745156 0.004287 -0.002026
1694852.848395 693.283579 566.653244 0.000246 -0.009230
1823523.613542 219.372942 44.354907 0.000921 0.001474
109429.840049 768.291914 480.072165 -0.004460 0.010487
331166.874772 736.363520 582.237099 0.005307 -0.006548
1904142.131984 594.103904 318.589622 -0.001584 0.000436
967910.745632 483.313036 499.249925 0.003519 -0.011505
581591.096978 348.414382 48.127258 -0.010657 0.017493
706572.319710 117.980980 128.386863 -0.003009 0.006865
1499518.371885 385.541484 378.834334 0.001970 0.014864
785875.055374 571.530837 474.384809 -0.005466 -0.006112
257524.722376 252.975531 54.411878 0.006464 0.011201
1201976.699383 114.821473 228.937582 -0.002619 0.009277
1186503.038363 580.051585 101.848411 0.006825 0.018391
215485.423904 20.083069 64.840873 -0.007118 -0.001907
1555844.913030 56.632068 560.856188 -0.003698 0.004792
1610655.802121 641.111923 200.314602 0.003837 -0.013393
1363983.919548 580.606426 288.315389 0.010878 -0.004604
515601.680854 298.532094 317.661223 0.005556 0.012250
521772.659627 185.435936 319.572323 -0.002814 0.016122
984056.433190 429.802594 558.385394 0.003496 0.013626
764465.851134 302.208219 558.056493 -0.007322 0.011438
1098768.237559 98.224843 352.929204 0.014611 0.008844
1505133.839094 452.495877 265.853381 -0.010747 -0.006514
1656881.889169 392.734608 425.924875 -0.005638 -0.014821
1035409.796534 493.526942 216.338866 -0.018006 -0.018103
532033.862794 432.428482 349.926765 -0.012178 -0.014336
885049.308131 462.089777 312.429474 -0.005105 0.015767
611963.250959 737.622143 10.434859 0.015701 0.012226
1469794.933437 516.359441 223.614980 -0.012422 0.015615
1419313.830053 5.379401 222.233048 -0.003141 -0.005435
1001399.715897 751.267042 589.902217 0.014481 0.019442
57920.523946 103.063423 316.891985 0.004564 -0.007022
1340168.589419 44.047085 541.151324 -0.012380 -0.002906
1593328.125585 397.058692 209.029969 0.012546 -0.004448
308175.125303 438.501274 21.598258 0.000927 0.009131
1829796.170737 187.891546 440.322610 -0.008568 0.006237
194622.977727 628.375787 356.792928 -0.016823 0.005969
1163384.351490 85.766387 466.907360 -0.015278 0.009219
203536.384834 623.491718 466.994746 -0.019844 0.018799
408990.508136 640.545912 279.647070 0.002421 0.004635
1709918.606891 566.505142 96.626706 0.015764 -0.010613
1776676.395804 644.368583 280.262405 0.004781 -0.016389
248411.979642 575.634978 526.868140 0.008748 0.011925
1052401.075630 239.760800 543.563513 -0.007834 -0.003535
1254879.329007 324.234991 114.390924 -0.003734 -0.003566
322021.593490 487.281370 125.356508 0.000719 -0.015069
1647379.426121 386.212377 521.413459 0.019419 -0.005112
204691.412954 699.191897 106.324809 0.002791 -0.000170
536197.156895 555.254507 128.652818 -0.014200 -0.003474
25648.950611 537.965041 428.852833 0.016666 0.018941
247729.502734 436.847817 229.247336 -0.007400 0.018031
1580350.309415 379.765355 335.180716 -0.020008 -0.015902
1443766.372951 659.212727 351.091576 0.003680 0.012389
1912564.341869 554.262465 409.487020 -0.014673 -0.009431
357511.299829 321.093390 575.528749 -0.004427 0.001839
744693.135258 324.286288 130.803955 -0.016547 -0.007020
387589.365424 167.809705 523.079533 0.002987 0.000952
1645202.005117 291.598032 -0.135276 -0.004715 -0.005360
205411.871060 83.733321 113.556941 0.007509 0.007844
1996032.971887 514.920059 233.954743 0.007548 0.010365
1306804.762830 688.137291 106.586818 0.004502 -0.009856
1450619.077985 788.629226 395.022567 0.017716 -0.017182
1969754.747101 110.688686 168.471281 0.013620 0.008610
1609086.544071 543.892745 45.409326 0.012193 -0.017513
883645.576836 726.164253 99.669776 0.005712 0.003633
1722771.757153 502.399492 142.250205 -0.009970 -0.007554
28763.775727 722.631555 101.808336 -0.011968 0.000497
845989.907554 733.714663 301.377330 -0.016747 0.014415
1143645.596292 54.591069 600.419290 0.014090 0.016924
1423342.375748 525.723602 361.909355 0.011484 -0.001573
1329764.171191 184.920710 221.812854 0.013247 0.014448
1926056.274178 553.176891 294.461611 -0.012005 0.017724
1598411.507718 172.841066 507.802113 0.018773 -0.003699
726058.746095 314.100563 195.448142 0.014552 -0.001021
375371.614646 348.344217 324.783377 -0.012656 -0.008638
932014.105344 718.327949 567.093955 -0.017153 0.007120
811741.037672 587.820919 550.845567 0.010982 0.002638
1557690.799962 589.638471 154.976151 -0.009263 0.017508
399385.155365 53.254111 91.145935 -0.018134 -0.018557
1122038.441301 328.127696 256.546901 0.015486 -0.009114
1805346.826001 59.666958 425.562662 0.003666 0.005593
1995636.369100 729.244781 97.150588 0.017696 0.019446
1695958.700821 279.115976 427.800784 0.010648 -0.015090
558004.577904 435.832581 516.773139 0.001460 0.012504
1597187.265566 589.363011 528.846340 0.018086 0.011277
1833981.536251 410.018712 114.636194 -0.006180 -0.003989
929917.220459 197.750832 284.862560 -0.013198 0.007553
1471826.909795 138.681539 361.190002 0.015870 -0.015403
1165988.196230 595.185165 277.978389 -0.008186 0.000420
1172216.120722 460.772750 32.331649 -0.002201 -0.015475
1736107.381869 196.501511 508.184038 0.009949 -0.012175
1259741.624473 533.069507 425.026449 0.012848 -0.019577
218963.730251 229.086836 155.188633 0.003363 -0.001612
1902503.935575 255.787961 379.521225 0.002182 -0.011336
1496596.111682 109.371465 576.174231 -0.011560 -0.002661
941537.357374 638.184190 5.859897 0.001070 -0.010189
245239.558744 315.870565 292.939269 0.018816 -0.014289
1372376.816986 480.090369 484.736518 -0.004176 -0.003135
1637971.852737 403.632446 423.933222 -0.017022 -0.016338
337179.376901 23.722481 245.410364 0.012140 0.003350
1249672.392965 440.337947 432.859556 0.003377 0.010444
310196.676436 44.291335 335.828775 -0.013360 0.003297
1607296.809371 230.218885 584.988861 -0.008233 -0.009709
236307.595035 784.013271 515.199445 0.017035 -0.004962
561161.337682 597.048652 528.873132 0.019443 0.012913
1939371.158341 125.314022 511.996665 -0.004855 0.018363
870700.636353 2.045950 305.604176 -0.013722 0.003550
541779.813609 249.474580 386.781273 0.013264 -0.000885
453110.709066 506.698857 459.705163 -0.011929 0.017064
47266.968548 256.969820 543.174900 0.015294 -0.010194
562186.379247 130.006475 594.549539 -0.013528 -0.013981
1629854.769274 105.332300 185.091278 0.006687 0.000384
534606.907766 82.305272 307.422519 0.011063 -0.009663
203362.833803 38.247328 342.321189 0.009820 0.015219
92345.910190 778.886492 306.437220 0.012420 -0.012993
877177.283576 667.535037 297.709423 -0.006205 0.008680
1484435.888699 500.967565 528.885382 0.009362 0.011483
64404.659935 438.978434 550.685035 -0.006317 -0.011448
856791.879449 487.132368 190.771523 0.017638 -0.004616
1153201.109335 33.902110 259.479930 -0.014235 0.011661
618554.387530 154.328749 456.620004 0.012846 -0.019884
1875266.974734 207.507291 503.035443 -0.002705 0.004178
1111007.126566 140.217103 138.614618 -0.002544 0.016423
34336.430968 375.442853 275.442449 0.017113 0.004204
1349224.196444 292.204584 249.851439 0.019694 -0.007783
1602661.077679 455.137816 209.649545 -0.010647 0.008555
276647.354605 434.489706 544.418756 0.016423 -0.005556
1822198.850020 671.165692 373.230791 0.009941 -0.009120
453696.245539 243.682326 268.629158 -0.001694 0.009700
713133.517985 379.632727 125.366364 0.012603 -0.003601
36437.158490 391.713915 464.282734 -0.002904 -0.000567
159010.190591 189.098847 31.259158 -0.002845 -0.001198
1535456.720523 453.604213 6.981118 0.007007 -0.001247
749811.288319 470.128806 183.217613 0.019850 -0.006528
1154889.427663 178.748921 384.597465 -0.018996 0.007212
762647.938338 304.981498 92.485038 0.003625 -0.012137
1129345.827331 486.716441 410.811826 -0.006537 -0.018322
337378.635228 333.940717 168.880586 -0.011171 0.013865
1499918.929068 791.331831 248.060091 0.010347 0.006643
1760744.261444 108.731892 149.776410 -0.012555 -0.014677
1172923.453698 610.448272 215.698137 -0.010957 0.011546
79642.974809 486.082504 100.968312 -0.012200 -0.012032
730713.756164 606.833255 483.827013 -0.017944 -0.016077
1702955.846536 175.403367 309.534296 -0.014688 -0.002386
724785.897287 706.002698 257.963793 0.011053 0.005768
187236.443249 524.310099 468.702026 -0.006230 0.013668
1828784.213322 744.210276 362.767114 -0.009405 -0.013211
787390.226865 250.412287 459.587807 0.002477 0.000234
1929498.061505 743.022853 161.165060 0.010629 0.019220
730520.102536 499.666651 120.212073 0.015173 0.010640
1281053.293162 194.229122 381.740612 -0.017203 -0.019252
562426.321470 130.180192 404.886254 -0.017501 0.000264
1033437.869061 779.981175 262.804185 -0.015121 -0.010091
1192859.900739 412.557777 336.312386 -0.005498 -0.016832
138898.690296 261.429900 3.529772 -0.006509 -0.015989
1973181.982512 561.007198 434.054336 -0.012566 0.003318
957790.512106 660.715842 496.868224 -0.015322 0.015869
1692076.045876 318.217511 36.196502 0.000830 -0.001624
1136829.509929 29.190572 260.363367 -0.019516 -0.013629
1367539.427880 482.421360 406.308763 -0.010179 0.018676
1509350.044424 252.410992 176.126026 0.010396 0.006118
785056.476847 597.976926 212.888769 -0.015366 0.017396
1873643.585422 476.141875 457.094566 0.010545 0.008430
1315983.134935 488.244173 64.673212 0.008807 -0.014713
1135951.929323 228.623388 100.567506 -0.019851 -0.008260
656102.584980 548.475024 539.289679 -0.019843 0.017279
1727078.126616 606.259287 148.305689 -0.013757 0.000839
1797488.349396 438.910990 161.429976 -0.009882 0.006606
406141.346510 152.105505 156.478335 0.018577 0.018124
1941231.998588 497.097867 337.378232 -0.016814 -0.006386
1386830.762674 518.577063 376.799369 0.014459 0.005998
1843128.023596 152.289501 201.671455 0.012787 -0.012237
538331.757550 546.169091 571.862251 0.000657 0.013533
944807.663069 332.430504 233.381453 0.009349 0.006555
106756.882792 754.915169 514.584112 -0.007557 0.016348
1618777.323337 226.570490 318.139410 -0.005086 -0.005235
1742666.514471 52.446230 6.974815 -0.000035 0.017115
1321460.731012 337.230162 69.663381 0.019888 -0.010390
620834.287545 213.107720 553.854502 -0.009469 0.011293
1523195.320518 587.355406 118.882397 -0.014017 -0.000940
1731081.362688 163.159217 252.015532 0.008916 0.000662
656632.629529 425.734866 480.593920 0.014354 0.016122
325566.043298 583.649203 580.991038 -0.013080 -0.010859
1792559.657149 666.285538 390.350324 -0.019492 0.013219
1778465.217808 259.376519 59.271560 0.012370 0.003541
1763427.173609 457.738593 193.034024 -0.017884 0.010165
1593951.392730 755.879725 556.287357 -0.011306 0.006604
886016.743670 435.770091 119.150854 -0.010404 -0.003812
204796.643092 323.756515 80.814810 -0.017154 0.002970
727276.621725 773.377080 248.451265 -0.019647 0.019097
488690.041233 721.731020 183.046302 -0.006266 0.008564
1781116.410057 179.178239 171.934266 -0.011467 -0.007824
20635.784613 7.619431 149.509988 0.017503 -0.010969
1834876.302553 303.332693 462.696202 -0.015330 0.004951
350019.654422 174.628203 16.709438 -0.007612 -0.008379
1214501.650638 537.666756 155.104548 -0.019201 0.007499
477760.385944 211.517556 353.519544 0.001769 0.004275
605806.972182 347.275031 499.315812 0.003595 0.005791
272576.070518 480.076172 392.516331 -0.004568 0.001523
1759240.741729 243.218047 550.251729 0.005985 -0.003286
1080301.612187 660.468121 382.585678 0.002792 -0.014590
1857771.559552 140.143628 484.296110 -0.012474 -0.012186
988850.145130 339.869173 276.877773 -0.016671 0.018751
134591.829094 309.665488 242.607705 0.015995 0.019023
96963.198901 28.641657 345.815060 0.008320 -0.003141
227820.812831 464.940370 434.729360 -0.018764 -0.010713
290631.014058 457.597774 34.205674 0.011502 -0.014514
385931.693197 569.452312 190.192798 -0.020031 0.015996
1023297.854244 397.155100 195.429698 0.018828 0.003270
589125.026292 31.589024 579.732576 0.007953 0.017447
1882412.602139 596.846951 584.003886 0.000685 -0.002100
790218.714061 504.705439 18.747321 -0.015187 0.006556
526777.357108 212.287467 139.810238 -0.007109 -0.017986
748590.766801 411.850768 457.613677 0.007590 0.000591
1324791.236466 162.268002 5.936543 0.019526 -0.013031
1179151.767483 226.049231 128.391212 0.002197 0.019231
301466.356172 395.948723 434.761434 -0.014979 -0.019513
349183.755158 414.957338 387.384172 -0.011763 0.005625
616335.581344 375.078610 543.801787 0.001724 0.011540
1910511.639859 733.795550 182.943044 0.008696 0.004282
1640005.631205 304.810277 484.984721 0.013289 -0.005346
1964468.728734 335.802569 391.192926 -0.012188 0.018995
1261209.360911 276.208818 282.366166 -0.005748 -0.001166
968463.258337 424.320588 593.882546 -0.014826 0.009421
1257770.379660 350.165944 124.024406 0.001256 0.019273
1991034.577596 391.370578 537.628588 -0.008006 -0.011738
1007596.648767 95.791824 353.481671 -0.006648 0.017892
1912045.142572 235.962089 222.800479 0.004268 -0.000412
692628.538559 190.247045 501.227602 0.008878 0.003706
609848.141023 240.638138 74.915297 -0.008220 -0.002768
1723251.459991 737.599238 520.934129 -0.017354 -0.001710
1696924.347289 50.397225 567.941881 0.009832 -0.005581
309029.791648 199.737764 289.722383 0.009626 0.002321
867302.640745 559.231312 513.479797 0.012175 -0.007823
691843.061099 120.510579 326.171218 -0.012865 0.018625
272265.500516 388.369011 162.232180 -0.009546 0.011206
1400582.436193 98.377554 421.242735 0.003016 -0.012283
320566.674844 333.001854 150.756718 -0.015710 -0.013505
1229627.376064 208.719568 246.105636 -0.016042 -0.019856
1946485.269790 425.026707 421.408963 0.006798 0.006541
15066.369444 140.506922 292.256935 0.002011 -0.005761
911695.870064 549.142618 506.304286 0.009045 0.017874
1245159.992597 340.287301 42.832932 -0.006262 0.020303
519428.529087 388.676493 247.038540 0.000347 0.003872
1147820.552414 102.246423 512.428259 0.019417 -0.011053
1717933.562453 767.112096 453.757743 0.002496 0.011448
183230.377819 455.342327 577.672539 0.003167 -0.015302
640928.558372 27.396106 483.300631 -0.013451 0.010281
1503776.668340 629.033849 111.001797 0.012842 -0.015527
360957.489517 65.400130 358.338035 0.003706 0.003716
380073.533570 131.891225 431.551275 -0.018228 -0.014032
1889061.825298 723.421380 66.011393 0.008013 -0.001340
1796955.322752 633.891226 20.372381 0.014482 -0.005169
306282.549308 147.054055 243.139892 0.018363 -0.006191
332156.324914 567.573337 78.923144 -0.005930 0.001321
485168.456326 426.715815 367.259126 0.013035 -0.014859
413343.113108 24.403905 173.542293 0.017103 -0.017007
883643.182406 697.258101 587.105662 0.002073 0.002805
887249.075289 360.294494 217.484059 -0.000904 -0.007439
1467432.667253 504.251191 297.518716 -0.014407 0.003561
1682910.725327 245.195293 179.537721 0.018975 0.006317
1660796.624450 172.291252 113.441807 -0.002233 -0.017768
629926.086697 520.376299 50.902323 0.004188 0.003112
318150.466456 37.186786 269.350622 -0.013792 0.003911
40123.955365 464.601266 29.001827 -0.004739 -0.017509
724761.667999 94.048987 413.606543 0.014320 -0.009802
558074.092752 559.689951 337.289882 0.003108 0.006875
438651.350531 326.400090 533.316295 -0.004233 0.014604
1885724.248311 578.894304 300.921977 -0.018901 -0.006828
158400.153815 149.290005 226.081715 0.001144 -0.006981
1952982.963972 437.498892 543.707745 -0.018960 0.017279
1927788.328346 311.045040 28.217703 0.006202 -0.010088
607879.136041 747.014287 567.563461 0.014625 0.000466
1236504.919471 67.946642 551.390823 0.000256 -0.000271
1541570.438790 358.763381 131.497850 -0.009122 -0.000970
1098586.873663 282.345782 398.439542 0.017054 0.015184
1973812.054831 723.149652 257.391846 0.015645 0.017436
717421.361579 684.429473 190.611138 -0.003731 0.000395
1128238.588166 568.343064 265.726952 0.000398 0.003055
1906900.824936 103.266134 396.785209 0.014911 0.005396
311031.282093 514.375050 50.703378 -0.004966 0.016679
1119457.958787 738.762249 161.441496 -0.010742 0.013996
295815.608602 167.816849 451.551403 0.003004 -0.015979
1365835.790227 746.626054 574.038278 -0.019993 -0.006440
933742.419320 452.463144 30.008420 0.016417 -0.016958
1254474.420685 690.018702 122.205652 -0.008479 0.009408
1674721.783807 355.665456 227.752489 0.016823 0.012741
589441.845468 384.427214 445.827843 0.002565 0.008109
1186208.380939 568.287699 547.255904 -0.006137 -0.008544
28320.921598 24.618827 131.610103 0.018877 -0.018779
1123059.363627 350.769729 356.753122 0.004366 -0.006048
1339490.994503 192.645798 126.489517 0.014920 0.001162
1892333.765464 567.777559 583.329612 -0.007218 0.005367
1580513.963280 495.702113 66.154929 0.001236 -0.012664
1628540.167412 101.050772 535.771522 0.009075 -0.001116
358744.990248 592.737293 301.817110 -0.004039 0.008491
1065496.480589 768.639229 90.555125 -0.014931 0.002939
996930.964755 638.376290 488.916901 0.008373 0.006815
685065.261407 523.967254 229.048865 -0.007661 0.019142
22284.613001 83.054935 360.084945 -0.014815 0.005108
1564209.169505 749.567978 458.183480 0.006970 0.006548
471659.941818 684.018459 242.396534 0.009525 -0.009789
234378.384535 216.397041 129.537668 -0.009230 -0.004016
1581110.075852 613.274767 117.731062 0.004190 -0.000951
1733102.233956 757.529878 78.148817 -0.010149 -0.009497
222272.466972 206.814218 219.665095 0.008454 -0.004767
7593.072023 394.864871 189.604806 0.010722 -0.013149
1961038.188991 2.038213 14.006248 -0.004567 0.009662
554464.627316 401.914737 7.690490 -0.000263 0.010864
821613.773155 227.356668 322.677970 0.003935 0.015618
24485.756655 378.300863 502.195969 -0.014262 0.008808
196372.594776 203.387848 587.978331 -0.001422 0.018541
718005.964867 375.051323 274.483676 0.007053 -0.010218
1252709.545778 525.441099 142.125915 0.005946 -0.018314
1958473.456073 741.836745 326.324855 0.019623 -0.003223
628831.249023 322.271494 421.329672 0.014053 -0.019644
1185057.482303 690.544657 288.841828 -0.002873 -0.019713
406775.272641 421.106490 157.336297 -0.012901 0.019396
452064.211691 433.132365 275.599092 0.007348 -0.011356
1391094.198167 249.226959 524.867643 0.017222 0.018306
1830316.959801 730.312320 532.202240 -0.001630 0.016129
610994.441719 618.096273 184.015929 -0.019664 0.004984
631021.334152 481.836372 292.059142 0.011835 -0.018569
989235.750860 1.818059 334.024055 0.010258 -0.012654
1098658.789461 784.329523 435.138622 -0.019663 0.006629
1883467.686308 564.567419 586.027683 0.012808 0.005380
1871849.530317 584.837174 330.509879 0.012870 -0.012443
911993.535660 102.265922 577.349506 0.010579 -0.014598
1176139.691461 61.542371 443.475546 -0.016930 0.015019
1537174.407177 456.336601 526.437397 -0.006938 -0.006929
123261.179832 700.926463 185.278493 0.011683 0.014908
1946848.674653 583.271127 354.094757 0.017980 0.001709
457599.283409 709.018742 164.556756 0.011211 0.008296
926562.791190 189.181427 501.691796 -0.000017 0.020054
1942178.605097 12.080619 45.321790 0.008402 -0.016361
1905775.863633 382.748869 397.497540 0.013276 0.012158
1975712.466974 713.574633 407.984202 -0.008325 0.007171
1128937.655654 214.591377 243.665397 -0.013900 -0.011212
1900458.380534 306.165023 62.059521 -0.011064 -0.013423
1623668.112617 549.992713 239.564557 0.005847 -0.015471
798515.523224 494.056298 76.742041 -0.000978 -0.006940
438456.544857 343.742052 482.267593 0.015115 -0.009784
1216805.763178 694.598280 90.654293 -0.008497 -0.013394
1661706.700764 681.411432 259.102266 -0.010495 -0.019709
1303971.794110 150.842570 233.929626 0.010277 -0.003515
1107963.914568 455.359290 58.948639 0.018169 -0.011402
425643.800956 282.606128 500.006262 -0.007460 0.013801
318262.858465 449.162760 154.974054 0.018569 -0.002271
1036196.117772 457.904053 186.630762 0.006835 0.014615
948553.069005 401.511085 427.730494 0.016399 0.009353
1438074.149861 446.939824 555.743023 -0.015619 -0.007593
677338.477540 530.416217 530.675519 -0.002501 0.004693
197747.041563 521.191207 583.538017 0.017219 0.019651
1601492.672973 71.542654 330.572250 -0.017642 -0.017809
1987075.958395 461.502181 375.165713 -0.007823 -0.010053
971748.938305 621.736852 449.396014 -0.012076 0.007403
974474.447302 733.543563 146.106436 -0.003453 -0.018912
1121549.802423 602.050899 413.131219 -0.002208 -0.012397
613932.794246 434.633248 504.544190 -0.008854 -0.001012
1665525.531241 62.893651 338.612627 -0.004477 -0.014540
1238773.710671 302.389834 429.533638 -0.010181 0.007295
1925637.924078 585.374645 276.684988 0.008456 0.017207
290519.337305 158.624286 508.067613 -0.004365 0.004492
1745488.432117 760.831931 218.946867 0.002443 -0.004207
1111265.337612 695.141543 563.140280 -0.004273 -0.013857
829182.160473 184.329184 135.876368 0.019236 0.004581
728391.627189 478.773410 596.338214 -0.016883 0.013651
1349985.243450 33.275812 346.053958 -0.014502 0.010167
1010733.056353 223.870480 571.599102 -0.005913 0.006792
1129411.861826 180.396008 373.213257 0.017221 0.011489
33999.050983 389.267062 394.206736 0.021373 0.015651
1606354.705806 296.119423 66.665912 -0.018776 -0.005950
1451822.744427 315.181652 570.272219 0.008765 -0.001003
1590584.168020 314.829045 309.316539 -0.005147 0.001139
538209.161040 700.866250 484.852785 -0.011161 -0.010864
958317.440449 628.099084 272.217235 -0.015993 0.008651
479655.517489 94.567520 120.138848 0.015860 -0.017013
167238.956395 558.604849 267.448397 -0.012164 0.009131
1592486.357127 737.280549 73.278146 0.009847 0.005638
1189583.299304 432.979421 20.937205 -0.015530 0.016584
1124831.962923 303.249888 474.213067 -0.005195 0.004005
37146.621401 680.306164 232.743794 -0.001136 0.018056
205026.889315 568.840191 41.077852 -0.007897 0.004315
284161.461650 310.221968 183.817879 0.003494 0.003353
68690.410847 306.138182 301.651033 -0.013745 -0.014785
287411.349028 600.133501 403.973671 -0.012907 0.014465
1171263.018237 591.645880 143.594690 -0.004982 -0.015506
1682127.158941 314.947202 577.561918 -0.010872 0.014510
1824708.168313 264.977681 346.667091 0.019211 0.005357
369206.509725 98.054747 13.409210 -0.000372 0.008414
1208981.916871 419.381755 56.217793 -0.015650 0.007267
446720.970071 202.292126 259.081755 0.015802 -0.002836
586212.983628 385.051199 102.165491 0.001335 0.014306
560717.814863 299.243133 150.904244 -0.010353 0.004149
234257.601311 123.750754 558.850631 0.007808 -0.014626
1133248.557864 703.452431 154.194480 0.003533 -0.005178
1934248.125150 153.529079 536.611189 -0.017565 -0.007939
1152133.833222 226.077609 331.349670 -0.019689 -0.012998
1965200.129880 240.344899 396.883874 -0.013835 0.013364
1034901.121182 346.232102 125.902424 0.010888 0.006876
1623246.405098 709.052996 497.171774 0.009743 0.003207
1926329.093951 248.090768 276.350813 -0.011182 0.015960
1658576.383096 150.509641 54.732121 0.008983 -0.010065
786221.519479 240.991869 318.634559 0.017784 -0.007698
1421758.733421 742.896398 364.982509 -0.004799 -0.017386
888519.625593 711.332702 308.034938 0.005917 0.006151
374128.679919 371.341519 325.474267 -0.019384 -0.011593
247207.860577 783.036624 311.499184 0.003282 -0.012050
838233.393076 329.889014 231.456840 0.000728 -0.014327
1269501.125100 722.765444 262.819692 0.008745 0.028179
1490342.234955 701.540630 467.175978 -0.005841 -0.010059
1720173.599068 638.949676 82.401814 -0.005143 -0.001855
1589947.016719 447.796144 550.803022 -0.006493 0.003108
254199.274003 369.750310 331.713422 0.005913 -0.018216
1506623.924480 52.376735 274.476680 -0.014407 0.003087
1187558.641279 619.078763 289.650531 -0.018793 0.017646
663885.182079 619.944582 490.439652 -0.015549 -0.014783
134186.233456 776.592436 557.392617 -0.011866 -0.006224
763995.101100 799.283834 542.422325 -0.008051 -0.006506
960104.740672 340.702442 479.070078 -0.018588 -0.016982
1689167.128731 629.682702 84.895242 -0.007884 0.017127
1435140.350571 715.961959 422.237451 -0.012035 0.017046
1287450.956780 425.444437 421.144065 0.008093 -0.014102
1664884.491668 423.880722 368.602783 0.010633 0.009317
1916152.068375 115.722953 439.932197 0.014363 -0.002293
142374.806172 274.746467 522.110828 0.014831 -0.004936
1889104.925044 571.636947 97.795512 -0.016705 -0.019290
184043.514628 642.415277 546.861019 0.011781 -0.019920
1678137.485719 350.670110 320.150207 0.001598 0.016077
349432.717240 299.281711 257.201430 0.011504 -0.014624
327130.583267 597.851907 167.728303 0.015865 0.004361
1445781.852792 774.669904 571.587905 0.003714 0.013533
657045.848974 430.373892 332.877138 -0.000288 0.004923
1143416.638087 467.913550 254.899872 -0.000621 -0.004814
853229.746620 259.708935 491.248798 0.018361 0.014548
1436276.935710 106.401968 143.629688 -0.014023 0.016988
747046.145027 249.402264 400.653611 0.006110 -0.011861
555282.349025 300.050827 106.715119 -0.010821 0.018770
31011.744417 446.389915 303.460588 0.002807 -0.017979
259713.421697 113.419810 381.617341 0.002212 0.005065
30230.289339 785.894936 570.689245 0.013289 0.017704
1629124.594680 439.990701 45.016987 -0.017901 0.007951
1993199.337271 341.285156 5.415427 0.006602 -0.016789
437214.899080 754.092174 272.226378 -0.004243 -0.013121
847463.854052 329.240964 438.825021 0.017216 0.019223
1561464.248021 48.375505 73.534148 -0.003323 0.004598
1496915.452879 345.554364 357.995135 0.008030 -0.009433
1076064.875850 410.512891 489.281506 0.004504 0.002594
1028186.607653 487.311729 594.734345 0.000927 -0.009088
141764.248787 594.392173 129.655392 0.000992 -0.014456
778578.041484 758.756201 329.860308 -0.015281 0.015192
1058486.954802 720.267259 564.114606 0.005834 -0.007118
1112790.978101 319.343174 448.060195 -0.013856 -0.016077
24501.685065 553.976902 366.358140 0.013086 -0.007842
353571.678676 272.728201 548.636223 -0.013268 0.014606
375264.103699 191.470399 365.791863 -0.003806 0.010616
1493884.026769 634.889601 429.322004 -0.008210 0.016521
1188817.119779 659.948210 487.969227 0.001401 -0.000911
259519.063057 73.864058 525.313456 0.015149 -0.010165
1949033.547169 712.095768 562.582286 0.003477 0.008711
482529.103981 609.374044 36.199604 -0.013826 0.017267
1850091.109914 273.850407 102.826742 0.001402 0.009862
1871495.037280 224.965554 324.762345 0.006215 0.002864
908785.677938 195.202594 241.295461 -0.009272 0.011225
1755362.652128 318.439304 522.293576 0.010157 -0.009000
232765.271437 581.985114 98.754067 -0.018128 -0.007213
1765166.354256 236.489236 45.869009 0.017677 -0.001993
15434.920795 692.820557 474.729752 -0.012884 -0.004007
1077013.659792 90.580671 409.376960 -0.016801 0.010607
516053.778360 427.441192 5.761403 0.006390 0.012128
1576709.125925 429.925555 119.159611 0.006434 -0.008340
948767.654108 620.940042 12.239116 0.005597 0.013209
667159.362075 417.512492 74.293004 -0.003589 -0.001436
1146380.339352 334.080035 198.453971 -0.005348 0.003863
1462269.868451 722.407287 427.076942 -0.003595 0.019245
949273.004639 536.527568 309.738812 -0.000656 -0.006840
636841.273232 217.408681 521.026131 0.000691 0.017239
316267.470045 793.046012 424.480692 -0.012940 0.005312
1072709.865436 409.207344 92.881945 0.006415 0.016882
1234697.917120 187.549864 203.705506 0.017929 0.003945
1871003.135047 543.422500 300.113441 0.005845 -0.016344
968257.898916 95.579402 457.577337 -0.019791 0.004253
184803.100389 256.208380 525.964358 0.018287 0.013469
1613704.762242 94.161611 496.984795 0.000562 -0.008174
920804.219749 40.440047 484.212184 0.004867 0.008294
1455508.939668 184.325546 565.873710 -0.017310 -0.012833
1084419.887087 1.198639 515.135451 -0.018217 0.005932
1899527.167855 422.527975 461.411677 0.008450 0.001113
745706.753221 643.157365 509.150618 -0.010138 0.010542
1369434.811813 44.299383 529.140913 0.000576 0.002792
353913.564400 780.046005 371.899847 0.019277 0.003540
660308.989072 568.513537 492.089419 -0.009056 0.011118
1997036.600484 653.743967 468.977136 0.014265 0.014409
857968.969670 644.609621 232.644712 -0.012094 0.000744
1832483.595159 457.100996 194.328582 0.011733 0.011577
174050.590104 359.837254 525.564947 0.018769 0.018478
887791.815627 115.793912 561.207851 -0.017430 -0.014859
1048845.100705 314.633854 504.402320 -0.006251 0.006686
1236598.032171 273.657802 290.023349 -0.004026 -0.012095
688449.854352 662.700551 2.394883 0.009249 -0.018937
1047717.716101 519.123360 357.794176 0.013918 -0.003480
831685.772553 746.740435 517.299253 -0.008461 0.016124
1646809.537731 587.928852 29.488820 0.010385 0.011942
354697.854423 226.561045 115.094744 -0.019276 0.005152
1718570.137265 508.398536 581.378056 -0.006288 -0.018647
338487.908402 549.638922 517.422956 -0.012997 -0.003251
1776805.868268 558.739677 40.769570 -0.000620 0.001849
960078.654327 720.372387 286.977841 -0.006825 -0.012544
763596.911339 131.440670 556.109220 -0.002747 0.017022
1446903.674606 486.681248 125.330512 0.017611 0.005380
1673049.761761 619.881988 155.827333 0.012213 -0.015279
591079.477496 780.266886 482.677306 -0.013710 -0.013986
450261.526019 36.880837 509.531351 -0.008242 0.001255
788880.985598 619.034938 258.741424 0.014935 -0.015423
1247242.441982 204.430821 167.410607 0.002023 0.007425
405506.701397 218.006667 175.237786 -0.003531 -0.012359
1835863.754077 197.677004 576.309378 -0.012857 -0.017849
159031.381905 380.091307 18.643346 0.015404 0.005326
362722.217274 87.286466 407.219969 -0.018528 -0.003739
420997.232395 340.194097 105.289285 0.005865 -0.007723
580167.091722 213.292198 332.940155 0.002810 0.012591
479025.265425 617.112284 52.499845 0.001287 -0.012673
552036.800679 359.868912 258.445725 -0.010469 0.005064
969986.005207 253.897143 61.541945 0.000820 -0.011951
1471710.388303 557.488703 187.853382 -0.003394 0.009224
1430984.936390 500.937675 91.078426 0.015644 -0.009259
902052.609670 144.446949 321.214202 -0.019779 0.010001
700700.571156 195.520014 313.386206 -0.002450 0.011059
1408199.004553 571.193948 137.223390 -0.014609 0.018117
1713095.736556 496.368571 161.327684 0.018421 -0.014614
944491.339356 557.156042 498.645091 0.011373 -0.015566
1119457.834922 400.500668 441.404914 0.008483 -0.004372
8319.607940 130.642525 343.429431 0.001564 -0.013273
647061.014849 711.913878 247.366855 0.013813 -0.006818
379545.065751 439.171680 25.930775 -0.003343 0.007314
1990576.603445 218.573599 181.391397 -0.009383 -0.010681
876473.971119 589.574653 557.756618 -0.009188 0.000888
80381.552726 664.604952 13.457764 0.011020 0.001700
828036.629980 625.112761 423.032715 0.019522 -0.007178
1747623.103553 248.340318 124.376403 -0.008533 -0.013740
1072386.123739 381.221752 423.723957 0.003231 0.015734
777386.485961 459.667894 100.938679 0.007633 0.013595
801906.589792 103.719826 345.941570 -0.006812 -0.003940
197987.358178 295.885689 137.755726 -0.015161 -0.014143
1545926.498969 428.228135 556.362711 -0.000451 0.001273
492654.834172 281.817966 500.364686 -0.000840 0.004983
1978982.283724 792.977997 69.292217 0.007746 0.002829
17631.095842 66.048023 86.790403 -0.012954 0.010995
1966499.848276 461.751685 543.703456 0.003670 0.014877
611006.784537 527.340933 167.392540 0.001461 0.011204
850069.038966 247.005536 189.927508 -0.005923 0.011500
1676786.882652 479.140144 83.204904 0.006894 -0.017859
1557780.060711 529.836586 26.133042 0.015762 -0.005718
1227310.625476 722.831137 262.705924 -0.012644 -0.031586
428616.731627 591.954716 393.305956 -0.015228 -0.007965
1127178.874392 340.482990 576.775141 0.013656 0.018406
1480731.590409 212.677752 162.239767 -0.017760 0.004804
115335.758829 715.060167 130.665849 -0.012099 0.002661
541498.807511 780.893655 137.366409 -0.007447 0.014835
1167776.423119 741.875269 464.529971 -0.019057 0.007388
1705487.274428 189.987529 255.744574 0.000309 -0.005710
1455042.508177 58.257034 469.732900 0.007529 0.016569
1485351.840726 341.440505 108.566970 -0.019552 -0.000663
1600046.444498 55.487295 226.649401 -0.019272 -0.009267
1889695.885540 230.121467 146.905534 -0.013081 0.004148
230475.999522 605.960727 319.351161 0.015494 0.011173
434670.210087 593.580614 9.913017 0.005755 -0.009938
748135.628527 296.615752 192.982568 -0.013633 -0.017665
474188.291689 718.609702 292.814498 -0.003327 0.016197
1941577.332067 174.227479 588.483784 -0.006008 -0.010693
499196.726130 235.231358 314.388575 -0.000263 -0.001295
254300.674542 487.779509 134.030774 0.006371 -0.000114
6325.354803 699.918557 144.016125 -0.019182 0.000835
980919.682878 316.116264 534.942988 0.012557 0.001954
1900851.625903 40.258828 269.149079 -0.002601 -0.001273
719689.197242 326.178321 412.438185 -0.006338 0.010296
1844748.197982 472.717876 30.078015 -0.002186 -0.016555
1036199.990211 459.296134 416.259856 0.009635 -0.010770
385683.919483 595.606805 65.336633 -0.002700 0.010631
1256102.471266 738.644384 96.139179 0.000469 0.010366
1419511.694191 375.336311 472.961242 -0.013617 0.016240
511292.832210 415.382112 189.769848 0.017687 0.014408
145034.134456 691.092260 270.095878 -0.015049 -0.007553
1071721.370831 513.085404 530.634184 -0.010813 -0.004677
233847.819378 338.117726 77.464087 -0.011038 0.014192
1786277.592083 681.712135 467.373357 -0.017910 -0.005084
1031918.257955 609.594234 506.221665 -0.007876 0.016819
1499349.890975 446.214441 263.474582 -0.017315 0.000083
597617.807145 110.383138 218.999034 0.010019 -0.009532
1353622.215499 228.404608 541.958001 0.002471 0.000629
573296.933702 542.622089 564.104860 -0.003397 0.016134
1590131.532210 246.426516 453.733072 0.003016 -0.005544
258416.177825 73.091572 73.586430 0.018867 -0.004274
87595.200207 577.070813 571.759734 -0.000688 0.011451
906233.425674 625.931263 554.296116 0.012745 0.001239
370032.188655 395.779490 489.201479 -0.016454 -0.017747
664767.085884 299.511748 441.866274 -0.009130 0.011571
1278253.811075 52.991932 58.734957 -0.004114 0.005620
916040.443311 420.104731 438.711946 0.003216 -0.000168
249204.321880 499.084086 130.141928 -0.016948 -0.015719
8661.484350 424.602244 533.386371 0.017160 -0.006052
841302.204338 90.014685 506.028580 -0.010468 -0.011990
1802783.200425 455.953050 346.309328 0.005476 0.013643
731632.451868 220.841781 544.799984 -0.001398 0.006841
1096714.972098 736.678418 118.100416 -0.008794 -0.000115
1386984.768969 324.036355 76.205763 0.016472 -0.000735
469499.863903 732.036655 7.012958 -0.015004 0.013815
718651.906922 435.339418 574.690489 -0.011850 0.011218
316653.122342 84.389187 211.435292 0.010177 0.008891
385530.231700 79.584945 10.965462 -0.015987 0.002578
1379939.433830 519.569673 291.722438 0.015405 0.017182
1974529.288697 463.569687 199.388791 -0.015533 -0.000416
1626419.535664 279.822290 244.561017 0.012985 -0.001061
503204.831157 146.083830 10.637909 -0.011609 -0.004499
1600260.999799 292.948593 294.367500 -0.013934 -0.015950
467442.890847 275.265807 120.989988 -0.009912 -0.002201
1530910.291491 752.994670 56.679183 -0.010011 0.013185
43405.273949 189.901052 245.076069 -0.005782 -0.005882
1801413.789299 133.471438 421.506349 -0.007702 0.019685
348673.859774 447.459682 105.099309 -0.012279 0.010756
1122384.702378 793.244830 80.706853 -0.017927 -0.014252
474000.488629 229.233367 293.461924 -0.002429 0.001564
1867761.544822 162.596331 288.082303 -0.018849 -0.001849
617712.498930 39.658519 415.260893 0.008763 -0.003836
88793.583256 495.183881 342.972896 0.009901 0.016905
1123119.018564 736.269508 291.422904 0.009359 -0.015513
510837.786138 237.527852 62.587485 -0.004326 -0.005982
498234.962345 502.774986 381.313489 0.009533 -0.017336
350510.791107 537.861158 162.959911 0.006258 0.007949
1451432.125387 771.360188 449.410646 -0.003406 0.007365
303273.376219 370.376626 179.837609 0.008883 -0.011664
454803.713809 227.247182 75.859710 0.008607 -0.019198
480071.545802 775.444039 189.774794 -0.006258 -0.005554
1333575.176696 474.780029 592.840196 -0.007770 -0.006721
110627.538576 382.748602 1.768730 -0.007009 -0.014498
1406769.050940 41.563789 59.178947 -0.001864 -0.001179
1561676.394922 482.086589 559.284378 -0.016767 -0.007002
281255.947557 246.647825 364.663212 -0.009246 -0.019069
1257382.930842 407.550633 596.213245 0.017781 0.014117
706537.016996 489.463132 269.010499 -0.006343 0.016656
1558318.719993 318.195504 237.109544 0.011350 0.008937
1057752.200895 389.451923 466.074138 0.005111 0.017488
491364.625511 326.189823 325.138456 -0.012860 -0.000413
1734950.389590 255.122890 479.339209 -0.000921 0.003492
1643357.573842 84.791017 56.749174 0.012567 -0.017962
1898263.090243 133.916916 397.735640 -0.004152 0.000409
1157183.811607 141.172923 544.734429 0.018945 0.018330
1260090.642264 401.442983 266.443585 -0.003784 -0.014829
767107.214205 521.740021 323.387911 0.016972 0.013173
55740.578126 634.927149 88.722355 0.013008 -0.009328
1471867.368311 519.119653 224.861142 0.012792 -0.001702
851158.514084 624.041320 377.543292 -0.016455 -0.012925
279214.015361 532.843994 211.844307 -0.018202 0.005637
622537.959657 541.422125 84.583398 0.010268 -0.016708
543551.074594 112.515710 439.085820 0.012925 -0.017314
1125283.938425 670.506033 515.320846 0.008413 0.006513
255944.995329 357.695455 187.053826 0.000112 -0.008826
1549879.616848 742.585706 35.083229 -0.003810 -0.019289
474171.187949 435.926121 410.507333 0.003558 0.003659
648167.413030 720.760852 160.542681 -0.001357 0.006313
697835.028496 589.705437 478.518526 -0.016730 0.001912
1725670.433475 516.069696 231.075024 0.008595 -0.005249
99429.388577 679.126004 481.489937 -0.005526 -0.005958
163663.104253 109.243830 168.320965 -0.006550 0.000369
594763.153510 303.853839 52.931858 0.019282 0.018820
1355525.087265 245.076737 522.205106 0.017945 0.010956
1053977.892294 234.735243 305.591210 -0.007011 -0.004924
115031.983757 149.674299 12.938864 -0.002334 0.016305
752375.869431 393.647862 455.205891 -0.012751 0.014189
219437.964363 208.554358 594.972334 -0.004391 -0.003954
1068114.026016 550.289521 469.135250 0.004826 0.006923
1499866.051366 239.155747 584.125162 0.004718 -0.010296
1491842.997955 116.762966 322.370609 -0.009703 -0.001115
1826279.228472 251.236827 395.289538 0.017289 0.010253
1133058.067007 247.470914 149.319321 -0.007045 -0.000433
207507.431604 346.424877 450.407181 -0.016175 0.012954
304737.184339 504.519771 306.603113 0.017354 -0.010026
361247.467977 546.365401 329.256716 -0.013812 -0.007891
1585793.637478 720.368857 269.206855 -0.006751 -0.013862
1841064.114050 194.859151 281.164968 0.003198 -0.012822
451362.950938 116.068494 291.937968 -0.000993 -0.001229
1950936.490647 463.023450 542.269685 0.007673 0.008359
1454702.783122 701.615622 182.760044 -0.010462 0.012505
1108684.254395 335.075361 297.160910 -0.015858 0.002983
1596490.624173 716.751619 284.801057 -0.012900 -0.009844
1263706.185512 134.070844 282.566272 -0.015924 0.009880
1294332.516982 261.022360 535.839424 -0.014674 0.012039
723046.520130 87.023259 228.564778 -0.009387 0.013352
107937.715067 793.435176 426.784094 -0.005759 -0.010871
1046872.077066 728.776693 389.687424 -0.019397 -0.019550
450965.188654 653.734131 546.598611 0.008007 -0.017431
278162.196408 266.401892 139.746032 0.004373 -0.002624
1960316.196066 205.827142 456.543983 0.014896 -0.004398
1125740.257616 187.868817 299.747875 0.017724 -0.000073
668170.334151 796.670702 294.188873 -0.018197 -0.005845
1443825.863043 455.464557 160.055146 -0.005093 0.003559
564375.188464 478.091475 242.551352 -0.012222 -0.008028
938961.728913 267.164518 379.935987 0.008064 0.017685
132214.712972 546.761832 119.684094 0.013378 0.002234
1179224.623916 311.449496 473.097419 -0.016499 -0.006651
575213.267736 339.102406 197.869423 0.010977 -0.001187
1368718.602401 400.981459 24.078584 0.018036 0.014956
1254302.726711 185.634626 282.665983 -0.018631 -0.002903
1541011.519516 401.000762 456.093424 -0.003926 -0.011878
1407684.757098 375.550046 531.715337 0.016161 -0.008185
883750.411162 393.755065 411.800193 -0.010543 0.003304
38293.802197 414.505020 2.798653 -0.006035 -0.008077
949396.727117 26.725379 479.068789 0.000617 0.019456
1340193.529306 112.107269 129.809456 -0.014280 -0.013050
1289556.392138 729.372882 404.288968 -0.003835 -0.007437
1756783.113702 88.158480 468.921153 0.010454 -0.019765
157687.638028 166.096072 303.225173 0.010650 -0.002497
175039.783202 626.567695 573.179559 -0.016258 -0.014658
506304.289450 453.197168 99.165226 -0.017939 -0.016704
301433.914481 576.010355 133.902367 -0.005385 0.014562
790027.673724 9.484897 464.041999 -0.017181 -0.003250
176035.711624 758.843237 317.287990 0.014790 0.008526
1081972.172988 759.061201 552.357457 -0.018282 0.008712
715741.816310 106.928351 298.830590 -0.007399 -0.010926
1263880.632475 454.416838 476.778671 0.011929 0.004695
1751026.801649 758.612198 202.413884 -0.016186 -0.007299
399196.095951 394.943880 198.059808 0.019115 0.002346
1496994.359185 48.617949 306.609009 -0.008893 0.017279
445396.929255 653.529821 529.844354 -0.014304 0.014538
1193553.106484 399.737737 599.512821 -0.016111 0.012530
450224.472419 581.212778 229.332030 -0.019252 0.001036
1999453.321099 715.712405 285.906726 -0.004041 0.018952
1584501.028799 429.113217 291.144977 -0.015106 0.000398
94458.571679 696.637067 342.408318 0.002263 -0.014110
1007827.074736 623.562777 579.761056 -0.004563 0.016846
1658558.308919 786.738797 253.019838 0.013085 -0.016916
475365.567242 42.335225 482.796208 0.004272 -0.016892
663714.367274 496.172340 580.986290 0.012214 0.018157
1919117.403179 479.278810 297.003299 -0.002162 0.008819
9624.167350 393.732333 354.461530 0.003062 -0.018037
1478876.057770 64.679337 497.161533 0.007703 -0.001373
1502145.321808 426.455408 269.208163 -0.013018 -0.005534
1054818.871922 329.048266 247.598504 -0.006669 -0.018736
972186.690649 532.039355 390.583488 -0.001901 -0.001129
1216433.286302 329.436439 43.417260 -0.015861 0.014311
1585452.240699 85.719858 209.965279 -0.004637 0.007085
796849.675848 98.908575 459.161694 -0.011138 0.013060
461377.134761 782.867894 216.897402 0.007133 -0.013901
1447663.852688 165.116589 338.383125 -0.014469 0.001606
1190708.408687 498.711882 122.639726 -0.010132 -0.017086
1355477.244293 684.130119 294.598211 0.010004 0.018251
694211.989964 433.778781 39.503201 0.007916 0.017114
1497031.391364 75.985627 30.186341 0.000516 -0.007093
1759090.904966 594.379444 180.034472 -0.010331 -0.003081
904928.793621 771.863102 377.600963 -0.019375 -0.015858
341892.055395 489.126082 437.211702 -0.004956 0.014363
1609370.418642 43.091387 428.147159 -0.008167 0.012129
1339833.364515 513.585304 206.828043 0.009435 -0.006385
543533.833951 386.127139 260.629269 -0.007102 0.019772
1510075.678821 160.939650 443.553266 -0.017782 -0.002229
325429.097901 406.730419 246.071074 0.011710 0.000973
1027532.088117 770.861050 81.191221 -0.010404 -0.006333
1987715.010526 37.241869 236.731104 0.008293 -0.006361
396776.620483 301.259585 588.496125 0.001756 -0.015610
639902.701899 652.702545 355.803399 0.010158 -0.014508
1179865.857204 406.061914 204.141766 -0.006875 0.002541
1568458.621189 393.123074 42.256164 -0.012224 -0.008573
1190290.628555 566.833841 150.409462 0.009232 0.017977
1180185.991889 580.659704 597.222281 0.019382 -0.002814
672088.553511 146.475959 485.084744 -0.007415 0.009060
1837656.663655 510.377031 325.243696 0.000515 -0.004377
1360614.323691 81.418983 539.161552 -0.019216 -0.002762
924125.776125 643.729035 555.393597 0.001305 0.019923
418950.309241 102.526959 424.764569 -0.001815 0.014227
1312754.557148 39.427712 349.565381 0.006051 -0.018697
30587.249450 790.950471 130.196488 0.012882 -0.007749
1889215.610870 593.532042 565.932571 -0.000551 -0.009843
669560.509114 133.381974 214.039052 -0.010651 -0.012484
1579576.984783 556.884412 594.882170 0.008600 -0.010932
1982244.182370 739.130304 213.998094 0.007925 -0.004711
432350.935616 284.046889 257.931541 0.011969 -0.019777
930735.730068 652.652128 596.849455 0.007302 0.005508
600671.720971 501.582240 227.622468 -0.010155 -0.015434
1270601.892504 464.085563 169.635063 0.019699 0.012527
938976.299455 626.109101 304.953603 -0.001553 -0.000153
1474031.937064 361.589849 251.527045 -0.016258 -0.013941
1605130.416157 247.694882 302.513886 -0.010671 -0.015574
1023340.410098 559.403005 555.241052 0.000254 -0.004738
1128556.229700 645.852544 5.037807 0.017725 -0.017934
248420.950141 463.877252 377.916854 -0.004111 0.002555
884577.235619 701.195995 213.142385 0.017994 -0.006634
1704879.713107 549.664282 474.561222 -0.009087 0.011155
1882055.445519 60.082625 54.740899 -0.002193 -0.007592
404206.608610 765.763912 4.938429 -0.014904 -0.001414
780987.060993 553.524265 162.470258 -0.004083 0.005526
642018.800900 420.291709 130.907496 0.018039 0.017209
1579863.075903 313.757307 483.299167 -0.014243 -0.006310
286431.929230 799.213231 18.258898 0.017334 -0.009103
1625355.291937 700.196597 207.266189 0.016183 -0.007101
1310099.705732 85.534242 166.774372 0.006601 -0.010571
1485499.756171 42.261709 555.839791 -0.019437 -0.001828
1126826.147142 267.801733 586.697463 0.011207 -0.008653
1817754.082297 456.599378 407.044207 0.008593 0.008660
42605.713030 685.671906 428.903998 -0.017459 0.011472
1969490.396776 691.763628 399.922433 -0.006748 0.010788
1972945.507603 788.195488 525.913063 -0.009427 0.005962
221002.463354 5.555379 420.980434 -0.018479 -0.019153
314139.836614 479.727536 212.930519 -0.014574 -0.004779
1280098.799281 35.204000 571.097483 -0.007240 0.010306
1334025.561499 271.103659 370.174220 -0.004791 -0.004314
817314.073824 291.879563 154.298382 -0.016978 0.007878
52254.755074 49.408159 409.033078 0.016119 -0.006916
662711.798522 9.373917 199.638679 -0.018598 -0.017991
710212.109941 153.513254 389.821267 0.008414 -0.006921
61999.699130 281.139372 223.103899 0.019321 0.006773
261157.692532 519.706264 3.602515 0.009907 -0.018751
797766.605764 125.472004 237.066862 0.006233 -0.010779
184709.901076 545.761287 175.231900 0.010997 0.003292
1235796.007903 85.526382 357.308901 0.018123 -0.014405
1292608.929469 245.272842 198.208448 -0.008131 -0.019335
1317389.029692 261.192583 220.319630 -0.018778 -0.007598
71927.786838 127.713828 575.916564 -0.018264 0.016279
1977614.946653 353.560917 38.294014 -0.004676 -0.016036
591803.305127 381.790817 467.146197 0.003535 -0.009939
726241.200569 165.284992 213.942513 0.018402 -0.013691
995710.504705 485.348186 279.435594 0.013137 0.016103
963862.695249 391.233322 138.021759 0.013998 0.000719
1079147.418532 708.512911 408.119989 0.000046 0.017224
1174876.041326 389.918469 223.338771 0.006102 0.014863
937689.950195 758.219435 209.347324 -0.010103 0.001364
1200871.358253 489.795928 445.111100 0.018295 0.002820
1798372.363578 364.441905 105.772440 -0.005466 -0.008551
158766.744732 676.221156 464.574184 -0.007529 0.007879
584123.108808 679.965306 348.339386 0.018808 -0.006105
1019930.488905 447.428036 500.063826 0.015236 -0.011570
1412068.961846 279.208767 95.689605 -0.017829 0.003986
1390465.348675 524.116020 125.816025 -0.002536 0.004568
1560588.704217 269.643162 41.817901 0.018294 0.008039
709118.110458 28.624190 327.034664 -0.014820 -0.006320
481739.437432 336.831316 116.746768 0.012807 -0.004329
1084185.081108 265.258383 569.404453 -0.004953 -0.011509
321427.933090 65.600224 337.141420 -0.007574 -0.014320
322096.383349 11.893328 475.432553 -0.005131 -0.001933
811598.476400 120.523949 472.178794 -0.000990 -0.015693
975828.599639 662.777128 87.483622 -0.018663 0.018339
980873.326296 219.752667 226.169027 0.007428 -0.016139
1538962.265262 182.315480 256.982814 0.008850 0.004172
1281944.833362 703.514562 411.189635 -0.011737 -0.012077
1646853.441208 292.168309 129.458502 0.004647 0.009430
1334224.681991 17.325250 531.643805 -0.001750 -0.000144
1987979.200663 753.871949 196.514265 -0.014447 0.019153
567825.405192 503.414096 150.179488 0.006622 -0.007356
693992.653253 345.681000 324.391880 0.011174 -0.014022
290886.182473 333.351688 18.716856 0.013265 0.004838
461579.700216 523.947722 590.510975 -0.002183 -0.009212
1440439.939238 90.575121 175.771626 0.004286 0.002718
1578856.275221 479.570462 307.199068 -0.015374 0.009485
975708.803616 320.004370 219.854418 0.009550 -0.017502
1363849.989774 68.068381 296.432680 -0.011051 0.014437
1287670.666020 295.523970 165.477457 0.006994 -0.011983
1793086.186886 725.037136 513.166513 0.015254 -0.005939
253419.465503 481.152437 278.099694 -0.003030 -0.011637
65064.939701 167.191508 484.619536 0.001755 -0.007021
1093948.624606 26.077512 434.844281 0.016638 0.010810
1570950.974510 476.882687 514.195036 -0.008950 0.012887
1433502.711092 738.711840 113.686968 0.019653 0.003960
779698.448619 711.520966 301.960261 -0.010237 0.010915
1707668.152502 297.496624 224.274191 -0.007303 0.011714
1161722.038482 280.373512 1.057064 -0.004388 0.015818
650195.260835 748.054766 556.356504 -0.017966 0.014024
1393276.303724 667.719819 267.701087 0.002117 -0.015476
534900.189626 215.491414 20.804356 -0.001722 -0.009448
1264731.390059 676.565958 90.987103 -0.014610 -0.016293
1848317.172308 790.596109 278.254372 -0.008157 -0.007743
512088.236637 701.954582 394.135932 -0.009756 -0.009263
1104225.446984 465.376498 122.070456 -0.000854 0.005250
107543.810321 140.002921 279.612050 -0.000009 0.009155
1156781.673039 614.998946 597.824367 0.004531 -0.011042
520065.349769 196.739262 42.782203 -0.003459 -0.004744
327390.441823 269.827551 222.019134 0.005084 0.005379
1353004.063178 706.958952 306.630503 -0.006505 -0.014414
1558240.596931 709.773526 433.258550 0.019294 -0.005475
706633.334377 29.323877 323.793986 0.012782 0.001663
534505.464385 317.249268 182.470276 -0.009450 -0.019533
1061346.780072 419.740235 154.913975 0.004189 0.017611
1275778.349152 611.960883 164.403339 -0.019713 -0.004275
1816858.008419 547.092268 166.013265 -0.003173 -0.019294
837596.447597 159.087678 542.014793 -0.014414 -0.012810
537634.699856 396.215401 130.355553 0.012321 -0.007439
1509630.032587 59.562729 425.766888 -0.024585 -0.024460
1442342.147903 473.635941 518.159675 0.019186 -0.012364
1603574.954720 492.059196 575.820585 -0.016931 0.004958
706735.606634 787.848474 184.372096 0.005208 -0.003780
651319.147391 39.727960 362.273811 -0.010773 -0.012384
1573016.600485 398.144580 411.348297 -0.019942 -0.007664
1998835.487291 607.656772 230.188161 0.008375 0.012765
1445522.677826 344.905150 246.124154 0.003477 -0.003645
1207599.107738 311.336204 14.959628 0.002536 -0.001321
1297106.122271 733.994656 269.879289 0.018131 0.001904
1709409.523620 225.347715 358.938530 -0.001614 0.000451
1579454.636005 196.672083 5.846235 -0.000955 -0.009962
635151.660366 380.569101 5.045529 0.008026 -0.012570
1657542.871152 338.002801 368.751106 -0.010403 -0.019605
50074.195513 673.655336 239.445795 -0.017990 -0.003731
1728956.987955 558.574912 193.882730 -0.007465 0.006084
1741304.677791 135.021474 562.122763 -0.001266 0.005055
896425.988943 206.791039 524.876009 -0.001635 0.009342
248631.410417 620.366920 125.789756 -0.014691 -0.000944
789536.960791 769.075809 539.256900 -0.019606 -0.011931
1819863.026878 28.311286 26.094540 -0.007616 -0.016543
901731.744829 139.476787 470.672504 0.010950 -0.000465
878442.611954 515.157074 393.375427 -0.004976 -0.015503
569936.175165 658.562528 222.610346 -0.013654 -0.008685
212161.644461 226.405278 35.176709 -0.007361 -0.003243
1070836.321949 568.340499 228.043258 -0.002627 0.008850
1162154.364009 276.192954 454.544156 0.005044 0.006162
1685995.778854 61.529945 497.406059 0.005565 0.014009
631794.399876 54.182419 296.542217 0.018929 -0.002276
