120102.793966 630.349422 121.562911 -0.006111 -0.005546
269277.329682 299.858118 156.353917 -0.018289 0.015146
1260731.205931 302.372641 191.687941 0.013060 -0.002955
973263.179405 632.983627 572.864590 0.008492 -0.005941
1683880.506867 289.059090 229.158067 -0.016814 -0.013039
1760997.696668 175.517521 580.243530 0.011722 -0.019812
354965.669268 681.925181 474.490676 -0.004795 -0.012060
306862.422408 411.976995 346.461384 -0.003478 0.002351
913598.742761 35.052457 562.735489 0.011163 0.014845
723511.401901 210.160677 397.959687 -0.007305 0.019056
27418.055584 126.965798 203.052015 -0.004124 -0.010452
1026719.971107 221.746943 272.805451 -0.000715 -0.017198
919235.655535 527.160498 552.630607 -0.009944 -0.018418
247720.705461 324.300848 333.825954 0.008063 0.012672
229642.751734 125.417172 517.311189 -0.017957 0.017128
1463437.116455 330.368812 119.012224 -0.004252 0.009169
349002.480669 325.725950 534.120788 0.001371 0.011223
253345.397419 21.891732 48.652750 0.003294 0.000361
301882.374241 33.068657 100.880141 -0.017029 -0.008248
417897.793659 158.443974 420.029223 0.010564 0.015940
1032678.423930 703.021586 34.697862 -0.004922 0.017256
1981626.739717 86.411714 206.286888 -0.012563 0.000514
148080.320166 291.249781 546.328785 0.018534 0.015038
1426235.401736 72.537968 542.659364 0.011807 0.006900
826207.458426 756.256565 428.109030 0.003242 -0.019249
17939.873048 633.116522 129.735678 0.008259 0.002246
229060.592236 178.563957 260.734156 -0.012973 0.003885
729567.630556 129.806411 425.640533 0.008453 -0.006091
424191.899795 625.328485 428.308659 -0.015120 0.009730
1179453.697605 667.586884 501.740082 -0.000349 0.005134
1017047.714916 724.793191 344.253276 -0.011065 -0.000462
1184883.571782 186.713558 168.578648 0.012301 0.017678
1669257.284919 737.944720 97.765486 -0.009206 -0.017047
1530870.404807 506.858660 153.078518 -0.001086 -0.006383
1211583.405366 549.585816 75.512039 -0.007256 0.012399
1741377.547263 727.254032 385.802062 0.008300 -0.003750
544004.606336 172.708116 185.165896 0.013871 -0.002454
1594854.852927 349.741048 402.261794 -0.016924 -0.010149
1223177.906695 729.786751 101.187888 0.010923 -0.013201
527324.168257 433.121211 487.451527 0.000763 -0.019358
312490.830343 99.626257 422.351846 -0.009835 -0.002946
1025907.483430 120.712487 212.210819 -0.013730 0.014355
1509229.653286 341.733741 43.492604 -0.018233 -0.009497
1023852.793045 688.049838 428.267251 -0.012674 0.017494
1918069.081343 635.095596 509.731710 -0.014811 0.002797
59433.087734 314.631740 68.069098 0.013712 0.016465
257531.464220 800.666350 21.680204 0.013267 -0.008798
961609.428265 277.351179 259.692748 0.013379 0.000055
582120.371322 470.051226 558.548311 -0.005431 0.005987
408974.288222 701.839036 306.429502 0.016853 -0.017669
899929.745542 700.266225 511.559686 -0.008030 -0.019848
849952.291162 263.274371 237.561846 0.001513 -0.013092
617567.269419 532.340631 103.649527 -0.006174 -0.000014
907629.657959 661.941939 507.055662 0.015500 0.006308
693382.430213 141.705131 148.674585 -0.008905 0.001675
1797970.130014 385.093484 250.750907 -0.003517 -0.004091
955435.349120 688.576346 163.854953 -0.006710 -0.013568
557659.864685 605.914124 293.240072 0.007013 -0.008253
1324351.926951 788.386779 575.545886 0.013338 -0.006826
917046.023028 230.599104 93.402177 -0.007869 -0.012895
1632997.046985 518.944027 212.696369 -0.017502 0.017133
1790149.784549 770.134435 244.829442 -0.007401 -0.004940
1613713.184192 631.999308 140.515314 -0.016804 -0.015061
791753.703166 288.704340 527.055334 0.015413 -0.018595
347958.385175 437.245468 12.018347 -0.014656 -0.004604
701432.257286 473.867449 403.482164 0.000327 0.015834
1693039.169392 258.570244 326.880397 -0.012035 -0.004482
944105.254926 76.493726 210.565445 0.015370 -0.003687
1451122.988691 550.824990 119.966067 0.018416 0.010777
644142.737912 284.915489 76.506364 -0.011887 -0.010297
328294.663843 300.205066 473.820871 -0.012080 0.000430
344141.964030 428.914943 60.364012 0.013705 -0.018296
1995072.262359 551.875000 220.813219 0.001688 0.015583
1509670.835691 11.021371 591.179447 -0.015721 0.015781
783939.521193 665.497379 350.183043 0.003511 0.011739
702233.533702 730.426869 88.964668 -0.000807 -0.015176
783487.379916 514.271143 295.356852 -0.012691 0.013066
1976.599918 281.989356 217.484773 -0.015849 -0.012073
812477.567611 81.077229 532.151693 0.010930 0.005814
1551513.418346 422.755650 395.151000 0.010374 0.005367
1106838.468046 120.634126 279.803674 -0.014510 0.009728
516376.429478 389.563264 394.419302 -0.004222 0.018597
1541877.001311 639.110242 367.156971 -0.009509 0.019228
877046.727052 211.081177 200.357700 0.012099 -0.005350
1062152.807164 166.433969 281.095491 -0.003289 0.019327
220503.739184 155.155660 306.309110 0.010780 0.018105
285758.867062 257.662115 62.730721 0.004286 -0.002082
1694852.848395 693.285372 566.588263 0.000264 -0.009263
1823523.613542 219.379438 44.365281 0.000928 0.001478
109429.840049 768.260558 480.145851 -0.004464 0.010484
331166.874772 736.400817 582.191052 0.005308 -0.006557
1904142.131984 594.092754 318.592681 -0.001589 0.000435
967910.745632 483.337749 499.169077 0.003514 -0.011505
581591.096978 348.339441 48.250149 -0.010671 0.017481
706572.319710 117.959783 128.435145 -0.003024 0.006876
1499518.371885 385.555331 378.938803 0.001971 0.014868
785875.055374 571.492412 474.341862 -0.005469 -0.006111
257524.722376 253.021004 54.490664 0.006477 0.011222
1201976.699383 114.803086 229.002770 -0.002614 0.009275
1186503.038363 580.099515 101.977632 0.006816 0.018385
215485.423904 20.033064 64.827464 -0.007113 -0.001909
1555844.913030 56.606061 560.889855 -0.003703 0.004790
1610655.802121 641.138875 200.220491 0.003834 -0.013391
1363983.919548 580.682875 288.283030 0.010879 -0.004605
515601.680854 298.571147 317.747298 0.005558 0.012247
521772.659627 185.416170 319.685594 -0.002811 0.016115
984056.433190 429.826955 558.480820 0.003438 0.013533
764465.851134 302.156774 558.136861 -0.007320 0.011435
1098768.237559 98.327278 352.991399 0.014544 0.008857
1505133.839094 452.420305 265.807582 -0.010760 -0.006520
1656881.889169 392.695033 425.820712 -0.005625 -0.014824
1035409.796534 493.400418 216.211650 -0.018002 -0.018102
532033.862794 432.342901 349.826024 -0.012178 -0.014335
885049.308131 462.053912 312.540266 -0.005102 0.015764
611963.250959 737.732464 10.520784 0.015696 0.012228
1469794.933437 516.272385 223.724876 -0.012354 0.015660
1419313.830053 5.357345 222.194857 -0.003136 -0.005434
1001399.715897 751.368793 590.038816 0.014477 0.019434
57920.523946 103.095514 316.842642 0.004569 -0.007021
1340168.589419 43.960108 541.130898 -0.012374 -0.002907
1593328.125585 397.146868 208.998698 0.012549 -0.004452
308175.125303 438.507738 21.662468 0.000913 0.009143
1829796.170737 187.831336 440.366441 -0.008567 0.006237
194622.977727 628.257571 356.834883 -0.016821 0.005971
1163384.351490 85.659275 466.972321 -0.015206 0.009267
203536.384834 623.352264 467.126853 -0.019844 0.018798
408990.508136 640.563104 279.679669 0.002472 0.004642
1709918.606891 566.616038 96.552170 0.015797 -0.010600
1776676.395804 644.402130 280.147223 0.004766 -0.016391
248411.979642 575.696461 526.951940 0.008750 0.011925
1052401.075630 239.705757 543.538691 -0.007831 -0.003529
1254879.329007 324.208802 114.365895 -0.003720 -0.003557
322021.593490 487.278943 125.250919 -0.001559 -0.014862
1647379.426121 386.348845 521.377538 0.019419 -0.005111
204691.412954 699.211494 106.323620 0.002786 -0.000169
536197.156895 555.154709 128.628396 -0.014203 -0.003476
25648.950611 538.082120 428.985898 0.016655 0.018929
247729.502734 436.795820 229.374050 -0.007398 0.018031
1580350.309415 379.624742 335.068964 -0.020010 -0.015903
1443766.372951 659.238606 351.178653 0.003685 0.012392
1912564.341869 554.159340 409.420746 -0.014676 -0.009431
357511.299829 321.062193 575.541650 -0.004452 0.001832
744693.135258 324.170020 130.754601 -0.016543 -0.007025
387589.365424 167.830698 523.086210 0.002988 0.000948
1645202.005117 291.564894 -0.172916 -0.004716 -0.005352
205411.871060 83.786106 113.612076 0.007514 0.007848
1996032.971887 514.973227 234.027251 0.007583 0.010272
1306804.762830 688.168926 106.517560 0.004502 -0.009855
1450619.077985 788.753701 394.901819 0.017710 -0.017183
1969754.747101 110.784284 168.531783 0.013588 0.008609
1609086.544071 543.978433 45.286268 0.012194 -0.017509
883645.576836 726.204703 99.695232 0.005801 0.003611
1722771.757153 502.329434 142.197151 -0.009968 -0.007545
28763.775727 722.547620 101.811753 -0.011920 0.000476
845989.907554 733.596943 301.478598 -0.016756 0.014406
1143645.596292 54.690095 600.538202 0.014092 0.016918
1423342.375748 525.804272 361.898288 0.011474 -0.001577
1329764.171191 185.013815 221.914391 0.013250 0.014449
1926056.274178 553.092505 294.586177 -0.012011 0.017727
1598411.507718 172.973004 507.776111 0.018776 -0.003701
726058.746095 314.202815 195.440964 0.014549 -0.001021
375371.614646 348.255166 324.722555 -0.012689 -0.008672
932014.105344 718.207428 567.143831 -0.017147 0.007075
811741.037672 587.898095 550.864133 0.010982 0.002646
1557690.799962 589.573378 155.099180 -0.009262 0.017506
399385.155365 53.126686 91.015517 -0.018131 -0.018560
1122038.441301 328.236527 256.482819 0.015487 -0.009124
1805346.826001 59.651546 425.634339 -0.009735 0.011710
1995636.369100 729.369140 97.287413 0.017696 0.019495
1695958.700821 279.190811 427.694737 0.010650 -0.015091
558004.577904 435.842851 516.861000 0.001463 0.012501
1597187.265566 589.490114 528.925586 0.018088 0.011276
1833981.536251 409.975289 114.608170 -0.006178 -0.003986
929917.220459 197.657995 284.915549 -0.013223 0.007527
1471826.909795 138.793074 361.081757 0.015872 -0.015403
1165988.196230 595.127592 277.981349 -0.008199 0.000422
1172216.120722 460.757240 32.222922 -0.002213 -0.015468
1736107.381869 196.571431 508.098450 0.009950 -0.012183
1259741.624473 533.159798 424.888865 0.012848 -0.019579
218963.730251 229.110476 155.177274 0.003365 -0.001621
1902503.935575 255.803303 379.441573 0.002184 -0.011333
1496596.111682 109.290210 576.155508 -0.011565 -0.002667
941537.357374 638.191726 5.788321 0.001075 -0.010182
245239.558744 316.002796 292.838860 0.018816 -0.014287
1372376.816986 480.061017 484.714491 -0.004178 -0.003134
1637971.852737 403.512765 423.818475 -0.017039 -0.016319
337179.376901 23.807830 245.433916 0.012150 0.003353
1249672.392965 440.361659 432.932933 0.003371 0.010439
310196.676436 44.197459 335.851962 -0.013357 0.003301
1607296.809371 230.161056 584.920600 -0.008225 -0.009718
236307.595035 784.132976 515.164595 0.017032 -0.004956
561161.337682 597.185239 528.963872 0.019429 0.012911
1939371.158341 125.279905 512.125720 -0.004854 0.018365
870700.636353 1.949542 305.629126 -0.013716 0.003551
541779.813609 249.567817 386.775077 0.013271 -0.000879
453110.709066 506.615017 459.825075 -0.011932 0.017062
47266.968548 257.077292 543.103221 0.015293 -0.010206
562186.379247 129.911411 594.451263 -0.013527 -0.013988
1629854.769274 105.379295 185.093970 0.006688 0.000383
534606.907766 82.383025 307.354614 0.011065 -0.009662
203362.833803 38.316322 342.428201 0.009816 0.015237
92345.910190 778.973759 306.345909 0.012416 -0.012993
877177.283576 667.491435 297.770409 -0.006204 0.008677
1484435.888699 501.033358 528.966070 0.009362 0.011481
64404.659935 438.934068 550.604531 -0.006309 -0.011464
856791.879449 487.256310 190.739090 0.017635 -0.004614
1153201.109335 33.802030 259.561913 -0.014248 0.011671
618554.387530 154.419032 456.480255 0.012848 -0.019888
1875266.974734 207.488260 503.064814 -0.002711 0.004181
1111007.126566 140.199231 138.730051 -0.002542 0.016429
34336.430968 375.562719 275.471023 0.017003 0.003938
1349224.196444 292.342974 249.796742 0.019691 -0.007784
1602661.077679 455.063014 209.709625 -0.010641 0.008544
276647.354605 434.605487 544.379647 0.016531 -0.005574
1822198.850020 671.235536 373.166707 0.009936 -0.009118
453696.245539 243.670442 268.697363 -0.001688 0.009711
713133.517985 379.721290 125.341064 0.012602 -0.003599
36437.158490 391.693355 464.278841 -0.002946 -0.000541
159010.190591 189.078864 31.250750 -0.002842 -0.001195
1535456.720523 453.653445 6.972387 0.007005 -0.001238
749811.288319 470.268273 183.171759 0.019842 -0.006522
1154889.427663 178.615442 384.648131 -0.018992 0.007207
762647.938338 305.006978 92.399756 0.003626 -0.012134
1129345.827331 486.670445 410.683020 -0.006553 -0.018336
337378.635228 333.862207 168.978030 -0.011172 0.013867
1499918.929068 791.404469 248.106826 0.010326 0.006657
1760744.261444 108.643653 149.673232 -0.012557 -0.014687
1172923.453698 610.371255 215.779292 -0.010962 0.011550
79642.974809 485.996771 100.883766 -0.012199 -0.012029
730713.756164 606.707154 483.714031 -0.017944 -0.016077
1702955.846536 175.300163 309.517513 -0.014683 -0.002390
724785.897287 706.080396 258.004339 0.011060 0.005772
187236.443249 524.266318 468.798074 -0.006230 0.013667
1828784.213322 744.143984 362.674581 -0.009462 -0.013123
787390.226865 250.429678 459.589410 0.002472 0.000222
1929498.061505 743.097430 161.300145 0.010595 0.019225
730520.102536 499.773150 120.287145 0.015135 0.010726
1281053.293162 194.108224 381.605307 -0.017204 -0.019255
562426.321470 130.057229 404.888082 -0.017494 0.000256
1033437.869061 779.874907 262.733244 -0.015123 -0.010098
1192859.900739 412.519142 336.194109 -0.005497 -0.016830
138898.690296 261.384174 3.417433 -0.006505 -0.015983
1973181.982512 560.918883 434.077647 -0.012568 0.003316
957790.512106 660.608182 496.979744 -0.015318 0.015869
1692076.045876 318.223344 36.185094 0.000830 -0.001622
1136829.509929 29.053540 260.267585 -0.019483 -0.013630
1367539.427880 482.349837 406.440031 -0.010176 0.018683
1509350.044424 252.484009 176.169053 0.010384 0.006127
785056.476847 597.868944 213.011027 -0.015365 0.017399
1873643.585422 476.215977 457.153801 0.010544 0.008428
1315983.134935 488.306105 64.569848 0.008819 -0.014703
1135951.929323 228.483903 100.509449 -0.019846 -0.008263
656102.584980 548.335579 539.411101 -0.019843 0.017278
1727078.126616 606.162595 148.311603 -0.013761 0.000844
1797488.349396 438.841556 161.476405 -0.009878 0.006608
406141.346510 152.236056 156.605707 0.018578 0.018126
1941231.998588 496.979710 337.333348 -0.016813 -0.006388
1386830.762674 518.678667 376.841513 0.014458 0.005996
1843128.023596 152.379375 201.585473 0.012791 -0.012234
538331.757550 546.173713 571.957328 0.000658 0.013526
944807.663069 332.496090 233.427450 0.009317 0.006536
106756.882792 754.862025 514.699006 -0.007568 0.016350
1618777.323337 226.534771 318.102746 -0.005080 -0.005200
1742666.514471 52.445992 7.095104 -0.000033 0.017119
1321460.731012 337.369909 69.590381 0.019884 -0.010386
620834.287545 213.041191 553.933848 -0.009465 0.011288
1523195.320518 587.256887 118.875803 -0.014021 -0.000937
1731081.362688 163.221898 252.020186 0.008922 0.000663
656632.629529 425.835740 480.707205 0.014354 0.016119
325566.043298 583.557280 580.914711 -0.013081 -0.010863
1792559.657149 666.148549 390.443193 -0.019495 0.013211
1778465.217808 259.463395 59.296493 0.012355 0.003555
1763427.173609 457.612348 193.106820 -0.018039 0.010563
1593951.392730 755.800285 556.333712 -0.011303 0.006588
886016.743670 435.696897 119.124074 -0.010427 -0.003809
204796.643092 323.635976 80.835578 -0.017151 0.002941
727276.621725 773.238927 248.585385 -0.019671 0.019073
488690.041233 721.686997 183.106487 -0.006263 0.008565
1781116.410057 179.097694 171.879287 -0.011456 -0.007823
20635.784613 7.742444 149.432911 0.017507 -0.010967
1834876.302553 303.224973 462.731020 -0.015327 0.004958
350019.654422 174.574717 16.650562 -0.007610 -0.008377
1214501.650638 537.531827 155.157269 -0.019200 0.007506
477760.385944 211.530009 353.549583 0.001775 0.004274
605806.972182 347.300292 499.356495 0.003594 0.005787
272576.070518 480.044059 392.527053 -0.004571 0.001528
1759240.741729 243.260085 550.228589 0.005979 -0.003300
1080301.612187 660.487769 382.483155 0.002799 -0.014588
1857771.559552 140.055993 484.210465 -0.012466 -0.012189
988850.145130 339.752014 277.009541 -0.016672 0.018750
134591.829094 309.777912 242.741372 0.016000 0.019019
96963.198901 28.700271 345.792988 0.008362 -0.003140
227820.812831 464.808498 434.654063 -0.018766 -0.010716
290631.014058 457.678701 34.103599 0.011530 -0.014537
385931.693197 569.311505 190.305214 -0.020043 0.015997
1023297.854244 397.287392 195.452750 0.018822 0.003290
589125.026292 31.644942 579.855136 0.007961 0.017434
1882412.602139 596.851750 583.989103 0.000681 -0.002107
790218.714061 504.598713 18.793413 -0.015187 0.006562
526777.357108 212.237530 139.683859 -0.007103 -0.017982
748590.766801 411.904102 457.617815 0.007588 0.000587
1324791.236466 162.405226 5.844983 0.019528 -0.013027
1179151.767483 226.064678 128.526374 0.002199 0.019236
301466.356172 395.843488 434.624267 -0.014970 -0.019524
349183.755158 414.874686 387.423720 -0.011760 0.005630
616335.581344 375.090741 543.882849 0.001728 0.011530
1910511.639859 733.856646 182.973138 0.008692 0.004283
1640005.631205 304.903698 484.947107 0.013299 -0.005359
1964468.728734 335.716928 391.326410 -0.012185 0.018994
1261209.360911 276.168415 282.358001 -0.005751 -0.001158
968463.258337 424.216393 593.948726 -0.014827 0.009414
1257770.379660 350.174688 124.159886 0.001233 0.019285
1991034.577596 391.314311 537.546072 -0.008008 -0.011745
1007596.648767 95.745377 353.607339 -0.006572 0.017873
1912045.142572 235.992084 222.797587 0.004268 -0.000411
692628.538559 190.308489 501.254118 0.008618 0.003840
609848.141023 240.580385 74.895849 -0.008217 -0.002767
1723251.459991 737.477269 520.922109 -0.017359 -0.001711
1696924.347289 50.466333 567.902608 0.009836 -0.005596
309029.791648 199.805368 289.738618 0.009614 0.002299
867302.640745 559.316859 513.424805 0.012171 -0.007827
691843.061099 120.420117 326.302045 -0.012880 0.018608
272265.500516 388.301934 162.310936 -0.009545 0.011207
1400582.436193 98.398896 421.156526 0.003058 -0.012251
320566.674844 332.891450 150.661809 -0.015710 -0.013506
1229627.376064 208.606867 245.966089 -0.016032 -0.019859
1946485.269790 425.080863 421.450292 0.008489 0.005228
15066.369444 140.521062 292.216433 0.002014 -0.005765
911695.870064 549.206196 506.429892 0.009049 0.017873
1245159.992597 340.244094 42.975973 -0.006025 0.020405
519428.529087 388.678853 247.065833 0.000324 0.003896
1147820.552414 102.382878 512.350575 0.019417 -0.011056
1717933.562453 767.129655 453.838143 0.002502 0.011434
183230.377819 455.364586 577.564971 0.003168 -0.015311
640928.558372 27.301601 483.372795 -0.013445 0.010256
1503776.668340 629.124077 110.892693 0.012837 -0.015523
360957.489517 65.426191 358.364132 0.003711 0.003712
380073.533570 131.763118 431.452609 -0.018231 -0.014048
1889061.825298 723.477703 66.002006 0.008016 -0.001332
1796955.322752 633.992993 20.336061 0.014480 -0.005168
306282.549308 147.183127 243.096367 0.018371 -0.006196
332156.324914 567.531657 78.932460 -0.005932 0.001330
485168.456326 426.807170 367.154829 0.012966 -0.014824
413343.113108 24.524109 173.422782 0.017107 -0.017005
883643.182406 697.272670 587.125348 0.002073 0.002797
887249.075289 360.288130 217.431809 -0.000907 -0.007431
1467432.667253 504.149955 297.543742 -0.014404 0.003561
1682910.725327 245.328674 179.582122 0.018985 0.006319
1660796.624450 172.275573 113.316961 -0.002229 -0.017763
629926.086697 520.405714 50.924212 0.004183 0.003117
318150.466456 37.090196 269.378063 -0.013698 0.003898
40123.955365 464.567924 28.878862 -0.004750 -0.017487
724761.667999 94.149610 413.537642 0.014317 -0.009807
558074.092752 559.711789 337.338187 0.003107 0.006872
438651.350531 326.369912 533.419337 -0.004357 0.014723
1885724.248311 578.761480 300.873979 -0.018901 -0.006833
158400.153815 149.298063 226.032690 0.001149 -0.006971
1952982.963972 437.365628 543.829202 -0.018967 0.017287
1927788.328346 311.088650 28.146843 0.006209 -0.010079
607879.136041 747.117056 567.566756 0.014623 0.000472
1236504.919471 67.948451 551.388884 0.000259 -0.000280
1541570.438790 358.699256 131.491019 -0.009128 -0.000974
1098586.873663 282.465623 398.546242 0.017053 0.015183
1973812.054831 723.259568 257.514554 0.015637 0.017486
717421.361579 684.403259 190.613919 -0.003729 0.000396
1128238.588166 568.345857 265.748433 0.000397 0.003058
1906900.824936 103.370930 396.823143 0.014913 0.005400
311031.282093 514.340173 50.820608 -0.004960 0.016685
1119457.958787 738.686906 161.539852 -0.010700 0.013996
295815.608602 167.837949 451.439093 0.003001 -0.015984
1365835.790227 746.485546 573.992976 -0.019995 -0.006453
933742.419320 452.578538 29.889278 0.016424 -0.016949
1254474.420685 689.959114 122.271765 -0.008480 0.009407
1674721.783807 355.783676 227.842031 0.016822 0.012742
589441.845468 384.445268 445.884818 0.002573 0.008106
1186208.380939 568.244563 547.195861 -0.006139 -0.008544
28320.921598 24.751500 131.478136 0.018881 -0.018778
1123059.363627 350.800321 356.710643 0.004341 -0.006041
1339490.994503 192.750654 126.497701 0.014922 0.001167
1892333.765464 567.726696 583.367429 -0.007258 0.005397
1580513.963280 495.710755 66.065957 0.001224 -0.012657
1628540.167412 101.114548 535.763663 0.009075 -0.001120
358744.990248 592.708888 301.876773 -0.004045 0.008489
1065496.480589 768.534274 90.575756 -0.014938 0.002933
996930.964755 638.435134 488.964794 0.008374 0.006815
685065.261407 523.913275 229.183341 -0.007701 0.019130
22284.613001 82.950942 360.120723 -0.014782 0.005075
1564209.169505 749.616941 458.229498 0.006965 0.006548
471659.941818 684.085392 242.327761 0.009524 -0.009784
234378.384535 216.332207 129.509467 -0.009222 -0.004010
1581110.075852 613.304208 117.724397 0.004189 -0.000946
1733102.233956 757.458545 78.082092 -0.010153 -0.009493
222272.466972 206.873640 219.631608 0.008457 -0.004764
7593.072023 394.940244 189.512470 0.010729 -0.013130
1961038.188991 2.006132 14.074158 -0.004563 0.009665
554464.627316 401.912890 7.766864 -0.000263 0.010872
821613.773155 227.384079 322.787819 0.003865 0.015645
24485.756655 378.200641 502.257858 -0.014261 0.008805
196372.594776 203.377854 588.108594 -0.001422 0.018531
718005.964867 375.100907 274.411902 0.007058 -0.010209
1252709.545778 525.482876 141.997222 0.005944 -0.018311
1958473.456073 741.974626 326.302200 0.019618 -0.003225
628831.249023 322.370255 421.191612 0.014054 -0.019647
1185057.482303 690.524457 288.703314 -0.002876 -0.019708
406775.272641 421.015729 157.472406 -0.012929 0.019340
452064.211691 433.183990 275.519267 0.007344 -0.011362
1391094.198167 249.347917 524.996245 0.017202 0.018294
1830316.959801 730.300864 532.315563 -0.001630 0.016122
610994.441719 617.958070 184.050949 -0.019669 0.004983
631021.334152 481.919500 291.928737 0.011824 -0.018545
989235.750860 1.890170 333.935127 0.010265 -0.012655
1098658.789461 784.191318 435.185208 -0.019670 0.006629
1883467.686308 564.657559 586.065370 0.012845 0.005345
1871849.530317 584.927618 330.422418 0.012870 -0.012448
911993.535660 102.340323 577.246889 0.010595 -0.014607
1176139.691461 61.423409 443.581075 -0.016926 0.015015
1537174.407177 456.287855 526.388712 -0.006935 -0.006926
123261.179832 701.008651 185.382920 0.011706 0.014812
1946848.674653 583.397477 354.106756 0.017979 0.001706
457599.283409 709.097523 164.615054 0.011210 0.008296
926562.791190 189.182066 501.832409 0.000192 0.019965
1942178.605097 12.139682 45.206815 0.008408 -0.016360
1905775.863633 382.842191 397.582980 0.013284 0.012158
1975712.466974 713.516036 408.034609 -0.008351 0.007175
1128937.655654 214.493647 243.586626 -0.013914 -0.011206
1900458.380534 306.087263 61.965200 -0.011067 -0.013420
1623668.112617 550.033793 239.455825 0.005844 -0.015474
798515.523224 494.049417 76.693261 -0.000980 -0.006942
438456.544857 343.848214 482.198769 0.015099 -0.009802
1216805.763178 694.538563 90.560188 -0.008499 -0.013388
1661706.700764 681.337675 258.963771 -0.010496 -0.019706
1303971.794110 150.914803 233.904930 0.010280 -0.003513
1107963.914568 455.486970 58.868518 0.018168 -0.011400
425643.800956 282.552669 500.103696 -0.007764 0.013929
318262.858465 449.293270 154.958141 0.018574 -0.002258
1036196.117772 457.952097 186.733602 0.006838 0.014653
948553.069005 401.626359 427.796090 0.016408 0.009316
1438074.149861 446.830072 555.689522 -0.015616 -0.007633
677338.477540 530.398633 530.708492 -0.002503 0.004691
197747.041563 521.312201 583.676101 0.017215 0.019648
1601492.672973 71.418667 330.447120 -0.017644 -0.017803
1987075.958395 461.447221 375.095093 -0.007819 -0.010046
971748.938305 621.651989 449.448035 -0.012076 0.007402
974474.447302 733.519291 145.973551 -0.003455 -0.018907
1121549.802423 602.035380 413.044091 -0.002209 -0.012399
613932.794246 434.571035 504.537070 -0.008851 -0.001014
1665525.531241 62.862265 338.510413 -0.004456 -0.014550
1238773.710671 302.318291 429.584907 -0.010180 0.007296
1925637.924078 585.434070 276.805928 0.008457 0.017213
290519.337305 158.593625 508.099177 -0.004361 0.004491
1745488.432117 760.849074 218.917279 0.002436 -0.004213
1111265.337612 695.111447 563.043042 -0.004293 -0.013816
829182.160473 184.464381 135.908563 0.019241 0.004582
728391.627189 478.654729 596.434061 -0.016893 0.013627
1349985.243450 33.173959 346.125416 -0.014485 0.010170
1010733.056353 223.828938 571.646825 -0.005910 0.006789
1129411.861826 180.517039 373.294010 0.017224 0.011493
33999.050983 389.427720 394.320532 0.025066 0.017305
1606354.705806 295.987507 66.624100 -0.018767 -0.005950
1451822.744427 315.243248 570.265211 0.008765 -0.000992
1590584.168020 314.792874 309.324539 -0.005147 0.001138
538209.161040 700.787809 484.776432 -0.011163 -0.010865
958317.440449 627.986692 272.278034 -0.015994 0.008653
479655.517489 94.678997 120.019304 0.015866 -0.017008
167238.956395 558.519385 267.512564 -0.012159 0.009131
1592486.357127 737.349734 73.317791 0.009843 0.005645
1189583.299304 432.870316 21.053775 -0.015521 0.016591
1124831.962923 303.213364 474.241201 -0.005199 0.004002
37146.621401 680.298177 232.870698 -0.001137 0.018060
205026.889315 568.784662 41.108193 -0.007906 0.004320
284161.461650 310.246528 183.841468 0.003495 0.003360
68690.410847 306.041595 301.547133 -0.013743 -0.014784
287411.349028 600.042800 404.075337 -0.012907 0.014469
1171263.018237 591.610865 143.485746 -0.004983 -0.015499
1682127.158941 314.870812 577.663818 -0.010868 0.014491
1824708.168313 265.112682 346.704735 0.019210 0.005356
369206.509725 98.052133 13.468352 -0.000372 0.008418
1208981.916871 419.271787 56.268874 -0.015647 0.007270
446720.970071 202.403159 259.061815 0.015798 -0.002838
586212.983628 385.060580 102.266041 0.001334 0.014310
560717.814863 299.170362 150.933430 -0.010358 0.004158
234257.601311 123.805648 558.747839 0.007815 -0.014629
1133248.557864 703.477261 154.158110 0.003533 -0.005173
1934248.125150 153.405652 536.555410 -0.017562 -0.007936
1152133.833222 225.939240 331.258219 -0.019690 -0.013029
1965200.129880 240.247723 396.977774 -0.013821 0.013360
1034901.121182 346.308712 125.950691 0.010916 0.006861
1623246.405098 709.121456 497.194305 0.009740 0.003206
1926329.093951 248.012187 276.462969 -0.011182 0.015959
1658576.383096 150.572775 54.661401 0.008985 -0.010062
786221.519479 241.116810 318.580446 0.017774 -0.007703
1421758.733421 742.862888 364.859939 -0.004738 -0.017498
888519.625593 711.374176 308.078071 0.005887 0.006124
374128.679919 371.205294 325.392822 -0.019385 -0.011587
247207.860577 783.059664 311.414492 0.003275 -0.012053
838233.393076 329.894236 231.356262 0.000757 -0.014297
1269501.125100 722.840760 262.966574 0.010659 0.017636
1490342.234955 701.499567 467.105290 -0.005846 -0.010059
1720173.599068 638.913501 82.388804 -0.005153 -0.001848
1589947.016719 447.750496 550.824918 -0.006499 0.003124
254199.274003 369.791879 331.585401 0.005918 -0.018218
1506623.924480 52.275483 274.498371 -0.014409 0.003086
1187558.641279 618.946683 289.774537 -0.018796 0.017646
663885.182079 619.835312 490.335766 -0.015549 -0.014783
134186.233456 776.509018 557.348875 -0.011874 -0.006224
763995.101100 799.227235 542.376596 -0.008057 -0.006509
960104.740672 340.571833 478.950752 -0.018583 -0.016978
1689167.128731 629.627319 85.015612 -0.007878 0.017130
1435140.350571 715.877382 422.357243 -0.012035 0.017046
1287450.956780 425.491631 421.051973 0.005529 -0.012116
1664884.491668 423.955519 368.668223 0.010653 0.009308
1916152.068375 115.823819 439.916049 0.014343 -0.002302
142374.806172 274.850686 522.076131 0.014830 -0.004938
1889104.925044 571.519469 97.659954 -0.016730 -0.019289
184043.514628 642.498063 546.721040 0.011780 -0.019918
1678137.485719 350.681310 320.263226 0.001589 0.016088
349432.717240 299.362533 257.098634 0.011498 -0.014631
327130.583267 597.963393 167.758948 0.015863 0.004361
1445781.852792 774.695993 571.682993 0.003711 0.013529
657045.848974 430.371866 332.911741 -0.000289 0.004925
1143416.638087 467.909182 254.866047 -0.000622 -0.004813
853229.746620 259.837967 491.351015 0.018361 0.014542
1436276.935710 106.303463 143.749140 -0.014011 0.017008
747046.145027 249.445210 400.570140 0.006113 -0.011895
555282.349025 299.974787 106.847027 -0.010820 0.018771
31011.744417 446.409645 303.334234 0.002808 -0.017981
259713.421697 113.435361 381.652948 0.002214 0.005068
30230.289339 785.988320 570.813713 0.013288 0.017719
1629124.594680 439.864896 45.072858 -0.017903 0.007950
1993199.337271 341.331545 5.297475 0.006601 -0.016780
437214.899080 754.062331 272.134169 -0.004251 -0.013122
847463.854052 329.361941 438.960113 0.017213 0.019223
1561464.248021 48.352166 73.566444 -0.003319 0.004593
1496915.452879 345.610849 357.928844 0.008046 -0.009434
1076064.875850 410.544549 489.299715 0.004505 0.002589
1028186.607653 487.318222 594.670450 0.000921 -0.009097
141764.248787 594.399129 129.553817 0.000987 -0.014452
778578.041484 758.648785 329.967060 -0.015290 0.015190
1058486.954802 720.308140 564.064658 0.005801 -0.007097
1112790.978101 319.245797 447.947211 -0.013857 -0.016078
24501.685065 554.068857 366.303025 0.013084 -0.007844
353571.678676 272.634948 548.738846 -0.013271 0.014600
375264.103699 191.443652 365.866479 -0.003806 0.010619
1493884.026769 634.831884 429.438097 -0.008216 0.016519
1188817.119779 659.958055 487.962846 0.001400 -0.000905
259519.063057 73.970536 525.242035 0.015155 -0.010161
1949033.547169 712.120236 562.643509 0.003486 0.008713
482529.103981 609.276877 36.320958 -0.013828 0.017270
1850091.109914 273.860285 102.896037 0.001409 0.009859
1871495.037280 225.009360 324.782364 0.006253 0.002833
908785.677938 195.137443 241.374365 -0.009269 0.011231
1755362.652128 318.510682 522.230327 0.010157 -0.009001
232765.271437 581.857603 98.703522 -0.018161 -0.007172
1765166.354256 236.613463 45.855022 0.017678 -0.001987
15434.920795 692.730007 474.701572 -0.012887 -0.004013
1077013.659792 90.462621 409.451522 -0.016795 0.010613
516053.778360 427.486105 5.846666 0.006392 0.012138
1576709.125925 429.970810 119.101010 0.006445 -0.008337
948767.654108 620.979386 12.331961 0.005600 0.013215
667159.362075 417.487272 74.282923 -0.003588 -0.001433
1146380.339352 334.042482 198.481122 -0.005340 0.003865
1462269.868451 722.381968 427.212153 -0.003611 0.019236
949273.004639 536.522962 309.690720 -0.000655 -0.006847
636841.273232 217.413526 521.147276 0.000688 0.017238
316267.470045 792.955057 424.518062 -0.012946 0.005323
1072709.865436 409.252428 93.000599 0.006416 0.016887
1234697.917120 187.675870 203.733236 0.017932 0.003947
1871003.135047 543.463581 299.998581 0.005847 -0.016345
968257.898916 95.440404 457.607280 -0.019768 0.004269
184803.100389 256.336834 526.059011 0.018271 0.013469
1613704.762242 94.165559 496.927364 0.000562 -0.008171
920804.219749 40.474369 484.270384 0.004901 0.008269
1455508.939668 184.203910 565.783529 -0.017308 -0.012833
1084419.887087 1.070643 515.177132 -0.018210 0.005931
1899527.167855 422.587341 461.419482 0.008445 0.001108
745706.753221 643.086078 509.224688 -0.010150 0.010538
1369434.811813 44.303450 529.160547 0.000581 0.002796
353913.564400 780.181442 371.924736 0.019268 0.003543
660308.989072 568.449881 492.167545 -0.009060 0.011117
1997036.600484 653.844217 469.078398 0.014265 0.014410
857968.969670 644.524624 232.649939 -0.012096 0.000744
1832483.595159 457.184080 194.408628 0.011906 0.011194
174050.590104 359.969166 525.694788 0.018773 0.018475
887791.815627 115.671438 561.103416 -0.017426 -0.014863
1048845.100705 314.589921 504.449289 -0.006252 0.006681
1236598.032171 273.629519 289.938321 -0.004023 -0.012104
688449.854352 662.765531 2.261823 0.009244 -0.018932
1047717.716101 519.221192 357.769741 0.013925 -0.003474
831685.772553 746.680932 517.412577 -0.008474 0.016127
1646809.537731 588.001826 29.572762 0.010384 0.011947
354697.854423 226.425599 115.130965 -0.019272 0.005157
1718570.137265 508.354329 581.246995 -0.006293 -0.018653
338487.908402 549.547596 517.400085 -0.012994 -0.003258
1776805.868268 558.735308 40.782584 -0.000623 0.001855
960078.654327 720.324143 286.889595 -0.006905 -0.012571
763596.911339 131.421395 556.228873 -0.002738 0.017031
1446903.674606 486.806698 125.368269 0.018125 0.005339
1673049.761761 619.967778 155.719966 0.012203 -0.015277
591079.477496 780.170521 482.579013 -0.013716 -0.013988
450261.526019 36.822936 509.540167 -0.008236 0.001254
788880.985598 619.139887 258.633049 0.014933 -0.015420
1247242.441982 204.445071 167.462790 0.002032 0.007426
405506.701397 217.981863 175.151014 -0.003529 -0.012336
1835863.754077 197.586649 576.183926 -0.012858 -0.017854
159031.381905 380.199563 18.680790 0.015405 0.005331
362722.217274 87.156392 407.193774 -0.018491 -0.003716
420997.232395 340.235373 105.235227 0.005882 -0.007661
580167.091722 213.311985 333.028612 0.002821 0.012584
479025.265425 617.121320 52.410796 0.001285 -0.012670
552036.800679 359.795350 258.481261 -0.010467 0.005049
969986.005207 253.903009 61.457940 0.000850 -0.011956
1471710.388303 557.464862 187.918280 -0.003392 0.009245
1430984.936390 501.047603 91.013366 0.015641 -0.009257
902052.609670 144.307965 321.284482 -0.019776 0.010000
700700.571156 195.502794 313.463912 -0.002450 0.011056
1408199.004553 571.091293 137.350713 -0.014607 0.018119
1713095.736556 496.498039 161.224972 0.018425 -0.014618
944491.339356 557.235958 498.535702 0.011371 -0.015566
1119457.834922 400.560282 441.374170 0.008483 -0.004378
8319.607940 130.653523 343.336153 0.001566 -0.013274
647061.014849 712.010951 247.318976 0.013814 -0.006808
379545.065751 439.148172 25.982154 -0.003347 0.007309
1990576.603445 218.507663 181.316320 -0.009382 -0.010686
876473.971119 589.510087 557.762858 -0.009188 0.000888
80381.552726 664.682378 13.469716 0.011016 0.001701
828036.629980 625.249964 422.982303 0.019525 -0.007169
1747623.103553 248.280355 124.279858 -0.008532 -0.013736
1072386.123739 381.244503 423.834525 0.003244 0.015733
777386.485961 459.721522 101.034232 0.007629 0.013598
801906.589792 103.671935 345.913910 -0.006817 -0.003932
197987.358178 295.779138 137.656319 -0.015163 -0.014148
1545926.498969 428.225144 556.371822 -0.000401 0.001319
492654.834172 281.812968 500.399298 -0.000574 0.004866
1978982.283724 793.032414 69.312122 0.007740 0.002836
17631.095842 65.956988 86.867664 -0.012954 0.010994
1966499.848276 461.778032 543.807347 0.003826 0.014692
611006.784537 527.351206 167.471270 0.001463 0.011202
850069.038966 246.963907 190.008326 -0.005925 0.011501
1676786.882652 479.188602 83.079411 0.006897 -0.017856
1557780.060711 529.947353 26.092882 0.015762 -0.005711
1227310.625476 722.727902 262.536767 -0.014636 -0.020706
428616.731627 591.847702 393.249985 -0.015228 -0.007965
1127178.874392 340.578949 576.904473 0.013654 0.018401
1480731.590409 212.552940 162.273553 -0.017761 0.004812
115335.758829 714.975136 130.684551 -0.012100 0.002661
541498.807511 780.841303 137.470662 -0.007452 0.014836
1167776.423119 741.741356 464.581865 -0.019055 0.007381
1705487.274428 189.989677 255.704456 0.000302 -0.005707
1455042.508177 58.309963 469.849342 0.007534 0.016570
1485351.840726 341.303079 108.562291 -0.019559 -0.000669
1600046.444498 55.351872 226.584287 -0.019269 -0.009264
1889695.885540 230.029547 146.934701 -0.013079 0.004153
230475.999522 606.069578 319.429667 0.015485 0.011170
434670.210087 593.621052 9.843202 0.005754 -0.009931
748135.628527 296.520015 192.858421 -0.013614 -0.017667
474188.291689 718.586289 292.928195 -0.003337 0.016161
1941577.332067 174.185274 588.408574 -0.006003 -0.010712
499196.726130 235.229494 314.379490 -0.000268 -0.001291
254300.674542 487.824297 134.029947 0.006376 -0.000121
6325.354803 699.783758 144.022014 -0.019181 0.000841
980919.682878 316.204518 534.956685 0.012560 0.001945
1900851.625903 40.240510 269.140124 -0.002612 -0.001275
719689.197242 326.133780 412.510546 -0.006338 0.010298
1844748.197982 472.702489 29.961693 -0.002193 -0.016549
1036199.990211 459.363826 416.184135 0.009630 -0.010780
385683.919483 595.587825 65.411355 -0.002702 0.010635
1256102.471266 738.647295 96.212829 0.000355 0.010599
1419511.694191 375.240639 473.075341 -0.013611 0.016232
511292.832210 415.506400 189.871112 0.017686 0.014412
145034.134456 690.986502 270.042800 -0.015049 -0.007553
1071721.370831 513.009396 530.601306 -0.010818 -0.004680
233847.819378 338.040136 77.563796 -0.011044 0.014185
1786277.592083 681.586264 467.337638 -0.017913 -0.005082
1031918.257955 609.538884 506.339854 -0.007876 0.016817
1499349.890975 446.092811 263.475187 -0.017301 0.000089
597617.807145 110.453571 218.932056 0.010026 -0.009530
1353622.215499 228.421976 541.962416 0.002472 0.000628
573296.933702 542.598226 564.218239 -0.003394 0.016133
1590131.532210 246.447736 453.694128 0.003023 -0.005539
258416.177825 73.224157 73.556388 0.018867 -0.004276
87595.200207 577.065976 571.840205 -0.000689 0.011451
906233.425674 626.020825 554.304820 0.012744 0.001238
370032.188655 395.663873 489.076744 -0.016451 -0.017752
664767.085884 299.447596 441.947584 -0.009128 0.011569
1278253.811075 52.963050 58.774445 -0.004106 0.005618
916040.443311 420.127319 438.710743 0.003212 -0.000174
249204.321880 498.964977 130.031450 -0.016950 -0.015724
8661.484350 424.722857 533.343845 0.017166 -0.006051
841302.204338 89.941147 505.944298 -0.010461 -0.011997
1802783.200425 455.991531 346.405208 0.005475 0.013644
731632.451868 220.831998 544.848040 -0.001387 0.006836
1096714.972098 736.616641 118.099501 -0.008787 -0.000145
1386984.768969 324.152113 76.200618 0.016473 -0.000730
469499.863903 731.931231 7.110074 -0.015000 0.013824
718651.906922 435.256147 574.769284 -0.011849 0.011207
316653.122342 84.461187 211.497172 0.010314 0.008717
385530.231700 79.472596 10.983598 -0.015987 0.002583
1379939.433830 519.677900 291.843206 0.015396 0.017189
1974529.288697 463.460461 199.385808 -0.015552 -0.000433
1626419.535664 279.913560 244.553565 0.012990 -0.001060
503204.831157 146.002268 10.606306 -0.011603 -0.004495
1600260.999799 292.850665 294.255408 -0.013936 -0.015951
467442.890847 275.196162 120.974526 -0.009909 -0.002200
1530910.291491 752.924299 56.771862 -0.010016 0.013192
43405.273949 189.860455 245.034752 -0.005772 -0.005876
1801413.789299 133.417285 421.644715 -0.007710 0.019694
348673.859774 447.373406 105.174904 -0.012275 0.010758
1122384.702378 793.118823 80.606683 -0.017934 -0.014257
474000.488629 229.216310 293.472928 -0.002425 0.001568
1867761.544822 162.463901 288.069285 -0.018840 -0.001856
617712.498930 39.720132 415.233958 0.008772 -0.003830
88793.583256 495.253493 343.091601 0.009910 0.016878
1123119.018564 736.335231 291.313883 0.009346 -0.015514
510837.786138 237.497472 62.545455 -0.004320 -0.005980
498234.962345 502.841988 381.191661 0.009535 -0.017337
350510.791107 537.905159 163.015758 0.006265 0.007945
1451432.125387 771.336178 449.462451 -0.003427 0.007379
303273.376219 370.439048 179.755646 0.008883 -0.011662
454803.713809 227.307691 75.724811 0.008613 -0.019194
480071.545802 775.400033 189.735773 -0.006266 -0.005551
1333575.176696 474.725468 592.792962 -0.007758 -0.006721
110627.538576 382.699309 1.666929 -0.007019 -0.014474
1406769.050940 41.550724 59.170670 -0.001854 -0.001177
1561676.394922 481.968746 559.235160 -0.016771 -0.007006
281255.947557 246.582862 364.529209 -0.009243 -0.019068
1257382.930842 407.675576 596.312442 0.017777 0.014114
706537.016996 489.418546 269.127566 -0.006346 0.016661
1558318.719993 318.275283 237.172352 0.011355 0.008937
1057752.200895 389.487842 466.197002 0.005111 0.017479
491364.625511 326.099454 325.135549 -0.012859 -0.000414
1734950.389590 255.116425 479.363745 -0.000919 0.003491
1643357.573842 84.879325 56.622955 0.012566 -0.017960
1898263.090243 133.887733 397.738532 -0.004153 0.000414
1157183.811607 141.306072 544.863232 0.018949 0.018327
1260090.642264 401.416385 266.339364 -0.003785 -0.014832
767107.214205 521.859267 323.480477 0.016965 0.013171
55740.578126 635.018529 88.656740 0.012998 -0.009346
1471867.368311 519.209288 224.849153 0.012718 -0.001709
851158.514084 623.925690 377.452453 -0.016453 -0.012928
279214.015361 532.716053 211.883935 -0.018210 0.005642
622537.959657 541.494293 84.465990 0.010271 -0.016706
543551.074594 112.606818 438.964215 0.013004 -0.017295
1125283.938425 670.565139 515.366587 0.008408 0.006504
255944.995329 357.696237 186.991813 0.000111 -0.008823
1549879.616848 742.558926 34.947699 -0.003812 -0.019283
474171.187949 435.951108 410.533058 0.003553 0.003663
648167.413030 720.751310 160.587056 -0.001358 0.006316
697835.028496 589.587863 478.531959 -0.016731 0.001911
1725670.433475 516.130008 231.038344 0.008570 -0.005191
99429.388577 679.087164 481.448043 -0.005528 -0.005965
163663.104253 109.199247 168.323728 -0.006151 0.000418
594763.153510 303.989358 53.064166 0.019286 0.018835
1355525.087265 245.202925 522.282151 0.017968 0.010971
1053977.892294 234.685979 305.556635 -0.007009 -0.004916
115031.983757 149.657878 13.053429 -0.002340 0.016300
752375.869431 393.558305 455.305599 -0.012737 0.014187
219437.964363 208.523504 594.944512 -0.004391 -0.003964
1068114.026016 550.323422 469.183991 0.004822 0.006949
1499866.051366 239.188867 584.052783 0.004708 -0.010303
1491842.997955 116.694818 322.362804 -0.009692 -0.001107
1826279.228472 251.358296 395.361602 0.017281 0.010256
1133058.067007 247.421397 149.316286 -0.007047 -0.000431
207507.431604 346.311208 450.498210 -0.016175 0.012952
304737.184339 504.641727 306.532626 0.017354 -0.010035
361247.467977 546.268330 329.201248 -0.013814 -0.007895
1585793.637478 720.321444 269.109369 -0.006743 -0.013883
1841064.114050 194.881650 281.074927 0.003205 -0.012804
451362.950938 116.061530 291.929328 -0.000989 -0.001230
1950936.490647 463.076782 542.329068 0.007507 0.008540
1454702.783122 701.542088 182.847954 -0.010465 0.012514
1108684.254395 334.963918 297.181872 -0.015859 0.002983
1596490.624173 716.660134 284.732951 -0.013125 -0.009541
1263706.185512 133.958951 282.635706 -0.015921 0.009880
1294332.516982 260.919226 535.924012 -0.014678 0.012035
723046.520130 86.957302 228.658593 -0.009384 0.013347
107937.715067 793.394655 426.707610 -0.005773 -0.010897
1046872.077066 728.640297 389.549895 -0.019421 -0.019591
450965.188654 653.790386 546.476106 0.008003 -0.017434
278162.196408 266.432624 139.727596 0.004373 -0.002623
1960316.196066 205.931822 456.513070 0.014896 -0.004400
1125740.257616 187.993380 299.747354 0.017726 -0.000076
668170.334151 796.542795 294.147786 -0.018205 -0.005849
1443825.863043 455.428760 160.080174 -0.005094 0.003564
564375.188464 478.005584 242.494941 -0.012222 -0.008027
938961.728913 267.221164 380.060251 0.008057 0.017680
132214.712972 546.855998 119.699819 0.013421 0.002241
1179224.623916 311.333509 473.050694 -0.016511 -0.006647
575213.267736 339.179468 197.861100 0.010955 -0.001182
1368718.602401 401.108205 24.183705 0.018036 0.014961
1254302.726711 185.503746 282.645581 -0.018618 -0.002903
1541011.519516 400.973161 456.009930 -0.003930 -0.011884
1407684.757098 375.663638 531.657804 0.016167 -0.008189
883750.411162 393.681117 411.823420 -0.010503 0.003306
38293.802197 414.462614 2.741919 -0.006034 -0.008069
949396.727117 26.729752 479.205569 0.000627 0.019472
1340193.529306 112.006954 129.717773 -0.014270 -0.013043
1289556.392138 729.345893 404.236696 -0.003846 -0.007439
1756783.113702 88.231807 468.782118 0.010415 -0.019803
157687.638028 166.170944 303.207618 0.010659 -0.002499
175039.783202 626.453457 573.076557 -0.016254 -0.014656
506304.289450 453.071128 99.047866 -0.017932 -0.016696
301433.914481 575.972453 134.004750 -0.005401 0.014576
790027.673724 9.364181 464.019165 -0.017174 -0.003249
176035.711624 758.947145 317.347911 0.014782 0.008527
1081972.172988 758.932641 552.418755 -0.018306 0.008733
715741.816310 106.876375 298.753808 -0.007393 -0.010926
1263880.632475 454.500667 476.811664 0.011928 0.004694
1751026.801649 758.498393 202.362594 -0.016203 -0.007298
399196.095951 395.078315 198.076219 0.019145 0.002324
1496994.359185 48.555474 306.730431 -0.008887 0.017278
445396.929255 653.429296 529.946501 -0.014305 0.014533
1193553.106484 399.624549 599.600847 -0.016102 0.012522
450224.472419 581.077469 229.339307 -0.019257 0.001035
1999453.321099 715.684800 286.039105 -0.003825 0.018725
1584501.028799 429.007067 291.147763 -0.015104 0.000395
94458.571679 696.652964 342.309161 0.002261 -0.014110
1007827.074736 623.530705 579.879416 -0.004564 0.016839
1658558.308919 786.830747 252.900929 0.013084 -0.016925
475365.567242 42.365051 482.677661 0.004218 -0.016847
663714.367274 496.258142 581.113826 0.012205 0.018140
1919117.403179 479.263640 297.065261 -0.002156 0.008816
9624.167350 393.753850 354.334778 0.003062 -0.018036
1478876.057770 64.733208 497.151900 0.007629 -0.001368
1502145.321808 426.363939 269.169282 -0.013014 -0.005532
1054818.871922 329.001402 247.466835 -0.006669 -0.018736
972186.690649 532.025981 390.575546 -0.001905 -0.001131
1216433.286302 329.324997 43.517838 -0.015855 0.014313
1585452.240699 85.687228 210.014951 -0.004650 0.007052
796849.675848 98.830198 459.253425 -0.011168 0.013047
461377.134761 782.917991 216.799719 0.007124 -0.013899
1447663.852688 165.014918 338.394405 -0.014466 0.001604
1190708.408687 498.640737 122.519520 -0.010115 -0.017125
1355477.244293 684.200441 294.726451 0.010010 0.018245
694211.989964 433.834446 39.623501 0.007926 0.017123
1497031.391364 75.989254 30.136509 0.000516 -0.007089
1759090.904966 594.306837 180.012813 -0.010333 -0.003083
904928.793621 771.726925 377.489516 -0.019380 -0.015859
341892.055395 489.091243 437.312663 -0.004959 0.014370
1609370.418642 43.034027 428.232394 -0.008157 0.012128
1339833.364515 513.651640 206.783229 0.009444 -0.006369
543533.833951 386.077226 260.768181 -0.007103 0.019762
1510075.678821 160.814693 443.537601 -0.017781 -0.002229
325429.097901 406.812702 246.077920 0.011707 0.000975
1027532.088117 770.787898 81.146736 -0.010414 -0.006327
1987715.010526 37.300169 236.686412 0.008299 -0.006358
396776.620483 301.271936 588.386398 0.001759 -0.015618
639902.701899 652.773962 355.701431 0.010167 -0.014512
1179865.857204 406.013569 204.159627 -0.006884 0.002543
1568458.621189 393.037176 42.195927 -0.012223 -0.008570
1190290.628555 566.898714 150.535796 0.009231 0.017977
1180185.991889 580.795897 597.202466 0.019378 -0.002825
672088.553511 146.423774 485.148392 -0.007436 0.009054
1837656.663655 510.380650 325.212932 0.000515 -0.004378
1360614.323691 81.283925 539.142112 -0.019221 -0.002770
924125.776125 643.738195 555.533591 0.001302 0.019919
418950.309241 102.514126 424.864474 -0.001836 0.014205
1312754.557148 39.470215 349.433955 0.006046 -0.018706
30587.249450 791.040974 130.142040 0.012875 -0.007747
1889215.610870 593.528151 565.863376 -0.000556 -0.009849
669560.509114 133.307123 213.951323 -0.010651 -0.012483
1579576.984783 556.944870 594.805300 0.008607 -0.010945
1982244.182370 739.185997 213.964987 0.007925 -0.004712
432350.935616 284.130983 257.792543 0.011964 -0.019782
930735.730068 652.703431 596.888144 0.007299 0.005503
600671.720971 501.510918 227.514000 -0.010143 -0.015436
1270601.892504 464.223986 169.723109 0.019696 0.012531
938976.299455 626.098178 304.952514 -0.001556 -0.000157
1474031.937064 361.475589 251.429082 -0.016261 -0.013938
1605130.416157 247.619876 302.404448 -0.010675 -0.015572
1023340.410098 559.404797 555.207744 0.000256 -0.004742
1128556.229700 645.977071 4.911799 0.017715 -0.017927
248420.950141 463.848195 377.934627 -0.004158 0.002503
884577.235619 701.322431 213.095693 0.017989 -0.006654
1704879.713107 549.600430 474.639551 -0.009085 0.011138
1882055.445519 60.067186 54.687575 -0.002200 -0.007584
404206.608610 765.659163 4.928506 -0.014907 -0.001410
780987.060993 553.495518 162.509118 -0.004099 0.005534
642018.800900 420.418480 131.028428 0.018040 0.017208
1579863.075903 313.657172 483.254795 -0.014255 -0.006318
286431.929230 799.335046 18.194963 0.017334 -0.009092
1625355.291937 700.310325 207.216328 0.016184 -0.007090
1310099.705732 85.580669 166.700113 0.006612 -0.010563
1485499.756171 42.125141 555.826954 -0.019431 -0.001826
1126826.147142 267.880485 586.636626 0.011206 -0.008661
1817754.082297 456.659768 407.105083 0.008594 0.008665
42605.713030 685.549458 428.984537 -0.017389 0.011449
1969490.396776 691.716217 399.998249 -0.006745 0.010789
1972945.507603 788.129219 525.954955 -0.009433 0.005961
221002.463354 5.425545 420.845835 -0.018472 -0.019153
314139.836614 479.625118 212.896929 -0.014574 -0.004781
1280098.799281 35.153151 571.169870 -0.007232 0.010295
1334025.561499 271.069973 370.143914 -0.004796 -0.004311
817314.073824 291.760273 154.353760 -0.016971 0.007882
52254.755074 49.521449 408.984496 0.016124 -0.006910
662711.798522 9.243238 199.512255 -0.018593 -0.017988
710212.109941 153.572383 389.772634 0.008414 -0.006920
61999.699130 281.275173 223.151525 0.019328 0.006781
261157.692532 519.775880 3.470768 0.009906 -0.018744
797766.605764 125.515815 236.991100 0.006235 -0.010782
184709.901076 545.838575 175.254999 0.010999 0.003283
1235796.007903 85.653772 357.207659 0.018132 -0.014408
1292608.929469 245.215705 198.072552 -0.008130 -0.019341
1317389.029692 261.060634 220.266246 -0.018775 -0.007595
71927.786838 127.585480 576.030929 -0.018264 0.016269
1977614.946653 353.528021 38.181353 -0.004686 -0.016027
591803.305127 381.815682 467.076349 0.003541 -0.009940
726241.200569 165.414320 213.846306 0.018404 -0.013689
995710.504705 485.440484 279.548761 0.013131 0.016104
963862.695249 391.331695 138.026803 0.013999 0.000717
1079147.418532 708.513303 408.241059 0.000066 0.017232
1174876.041326 389.961349 223.443216 0.006102 0.014862
937689.950195 758.148422 209.356869 -0.010108 0.001352
1200871.358253 489.924478 445.130909 0.018290 0.002817
1798372.363578 364.403481 105.712368 -0.005469 -0.008546
158766.744732 676.168310 464.629596 -0.007511 0.007891
584123.108808 680.097459 348.296487 0.018803 -0.006104
1019930.488905 447.535105 499.982513 0.015235 -0.011571
1412068.961846 279.083462 95.717651 -0.017833 0.003996
1390465.348675 524.098193 125.848148 -0.002538 0.004574
1560588.704217 269.771725 41.874419 0.018295 0.008046
709118.110458 28.520093 326.990158 -0.014806 -0.006347
481739.437432 336.921291 116.716350 0.012799 -0.004328
1084185.081108 265.223568 569.323561 -0.004955 -0.011513
321427.933090 65.546774 337.040905 -0.007638 -0.014287
322096.383349 11.857296 475.418960 -0.005123 -0.001935
811598.476400 120.517002 472.068504 -0.000987 -0.015695
975828.599639 662.645976 87.612513 -0.018663 0.018343
980873.326296 219.804877 226.055620 0.007431 -0.016137
1538962.265262 182.377718 257.012144 0.008863 0.004175
1281944.833362 703.432146 411.104728 -0.011718 -0.012088
1646853.441208 292.200968 129.524780 0.004648 0.009433
1334224.681991 17.312977 531.642788 -0.001743 -0.000146
1987979.200663 753.770436 196.648916 -0.014443 0.019169
567825.405192 503.460711 150.127847 0.006645 -0.007341
693992.653253 345.759658 324.293315 0.011213 -0.014030
290886.182473 333.444909 18.750881 0.013265 0.004845
461579.700216 523.932374 590.446206 -0.002185 -0.009221
1440439.939238 90.605258 175.790721 0.004291 0.002716
1578856.275221 479.462427 307.265685 -0.015373 0.009474
975708.803616 320.071488 219.731441 0.009551 -0.017497
1363849.989774 67.990721 296.534140 -0.011051 0.014439
1287670.666020 295.573120 165.393238 0.006994 -0.011985
1793086.186886 725.144330 513.124785 0.015254 -0.005937
253419.465503 481.131226 278.017953 -0.003007 -0.011627
65064.939701 167.203841 484.570199 0.001755 -0.007021
1093948.624606 26.194466 434.920247 0.016647 0.010809
1570950.974510 476.819722 514.285665 -0.008969 0.012906
1433502.711092 738.849891 113.714835 0.019636 0.003971
779698.448619 711.448985 302.037010 -0.010249 0.010927
1707668.152502 297.445284 224.356537 -0.007308 0.011721
1161722.038482 280.342706 1.168246 -0.004380 0.015824
650195.260835 747.928552 556.455053 -0.017954 0.014023
1393276.303724 667.734698 267.592332 0.002118 -0.015476
534900.189626 215.479319 20.737979 -0.001720 -0.009442
1264731.390059 676.463282 90.872623 -0.014611 -0.016288
1848317.172308 790.538759 278.199951 -0.008164 -0.007745
512088.236637 701.886006 394.070871 -0.009760 -0.009254
1104225.446984 465.370500 122.107359 -0.000853 0.005253
107543.810321 140.002830 279.676413 -0.000016 0.009162
1156781.673039 615.030773 597.746740 0.004527 -0.011050
520065.349769 196.714970 42.748875 -0.003454 -0.004741
327390.441823 269.863264 222.056946 0.005080 0.005382
1353004.063178 706.913297 306.529186 -0.006488 -0.014421
1558240.596931 709.909123 433.220039 0.019296 -0.005485
706633.334377 29.413704 323.805781 0.012782 0.001694
534505.464385 317.182842 182.333031 -0.009455 -0.019527
1061346.780072 419.769728 155.037816 0.004204 0.017634
1275778.349152 611.822341 164.373279 -0.019716 -0.004280
1816858.008419 547.069978 165.877671 -0.003171 -0.019296
837596.447597 158.986342 541.924723 -0.014426 -0.012824
537634.699856 396.301980 130.303289 0.012319 -0.007435
1509630.032587 59.439215 425.556300 -0.008554 -0.031770
1442342.147903 473.770825 518.072712 0.019202 -0.012386
1603574.954720 491.940225 575.855430 -0.016928 0.004959
706735.606634 787.885043 184.345543 0.005200 -0.003777
651319.147391 39.652267 362.186754 -0.010769 -0.012392
1573016.600485 398.004370 411.294470 -0.019962 -0.007655
1998835.487291 607.715618 230.277855 0.008372 0.012762
1445522.677826 344.929578 246.098534 0.003475 -0.003646
1207599.107738 311.354028 14.950390 0.002537 -0.001308
1297106.122271 734.122005 269.892664 0.018113 0.001902
1709409.523620 225.336377 358.941686 -0.001613 0.000448
1579454.636005 196.665379 5.776245 -0.000953 -0.009957
635151.660366 380.625513 4.957210 0.008029 -0.012566
1657542.871152 337.929707 368.613319 -0.010399 -0.019608
50074.195513 673.528919 239.419590 -0.017989 -0.003727
1728956.987955 558.522436 193.925424 -0.007470 0.006066
1741304.677791 135.012563 562.158242 -0.001270 0.005042
896425.988943 206.779560 524.941643 -0.001632 0.009337
248631.410417 620.263661 125.783116 -0.014697 -0.000945
789536.960791 768.938005 539.173060 -0.019612 -0.011930
1819863.026878 28.257774 25.978298 -0.007614 -0.016539
901731.744829 139.553740 470.669246 0.010951 -0.000462
878442.611954 515.122105 393.266468 -0.004976 -0.015507
569936.175165 658.466565 222.549320 -0.013657 -0.008683
212161.644461 226.353553 35.153958 -0.007360 -0.003231
1070836.321949 568.322020 228.105449 -0.002632 0.008850
1162154.364009 276.228407 454.587453 0.005046 0.006160
1685995.778854 61.569306 497.504481 0.005637 0.014001
631794.399876 54.315455 296.526238 0.018933 -0.002272
