120102.793966 630.546288 121.741972 -0.006077 -0.005540
269277.329682 300.448313 155.864317 -0.018250 0.015167
1260731.205931 301.950259 191.783755 0.013092 -0.002978
973263.179405 632.708725 573.056254 0.008528 -0.005926
1683880.506867 289.602761 229.579299 -0.016845 -0.013039
1760997.696668 175.138986 580.884002 0.011713 -0.019841
354965.669268 682.079871 474.879092 -0.004783 -0.011987
306862.422408 412.089484 346.385161 -0.003486 0.002369
913598.742761 34.692883 562.255973 0.011098 0.014842
723511.401901 210.396819 397.343881 -0.007314 0.019069
27418.055584 127.099107 203.390156 -0.004129 -0.010483
1026719.971107 221.770060 273.361091 -0.000716 -0.017202
919235.655535 527.481715 553.225348 -0.009943 -0.018403
247720.705461 324.040568 333.416249 0.008051 0.012693
229642.751734 125.997181 516.755242 -0.017950 0.017290
1463437.116455 330.506290 118.715596 -0.004259 0.009195
349002.480669 325.691286 533.747025 0.000804 0.011876
253345.397419 21.785151 48.640986 0.003305 0.000367
301882.374241 33.619090 101.146583 -0.017048 -0.008247
417897.793659 158.102645 419.514298 0.010568 0.015939
1032678.423930 703.180541 34.140751 -0.004919 0.017234
1981626.739717 86.816715 206.274627 -0.012507 0.000243
148080.320166 290.651087 545.842691 0.018531 0.015057
1426235.401736 72.156989 542.436335 0.011780 0.006907
826207.458426 756.151456 428.730924 0.003265 -0.019252
17939.873048 632.849201 129.663567 0.008291 0.002219
229060.592236 178.984978 260.607205 -0.013094 0.003979
729567.630556 129.534662 425.836162 0.008376 -0.006024
424191.899795 625.817311 427.993290 -0.015141 0.009796
1179453.697605 667.597203 501.574123 -0.000290 0.005141
1017047.714916 725.150540 344.268140 -0.011058 -0.000458
1184883.571782 186.315775 168.008192 0.012326 0.017638
1669257.284919 738.244043 98.305375 -0.009278 -0.016444
1530870.404807 506.892676 153.283972 -0.001021 -0.006337
1211583.405366 549.820120 75.111987 -0.007250 0.012369
1741377.547263 726.986353 385.925220 0.008272 -0.003867
544004.606336 172.260410 185.245152 0.013846 -0.002453
1594854.852927 350.287757 402.589461 -0.016923 -0.010137
1223177.906695 729.432606 101.609413 0.011000 -0.012911
527324.168257 433.096446 488.076591 0.000770 -0.019341
312490.830343 99.932585 422.437529 -0.009128 -0.002411
1025907.483430 121.156214 211.747346 -0.013742 0.014339
1509229.653286 342.311082 43.793911 -0.017616 -0.009170
1023852.793045 688.459247 427.701927 -0.012672 0.017505
1918069.081343 635.574449 509.641035 -0.014835 0.002817
59433.087734 314.188468 67.537184 0.013733 0.016467
257531.464220 800.237269 21.963990 0.013298 -0.008771
961609.428265 276.919448 259.690645 0.013349 0.000075
582120.371322 470.226640 558.354197 -0.005429 0.006030
408974.288222 701.296693 306.999817 0.016729 -0.017639
899929.745542 700.525627 512.200535 -0.008029 -0.019827
849952.291162 263.225814 237.984748 0.001493 -0.013090
617567.269419 532.540081 103.650369 -0.006174 -0.000038
907629.657959 661.441575 506.850995 0.015477 0.006362
693382.430213 141.992915 148.620393 -0.008912 0.001679
1797970.130014 385.207491 250.882779 -0.003541 -0.004073
955435.349120 688.793217 164.293420 -0.006717 -0.013578
557659.864685 605.687357 293.506539 0.007026 -0.008244
1324351.926951 787.955278 575.766012 0.013376 -0.006802
917046.023028 230.853386 93.819654 -0.007874 -0.012952
1632997.046985 519.508750 212.143475 -0.017459 0.017096
1790149.784549 770.374093 244.989975 -0.007439 -0.004998
1613713.184192 632.541665 141.002053 -0.016773 -0.015073
791753.703166 288.206442 527.655764 0.015412 -0.018578
347958.385175 437.718857 12.168082 -0.014651 -0.004667
701432.257286 473.857198 402.970840 0.000308 0.015822
1693039.169392 258.958843 327.025114 -0.012023 -0.004478
944105.254926 75.998816 210.684476 0.015271 -0.003682
1451122.988691 550.229820 119.618324 0.018431 0.010752
644142.737912 285.299828 76.839152 -0.011907 -0.010306
328294.663843 300.600533 473.807378 -0.012411 0.000406
344141.964030 428.471968 60.955001 0.013720 -0.018292
1995072.262359 551.820261 220.309933 0.001701 0.015576
1509670.835691 11.529596 590.669338 -0.015744 0.015800
783939.521193 665.382610 349.804146 0.003595 0.011718
702233.533702 730.453170 89.457069 -0.000819 -0.015311
783487.379916 514.681597 294.934237 -0.012722 0.013101
1976.599918 282.501627 217.875397 -0.015866 -0.012111
812477.567611 80.724220 531.964736 0.010924 0.005761
1551513.418346 422.420356 394.977738 0.010384 0.005359
1106838.468046 121.103349 279.489627 -0.014540 0.009715
516376.429478 389.688640 393.815492 -0.003749 0.018687
1541877.001311 639.417500 366.535732 -0.009513 0.019233
877046.727052 210.690511 200.530538 0.012087 -0.005351
1062152.807164 166.540283 280.471983 -0.003294 0.019275
220503.739184 154.807869 305.724075 0.010751 0.018115
285758.867062 257.523409 62.793820 0.004308 -0.001825
1694852.848395 693.278185 566.885057 0.000180 -0.009111
1823523.613542 219.349930 44.317811 0.000899 0.001461
109429.840049 768.404482 479.806951 -0.004446 0.010497
331166.874772 736.229445 582.402198 0.005302 -0.006515
1904142.131984 594.143746 318.578549 -0.001568 0.000440
967910.745632 483.223884 499.540733 0.003535 -0.011505
581591.096978 348.683101 47.684520 -0.010604 0.017538
706572.319710 118.056351 128.213851 -0.002954 0.006823
1499518.371885 385.491725 378.458824 0.001967 0.014848
785875.055374 571.668877 474.539306 -0.005456 -0.006113
257524.722376 252.812698 54.129688 0.006419 0.011127
1201976.699383 114.887858 228.702953 -0.002634 0.009287
1186503.038363 579.878622 101.383271 0.006860 0.018411
215485.423904 20.263245 64.889002 -0.007137 -0.001901
1555844.913030 56.725338 560.734992 -0.003682 0.004798
1610655.802121 641.014795 200.653191 0.003848 -0.013397
1363983.919548 580.331475 288.431765 0.010876 -0.004604
515601.680854 298.391706 317.351425 0.005551 0.012262
521772.659627 185.507171 319.164486 -0.002822 0.016147
984056.433190 429.711154 558.036307 0.003755 0.014007
764465.851134 302.393382 557.767239 -0.007329 0.011448
1098768.237559 97.851599 352.706351 0.014952 0.008786
1505133.839094 452.766915 266.017789 -0.010698 -0.006493
1656881.889169 392.877702 426.299374 -0.005685 -0.014810
1035409.796534 493.982287 216.796538 -0.018022 -0.018109
532033.862794 432.736279 350.289190 -0.012176 -0.014340
885049.308131 462.218998 312.030823 -0.005119 0.015775
611963.250959 737.224963 10.125928 0.015725 0.012218
1469794.933437 516.676706 223.222839 -0.012683 0.015397
1419313.830053 5.459064 222.370507 -0.003162 -0.005441
1001399.715897 750.900843 589.410355 0.014494 0.019475
57920.523946 102.948333 317.069550 0.004543 -0.007027
1340168.589419 44.360261 541.224724 -0.012399 -0.002902
1593328.125585 396.741721 209.142274 0.012534 -0.004438
308175.125303 438.477167 21.368019 0.000982 0.009087
1829796.170737 188.108163 440.164951 -0.008571 0.006237
194622.977727 628.801126 356.642123 -0.016831 0.005963
1163384.351490 86.155419 466.676916 -0.015490 0.009007
203536.384834 623.993327 466.519521 -0.019844 0.018802
408990.508136 640.486983 279.530390 0.002244 0.004593
1709918.606891 566.107958 96.895522 0.015666 -0.010655
1776676.395804 644.247045 280.676534 0.004835 -0.016377
248411.979642 575.413924 526.566702 0.008742 0.011926
1052401.075630 239.958954 543.653197 -0.007844 -0.003561
1254879.329007 324.330013 114.481502 -0.003785 -0.003600
322021.593490 487.209441 125.725601 0.004199 -0.014077
1647379.426121 385.721501 521.542738 0.019420 -0.005116
204691.412954 699.121090 106.329144 0.002811 -0.000173
536197.156895 555.613333 128.740581 -0.014191 -0.003470
25648.950611 537.543179 428.373537 0.016715 0.018982
247729.502734 437.034932 228.791522 -0.007405 0.018033
1580350.309415 380.271003 335.582646 -0.020000 -0.015900
1443766.372951 659.119902 350.778529 0.003664 0.012379
1912564.341869 554.633271 409.725400 -0.014665 -0.009430
357511.299829 321.204106 575.481966 -0.004333 0.001862
744693.135258 324.704729 130.981181 -0.016561 -0.007002
387589.365424 167.734231 523.055300 0.002985 0.000965
1645202.005117 291.717136 0.000546 -0.004709 -0.005386
205411.871060 83.543743 113.358835 0.007491 0.007831
1996032.971887 514.731099 233.688113 0.007394 0.010745
1306804.762830 688.023518 106.836028 0.004500 -0.009862
1450619.077985 788.181144 395.456848 0.017737 -0.017179
1969754.747101 110.342161 168.253619 0.013830 0.008606
1609086.544071 543.584579 45.852181 0.012190 -0.017527
883645.576836 726.023748 99.576903 0.005411 0.003716
1722771.757153 502.651571 142.441575 -0.009975 -0.007588
28763.775727 722.936344 101.794736 -0.012151 0.000583
845989.907554 734.137614 301.012547 -0.016717 0.014448
1143645.596292 54.234980 599.991199 0.014084 0.016947
1423342.375748 525.432866 361.948946 0.011519 -0.001560
1329764.171191 184.585987 221.447725 0.013237 0.014442
1926056.274178 553.480090 294.013733 -0.011985 0.017713
1598411.507718 172.366683 507.895544 0.018761 -0.003693
726058.746095 313.732589 195.473970 0.014563 -0.001022
375371.614646 348.662872 325.000385 -0.012563 -0.008536
932014.105344 718.761957 566.911660 -0.017190 0.007313
811741.037672 587.543324 550.779202 0.010982 0.002613
1557690.799962 589.872633 154.533456 -0.009265 0.017519
399385.155365 53.712590 91.614914 -0.018142 -0.018549
1122038.441301 327.736338 256.776851 0.015479 -0.009080
1805346.826001 59.599536 425.670898 0.000079 -0.008215
1995636.369100 728.797436 96.661074 0.017698 0.019291
1695958.700821 278.846925 428.182194 0.010640 -0.015088
558004.577904 435.795814 516.456942 0.001449 0.012514
1597187.265566 588.905941 528.561259 0.018079 0.011279
1833981.536251 410.175007 114.737202 -0.006186 -0.004003
929917.220459 198.083218 284.670470 -0.013097 0.007643
1471826.909795 138.280474 361.579343 0.015863 -0.015402
1165988.196230 595.391558 277.967835 -0.008144 0.000415
1172216.120722 460.827908 32.723139 -0.002164 -0.015500
1736107.381869 196.250030 508.491397 0.009948 -0.012144
1259741.624473 532.744730 425.521219 0.012849 -0.019570
218963.730251 229.001934 155.229024 0.003355 -0.001584
1902503.935575 255.732870 379.807934 0.002177 -0.011349
1496596.111682 109.663478 576.241223 -0.011545 -0.002639
941537.357374 638.157413 6.117770 0.001048 -0.010215
245239.558744 315.394921 293.300542 0.018818 -0.014296
1372376.816986 480.195813 484.815775 -0.004167 -0.003136
1637971.852737 404.061819 424.347003 -0.016948 -0.016400
337179.376901 23.416072 245.325811 0.012104 0.003340
1249672.392965 440.252323 432.595353 0.003398 0.010460
310196.676436 44.629154 335.745601 -0.013369 0.003284
1607296.809371 230.427348 585.233859 -0.008262 -0.009676
236307.595035 783.582537 515.325137 0.017045 -0.004983
561161.337682 596.556515 528.546672 0.019495 0.012917
1939371.158341 125.436788 511.532558 -0.004858 0.018358
870700.636353 2.393078 305.514484 -0.013743 0.003547
541779.813609 249.139672 386.803943 0.013235 -0.000910
453110.709066 507.000251 459.273725 -0.011918 0.017072
47266.968548 256.583154 543.432096 0.015300 -0.010157
562186.379247 130.348483 594.902623 -0.013532 -0.013956
1629854.769274 105.163350 185.081525 0.006681 0.000388
534606.907766 82.025673 307.666811 0.011059 -0.009666
203362.833803 37.998870 341.937315 0.009839 0.015154
92345.910190 778.572365 306.765660 0.012434 -0.012993
877177.283576 667.691965 297.489904 -0.006211 0.008689
1484435.888699 500.730892 528.595054 0.009364 0.011489
64404.659935 439.138514 550.973708 -0.006349 -0.011394
856791.879449 486.686373 190.888277 0.017650 -0.004622
1153201.109335 34.261336 259.185699 -0.014188 0.011617
618554.387530 154.004094 457.122489 0.012841 -0.019873
1875266.974734 207.575414 502.929921 -0.002685 0.004171
1111007.126566 140.281483 138.199804 -0.002550 0.016398
34336.430968 375.003466 275.316516 0.017712 0.006134
1349224.196444 291.706602 250.048099 0.019707 -0.007778
1602661.077679 455.407199 209.432807 -0.010667 0.008594
276647.354605 434.078271 544.558464 0.016155 -0.005501
1822198.850020 670.914212 373.461432 0.009957 -0.009129
453696.245539 243.725421 268.384461 -0.001716 0.009661
713133.517985 379.314132 125.457485 0.012605 -0.003609
36437.158490 391.785197 464.298184 -0.002731 -0.000651
159010.190591 189.170939 31.289612 -0.002859 -0.001211
1535456.720523 453.427010 7.013056 0.007014 -0.001280
749811.288319 469.626657 183.382908 0.019881 -0.006551
1154889.427663 179.229286 384.414901 -0.019011 0.007232
762647.938338 304.889889 92.791929 0.003623 -0.012145
1129345.827331 486.881037 411.274333 -0.006488 -0.018273
337378.635228 334.223051 168.530201 -0.011168 0.013858
1499918.929068 791.069350 247.892784 0.010420 0.006595
1760744.261444 109.049201 150.147010 -0.012552 -0.014647
1172923.453698 610.724981 215.406438 -0.010937 0.011533
79642.974809 486.390941 101.272574 -0.012204 -0.012042
730713.756164 607.286848 484.233412 -0.017945 -0.016078
1702955.846536 175.774895 309.594446 -0.014708 -0.002373
724785.897287 705.723598 257.818185 0.011030 0.005753
187236.443249 524.467559 468.356460 -0.006229 0.013673
1828784.213322 744.445498 363.104822 -0.009209 -0.013504
787390.226865 250.349408 459.581345 0.002498 0.000277
1929498.061505 742.752466 160.679440 0.010769 0.019202
730520.102536 499.282072 119.946663 0.015241 0.010372
1281053.293162 194.663929 382.227150 -0.017200 -0.019243
562426.321470 130.622895 404.879183 -0.017526 0.000296
1033437.869061 780.363292 263.058945 -0.015113 -0.010065
1192859.900739 412.696805 336.737955 -0.005502 -0.016840
138898.690296 261.594604 3.934180 -0.006523 -0.016009
1973181.982512 561.324731 433.970375 -0.012558 0.003325
957790.512106 661.103286 496.467081 -0.015333 0.015870
1692076.045876 318.196511 36.237643 0.000832 -0.001631
1136829.509929 29.685379 260.707765 -0.019634 -0.013619
1367539.427880 482.678714 405.836986 -0.010182 0.018653
1509350.044424 252.147654 175.971773 0.010439 0.006087
785056.476847 598.365383 212.449162 -0.015369 0.017387
1873643.585422 475.875270 456.881365 0.010549 0.008439
1315983.134935 488.022082 65.045582 0.008766 -0.014749
1135951.929323 229.125428 100.776161 -0.019871 -0.008249
656102.584980 548.976613 538.852855 -0.019844 0.017283
1727078.126616 606.606865 148.284678 -0.013744 0.000823
1797488.349396 439.160970 161.263073 -0.009897 0.006600
406141.346510 151.635979 156.020261 0.018573 0.018120
1941231.998588 497.522946 337.539544 -0.016819 -0.006377
1386830.762674 518.211540 376.647641 0.014462 0.006007
1843128.023596 151.966435 201.980922 0.012774 -0.012249
538331.757550 546.152521 571.519883 0.000654 0.013556
944807.663069 332.192462 233.214843 0.009495 0.006631
106756.882792 755.105649 514.170981 -0.007515 0.016340
1618777.323337 226.699273 318.273406 -0.005104 -0.005371
1742666.514471 52.447175 6.542404 -0.000040 0.017099
1321460.731012 336.727290 69.926192 0.019901 -0.010405
620834.287545 213.347289 553.568787 -0.009486 0.011313
1523195.320518 587.709574 118.906325 -0.014005 -0.000953
1731081.362688 162.934103 251.998867 0.008895 0.000657
656632.629529 425.372010 480.186264 0.014356 0.016133
325566.043298 583.979768 581.265347 -0.013075 -0.010844
1792559.657149 666.778135 390.015840 -0.019483 0.013246
1778465.217808 259.063153 59.182750 0.012424 0.003485
1763427.173609 458.182131 192.790249 -0.017209 0.009243
1593951.392730 756.165638 556.119698 -0.011316 0.006661
886016.743670 436.032152 119.247354 -0.010332 -0.003823
204796.643092 324.190154 80.738395 -0.017153 0.003077
727276.621725 773.872531 247.967447 -0.019550 0.019182
488690.041233 721.889535 182.829852 -0.006276 0.008562
1781116.410057 179.468607 172.132021 -0.011507 -0.007823
20635.784613 7.177180 149.787323 0.017489 -0.010975
1834876.302553 303.720333 462.571332 -0.015341 0.004929
350019.654422 174.820673 16.921333 -0.007617 -0.008387
1214501.650638 538.152117 154.915319 -0.019202 0.007473
477760.385944 211.473100 353.411384 0.001748 0.004282
605806.972182 347.184116 499.169210 0.003598 0.005808
272576.070518 480.191507 392.478046 -0.004557 0.001506
1759240.741729 243.066530 550.334167 0.006004 -0.003236
1080301.612187 660.397873 382.954586 0.002765 -0.014598
1857771.559552 140.459320 484.604015 -0.012504 -0.012176
988850.145130 340.290551 276.403702 -0.016669 0.018758
134591.829094 309.261412 242.126656 0.015976 0.019039
96963.198901 28.433099 345.894455 0.008185 -0.003140
227820.812831 465.414575 435.000026 -0.018756 -0.010703
290631.014058 457.308177 34.571601 0.011414 -0.014442
385931.693197 569.958094 189.788502 -0.019988 0.015993
1023297.854244 396.678852 195.347938 0.018853 0.003199
589125.026292 31.388364 579.290984 0.007923 0.017493
1882412.602139 596.829439 584.056653 0.000701 -0.002075
790218.714061 505.089286 18.581895 -0.015184 0.006533
526777.357108 212.467408 140.265043 -0.007129 -0.018000
748590.766801 411.658804 457.598552 0.007599 0.000606
1324791.236466 161.774521 6.266134 0.019519 -0.013047
1179151.767483 225.993810 127.905344 0.002188 0.019212
301466.356172 396.327740 435.254227 -0.015010 -0.019478
349183.755158 415.254838 387.242233 -0.011776 0.005605
616335.581344 375.035216 543.509584 0.001709 0.011579
1910511.639859 733.575601 182.834852 0.008707 0.004279
1640005.631205 304.474796 485.119299 0.013255 -0.005302
1964468.728734 336.110794 390.712770 -0.012199 0.018996
1261209.360911 276.354024 282.395960 -0.005741 -0.001191
968463.258337 424.695317 593.644106 -0.014823 0.009445
1257770.379660 350.133248 123.537778 0.001330 0.019231
1991034.577596 391.572865 537.925003 -0.008000 -0.011715
1007596.648767 95.964321 353.028436 -0.007035 0.017972
1912045.142572 235.854221 222.810932 0.004267 -0.000415
692628.538559 190.005005 501.139631 0.010492 0.003306
609848.141023 240.846043 74.985289 -0.008230 -0.002770
1723251.459991 738.037659 520.977332 -0.017335 -0.001708
1696924.347289 50.148836 568.082332 0.009821 -0.005531
309029.791648 199.493915 289.662680 0.009667 0.002404
867302.640745 558.923366 513.677368 0.012190 -0.007809
691843.061099 120.835075 325.699628 -0.012807 0.018688
272265.500516 388.610351 161.948954 -0.009550 0.011203
1400582.436193 98.303312 421.554413 0.002857 -0.012371
320566.674844 333.398969 151.098068 -0.015710 -0.013503
1229627.376064 209.125499 246.607396 -0.016076 -0.019844
1946485.269790 425.053590 421.294606 -0.006426 -0.011603
15066.369444 140.456230 292.402388 0.002000 -0.005747
911695.870064 548.914182 505.852394 0.009029 0.017880
1245159.992597 340.453031 42.324209 -0.006783 0.019961
519428.529087 388.666715 246.941768 0.000426 0.003785
1147820.552414 101.755583 512.707472 0.019419 -0.011039
1717933.562453 767.049277 453.467713 0.002474 0.011499
183230.377819 455.262286 578.058936 0.003166 -0.015270
640928.558372 27.736328 483.039670 -0.013468 0.010364
1503776.668340 628.709009 111.394487 0.012860 -0.015543
360957.489517 65.306657 358.243938 0.003689 0.003730
380073.533570 132.351817 431.905277 -0.018215 -0.013979
1889061.825298 723.218930 66.045607 0.008005 -0.001367
1796955.322752 633.525054 20.503054 0.014490 -0.005171
306282.549308 146.590237 243.296204 0.018335 -0.006176
332156.324914 567.723092 78.890174 -0.005919 0.001288
485168.456326 426.382746 367.636176 0.013331 -0.014968
413343.113108 23.971779 173.972302 0.017088 -0.017016
883643.182406 697.205662 587.034367 0.002076 0.002836
887249.075289 360.317190 217.672466 -0.000892 -0.007468
1467432.667253 504.615493 297.428722 -0.014417 0.003560
1682910.725327 244.716097 179.378108 0.018940 0.006311
1660796.624450 172.347875 113.891159 -0.002247 -0.017786
629926.086697 520.270230 50.823844 0.004205 0.003097
318150.466456 37.540148 269.251248 -0.014179 0.003950
40123.955365 464.720596 29.445402 -0.004702 -0.017587
724761.667999 93.686966 413.853990 0.014323 -0.009775
558074.092752 559.611359 337.115956 0.003111 0.006886
438651.350531 326.502037 532.951710 -0.003847 0.014261
1885724.248311 579.372072 301.094339 -0.018901 -0.006810
158400.153815 149.261316 226.258629 0.001126 -0.007017
1952982.963972 437.978015 543.271292 -0.018952 0.017254
1927788.328346 310.888591 28.473092 0.006176 -0.010119
607879.136041 746.644574 567.551949 0.014626 0.000445
1236504.919471 67.940270 551.397275 0.000248 -0.000239
1541570.438790 358.993690 131.522161 -0.009101 -0.000954
1098586.873663 281.914627 398.055659 0.017060 0.015190
1973812.054831 722.753888 256.953226 0.015666 0.017272
717421.361579 684.523861 190.601210 -0.003737 0.000390
1128238.588166 568.332989 265.649831 0.000400 0.003046
1906900.824936 102.889314 396.648963 0.014903 0.005384
311031.282093 514.500891 50.282038 -0.004991 0.016658
1119457.958787 739.035982 161.087606 -0.010925 0.014007
295815.608602 167.740739 451.955038 0.003017 -0.015957
1365835.790227 747.131330 574.200511 -0.019985 -0.006396
933742.419320 452.048447 30.437480 0.016395 -0.016990
1254474.420685 690.232989 121.967771 -0.008476 0.009413
1674721.783807 355.240181 227.430459 0.016825 0.012738
589441.845468 384.362776 445.622765 0.002534 0.008118
1186208.380939 568.442753 547.471900 -0.006131 -0.008546
28320.921598 24.141830 132.084849 0.018864 -0.018784
1123059.363627 350.658280 356.906308 0.004452 -0.006072
1339490.994503 192.268739 126.460417 0.014914 0.001141
1892333.765464 567.958344 583.195129 -0.007088 0.005278
1580513.963280 495.670324 66.475349 0.001279 -0.012688
1628540.167412 100.821344 535.799572 0.009077 -0.001103
358744.990248 592.839081 301.602419 -0.004015 0.008496
1065496.480589 769.016343 90.480583 -0.014907 0.002959
996930.964755 638.164680 488.744673 0.008370 0.006812
685065.261407 524.159134 228.564481 -0.007521 0.019183
22284.613001 83.431170 359.953906 -0.014963 0.005277
1564209.169505 749.391540 458.017989 0.006990 0.006546
471659.941818 683.777656 242.644176 0.009528 -0.009805
234378.384535 216.630744 129.639440 -0.009261 -0.004036
1581110.075852 613.168801 117.755290 0.004194 -0.000966
1733102.233956 757.786216 78.389105 -0.010133 -0.009515
222272.466972 206.600655 219.785722 0.008443 -0.004777
7593.072023 394.594150 189.938043 0.010697 -0.013219
1961038.188991 2.153840 13.762171 -0.004581 0.009650
554464.627316 401.921385 7.416263 -0.000263 0.010834
821613.773155 227.254321 322.284061 0.004155 0.015558
24485.756655 378.661461 501.973221 -0.014269 0.008816
196372.594776 203.423747 587.509175 -0.001418 0.018580
718005.964867 374.873362 274.742721 0.007025 -0.010296
1252709.545778 525.290697 142.588981 0.005954 -0.018325
1958473.456073 741.340528 326.406259 0.019639 -0.003218
628831.249023 321.916352 421.826130 0.014047 -0.019637
1185057.482303 690.617093 289.340327 -0.002858 -0.019729
406775.272641 421.431290 156.843744 -0.012796 0.019569
452064.211691 432.946470 275.885894 0.007361 -0.011336
1391094.198167 248.790719 524.404326 0.017295 0.018352
1830316.959801 730.353518 531.794237 -0.001630 0.016153
610994.441719 618.593110 183.889899 -0.019647 0.004988
631021.334152 481.536623 292.529797 0.011885 -0.018676
989235.750860 1.559061 334.343892 0.010234 -0.012652
1098658.789461 784.826240 434.971064 -0.019638 0.006629
1883467.686308 564.245239 585.890255 0.012686 0.005489
1871849.530317 584.511849 330.824200 0.012870 -0.012427
911993.535660 101.999189 577.718105 0.010526 -0.014566
1176139.691461 61.970492 443.095706 -0.016944 0.015035
1537174.407177 456.512070 526.612701 -0.006946 -0.006941
123261.179832 700.632549 184.897601 0.011563 0.015220
1946848.674653 582.816561 354.051378 0.017986 0.001723
457599.283409 708.735281 164.347050 0.011217 0.008297
926562.791190 189.195628 501.181085 -0.001270 0.020316
1942178.605097 11.868513 45.735405 0.008380 -0.016365
1905775.863633 382.413635 397.190224 0.013249 0.012157
1975712.466974 713.783940 407.803094 -0.008236 0.007159
1128937.655654 214.942134 243.949088 -0.013853 -0.011234
1900458.380534 306.444545 62.398977 -0.011052 -0.013436
1623668.112617 549.844815 239.955456 0.005855 -0.015458
798515.523224 494.080891 76.917402 -0.000968 -0.006934
438456.544857 343.359171 482.513922 0.015181 -0.009700
1216805.763178 694.812975 90.993119 -0.008490 -0.013415
1661706.700764 681.676671 259.600592 -0.010491 -0.019719
1303971.794110 150.582956 234.018550 0.010264 -0.003521
1107963.914568 454.899978 59.236912 0.018172 -0.011407
425643.800956 282.784266 499.662577 -0.006703 0.013408
318262.858465 448.693590 155.032036 0.018553 -0.002317
1036196.117772 457.731451 186.262997 0.006820 0.014484
948553.069005 401.097159 427.492438 0.016348 0.009479
1438074.149861 447.334780 555.933213 -0.015629 -0.007456
677338.477540 530.479365 530.556839 -0.002495 0.004697
197747.041563 520.755742 583.041155 0.017236 0.019662
1601492.672973 71.988529 331.022645 -0.017636 -0.017827
1987075.958395 461.700148 375.420156 -0.007841 -0.010080
971748.938305 622.042108 449.208793 -0.012076 0.007410
974474.447302 733.630734 146.584739 -0.003445 -0.018933
1121549.802423 602.106679 413.444475 -0.002206 -0.012389
613932.794246 434.857214 504.569678 -0.008866 -0.001005
1665525.531241 63.007733 338.979674 -0.004550 -0.014502
1238773.710671 302.647203 429.349332 -0.010183 0.007288
1925637.924078 585.160951 276.250293 0.008452 0.017187
290519.337305 158.734839 507.953994 -0.004382 0.004497
1745488.432117 760.769837 219.052920 0.002470 -0.004184
1111265.337612 695.248586 563.492424 -0.004195 -0.014005
829182.160473 183.843227 135.760622 0.019214 0.004577
728391.627189 479.199723 595.992083 -0.016846 0.013735
1349985.243450 33.643150 345.797088 -0.014562 0.010156
1010733.056353 224.020048 571.427268 -0.005921 0.006804
1129411.861826 179.960891 372.922978 0.017207 0.011478
33999.050983 388.771150 393.818171 0.018727 0.015298
1606354.705806 296.594396 66.816348 -0.018806 -0.005952
1451822.744427 314.960164 570.298080 0.008759 -0.001044
1590584.168020 314.959156 309.287677 -0.005147 0.001145
538209.161040 701.148277 485.127367 -0.011154 -0.010861
958317.440449 628.503286 271.998672 -0.015989 0.008642
479655.517489 94.166837 120.569125 0.015842 -0.017031
167238.956395 558.912529 267.217609 -0.012181 0.009130
1592486.357127 737.031471 73.135946 0.009861 0.005613
1189583.299304 433.372410 20.518356 -0.015564 0.016556
1124831.962923 303.380942 474.111675 -0.005172 0.004017
37146.621401 680.334877 232.287567 -0.001135 0.018042
205026.889315 569.039384 40.968969 -0.007864 0.004300
284161.461650 310.133704 183.733430 0.003490 0.003328
68690.410847 306.485700 302.024818 -0.013752 -0.014789
287411.349028 600.459735 403.608204 -0.012905 0.014452
1171263.018237 591.771740 143.986995 -0.004976 -0.015534
1682127.158941 315.222191 577.194242 -0.010885 0.014582
1824708.168313 264.492003 346.531610 0.019217 0.005362
369206.509725 98.064138 13.196704 -0.000371 0.008400
1208981.916871 419.777472 56.034254 -0.015660 0.007255
446720.970071 201.892538 259.153350 0.015815 -0.002828
586212.983628 385.017396 101.804083 0.001339 0.014289
560717.814863 299.504610 150.799795 -0.010336 0.004115
234257.601311 123.553626 559.220204 0.007790 -0.014616
1133248.557864 703.363105 154.325565 0.003534 -0.005194
1934248.125150 153.973256 536.811971 -0.017579 -0.007948
1152133.833222 226.575240 331.676891 -0.019683 -0.012895
1965200.129880 240.695251 396.545886 -0.013886 0.013378
1034901.121182 345.958044 125.727943 0.010799 0.006929
1623246.405098 708.806557 497.090681 0.009755 0.003210
1926329.093951 248.373392 275.947363 -0.011180 0.015962
1658576.383096 150.282687 54.986658 0.008974 -0.010075
786221.519479 240.541851 318.828916 0.017823 -0.007680
1421758.733421 743.020370 365.417150 -0.005007 -0.017011
888519.625593 711.181625 307.878295 0.006040 0.006242
374128.679919 371.831490 325.767564 -0.019383 -0.011613
247207.860577 782.953374 311.803663 0.003305 -0.012041
838233.393076 329.872248 231.820460 0.000588 -0.014446
1269501.125100 723.095905 262.346652 -0.013771 0.014644
1490342.234955 701.688062 467.430203 -0.005824 -0.010056
1720173.599068 639.079208 82.449029 -0.005106 -0.001880
1589947.016719 447.960052 550.725165 -0.006477 0.003054
254199.274003 369.601064 332.173782 0.005896 -0.018209
1506623.924480 52.740822 274.398605 -0.014400 0.003090
1187558.641279 619.553674 289.204462 -0.018783 0.017648
663885.182079 620.337614 490.813308 -0.015549 -0.014782
134186.233456 776.892028 557.549940 -0.011838 -0.006224
763995.101100 799.487023 542.586641 -0.008026 -0.006495
960104.740672 341.172594 479.499652 -0.018612 -0.017009
1689167.128731 629.882305 84.462467 -0.007909 0.017115
1435140.350571 716.266190 421.806561 -0.012036 0.017047
1287450.956780 424.939066 421.423473 0.028114 0.013328
1664884.491668 423.612972 368.366922 0.010548 0.009344
1916152.068375 115.358901 439.989812 0.014443 -0.002267
142374.806172 274.371563 522.235526 0.014833 -0.004930
1889104.925044 572.058285 98.283228 -0.016638 -0.019300
184043.514628 642.117475 547.364671 0.011782 -0.019931
1678137.485719 350.629340 319.744293 0.001626 0.016040
349432.717240 298.990693 257.570806 0.011522 -0.014601
327130.583267 597.450772 167.618063 0.015873 0.004361
1445781.852792 774.575847 571.245625 0.003728 0.013549
657045.848974 430.381139 332.752780 -0.000286 0.004916
1143416.638087 467.929222 255.021610 -0.000619 -0.004818
853229.746620 259.244809 490.880774 0.018361 0.014571
1436276.935710 106.756937 143.201114 -0.014062 0.016924
747046.145027 249.247879 400.951919 0.006107 -0.011743
555282.349025 300.324399 106.240727 -0.010825 0.018765
31011.744417 446.319033 303.914997 0.002802 -0.017974
259713.421697 113.363973 381.489420 0.002206 0.005056
30230.289339 785.558908 570.242366 0.013300 0.017656
1629124.594680 440.443102 44.815990 -0.017894 0.007952
1993199.337271 341.118239 5.840176 0.006605 -0.016818
437214.899080 754.199069 272.557982 -0.004215 -0.013117
847463.854052 328.805667 438.339106 0.017225 0.019223
1561464.248021 48.459656 73.417706 -0.003335 0.004615
1496915.452879 345.352121 358.233523 0.007973 -0.009429
1076064.875850 410.399067 489.215714 0.004502 0.002612
1028186.607653 487.287970 594.963619 0.000953 -0.009053
141764.248787 594.366872 130.020960 0.001010 -0.014469
778578.041484 759.142070 329.476220 -0.015250 0.015198
1058486.954802 720.118226 564.295771 0.005961 -0.007225
1112790.978101 319.693390 448.466525 -0.013853 -0.016073
24501.685065 553.646002 366.556273 0.013095 -0.007835
353571.678676 273.063481 548.266791 -0.013260 0.014625
375264.103699 191.566631 365.523614 -0.003808 0.010608
1493884.026769 635.096878 428.904298 -0.008190 0.016529
1188817.119779 659.912752 487.992496 0.001404 -0.000931
259519.063057 73.481441 525.570587 0.015125 -0.010180
1949033.547169 712.008257 562.362192 0.003447 0.008703
482529.103981 609.723449 35.763308 -0.013820 0.017254
1850091.109914 273.815293 102.577305 0.001376 0.009873
1871495.037280 224.810113 324.688492 0.006087 0.002979
908785.677938 195.437109 241.012032 -0.009283 0.011201
1755362.652128 318.182555 522.521006 0.010157 -0.008995
232765.271437 582.441581 98.938181 -0.017983 -0.007352
1765166.354256 236.042493 45.919664 0.017671 -0.002015
15434.920795 693.146076 474.830802 -0.012872 -0.003988
1077013.659792 91.005566 409.109094 -0.016815 0.010586
516053.778360 427.279785 5.455288 0.006381 0.012093
1576709.125925 429.763355 119.370586 0.006400 -0.008352
948767.654108 620.798686 11.905511 0.005587 0.013187
667159.362075 417.603244 74.329396 -0.003591 -0.001444
1146380.339352 334.215639 198.356420 -0.005383 0.003856
1462269.868451 722.497403 426.590002 -0.003535 0.019283
949273.004639 536.544218 309.911397 -0.000661 -0.006815
636841.273232 217.391122 520.590295 0.000699 0.017245
316267.470045 793.372800 424.346844 -0.012916 0.005279
1072709.865436 409.045213 92.455425 0.006413 0.016865
1234697.917120 187.096781 203.605930 0.017920 0.003934
1871003.135047 543.274847 300.526491 0.005839 -0.016338
968257.898916 96.080830 457.470526 -0.019886 0.004197
184803.100389 255.745437 525.623857 0.018342 0.013472
1613704.762242 94.147442 497.191520 0.000559 -0.008183
920804.219749 40.318908 484.001399 0.004708 0.008381
1455508.939668 184.763169 566.198098 -0.017316 -0.012833
1084419.887087 1.659413 514.985486 -0.018240 0.005934
1899527.167855 422.314127 461.383328 0.008470 0.001130
745706.753221 643.413054 508.883994 -0.010093 0.010554
1369434.811813 44.285051 529.070490 0.000558 0.002780
353913.564400 779.558301 371.810489 0.019311 0.003529
660308.989072 568.742264 491.808345 -0.009042 0.011121
1997036.600484 653.383372 468.612993 0.014266 0.014403
857968.969670 644.915246 232.625943 -0.012088 0.000742
1832483.595159 456.813638 194.023280 0.011004 0.012464
174050.590104 359.362970 525.097739 0.018757 0.018488
887791.815627 116.234724 561.583301 -0.017448 -0.014847
1048845.100705 314.791859 504.233121 -0.006250 0.006702
1236598.032171 273.759717 290.328675 -0.004037 -0.012063
688449.854352 662.466559 2.873790 0.009265 -0.018955
1047717.716101 518.771876 357.882368 0.013892 -0.003498
831685.772553 746.953709 516.891807 -0.008414 0.016113
1646809.537731 587.666291 29.187163 0.010389 0.011925
354697.854423 227.048456 114.964753 -0.019289 0.005133
1718570.137265 508.557260 581.849144 -0.006271 -0.018626
338487.908402 549.967586 517.504861 -0.013008 -0.003229
1776805.868268 558.755205 40.723105 -0.000609 0.001828
960078.654327 720.541347 287.293565 -0.006546 -0.012434
763596.911339 131.510489 555.679344 -0.002777 0.016991
1446903.674606 486.248414 125.197415 0.016809 0.005138
1673049.761761 619.572848 156.213624 0.012247 -0.015285
591079.477496 780.613169 483.030738 -0.013689 -0.013978
450261.526019 37.089478 509.499584 -0.008266 0.001258
788880.985598 618.657343 259.131393 0.014941 -0.015432
1247242.441982 204.380085 167.222936 0.001991 0.007423
405506.701397 218.096030 175.551187 -0.003540 -0.012439
1835863.754077 198.001941 576.760303 -0.012853 -0.017829
159031.381905 379.701962 18.508936 0.015401 0.005309
362722.217274 87.756546 407.315498 -0.018669 -0.003820
420997.232395 340.046823 105.487179 0.005783 -0.007930
580167.091722 213.221666 332.621615 0.002771 0.012613
479025.265425 617.079668 52.820367 0.001294 -0.012687
552036.800679 360.133647 258.316997 -0.010478 0.005122
969986.005207 253.877833 61.843766 0.000708 -0.011928
1471710.388303 557.574582 187.621141 -0.003401 0.009151
1430984.936390 500.542102 91.312578 0.015654 -0.009267
902052.609670 144.947055 320.961348 -0.019791 0.010005
700700.571156 195.581953 313.106503 -0.002450 0.011071
1408199.004553 571.563302 136.765549 -0.014616 0.018109
1713095.736556 495.903101 161.696928 0.018408 -0.014602
944491.339356 556.868476 499.038613 0.011380 -0.015570
1119457.834922 400.286203 441.515129 0.008486 -0.004349
8319.607940 130.603080 343.764918 0.001557 -0.013271
647061.014849 711.564804 247.539684 0.013807 -0.006856
379545.065751 439.255952 25.745674 -0.003325 0.007332
1990576.603445 218.810842 181.661170 -0.009388 -0.010664
876473.971119 589.806877 557.734182 -0.009186 0.000887
80381.552726 664.326198 13.414839 0.011036 0.001696
828036.629980 624.619460 423.214579 0.019508 -0.007211
1747623.103553 248.556039 124.723885 -0.008535 -0.013753
1072386.123739 381.140653 423.326176 0.003186 0.015739
777386.485961 459.474705 100.595159 0.007653 0.013584
801906.589792 103.891802 346.041475 -0.006794 -0.003965
197987.358178 296.268812 138.113069 -0.015153 -0.014131
1545926.498969 428.242097 556.332868 -0.000663 0.001080
492654.834172 281.848330 500.233948 -0.001504 0.005347
1978982.283724 792.781915 69.221022 0.007768 0.002804
17631.095842 66.375496 86.512436 -0.012956 0.010999
1966499.848276 461.666859 543.318199 0.003012 0.015633
611006.784537 527.304133 167.109238 0.001451 0.011211
850069.038966 247.155162 189.636815 -0.005916 0.011501
1676786.882652 478.965997 83.656433 0.006885 -0.017867
1557780.060711 529.438120 26.277888 0.015765 -0.005742
1227310.625476 722.579652 263.255937 0.010698 -0.017516
428616.731627 592.339617 393.507285 -0.015226 -0.007965
1127178.874392 340.137694 576.309631 0.013665 0.018426
1480731.590409 213.126648 162.118662 -0.017758 0.004778
115335.758829 715.365975 130.598618 -0.012097 0.002659
541498.807511 781.081625 136.991482 -0.007426 0.014830
1167776.423119 742.357091 464.342890 -0.019066 0.007415
1705487.274428 189.979372 255.889043 0.000336 -0.005720
1455042.508177 58.066931 469.314082 0.007512 0.016568
1485351.840726 341.934306 108.583526 -0.019518 -0.000648
1600046.444498 55.974622 226.883732 -0.019286 -0.009274
1889695.885540 230.452194 146.800861 -0.013087 0.004134
230475.999522 605.568622 319.068605 0.015530 0.011183
434670.210087 593.435114 10.164536 0.005757 -0.009963
748135.628527 296.961284 193.428991 -0.013708 -0.017655
474188.291689 718.693374 292.403357 -0.003295 0.016336
1941577.332067 174.379533 588.753194 -0.006023 -0.010623
499196.726130 235.237789 314.421548 -0.000246 -0.001314
254300.674542 487.618678 134.033307 0.006355 -0.000087
6325.354803 700.403448 143.995298 -0.019183 0.000813
980919.682878 315.799033 534.893200 0.012544 0.001986
1900851.625903 40.323985 269.181177 -0.002552 -0.001266
719689.197242 326.338571 412.177971 -0.006341 0.010293
1844748.197982 472.772806 30.496778 -0.002160 -0.016578
1036199.990211 459.052406 416.531644 0.009649 -0.010735
385683.919483 595.674957 65.068129 -0.002693 0.010614
1256102.471266 738.629234 95.885531 0.000697 0.009753
1419511.694191 375.680836 472.550406 -0.013643 0.016267
511292.832210 414.934999 189.405796 0.017690 0.014396
145034.134456 691.472643 270.286817 -0.015048 -0.007554
1071721.370831 513.358508 530.752307 -0.010796 -0.004669
233847.819378 338.396477 77.105002 -0.011016 0.014220
1786277.592083 682.164726 467.501960 -0.017900 -0.005091
1031918.257955 609.793334 505.796414 -0.007877 0.016828
1499349.890975 446.652759 263.472786 -0.017366 0.000059
597617.807145 110.130162 219.240098 0.009997 -0.009542
1353622.215499 228.342237 541.942095 0.002465 0.000630
573296.933702 542.708057 563.696981 -0.003405 0.016138
1590131.532210 246.350567 453.873469 0.002993 -0.005564
258416.177825 72.614662 73.694395 0.018867 -0.004268
87595.200207 577.088164 571.470281 -0.000685 0.011451
906233.425674 625.609050 554.264711 0.012749 0.001245
370032.188655 396.195515 489.649834 -0.016463 -0.017728
664767.085884 299.742633 441.573684 -0.009138 0.011579
1278253.811075 53.096316 58.592786 -0.004146 0.005629
916040.443311 420.023270 438.715950 0.003229 -0.000148
249204.321880 499.512357 130.539042 -0.016938 -0.015702
8661.484350 424.168759 533.539371 0.017138 -0.006054
841302.204338 90.279589 506.331330 -0.010492 -0.011965
1802783.200425 455.814600 345.964469 0.005478 0.013642
731632.451868 220.877623 544.626803 -0.001438 0.006861
1096714.972098 736.900985 118.101857 -0.008813 0.000003
1386984.768969 323.620054 76.224563 0.016466 -0.000753
469499.863903 732.416107 6.664142 -0.015020 0.013783
718651.906922 435.639009 574.406450 -0.011854 0.011256
316653.122342 84.138050 211.203743 0.009698 0.009403
385530.231700 79.989077 10.900536 -0.015988 0.002559
1379939.433830 519.179796 291.288487 0.015443 0.017152
1974529.288697 463.961497 199.398621 -0.015469 -0.000362
1626419.535664 279.494275 244.587906 0.012968 -0.001066
503204.831157 146.377600 10.751853 -0.011635 -0.004516
1600260.999799 293.300753 294.770607 -0.013929 -0.015945
467442.890847 275.516465 121.045637 -0.009921 -0.002203
1530910.291491 753.247523 56.346218 -0.009995 0.013160
43405.273949 190.047655 245.225021 -0.005817 -0.005903
1801413.789299 133.665805 421.009092 -0.007678 0.019660
348673.859774 447.770228 104.827519 -0.012293 0.010749
1122384.702378 793.697652 81.066891 -0.017901 -0.014235
474000.488629 229.294903 293.422577 -0.002440 0.001549
1867761.544822 163.073214 288.128770 -0.018882 -0.001827
617712.498930 39.437404 415.358135 0.008732 -0.003858
88793.583256 494.934088 342.544344 0.009860 0.017003
1123119.018564 736.032360 291.815005 0.009405 -0.015511
510837.786138 237.637464 62.738799 -0.004347 -0.005990
498234.962345 502.534077 381.751645 0.009528 -0.017332
350510.791107 537.703251 162.758774 0.006236 0.007965
1451432.125387 771.445331 449.225086 -0.003330 0.007317
303273.376219 370.152107 180.132575 0.008882 -0.011674
454803.713809 227.029902 76.345125 0.008585 -0.019209
480071.545802 775.601860 189.915357 -0.006229 -0.005567
1333575.176696 474.977060 593.010101 -0.007820 -0.006721
110627.538576 382.925316 2.136199 -0.006972 -0.014576
1406769.050940 41.611358 59.208863 -0.001900 -0.001188
1561676.394922 482.510234 559.461185 -0.016753 -0.006988
281255.947557 246.881650 365.145297 -0.009255 -0.019074
1257382.930842 407.100951 595.856271 0.017799 0.014127
706537.016996 489.623357 268.589680 -0.006334 0.016640
1558318.719993 317.908780 236.883622 0.011336 0.008938
1057752.200895 389.322769 465.631712 0.005108 0.017517
491364.625511 326.514941 325.148848 -0.012864 -0.000409
1734950.389590 255.146279 479.250911 -0.000929 0.003494
1643357.573842 84.473311 57.203278 0.012571 -0.017968
1898263.090243 134.021844 397.725527 -0.004150 0.000391
1157183.811607 140.694187 544.270980 0.018933 0.018339
1260090.642264 401.538581 266.818335 -0.003780 -0.014822
767107.214205 521.310667 323.054843 0.016999 0.013180
55740.578126 634.597915 88.957329 0.013041 -0.009263
1471867.368311 518.792742 224.903349 0.013077 -0.001621
851158.514084 624.457310 377.869903 -0.016459 -0.012917
279214.015361 533.303718 211.702055 -0.018173 0.005619
622537.959657 541.162664 85.005880 0.010261 -0.016719
543551.074594 112.192777 439.524177 0.012622 -0.017365
1125283.938425 670.293113 515.155804 0.008433 0.006545
255944.995329 357.692614 187.277050 0.000113 -0.008836
1549879.616848 742.681899 35.571059 -0.003801 -0.019310
474171.187949 435.835939 410.415019 0.003577 0.003645
648167.413030 720.795099 160.383217 -0.001353 0.006304
697835.028496 590.128258 478.470187 -0.016725 0.001913
1725670.433475 515.851023 231.210829 0.008717 -0.005512
99429.388577 679.265610 481.640244 -0.005520 -0.005934
163663.104253 109.436525 168.313069 -0.009093 0.000320
594763.153510 303.366662 52.456759 0.019264 0.018772
1355525.087265 244.624216 521.928847 0.017859 0.010902
1053977.892294 234.912574 305.715995 -0.007019 -0.004950
115031.983757 149.732966 12.526491 -0.002306 0.016323
752375.869431 393.970791 454.847168 -0.012800 0.014193
219437.964363 208.665344 595.071848 -0.004391 -0.003920
1068114.026016 550.167415 468.961456 0.004835 0.006827
1499866.051366 239.036055 584.385133 0.004753 -0.010273
1491842.997955 117.008727 322.399161 -0.009744 -0.001144
1826279.228472 250.799419 395.030449 0.017319 0.010247
1133058.067007 247.648908 149.330376 -0.007038 -0.000442
207507.431604 346.833726 450.079654 -0.016174 0.012960
304737.184339 504.081117 306.856137 0.017353 -0.009995
361247.467977 546.714475 329.456048 -0.013807 -0.007880
1585793.637478 720.539817 269.556322 -0.006775 -0.013790
1841064.114050 194.778671 281.489844 0.003169 -0.012883
451362.950938 116.093769 291.969017 -0.001007 -0.001228
1950936.490647 462.821051 542.067418 0.008371 0.007617
1454702.783122 701.879920 182.444371 -0.010449 0.012473
1108684.254395 335.476172 297.085497 -0.015855 0.002984
1596490.624173 717.061364 285.063197 -0.011441 -0.010813
1263706.185512 134.473506 282.316508 -0.015936 0.009881
1294332.516982 261.393066 535.534904 -0.014658 0.012055
723046.520130 87.260716 228.227069 -0.009401 0.013368
107937.715067 793.580218 427.057853 -0.005718 -0.010794
1046872.077066 729.265960 390.180010 -0.019315 -0.019432
450965.188654 653.531519 547.039088 0.008024 -0.017421
278162.196408 266.291358 139.812437 0.004373 -0.002630
1960316.196066 205.450627 456.655081 0.014895 -0.004392
1125740.257616 187.420867 299.749571 0.017718 -0.000062
668170.334151 797.130358 294.336431 -0.018172 -0.005830
1443825.863043 455.593260 159.965432 -0.005090 0.003539
564375.188464 478.400421 242.754307 -0.012222 -0.008031
938961.728913 266.960384 379.488742 0.008087 0.017702
132214.712972 546.425704 119.627914 0.013215 0.002213
1179224.623916 311.866043 473.265755 -0.016459 -0.006667
575213.267736 338.823888 197.899691 0.011063 -0.001208
1368718.602401 400.525570 23.700790 0.018035 0.014936
1254302.726711 186.106192 282.739342 -0.018681 -0.002901
1541011.519516 401.099814 456.393394 -0.003911 -0.011856
1407684.757098 375.141796 531.922080 0.016140 -0.008173
883750.411162 394.023286 411.716806 -0.010678 0.003292
38293.802197 414.657593 3.003205 -0.006037 -0.008107
949396.727117 26.710267 478.577688 0.000578 0.019403
1340193.529306 112.468699 130.139591 -0.014317 -0.013071
1289556.392138 729.469336 404.476870 -0.003796 -0.007430
1756783.113702 87.892733 469.418807 0.010564 -0.019606
157687.638028 165.827264 303.288212 0.010619 -0.002490
175039.783202 626.978863 573.550208 -0.016275 -0.014668
506304.289450 453.650943 99.587825 -0.017966 -0.016732
301433.914481 576.145736 133.534941 -0.005325 0.014509
790027.673724 9.919524 464.124197 -0.017207 -0.003254
176035.711624 758.469018 317.072540 0.014819 0.008521
1081972.172988 759.522240 552.138185 -0.018197 0.008638
715741.816310 107.115612 299.106777 -0.007418 -0.010926
1263880.632475 454.115243 476.659925 0.011934 0.004700
1751026.801649 759.020628 202.598449 -0.016131 -0.007306
399196.095951 394.462098 197.999508 0.019005 0.002425
1496994.359185 48.843036 306.172185 -0.008916 0.017284
445396.929255 653.891304 529.476651 -0.014297 0.014556
1193553.106484 400.145426 599.195668 -0.016147 0.012564
450224.472419 581.699202 229.305826 -0.019235 0.001038
1999453.321099 715.829159 285.417830 -0.005329 0.019662
1584501.028799 429.495101 291.134772 -0.015110 0.000409
94458.571679 696.579731 342.764938 0.002273 -0.014107
1007827.074736 623.678103 579.334875 -0.004562 0.016874
1658558.308919 786.407957 253.447040 0.013093 -0.016886
475365.567242 42.224156 483.225188 0.004536 -0.017045
663714.367274 495.863178 580.526479 0.012249 0.018227
1919117.403179 479.333760 296.780193 -0.002187 0.008836
9624.167350 393.654950 354.917476 0.003061 -0.018039
1478876.057770 64.481164 497.196288 0.007979 -0.001370
1502145.321808 426.784634 269.348131 -0.013031 -0.005541
1054818.871922 329.216838 248.072129 -0.006669 -0.018738
972186.690649 532.087225 390.611923 -0.001887 -0.001121
1216433.286302 329.837622 43.055609 -0.015882 0.014303
1585452.240699 85.836660 209.784440 -0.004609 0.007230
796849.675848 99.188601 458.830963 -0.011015 0.013110
461377.134761 782.687155 217.248873 0.007167 -0.013908
1447663.852688 165.482455 338.342434 -0.014479 0.001614
1190708.408687 498.968343 123.070086 -0.010151 -0.016972
1355477.244293 683.877532 294.136578 0.009981 0.018274
694211.989964 433.579107 39.071003 0.007883 0.017083
1497031.391364 75.972604 30.365807 0.000515 -0.007107
1759090.904966 594.640490 180.112252 -0.010324 -0.003073
904928.793621 772.352654 378.001771 -0.019359 -0.015854
341892.055395 489.251238 436.848948 -0.004946 0.014339
1609370.418642 43.298257 427.840515 -0.008201 0.012133
1339833.364515 513.347187 206.990167 0.009404 -0.006442
543533.833951 386.306630 260.129050 -0.007099 0.019807
1510075.678821 161.389167 443.609649 -0.017785 -0.002232
325429.097901 406.434289 246.046540 0.011720 0.000968
1027532.088117 771.123594 81.351586 -0.010369 -0.006355
1987715.010526 37.032462 236.892041 0.008275 -0.006373
396776.620483 301.215298 588.890329 0.001748 -0.015580
639902.701899 652.446120 356.169922 0.010132 -0.014493
1179865.857204 406.235321 204.077619 -0.006846 0.002535
1568458.621189 393.432096 42.472991 -0.012227 -0.008583
1190290.628555 566.600446 149.955028 0.009235 0.017978
1180185.991889 580.169614 597.292916 0.019395 -0.002775
672088.553511 146.662434 484.855525 -0.007338 0.009075
1837656.663655 510.364011 325.354247 0.000515 -0.004370
1360614.323691 81.904482 539.231015 -0.019198 -0.002734
924125.776125 643.695901 554.889764 0.001316 0.019941
418950.309241 102.571761 424.403916 -0.001725 0.014309
1312754.557148 39.274536 350.037579 0.006068 -0.018663
30587.249450 790.624541 130.392445 0.012907 -0.007756
1889215.610870 593.545739 566.181112 -0.000533 -0.009822
669560.509114 133.651251 214.354698 -0.010654 -0.012490
1579576.984783 556.667334 595.157883 0.008576 -0.010883
1982244.182370 738.930019 214.117127 0.007922 -0.004708
432350.935616 283.744081 258.431226 0.011990 -0.019759
930735.730068 652.467450 596.709979 0.007310 0.005528
600671.720971 501.839465 228.012486 -0.010198 -0.015425
1270601.892504 463.587497 169.318592 0.019709 0.012513
938976.299455 626.148178 304.957311 -0.001539 -0.000140
1474031.937064 362.000670 251.879598 -0.016247 -0.013954
1605130.416157 247.964430 302.907656 -0.010656 -0.015582
1023340.410098 559.396682 555.360627 0.000246 -0.004723
1128556.229700 645.404048 5.491441 0.017762 -0.017958
248420.950141 463.978865 377.849768 -0.003922 0.002758
884577.235619 700.740940 213.309158 0.018011 -0.006561
1704879.713107 549.894056 474.278477 -0.009092 0.011217
1882055.445519 60.137733 54.933126 -0.002167 -0.007618
404206.608610 766.140519 4.974358 -0.014894 -0.001429
780987.060993 553.626760 162.330954 -0.004028 0.005496
642018.800900 419.835825 130.472440 0.018032 0.017214
1579863.075903 314.116790 483.458298 -0.014201 -0.006281
286431.929230 798.775065 18.489511 0.017334 -0.009143
1625355.291937 699.787570 207.446200 0.016180 -0.007142
1310099.705732 85.367860 167.041964 0.006563 -0.010602
1485499.756171 42.753297 555.886068 -0.019459 -0.001834
1126826.147142 267.518397 586.915853 0.011211 -0.008626
1817754.082297 456.382169 406.825476 0.008593 0.008646
42605.713030 686.116485 428.612805 -0.017718 0.011571
1969490.396776 691.934387 399.649793 -0.006762 0.010784
1972945.507603 788.433527 525.762342 -0.009407 0.005964
221002.463354 6.022763 421.464608 -0.018502 -0.019155
314139.836614 480.095973 213.051235 -0.014577 -0.004772
1280098.799281 35.387349 570.836508 -0.007267 0.010343
1334025.561499 271.224537 370.283450 -0.004773 -0.004328
817314.073824 292.309069 154.099387 -0.017005 0.007867
52254.755074 49.000944 409.208204 0.016101 -0.006940
662711.798522 9.844224 200.093591 -0.018614 -0.018002
710212.109941 153.300581 389.996208 0.008413 -0.006921
61999.699130 280.651308 222.933043 0.019297 0.006746
261157.692532 519.455794 4.076819 0.009911 -0.018777
797766.605764 125.314543 237.339218 0.006225 -0.010770
184709.901076 545.483391 175.148269 0.010990 0.003326
1235796.007903 85.068642 357.672879 0.018095 -0.014394
1292608.929469 245.478454 198.696944 -0.008137 -0.019316
1317389.029692 261.667373 220.511822 -0.018789 -0.007609
71927.786838 128.175520 575.504639 -0.018266 0.016314
1977614.946653 353.678664 38.699779 -0.004640 -0.016069
591803.305127 381.701706 467.397384 0.003517 -0.009936
726241.200569 164.819952 214.288637 0.018393 -0.013695
995710.504705 485.015826 279.028557 0.013161 0.016102
963862.695249 390.879577 138.003482 0.013991 0.000727
1079147.418532 708.512618 407.685040 -0.000022 0.017188
1174876.041326 389.764270 222.963023 0.006099 0.014867
937689.950195 758.474583 209.312291 -0.010085 0.001408
1200871.358253 489.333300 445.039681 0.018309 0.002830
1798372.363578 364.579959 105.988815 -0.005457 -0.008569
158766.744732 676.412237 464.375513 -0.007588 0.007840
584123.108808 679.489651 348.493758 0.018827 -0.006109
1019930.488905 447.042839 500.356250 0.015241 -0.011567
1412068.961846 279.659269 95.589329 -0.017816 0.003949
1390465.348675 524.180035 125.700836 -0.002529 0.004546
1560588.704217 269.180781 41.615042 0.018290 0.008012
709118.110458 28.999298 327.193181 -0.014856 -0.006224
481739.437432 336.507145 116.856288 0.012843 -0.004337
1084185.081108 265.383534 569.695158 -0.004949 -0.011493
321427.933090 65.788878 337.504838 -0.007354 -0.014434
322096.383349 12.023420 475.481317 -0.005162 -0.001925
811598.476400 120.549064 472.575409 -0.000998 -0.015688
975828.599639 663.248881 87.020267 -0.018663 0.018323
980873.326296 219.565013 226.577081 0.007419 -0.016147
1538962.265262 182.092369 256.877469 0.008804 0.004162
1281944.833362 703.812077 411.494374 -0.011802 -0.012034
1646853.441208 292.050918 129.220252 0.004642 0.009421
1334224.681991 17.369794 531.647362 -0.001774 -0.000138
1987979.200663 754.237276 196.030839 -0.014457 0.019098
567825.405192 503.247762 150.366030 0.006539 -0.007402
693992.653253 345.400072 324.745915 0.011060 -0.013990
290886.182473 333.016373 18.594880 0.013265 0.004813
461579.700216 524.002760 590.743442 -0.002172 -0.009181
1440439.939238 90.467046 175.702856 0.004266 0.002723
1578856.275221 479.959099 306.958830 -0.015376 0.009523
975708.803616 319.762984 220.297103 0.009549 -0.017524
1363849.989774 68.347766 296.067822 -0.011054 0.014431
1287670.666020 295.347234 165.780287 0.006990 -0.011977
1793086.186886 724.651551 513.316684 0.015255 -0.005943
253419.465503 481.230238 278.394251 -0.003131 -0.011668
65064.939701 167.147156 484.797002 0.001754 -0.007021
1093948.624606 25.657329 434.570985 0.016608 0.010813
1570950.974510 477.108168 513.870008 -0.008893 0.012834
1433502.711092 738.214379 113.587412 0.019706 0.003916
779698.448619 711.779261 301.684852 -0.010201 0.010877
1707668.152502 297.680986 223.978415 -0.007285 0.011688
1161722.038482 280.484789 0.657480 -0.004417 0.015797
650195.260835 748.509410 556.001986 -0.018007 0.014026
1393276.303724 667.666381 268.092298 0.002112 -0.015478
534900.189626 215.535034 21.043460 -0.001729 -0.009470
1264731.390059 676.935232 91.399128 -0.014608 -0.016308
1848317.172308 790.802001 278.449960 -0.008133 -0.007733
512088.236637 702.201029 394.370477 -0.009743 -0.009295
1104225.446984 465.398175 121.937878 -0.000861 0.005240
107543.810321 140.002812 279.380945 0.000019 0.009129
1156781.673039 614.884282 598.103130 0.004542 -0.011014
520065.349769 196.826892 42.902249 -0.003475 -0.004754
327390.441823 269.698807 221.883267 0.005103 0.005371
1353004.063178 707.124240 306.994543 -0.006576 -0.014390
1558240.596931 709.285872 433.396513 0.019290 -0.005441
706633.334377 29.000890 323.753360 0.012769 0.001553
534505.464385 317.487943 182.964274 -0.009434 -0.019553
1061346.780072 419.635043 154.469803 0.004133 0.017536
1275778.349152 612.459057 164.511154 -0.019704 -0.004255
1816858.008419 547.172526 166.500823 -0.003177 -0.019283
837596.447597 159.451541 542.337990 -0.014375 -0.012762
537634.699856 395.903863 130.543816 0.012329 -0.007456
1509630.032587 60.154256 426.086860 -0.020317 -0.007962
1442342.147903 473.151525 518.471337 0.019144 -0.012300
1603574.954720 492.487339 575.695340 -0.016945 0.004951
706735.606634 787.716467 184.467778 0.005237 -0.003791
651319.147391 40.000502 362.586516 -0.010791 -0.012358
1573016.600485 398.647765 411.542440 -0.019873 -0.007696
1998835.487291 607.444953 229.865405 0.008384 0.012773
1445522.677826 344.817168 246.216240 0.003484 -0.003641
1207599.107738 311.272185 14.993563 0.002530 -0.001364
1297106.122271 733.535536 269.831050 0.018196 0.001912
1709409.523620 225.388596 358.927009 -0.001620 0.000461
1579454.636005 196.696296 6.098272 -0.000961 -0.009980
635151.660366 380.366320 5.363458 0.008018 -0.012586
1657542.871152 338.265975 369.246546 -0.010419 -0.019595
50074.195513 674.110120 239.540260 -0.017994 -0.003743
1728956.987955 558.763387 193.728146 -0.007447 0.006146
1741304.677791 135.053326 561.994430 -0.001254 0.005099
896425.988943 206.832503 524.639598 -0.001646 0.009363
248631.410417 620.737994 125.813572 -0.014670 -0.000940
789536.960791 769.571137 539.558501 -0.019585 -0.011933
1819863.026878 28.503891 26.512870 -0.007623 -0.016556
901731.744829 139.200056 470.684409 0.010946 -0.000477
878442.611954 515.282817 393.767105 -0.004973 -0.015488
569936.175165 658.907538 222.829952 -0.013644 -0.008691
212161.644461 226.591395 35.259247 -0.007365 -0.003287
1070836.321949 568.406692 227.819528 -0.002610 0.008852
1162154.364009 276.065562 454.388346 0.005036 0.006166
1685995.778854 61.392674 497.051735 0.005295 0.014020
631794.399876 53.704134 296.599923 0.018914 -0.002291
