120102.793966 630.424625 121.631219 -0.006098 -0.005544
269277.329682 300.083334 156.167289 -0.018274 0.015153
1260731.205931 302.211686 191.724395 0.013071 -0.002963
973263.179405 632.878930 572.937737 0.008505 -0.005935
1683880.506867 289.266298 229.318705 -0.016826 -0.013039
1760997.696668 175.373133 580.487663 0.011719 -0.019822
354965.669268 681.984218 474.639075 -0.004790 -0.012032
306862.422408 412.019865 346.432385 -0.003481 0.002357
913598.742761 34.915087 562.552617 0.011138 0.014844
723511.401901 210.250695 397.724903 -0.007309 0.019061
27418.055584 127.016616 203.180844 -0.004126 -0.010463
1026719.971107 221.755756 273.017325 -0.000715 -0.017199
919235.655535 527.282997 552.857465 -0.009943 -0.018412
247720.705461 324.201546 333.669794 0.008058 0.012680
229642.751734 125.638381 517.099798 -0.017955 0.017190
1463437.116455 330.421213 118.899207 -0.004255 0.009179
349002.480669 325.710554 533.980764 0.001133 0.011502
253345.397419 21.851131 48.648288 0.003298 0.000363
301882.374241 33.278490 100.981753 -0.017036 -0.008248
417897.793659 158.313826 419.832858 0.010565 0.015940
1032678.423930 703.082216 34.485326 -0.004921 0.017248
1981626.739717 86.566370 206.281180 -0.012544 0.000412
148080.320166 291.021462 546.143488 0.018533 0.015045
1426235.401736 72.392582 542.574338 0.011796 0.006903
826207.458426 756.216567 428.346175 0.003251 -0.019250
17939.873048 633.014701 129.708076 0.008271 0.002235
229060.592236 178.724055 260.686100 -0.013018 0.003918
729567.630556 129.702484 425.715394 0.008420 -0.006063
424191.899795 625.514817 428.188645 -0.015130 0.009754
1179453.697605 667.591047 501.676820 -0.000327 0.005136
1017047.714916 724.929492 344.258960 -0.011063 -0.000461
1184883.571782 186.561958 168.360958 0.012310 0.017664
1669257.284919 738.058586 97.973706 -0.009269 -0.016768
1530870.404807 506.871880 153.157046 -0.001061 -0.006365
1211583.405366 549.675189 75.359367 -0.007254 0.012387
1741377.547263 727.151847 385.848578 0.008289 -0.003800
544004.606336 172.537288 185.196122 0.013862 -0.002453
1594854.852927 349.949537 402.386791 -0.016923 -0.010144
1223177.906695 729.651997 101.349748 0.010954 -0.013079
527324.168257 433.111796 487.689958 0.000766 -0.019351
312490.830343 99.745782 422.386604 -0.009568 -0.002704
1025907.483430 120.881655 212.034013 -0.013734 0.014349
1509229.653286 341.956295 43.608785 -0.017919 -0.009364
1023852.793045 688.205972 428.051711 -0.012673 0.017498
1918069.081343 635.278111 509.697208 -0.014820 0.002804
59433.087734 314.462777 67.866262 0.013719 0.016465
257531.464220 800.502841 21.788526 0.013278 -0.008788
961609.428265 277.186424 259.692021 0.013368 0.000063
582120.371322 470.118126 558.474450 -0.005430 0.006004
408974.288222 701.631739 306.647103 0.016802 -0.017658
899929.745542 700.365151 511.804149 -0.008030 -0.019840
849952.291162 263.255779 237.723124 0.001505 -0.013091
617567.269419 532.416692 103.649756 -0.006174 -0.000023
907629.657959 661.751041 506.977818 0.015491 0.006329
693382.430213 141.814851 148.653935 -0.008908 0.001677
1797970.130014 385.136869 250.801265 -0.003526 -0.004084
955435.349120 688.659022 164.022124 -0.006712 -0.013572
557659.864685 605.827697 293.341719 0.007018 -0.008249
1324351.926951 788.222373 575.629922 0.013353 -0.006817
917046.023028 230.696057 93.561164 -0.007871 -0.012916
1632997.046985 519.159543 212.485386 -0.017486 0.017119
1790149.784549 770.225684 244.890441 -0.007414 -0.004963
1613713.184192 632.206250 140.700887 -0.016792 -0.015066
791753.703166 288.514466 527.284370 0.015413 -0.018588
347958.385175 437.426010 12.075208 -0.014654 -0.004627
701432.257286 473.863469 403.287124 0.000319 0.015829
1693039.169392 258.718480 326.935602 -0.012030 -0.004480
944105.254926 76.304615 210.610856 0.015331 -0.003685
1451122.988691 550.598081 119.833361 0.018422 0.010767
644142.737912 285.061980 76.633234 -0.011895 -0.010300
328294.663843 300.354619 473.815633 -0.012201 0.000421
344141.964030 428.746073 60.589395 0.013711 -0.018295
1995072.262359 551.854176 220.621267 0.001693 0.015580
1509670.835691 11.215093 590.984993 -0.015729 0.015788
783939.521193 665.453932 350.038470 0.003543 0.011731
702233.533702 730.436852 89.151931 -0.000813 -0.015226
783487.379916 514.427550 295.195819 -0.012702 0.013077
1976.599918 282.184645 217.633589 -0.015855 -0.012087
812477.567611 80.942589 532.080194 0.010928 0.005793
1551513.418346 422.627824 395.084896 0.010378 0.005364
1106838.468046 120.812947 279.683866 -0.014521 0.009723
516376.429478 389.612613 394.189166 -0.003882 0.018704
1541877.001311 639.227399 366.920082 -0.009511 0.019230
877046.727052 210.932153 200.423608 0.012094 -0.005350
1062152.807164 166.474494 280.857523 -0.003290 0.019307
220503.739184 155.022921 306.086047 0.010769 0.018109
285758.867062 257.609297 62.755766 0.004290 -0.001984
1694852.848395 693.282312 566.702024 0.000233 -0.009205
1823523.613542 219.368078 44.347112 0.000917 0.001472
109429.840049 768.315509 480.016664 -0.004457 0.010489
331166.874772 736.335442 582.271731 0.005306 -0.006541
1904142.131984 594.112279 318.587313 -0.001581 0.000437
967910.745632 483.294406 499.310806 0.003522 -0.011505
581591.096978 348.470748 48.034664 -0.010646 0.017502
706572.319710 117.996873 128.350555 -0.002998 0.006857
1499518.371885 385.531060 378.755687 0.001969 0.014860
785875.055374 571.559759 474.417152 -0.005464 -0.006112
257524.722376 252.941347 54.352648 0.006455 0.011185
1201976.699383 114.835339 228.888481 -0.002622 0.009279
1186503.038363 580.015447 101.751077 0.006832 0.018395
215485.423904 20.120750 64.850963 -0.007122 -0.001906
1555844.913030 56.651630 560.830829 -0.003695 0.004793
1610655.802121 641.091613 200.385476 0.003839 -0.013394
1363983.919548 580.548861 288.339753 0.010878 -0.004604
515601.680854 298.502693 317.596391 0.005555 0.012252
521772.659627 185.450831 319.486995 -0.002816 0.016127
984056.433190 429.783974 558.313094 0.003542 0.013700
764465.851134 302.246968 557.995959 -0.007323 0.011440
1098768.237559 98.147377 352.882431 0.014668 0.008833
1505133.839094 452.552722 265.887844 -0.010737 -0.006510
1656881.889169 392.764468 426.003299 -0.005647 -0.014819
1035409.796534 493.622238 216.434670 -0.018009 -0.018104
532033.862794 432.492925 350.002631 -0.012177 -0.014337
885049.308131 462.116802 312.346034 -0.005108 0.015769
611963.250959 737.539041 10.370167 0.015706 0.012224
1469794.933437 516.425316 223.532447 -0.012475 0.015577
1419313.830053 5.396036 222.261814 -0.003146 -0.005436
1001399.715897 751.190404 589.799312 0.014483 0.019449
57920.523946 103.039285 316.929148 0.004559 -0.007023
1340168.589419 44.112608 541.166700 -0.012384 -0.002905
1593328.125585 396.992308 209.053503 0.012543 -0.004446
308175.125303 438.496340 21.549966 0.000938 0.009121
1829796.170737 187.936889 440.289603 -0.008569 0.006237
194622.977727 628.464817 356.761343 -0.016825 0.005968
1163384.351490 85.847370 466.858679 -0.015329 0.009179
203536.384834 623.596732 466.895263 -0.019844 0.018800
408990.508136 640.533201 279.622560 0.002383 0.004628
1709918.606891 566.421781 96.682894 0.015741 -0.010622
1776676.395804 644.343251 280.349128 0.004793 -0.016387
248411.979642 575.588687 526.805035 0.008747 0.011925
1052401.075630 239.802263 543.582236 -0.007836 -0.003541
1254879.329007 324.254776 114.409816 -0.003744 -0.003573
322021.593490 487.274237 125.435930 0.001911 -0.014925
1647379.426121 386.109613 521.440515 0.019419 -0.005113
204691.412954 699.177115 106.325709 0.002795 -0.000170
536197.156895 555.329647 128.671201 -0.014198 -0.003473
25648.950611 537.876824 428.752579 0.016675 0.018949
247729.502734 436.886979 229.151914 -0.007401 0.018032
1580350.309415 379.871230 335.264866 -0.020006 -0.015901
1443766.372951 659.193260 351.026018 0.003677 0.012387
1912564.341869 554.340111 409.536927 -0.014672 -0.009431
357511.299829 321.116764 575.519003 -0.004407 0.001844
744693.135258 324.373860 130.841096 -0.016550 -0.007017
387589.365424 167.793899 523.074488 0.002986 0.000955
1645202.005117 291.622979 -0.106897 -0.004714 -0.005366
205411.871060 83.693595 113.515440 0.007505 0.007841
1996032.971887 514.880189 233.899702 0.007520 0.010438
1306804.762830 688.113470 106.638979 0.004501 -0.009857
1450619.077985 788.535465 395.113490 0.017720 -0.017181
1969754.747101 110.616533 168.425714 0.013650 0.008611
1609086.544071 543.828223 45.502009 0.012192 -0.017516
883645.576836 726.134202 99.650504 0.005646 0.003650
1722771.757153 502.452254 142.290198 -0.009971 -0.007561
28763.775727 722.694984 101.805666 -0.012005 0.000513
845989.907554 733.803271 301.301032 -0.016741 0.014421
1143645.596292 54.516508 600.329716 0.014089 0.016929
1423342.375748 525.662810 361.917671 0.011492 -0.001570
1329764.171191 184.850613 221.736402 0.013245 0.014447
1926056.274178 553.240408 294.367825 -0.012001 0.017722
1598411.507718 172.741729 507.821686 0.018770 -0.003698
726058.746095 314.023551 195.453548 0.014554 -0.001022
375371.614646 348.411129 324.829027 -0.012633 -0.008615
932014.105344 718.418737 567.056182 -0.017159 0.007156
811741.037672 587.762803 550.831620 0.010982 0.002633
1557690.799962 589.687490 154.883494 -0.009263 0.017510
399385.155365 53.350077 91.244134 -0.018135 -0.018556
1122038.441301 328.045751 256.595113 0.015484 -0.009107
1805346.826001 59.642906 425.553485 0.004570 -0.001382
1995636.369100 729.151133 97.047777 0.017697 0.019411
1695958.700821 279.059634 427.880637 0.010646 -0.015090
558004.577904 435.824862 516.706964 0.001458 0.012506
1597187.265566 589.267307 528.786662 0.018084 0.011277
1833981.536251 410.051420 114.657313 -0.006181 -0.003992
929917.220459 197.820626 284.822536 -0.013179 0.007573
1471826.909795 138.597560 361.271513 0.015869 -0.015403
1165988.196230 595.228462 277.976168 -0.008177 0.000419
1172216.120722 460.784377 32.413557 -0.002193 -0.015481
1736107.381869 196.448860 508.248448 0.009949 -0.012168
1259741.624473 533.001515 425.130044 0.012848 -0.019576
218963.730251 229.069045 155.197149 0.003361 -0.001606
1902503.935575 255.776416 379.581221 0.002181 -0.011339
1496596.111682 109.432630 576.188302 -0.011557 -0.002657
941537.357374 638.178540 5.913829 0.001066 -0.010194
245239.558744 315.770990 293.014888 0.018817 -0.014290
1372376.816986 480.112462 484.753107 -0.004174 -0.003135
1637971.852737 403.722487 424.019716 -0.017008 -0.016351
337179.376901 23.658257 245.392642 0.012132 0.003348
1249672.392965 440.320065 432.804279 0.003381 0.010447
310196.676436 44.362038 335.811334 -0.013362 0.003294
1607296.809371 230.262467 585.040221 -0.008239 -0.009702
236307.595035 783.923116 515.225715 0.017037 -0.004966
561161.337682 596.945731 528.804797 0.019454 0.012914
1939371.158341 125.339717 511.899491 -0.004856 0.018362
870700.636353 2.118577 305.585392 -0.013726 0.003549
541779.813609 249.404407 386.785968 0.013258 -0.000890
453110.709066 506.761977 459.614856 -0.011927 0.017066
47266.968548 256.888883 543.228823 0.015295 -0.010186
562186.379247 130.078067 594.623511 -0.013529 -0.013976
1629854.769274 105.296918 185.089245 0.006685 0.000385
534606.907766 82.246728 307.473656 0.011063 -0.009664
203362.833803 38.195352 342.240689 0.009824 0.015205
92345.910190 778.820759 306.505979 0.012423 -0.012993
877177.283576 667.567878 297.663487 -0.006207 0.008682
1484435.888699 500.918019 528.824614 0.009363 0.011484
64404.659935 439.011881 550.745583 -0.006324 -0.011436
856791.879449 487.039023 190.795953 0.017641 -0.004617
1153201.109335 33.977412 259.418243 -0.014225 0.011653
618554.387530 154.260771 456.725224 0.012845 -0.019882
1875266.974734 207.521594 503.013336 -0.002701 0.004177
1111007.126566 140.230569 138.527726 -0.002545 0.016417
34336.430968 375.352043 275.419576 0.017209 0.004449
1349224.196444 292.100356 249.892620 0.019697 -0.007782
1602661.077679 455.194169 209.604253 -0.010651 0.008563
276647.354605 434.402985 544.448124 0.016353 -0.005543
1822198.850020 671.113077 373.279058 0.009944 -0.009122
453696.245539 243.691302 268.577849 -0.001698 0.009692
713133.517985 379.566033 125.385425 0.012603 -0.003603
36437.158490 391.729196 464.285788 -0.002871 -0.000587
159010.190591 189.113913 31.265506 -0.002848 -0.001201
1535456.720523 453.567130 6.987735 0.007008 -0.001254
749811.288319 470.023745 183.252170 0.019856 -0.006533
1154889.427663 178.849455 384.559286 -0.018999 0.007217
762647.938338 304.962314 92.549268 0.003625 -0.012138
1129345.827331 486.751006 410.908754 -0.006526 -0.018311
337378.635228 333.999832 168.807217 -0.011170 0.013864
1499918.929068 791.277033 248.024964 0.010363 0.006633
1760744.261444 108.798330 149.854060 -0.012554 -0.014670
1172923.453698 610.506243 215.637042 -0.010953 0.011544
79642.974809 486.147068 101.031990 -0.012201 -0.012034
730713.756164 606.928214 483.912091 -0.017944 -0.016077
1702955.846536 175.481107 309.546916 -0.014692 -0.002384
724785.897287 705.944219 257.933280 0.011048 0.005765
187236.443249 524.343066 468.629692 -0.006230 0.013669
1828784.213322 744.259933 362.837195 -0.009363 -0.013275
787390.226865 250.399167 459.586545 0.002482 0.000243
1929498.061505 742.966534 161.063357 0.010656 0.019217
730520.102536 499.586297 120.155933 0.015195 0.010578
1281053.293162 194.320157 381.842489 -0.017202 -0.019251
562426.321470 130.272819 404.884839 -0.017506 0.000271
1033437.869061 780.061188 262.857573 -0.015119 -0.010086
1192859.900739 412.586875 336.401462 -0.005499 -0.016833
138898.690296 261.464352 3.614394 -0.006512 -0.015993
1973181.982512 561.073691 434.036774 -0.012564 0.003320
957790.512106 660.796930 496.784245 -0.015324 0.015869
1692076.045876 318.213118 36.205102 0.000830 -0.001626
1136829.509929 29.293914 260.435487 -0.019541 -0.013628
1367539.427880 482.475230 406.209946 -0.010180 0.018671
1509350.044424 252.355951 176.093666 0.010405 0.006112
785056.476847 598.058244 212.796717 -0.015367 0.017394
1873643.585422 476.086069 457.049950 0.010546 0.008432
1315983.134935 488.197591 64.751094 0.008798 -0.014721
1135951.929323 228.728450 100.611211 -0.019855 -0.008258
656102.584980 548.580031 539.198238 -0.019843 0.017280
1727078.126616 606.332082 148.301256 -0.013754 0.000836
1797488.349396 438.963294 161.395021 -0.009885 0.006605
406141.346510 152.007202 156.382426 0.018576 0.018123
1941231.998588 497.186849 337.412021 -0.016815 -0.006384
1386830.762674 518.500548 376.767623 0.014459 0.006000
1843128.023596 152.221840 201.736218 0.012785 -0.012239
538331.757550 546.165615 571.790624 0.000657 0.013538
944807.663069 332.380962 233.346729 0.009375 0.006569
106756.882792 754.955134 514.497605 -0.007548 0.016346
1618777.323337 226.597413 318.167182 -0.005090 -0.005261
1742666.514471 52.446417 6.884256 -0.000036 0.017111
1321460.731012 337.124912 69.718370 0.019890 -0.010393
620834.287545 213.157840 553.794728 -0.009473 0.011298
1523195.320518 587.429578 118.887379 -0.014015 -0.000943
1731081.362688 163.112045 252.012033 0.008912 0.000661
656632.629529 425.658903 480.508599 0.014355 0.016124
325566.043298 583.718417 581.048497 -0.013079 -0.010856
1792559.657149 666.388684 390.280356 -0.019490 0.013225
1778465.217808 259.311028 59.252853 0.012381 0.003529
1763427.173609 457.832876 192.980932 -0.017747 0.009907
1593951.392730 755.939560 556.252376 -0.011308 0.006616
886016.743670 435.825108 119.171033 -0.010388 -0.003814
204796.643092 323.847296 80.799037 -0.017155 0.002992
727276.621725 773.481002 248.350155 -0.019629 0.019116
488690.041233 721.764183 183.000983 -0.006268 0.008564
1781116.410057 179.238943 171.975668 -0.011475 -0.007824
20635.784613 7.526816 149.568037 0.017500 -0.010970
1834876.302553 303.413823 462.670013 -0.015332 0.004947
350019.654422 174.668486 16.753782 -0.007613 -0.008381
1214501.650638 537.768365 155.064880 -0.019201 0.007493
477760.385944 211.508205 353.496915 0.001765 0.004277
605806.972182 347.256005 499.285155 0.003596 0.005795
272576.070518 480.100340 392.508279 -0.004566 0.001520
1759240.741729 243.186367 550.269092 0.005989 -0.003276
1080301.612187 660.453358 382.662892 0.002787 -0.014592
1857771.559552 140.209657 484.360591 -0.012480 -0.012184
988850.145130 339.957394 276.778539 -0.016671 0.018753
134591.829094 309.580854 242.507029 0.015991 0.019026
96963.198901 28.597710 345.831684 0.008290 -0.003141
227820.812831 465.039662 434.786047 -0.018762 -0.010711
290631.014058 457.536958 34.282435 0.011482 -0.014497
385931.693197 569.558287 190.108151 -0.020022 0.015995
1023297.854244 397.055448 195.412432 0.018834 0.003255
589125.026292 31.546953 579.640225 0.007947 0.017456
1882412.602139 596.843317 584.014986 0.000688 -0.002095
790218.714061 504.785803 18.712642 -0.015186 0.006551
526777.357108 212.325097 139.905423 -0.007113 -0.017988
748590.766801 411.810597 457.610541 0.007592 0.000594
1324791.236466 162.164677 6.005510 0.019524 -0.013034
1179151.767483 226.037610 128.289456 0.002195 0.019227
301466.356172 396.028007 434.864676 -0.014985 -0.019505
349183.755158 415.019593 387.354415 -0.011766 0.005621
616335.581344 375.069494 543.740695 0.001721 0.011548
1910511.639859 733.749527 182.920387 0.008698 0.004281
1640005.631205 304.739973 485.012987 0.013282 -0.005337
1964468.728734 335.867074 391.092407 -0.012191 0.018995
1261209.360911 276.239233 282.372349 -0.005747 -0.001171
968463.258337 424.399045 593.832679 -0.014826 0.009426
1257770.379660 350.159256 123.922442 0.001272 0.019263
1991034.577596 391.412940 537.690693 -0.008004 -0.011733
1007596.648767 95.827175 353.386949 -0.006713 0.017907
1912045.142572 235.939504 222.802660 0.004268 -0.000413
692628.538559 190.199456 501.208259 0.009114 0.003604
609848.141023 240.681641 74.929945 -0.008222 -0.002768
1723251.459991 737.691060 520.943177 -0.017350 -0.001710
1696924.347289 50.345200 567.971390 0.009830 -0.005571
309029.791648 199.686801 289.710055 0.009635 0.002338
867302.640745 559.166874 513.521190 0.012178 -0.007820
691843.061099 120.578632 326.072622 -0.012854 0.018638
272265.500516 388.419528 162.172880 -0.009546 0.011206
1400582.436193 98.361680 421.307795 0.002983 -0.012305
320566.674844 333.084991 150.828184 -0.015710 -0.013505
1229627.376064 208.804480 246.210704 -0.016049 -0.019853
1946485.269790 424.995533 421.371777 0.004846 0.007492
15066.369444 140.496287 292.287416 0.002008 -0.005758
911695.870064 549.094762 506.209694 0.009042 0.017876
1245159.992597 340.320840 42.725696 -0.006409 0.020226
519428.529087 388.674612 247.018099 0.000364 0.003854
1147820.552414 102.143668 512.486741 0.019418 -0.011050
1717933.562453 767.098900 453.697132 0.002491 0.011459
183230.377819 455.325568 577.753499 0.003167 -0.015296
640928.558372 27.467296 483.246174 -0.013454 0.010300
1503776.668340 628.965882 111.083975 0.012846 -0.015531
360957.489517 65.380526 358.318365 0.003703 0.003718
380073.533570 131.987678 431.625500 -0.018225 -0.014020
1889061.825298 723.378979 66.018497 0.008012 -0.001345
1796955.322752 633.814582 20.399734 0.014484 -0.005169
306282.549308 146.956896 243.172647 0.018357 -0.006188
332156.324914 567.604710 78.916173 -0.005927 0.001314
485168.456326 426.646691 367.337825 0.013090 -0.014884
413343.113108 24.313407 173.632299 0.017100 -0.017009
883643.182406 697.247128 587.090799 0.002074 0.002812
887249.075289 360.299271 217.523441 -0.000901 -0.007445
1467432.667253 504.327438 297.499873 -0.014409 0.003561
1682910.725327 245.094900 179.504293 0.018968 0.006316
1660796.624450 172.303077 113.535842 -0.002236 -0.017772
629926.086697 520.354128 50.885861 0.004191 0.003109
318150.466456 37.259971 269.329901 -0.013867 0.003920
40123.955365 464.626326 29.094526 -0.004732 -0.017525
724761.667999 93.973205 413.658400 0.014321 -0.009797
558074.092752 559.673504 337.253493 0.003108 0.006878
438651.350531 326.422256 533.239230 -0.004145 0.014523
1885724.248311 578.994325 300.958099 -0.018901 -0.006824
158400.153815 149.283960 226.118678 0.001140 -0.006989
1952982.963972 437.599218 543.616320 -0.018957 0.017274
1927788.328346 311.012233 28.271103 0.006197 -0.010094
607879.136041 746.936892 567.561008 0.014626 0.000461
1236504.919471 67.945291 551.392242 0.000254 -0.000265
1541570.438790 358.811641 131.502973 -0.009117 -0.000966
1098586.873663 282.255530 398.359187 0.017055 0.015185
1973812.054831 723.066845 257.299671 0.015651 0.017400
717421.361579 684.449220 190.609050 -0.003732 0.000394
1128238.588166 568.340959 265.710788 0.000398 0.003054
1906900.824936 103.187229 396.756659 0.014910 0.005394
311031.282093 514.401344 50.615126 -0.004971 0.016675
1119457.958787 738.819185 161.367426 -0.010776 0.013997
295815.608602 167.800943 451.635950 0.003007 -0.015974
1365835.790227 746.731852 574.072334 -0.019992 -0.006431
933742.419320 452.376279 30.098179 0.016412 -0.016965
1254474.420685 690.063570 122.155862 -0.008478 0.009409
1674721.783807 355.576429 227.685066 0.016824 0.012741
589441.845468 384.413659 445.784928 0.002558 0.008110
1186208.380939 568.320173 547.301121 -0.006136 -0.008545
28320.921598 24.518939 131.709483 0.018874 -0.018780
1123059.363627 350.746578 356.785141 0.004384 -0.006053
1339490.994503 192.566847 126.483382 0.014919 0.001157
1892333.765464 567.815682 583.301268 -0.007190 0.005346
1580513.963280 495.695549 66.221959 0.001245 -0.012669
1628540.167412 101.002744 535.777422 0.009076 -0.001114
358744.990248 592.758653 301.772175 -0.004034 0.008492
1065496.480589 768.718231 90.539562 -0.014926 0.002943
996930.964755 638.331982 488.880840 0.008372 0.006814
685065.261407 524.007718 228.947544 -0.007632 0.019151
22284.613001 83.133402 360.057844 -0.014841 0.005135
1564209.169505 749.531083 458.148829 0.006974 0.006548
471659.941818 683.968053 242.448344 0.009526 -0.009792
234378.384535 216.445902 129.558932 -0.009236 -0.004020
1581110.075852 613.252591 117.736101 0.004191 -0.000954
1733102.233956 757.583575 78.199086 -0.010145 -0.009501
222272.466972 206.769486 219.690326 0.008452 -0.004769
7593.072023 394.808144 189.674424 0.010717 -0.013163
1961038.188991 2.062390 13.955125 -0.004570 0.009659
554464.627316 401.916128 7.633018 -0.000263 0.010857
821613.773155 227.335710 322.595366 0.003985 0.015601
24485.756655 378.376342 502.149354 -0.014264 0.008810
196372.594776 203.395370 587.880191 -0.001421 0.018549
718005.964867 375.014010 274.537770 0.007049 -0.010227
1252709.545778 525.409630 142.222837 0.005948 -0.018316
1958473.456073 741.732895 326.341908 0.019626 -0.003222
628831.249023 322.197133 421.433623 0.014051 -0.019643
1185057.482303 690.559852 288.946155 -0.002870 -0.019716
406775.272641 421.174707 157.233551 -0.012880 0.019435
452064.211691 433.093474 275.659177 0.007350 -0.011352
1391094.198167 249.135783 524.770742 0.017237 0.018316
1830316.959801 730.320946 532.116874 -0.001630 0.016134
610994.441719 618.200322 183.989553 -0.019660 0.004985
631021.334152 481.773720 292.157457 0.011844 -0.018588
989235.750860 1.763787 334.091018 0.010253 -0.012654
1098658.789461 784.433563 435.103543 -0.019658 0.006629
1883467.686308 564.499710 585.999144 0.012781 0.005405
1871849.530317 584.769066 330.575718 0.012870 -0.012440
911993.535660 102.209969 577.426739 0.010568 -0.014591
1176139.691461 61.631971 443.396059 -0.016933 0.015022
1537174.407177 456.373319 526.474073 -0.006939 -0.006932
123261.179832 700.864690 185.199417 0.011663 0.014978
1946848.674653 583.175974 354.085703 0.017981 0.001712
457599.283409 708.959411 164.512855 0.011212 0.008296
926562.791190 189.181997 501.585491 -0.000203 0.020122
1942178.605097 12.036170 45.408374 0.008397 -0.016362
1905775.863633 382.678630 397.433201 0.013270 0.012158
1975712.466974 713.618639 407.946262 -0.008306 0.007168
1128937.655654 214.664908 243.724742 -0.013890 -0.011217
1900458.380534 306.223565 62.130561 -0.011061 -0.013426
1623668.112617 549.961768 239.646419 0.005849 -0.015468
798515.523224 494.061467 76.778766 -0.000976 -0.006939
438456.544857 343.662031 482.319332 0.015128 -0.009769
1216805.763178 694.643241 90.725184 -0.008495 -0.013398
1661706.700764 681.466967 259.206570 -0.010494 -0.019711
1303971.794110 150.788193 233.948231 0.010274 -0.003516
1107963.914568 455.263139 59.008980 0.018170 -0.011403
425643.800956 282.645073 499.933469 -0.007264 0.013711
318262.858465 449.064504 154.986097 0.018565 -0.002281
1036196.117772 457.867889 186.553494 0.006833 0.014587
948553.069005 401.424327 427.680925 0.016390 0.009381
1438074.149861 447.022488 555.783128 -0.015622 -0.007564
677338.477540 530.429451 530.650683 -0.002500 0.004694
197747.041563 521.100076 583.434023 0.017223 0.019653
1601492.672973 71.636012 330.666502 -0.017641 -0.017813
1987075.958395 461.543588 375.218925 -0.007826 -0.010058
971748.938305 621.800757 449.356832 -0.012076 0.007405
974474.447302 733.561830 146.206527 -0.003451 -0.018916
1121549.802423 602.062581 413.196817 -0.002207 -0.012395
613932.794246 434.680111 504.549542 -0.008857 -0.001011
1665525.531241 62.917381 338.689548 -0.004492 -0.014532
1238773.710671 302.443711 429.495039 -0.010181 0.007293
1925637.924078 585.329901 276.593942 0.008455 0.017203
290519.337305 158.647395 508.043837 -0.004369 0.004493
1745488.432117 760.818987 218.969117 0.002449 -0.004202
1111265.337612 695.164113 563.213694 -0.004257 -0.013888
829182.160473 184.227403 135.852129 0.019231 0.004580
728391.627189 478.862736 596.265927 -0.016876 0.013669
1349985.243450 33.352589 346.000159 -0.014515 0.010165
1010733.056353 223.901775 571.563151 -0.005915 0.006795
1129411.861826 180.304886 373.152463 0.017218 0.011487
33999.050983 389.157253 394.124627 0.020246 0.015425
1606354.705806 296.218797 66.697402 -0.018782 -0.005951
1451822.744427 315.135273 570.277547 0.008764 -0.001011
1590584.168020 314.856284 309.310508 -0.005147 0.001140
538209.161040 700.925308 484.910276 -0.011159 -0.010864
958317.440449 628.183712 272.171462 -0.015992 0.008649
479655.517489 94.483598 120.228891 0.015857 -0.017017
167238.956395 558.669227 267.400079 -0.012167 0.009131
1592486.357127 737.228433 73.248324 0.009850 0.005633
1189583.299304 433.061623 20.849460 -0.015537 0.016578
1124831.962923 303.277370 474.191865 -0.005191 0.004008
37146.621401 680.312178 232.648251 -0.001136 0.018053
205026.889315 568.881962 41.055024 -0.007890 0.004312
284161.461650 310.203480 183.800147 0.003493 0.003348
68690.410847 306.210922 301.729278 -0.013746 -0.014786
287411.349028 600.201802 403.897132 -0.012906 0.014462
1171263.018237 591.672241 143.676762 -0.004981 -0.015512
1682127.158941 315.004744 577.485095 -0.010875 0.014525
1824708.168313 264.876015 346.638738 0.019212 0.005358
369206.509725 98.056714 13.364693 -0.000372 0.008411
1208981.916871 419.464577 56.179343 -0.015652 0.007265
446720.970071 202.208499 259.096760 0.015804 -0.002835
586212.983628 385.044130 102.089795 0.001336 0.014302
560717.814863 299.297910 150.882308 -0.010349 0.004142
234257.601311 123.709445 558.928023 0.007804 -0.014624
1133248.557864 703.433732 154.221889 0.003534 -0.005181
1934248.125150 153.622040 536.653205 -0.017568 -0.007941
1152133.833222 226.181801 331.418393 -0.019689 -0.012975
1965200.129880 240.418139 396.813146 -0.013845 0.013367
1034901.121182 346.174539 125.866008 0.010868 0.006887
1623246.405098 709.001428 497.154804 0.009746 0.003207
1926329.093951 248.149939 276.266354 -0.011181 0.015960
1658576.383096 150.462110 54.785387 0.008981 -0.010067
786221.519479 240.897737 318.675286 0.017792 -0.007694
1421758.733421 742.921913 365.074293 -0.004844 -0.017303
888519.625593 711.301327 308.002337 0.005941 0.006170
374128.679919 371.444099 325.535626 -0.019384 -0.011597
247207.860577 783.019244 311.562948 0.003287 -0.012048
838233.393076 329.885224 231.532720 0.000704 -0.014351
1269501.125100 722.806877 262.670169 -0.015661 0.020738
1490342.234955 701.571531 467.229205 -0.005837 -0.010058
1720173.599068 638.976871 82.411645 -0.005135 -0.001860
1589947.016719 447.830493 550.786609 -0.006489 0.003096
254199.274003 369.719030 331.809815 0.005909 -0.018215
1506623.924480 52.452972 274.460342 -0.014406 0.003088
1187558.641279 619.178209 289.557148 -0.018791 0.017646
663885.182079 620.026865 490.517879 -0.015549 -0.014782
134186.233456 776.655216 557.425554 -0.011860 -0.006224
763995.101100 799.326424 542.456747 -0.008045 -0.006504
960104.740672 340.800821 479.159958 -0.018593 -0.016987
1689167.128731 629.724438 84.804615 -0.007889 0.017124
1435140.350571 716.025648 422.147245 -0.012035 0.017046
1287450.956780 425.394337 421.222582 0.011050 -0.015540
1664884.491668 423.824493 368.553464 0.010617 0.009323
1916152.068375 115.646902 439.944316 0.014379 -0.002287
142374.806172 274.667984 522.136947 0.014831 -0.004935
1889104.925044 571.725301 97.897598 -0.016688 -0.019292
184043.514628 642.352934 546.966437 0.011781 -0.019922
1678137.485719 350.661634 320.065151 0.001605 0.016069
349432.717240 299.220826 257.278808 0.011507 -0.014620
327130.583267 597.767944 167.705225 0.015867 0.004361
1445781.852792 774.650241 571.516281 0.003717 0.013536
657045.848974 430.375414 332.851090 -0.000287 0.004922
1143416.638087 467.916836 254.925348 -0.000621 -0.004815
853229.746620 259.611770 491.171798 0.018361 0.014553
1436276.935710 106.476200 143.539829 -0.014032 0.016973
747046.145027 249.369935 400.716310 0.006108 -0.011835
555282.349025 300.108092 106.615795 -0.010822 0.018769
31011.744417 446.375065 303.555731 0.002806 -0.017978
259713.421697 113.408107 381.590540 0.002211 0.005063
30230.289339 785.824609 570.595588 0.013290 0.017693
1629124.594680 440.085426 44.974911 -0.017899 0.007951
1993199.337271 341.250220 5.504287 0.006602 -0.016795
437214.899080 754.114611 272.295808 -0.004237 -0.013120
847463.854052 329.149853 438.723293 0.017218 0.019223
1561464.248021 48.393096 73.509806 -0.003325 0.004602
1496915.452879 345.511904 358.045050 0.008018 -0.009432
1076064.875850 410.489055 489.267770 0.004504 0.002597
1028186.607653 487.306808 594.782416 0.000932 -0.009080
141764.248787 594.386912 129.731897 0.000996 -0.014458
778578.041484 758.837048 329.779912 -0.015274 0.015193
1058486.954802 720.236321 564.152322 0.005859 -0.007136
1112790.978101 319.416499 448.145270 -0.013856 -0.016076
24501.685065 553.907646 366.399634 0.013088 -0.007840
353571.678676 272.798412 548.558921 -0.013267 0.014610
375264.103699 191.490542 365.735688 -0.003807 0.010615
1493884.026769 634.933037 429.234573 -0.008206 0.016523
1188817.119779 659.940793 487.974056 0.001402 -0.000915
259519.063057 73.783906 525.367256 0.015144 -0.010168
1949033.547169 712.077384 562.536193 0.003471 0.008709
482529.103981 609.447206 36.108237 -0.013825 0.017264
1850091.109914 273.843002 102.774545 0.001397 0.009865
1871495.037280 224.932742 324.747124 0.006187 0.002888
908785.677938 195.251668 241.236076 -0.009275 0.011220
1755362.652128 318.385554 522.341198 0.010157 -0.008999
232765.271437 582.080973 98.792317 -0.018100 -0.007243
1765166.354256 236.395697 45.879569 0.017675 -0.001998
15434.920795 692.888729 474.750948 -0.012881 -0.004003
1077013.659792 90.669591 409.320837 -0.016805 0.010603
516053.778360 427.407383 5.697244 0.006388 0.012120
1576709.125925 429.891526 119.203754 0.006427 -0.008343
948767.654108 620.910428 12.169229 0.005595 0.013204
667159.362075 417.531486 74.300606 -0.003590 -0.001437
1146380.339352 334.108353 198.433534 -0.005355 0.003861
1462269.868451 722.426277 426.975077 -0.003582 0.019253
949273.004639 536.531043 309.774995 -0.000657 -0.006835
636841.273232 217.405023 520.934899 0.000692 0.017241
316267.470045 793.114476 424.452600 -0.012935 0.005305
1072709.865436 409.173396 92.792616 0.006415 0.016878
1234697.917120 187.454991 203.684638 0.017927 0.003942
1871003.135047 543.391575 300.199926 0.005843 -0.016342
968257.898916 95.684182 457.554859 -0.019809 0.004242
184803.100389 256.111579 525.893079 0.018298 0.013470
1613704.762242 94.158640 497.028054 0.000561 -0.008176
920804.219749 40.414366 484.168240 0.004839 0.008313
1455508.939668 184.417149 565.941621 -0.017311 -0.012833
1084419.887087 1.295054 515.104061 -0.018222 0.005932
1899527.167855 422.483246 461.405778 0.008454 0.001117
745706.753221 643.210988 509.094824 -0.010128 0.010544
1369434.811813 44.296344 529.126144 0.000572 0.002790
353913.564400 779.943974 371.881117 0.019284 0.003538
660308.989072 568.561452 492.030583 -0.009053 0.011118
1997036.600484 653.668476 468.900891 0.014265 0.014407
857968.969670 644.673618 232.640778 -0.012093 0.000743
1832483.595159 457.039295 194.266647 0.011584 0.011824
174050.590104 359.737936 525.467158 0.018767 0.018480
887791.815627 115.886160 561.286478 -0.017434 -0.014857
1048845.100705 314.666935 504.366931 -0.006251 0.006689
1236598.032171 273.679116 290.087335 -0.004029 -0.012088
688449.854352 662.651598 2.495105 0.009252 -0.018941
1047717.716101 519.049722 357.812600 0.013912 -0.003484
831685.772553 746.785181 517.213930 -0.008451 0.016122
1646809.537731 587.873894 29.425631 0.010386 0.011939
354697.854423 226.663057 115.067491 -0.019279 0.005148
1718570.137265 508.431802 581.476723 -0.006284 -0.018643
338487.908402 549.707707 517.440150 -0.012999 -0.003247
1776805.868268 558.742952 40.759798 -0.000618 0.001844
960078.654327 720.408346 287.044165 -0.006765 -0.012522
763596.911339 131.455224 556.019159 -0.002753 0.017015
1446903.674606 486.588811 125.302126 0.017339 0.005343
1673049.761761 619.817342 155.908190 0.012220 -0.015280
591079.477496 780.339424 482.751313 -0.013705 -0.013984
450261.526019 36.924468 509.524708 -0.008247 0.001256
788880.985598 618.955901 258.823046 0.014936 -0.015425
1247242.441982 204.420132 167.371313 0.002016 0.007425
405506.701397 218.025356 175.303230 -0.003532 -0.012375
1835863.754077 197.745039 576.403821 -0.012856 -0.017845
159031.381905 380.009791 18.615171 0.015404 0.005322
362722.217274 87.384586 407.239798 -0.018556 -0.003756
420997.232395 340.163099 105.330276 0.005850 -0.007769
580167.091722 213.277350 332.873515 0.002802 0.012595
479025.265425 617.105471 52.566919 0.001288 -0.012676
552036.800679 359.924316 258.418894 -0.010470 0.005076
969986.005207 253.892867 61.605178 0.000796 -0.011947
1471710.388303 557.506666 187.804609 -0.003395 0.009209
1430984.936390 500.854882 91.127429 0.015646 -0.009261
902052.609670 144.551622 321.161274 -0.019781 0.010002
700700.571156 195.532982 313.327675 -0.002450 0.011062
1408199.004553 571.271259 137.127523 -0.014610 0.018115
1713095.736556 496.271096 161.405011 0.018418 -0.014611
944491.339356 557.095855 498.727468 0.011374 -0.015567
1119457.834922 400.455775 441.428035 0.008484 -0.004367
8319.607940 130.634252 343.499669 0.001563 -0.013273
647061.014849 711.840786 247.402957 0.013811 -0.006826
379545.065751 439.189359 25.892061 -0.003339 0.007318
1990576.603445 218.623257 181.447910 -0.009384 -0.010677
876473.971119 589.623273 557.751919 -0.009188 0.000888
80381.552726 664.546627 13.448770 0.011023 0.001699
828036.629980 625.009459 423.070720 0.019520 -0.007185
1747623.103553 248.385475 124.449121 -0.008533 -0.013743
1072386.123739 381.204679 423.640691 0.003221 0.015735
777386.485961 459.627490 100.866739 0.007637 0.013593
801906.589792 103.755866 345.962432 -0.006809 -0.003945
197987.358178 295.965914 137.830563 -0.015159 -0.014140
1545926.498969 428.230626 556.356068 -0.000491 0.001237
492654.834172 281.822874 500.338092 -0.001011 0.005067
1978982.283724 792.936992 69.277260 0.007751 0.002824
17631.095842 66.116577 86.732218 -0.012955 0.010996
1966499.848276 461.732587 543.624349 0.003547 0.015022
611006.784537 527.333209 167.333245 0.001459 0.011206
850069.038966 247.036874 189.866652 -0.005921 0.011500
1676786.882652 479.103666 83.299415 0.006892 -0.017860
1557780.060711 529.753171 26.163315 0.015763 -0.005723
1227310.625476 722.807297 262.873449 0.012611 -0.023873
428616.731627 592.035299 393.348104 -0.015227 -0.007965
1127178.874392 340.410719 576.677726 0.013658 0.018410
1480731.590409 212.771734 162.214359 -0.017759 0.004799
115335.758829 715.124194 130.651770 -0.012099 0.002660
541498.807511 780.933050 137.287909 -0.007442 0.014834
1167776.423119 741.976121 464.490860 -0.019059 0.007393
1705487.274428 189.985876 255.774798 0.000315 -0.005712
1455042.508177 58.217199 469.645217 0.007526 0.016569
1485351.840726 341.543952 108.570470 -0.019545 -0.000659
1600046.444498 55.589290 226.698443 -0.019275 -0.009268
1889695.885540 230.190693 146.883590 -0.013082 0.004145
230475.999522 605.878714 319.292030 0.015502 0.011175
434670.210087 593.550158 9.965622 0.005755 -0.009943
748135.628527 296.687934 193.076047 -0.013648 -0.017664
474188.291689 718.627287 292.728712 -0.003319 0.016225
1941577.332067 174.259280 588.540331 -0.006011 -0.010678
499196.726130 235.232739 314.395440 -0.000259 -0.001299
254300.674542 487.745804 134.031361 0.006367 -0.000108
6325.354803 700.020067 144.011718 -0.019182 0.000830
980919.682878 316.049824 534.932632 0.012554 0.001960
1900851.625903 40.272567 269.155814 -0.002592 -0.001272
719689.197242 326.211864 412.383701 -0.006339 0.010295
1844748.197982 472.729430 30.165637 -0.002181 -0.016560
1036199.990211 459.245140 416.316829 0.009638 -0.010762
385683.919483 595.621088 65.280386 -0.002698 0.010627
1256102.471266 738.641721 96.084741 0.000535 0.010211
1419511.694191 375.408385 472.875289 -0.013622 0.016245
511292.832210 415.288515 189.693608 0.017687 0.014406
145034.134456 691.171898 270.135849 -0.015049 -0.007553
1071721.370831 513.142616 530.658930 -0.010809 -0.004676
233847.819378 338.176128 77.388970 -0.011034 0.014198
1786277.592083 681.806907 467.400264 -0.017908 -0.005085
1031918.257955 609.635914 506.132656 -0.007876 0.016821
1499349.890975 446.306096 263.474156 -0.017325 0.000078
597617.807145 110.330129 219.049481 0.010015 -0.009534
1353622.215499 228.391538 541.954674 0.002469 0.000629
573296.933702 542.640069 564.019478 -0.003399 0.016135
1590131.532210 246.410567 453.762423 0.003011 -0.005548
258416.177825 72.991732 73.609045 0.018867 -0.004273
87595.200207 577.074451 571.699137 -0.000687 0.011451
906233.425674 625.863816 554.289554 0.012746 0.001241
370032.188655 395.866566 489.295384 -0.016456 -0.017743
664767.085884 299.560067 441.805036 -0.009132 0.011573
1278253.811075 53.013719 58.705211 -0.004120 0.005622
916040.443311 420.087705 438.712827 0.003219 -0.000164
249204.321880 499.173766 130.225099 -0.016946 -0.015715
8661.484350 424.511447 533.418397 0.017155 -0.006052
841302.204338 90.070092 506.092013 -0.010473 -0.011984
1802783.200425 455.924070 346.237129 0.005477 0.013643
731632.451868 220.849200 544.763770 -0.001406 0.006845
1096714.972098 736.724971 118.100962 -0.008799 -0.000091
1386984.768969 323.949191 76.209661 0.016471 -0.000738
469499.863903 732.116060 6.939866 -0.015007 0.013809
718651.906922 435.402129 574.631105 -0.011851 0.011226
316653.122342 84.335602 211.387917 0.010075 0.009012
385530.231700 79.669549 10.951830 -0.015988 0.002574
1379939.433830 519.488130 291.631530 0.015413 0.017176
1974529.288697 463.651849 199.390964 -0.015519 -0.000405
1626419.535664 279.753584 244.566636 0.012982 -0.001062
503204.831157 146.145278 10.661729 -0.011614 -0.004503
1600260.999799 293.022330 294.451902 -0.013933 -0.015949
467442.890847 275.318264 121.001634 -0.009914 -0.002201
1530910.291491 753.047640 56.609424 -0.010008 0.013180
43405.273949 189.931671 245.107208 -0.005790 -0.005887
1801413.789299 133.512180 421.402193 -0.007696 0.019679
348673.859774 447.524667 105.042394 -0.012281 0.010754
1122384.702378 793.339683 80.782262 -0.017922 -0.014248
474000.488629 229.246226 293.453656 -0.002431 0.001561
1867761.544822 162.696098 288.092078 -0.018856 -0.001845
617712.498930 39.612163 415.281204 0.008757 -0.003841
88793.583256 495.131503 342.883384 0.009894 0.016925
1123119.018564 736.219957 291.504996 0.009368 -0.015512
510837.786138 237.550756 62.619145 -0.004330 -0.005984
498234.962345 502.724540 381.405226 0.009532 -0.017335
350510.791107 537.828053 162.917835 0.006253 0.007953
1451432.125387 771.378171 449.371699 -0.003390 0.007355
303273.376219 370.329621 179.899341 0.008882 -0.011666
454803.713809 227.201647 75.961307 0.008602 -0.019200
480071.545802 775.477139 189.804195 -0.006252 -0.005557
1333575.176696 474.821176 592.875766 -0.007780 -0.006722
110627.538576 382.785675 1.845495 -0.007002 -0.014515
1406769.050940 41.573673 59.185192 -0.001872 -0.001181
1561676.394922 482.175309 559.321423 -0.016764 -0.006999
281255.947557 246.696757 364.764126 -0.009248 -0.019070
1257382.930842 407.456527 596.138532 0.017785 0.014120
706537.016996 489.496696 268.922365 -0.006341 0.016653
1558318.719993 318.135448 237.062248 0.011347 0.008938
1057752.200895 389.424878 465.981577 0.005110 0.017494
491364.625511 326.257878 325.140640 -0.012861 -0.000412
1734950.389590 255.127769 479.320729 -0.000923 0.003492
1643357.573842 84.724514 56.844229 0.012568 -0.017963
1898263.090243 133.938888 397.733485 -0.004152 0.000405
1157183.811607 141.072674 544.637424 0.018943 0.018332
1260090.642264 401.463005 266.522056 -0.003783 -0.014828
767107.214205 521.650191 323.318196 0.016978 0.013175
55740.578126 634.858293 88.771683 0.013015 -0.009315
1471867.368311 519.051806 224.870128 0.012850 -0.001693
851158.514084 624.128399 377.611687 -0.016456 -0.012923
279214.015361 532.940299 211.814489 -0.018196 0.005633
622537.959657 541.367790 84.671823 0.010267 -0.016711
543551.074594 112.447475 439.177477 0.012864 -0.017327
1125283.938425 670.461499 515.286361 0.008418 0.006520
255944.995329 357.694864 187.100537 0.000112 -0.008828
1549879.616848 742.605861 35.185313 -0.003808 -0.019293
474171.187949 435.907281 410.487978 0.003562 0.003656
648167.413030 720.768031 160.509277 -0.001356 0.006311
697835.028496 589.793966 478.508409 -0.016729 0.001912
1725670.433475 516.024159 231.102923 0.008616 -0.005296
99429.388577 679.155244 481.521454 -0.005525 -0.005953
163663.104253 109.279410 168.319104 -0.006908 0.000335
594763.153510 303.751812 52.832293 0.019278 0.018809
1355525.087265 244.981822 522.147159 0.017927 0.010945
1053977.892294 234.772350 305.617279 -0.007013 -0.004929
115031.983757 149.686637 12.852572 -0.002329 0.016308
752375.869431 393.715363 455.130801 -0.012761 0.014190
219437.964363 208.577593 594.993240 -0.004391 -0.003947
1068114.026016 550.263977 469.098666 0.004828 0.006903
1499866.051366 239.130762 584.179636 0.004725 -0.010291
1491842.997955 116.814332 322.376525 -0.009711 -0.001121
1826279.228472 251.145318 395.235283 0.017296 0.010252
1133058.067007 247.508193 149.321618 -0.007044 -0.000435
207507.431604 346.510472 450.338626 -0.016175 0.012955
304737.184339 504.427935 306.656149 0.017354 -0.010019
361247.467977 546.438491 329.298470 -0.013811 -0.007889
1585793.637478 720.404595 269.280168 -0.006756 -0.013846
1841064.114050 194.842242 281.232853 0.003192 -0.012835
451362.950938 116.073756 291.944472 -0.000996 -0.001229
1950936.490647 462.982500 542.225823 0.007805 0.008217
1454702.783122 701.670981 182.693889 -0.010460 0.012498
1108684.254395 335.159278 297.145124 -0.015857 0.002983
1596490.624173 716.819326 284.853771 -0.012682 -0.010078
1263706.185512 134.155117 282.513985 -0.015926 0.009881
1294332.516982 261.100001 535.775706 -0.014670 0.012042
723046.520130 87.072944 228.494112 -0.009390 0.013355
107937.715067 793.465629 426.841571 -0.005750 -0.010852
1046872.077066 728.879295 389.790802 -0.019380 -0.019521
450965.188654 653.691749 546.690847 0.008011 -0.017429
278162.196408 266.378750 139.759922 0.004373 -0.002625
1960316.196066 205.748316 456.567253 0.014896 -0.004397
1125740.257616 187.775025 299.748252 0.017723 -0.000070
668170.334151 796.766986 294.219795 -0.018192 -0.005842
1443825.863043 455.491508 160.036323 -0.005093 0.003555
564375.188464 478.156153 242.593835 -0.012222 -0.008028
938961.728913 267.121831 379.842390 0.008069 0.017689
132214.712972 546.691124 119.672287 0.013345 0.002229
1179224.623916 311.536785 473.132626 -0.016491 -0.006655
575213.267736 339.044275 197.875717 0.010993 -0.001191
1368718.602401 400.886016 23.999450 0.018036 0.014952
1254302.726711 185.733244 282.681344 -0.018641 -0.002903
1541011.519516 401.021529 456.156270 -0.003923 -0.011874
1407684.757098 375.464534 531.758645 0.016157 -0.008183
883750.411162 393.810933 411.782712 -0.010572 0.003302
38293.802197 414.536956 2.841414 -0.006035 -0.008084
949396.727117 26.722135 478.965864 0.000609 0.019444
1340193.529306 112.182857 129.878526 -0.014288 -0.013054
1289556.392138 729.393156 404.328320 -0.003827 -0.007436
1756783.113702 88.103088 469.025668 0.010481 -0.019735
157687.638028 166.039732 303.238385 0.010643 -0.002496
175039.783202 626.653739 573.257134 -0.016261 -0.014660
506304.289450 453.292110 99.253638 -0.017944 -0.016710
301433.914481 576.038822 133.825336 -0.005373 0.014551
790027.673724 9.575834 464.059198 -0.017187 -0.003251
176035.711624 758.764953 317.242874 0.014796 0.008525
1081972.172988 759.157899 552.311397 -0.018264 0.008696
715741.816310 106.967515 298.888409 -0.007403 -0.010926
1263880.632475 454.353708 476.753821 0.011930 0.004696
1751026.801649 758.697821 202.452510 -0.016174 -0.007300
399196.095951 394.842789 198.047348 0.019092 0.002363
1496994.359185 48.665024 306.517570 -0.008898 0.017280
445396.929255 653.605512 529.767412 -0.014302 0.014541
1193553.106484 399.823014 599.446494 -0.016118 0.012537
450224.472419 581.314648 229.326548 -0.019248 0.001036
1999453.321099 715.734302 285.805973 -0.004241 0.019126
1584501.028799 429.193156 291.142864 -0.015106 0.000400
94458.571679 696.625084 342.482983 0.002265 -0.014109
1007827.074736 623.586924 579.671892 -0.004563 0.016852
1658558.308919 786.669550 253.109338 0.013086 -0.016909
475365.567242 42.312502 482.885686 0.004317 -0.016926
663714.367274 496.107689 580.890171 0.012220 0.018170
1919117.403179 479.290263 296.956624 -0.002167 0.008821
9624.167350 393.716130 354.556979 0.003062 -0.018037
1478876.057770 64.638425 497.168808 0.007760 -0.001376
1502145.321808 426.524305 269.237451 -0.013021 -0.005535
1054818.871922 329.083557 247.697655 -0.006669 -0.018737
972186.690649 532.049407 390.589458 -0.001898 -0.001127
1216433.286302 329.520385 43.341531 -0.015865 0.014310
1585452.240699 85.744375 209.927716 -0.004629 0.007112
796849.675848 98.967451 459.092558 -0.011114 0.013070
461377.134761 782.830126 216.970969 0.007140 -0.013903
1447663.852688 165.193163 338.374622 -0.014471 0.001608
1190708.408687 498.765523 122.730070 -0.010141 -0.017059
1355477.244293 684.077192 294.501614 0.009999 0.018256
694211.989964 433.736909 39.412654 0.007909 0.017107
1497031.391364 75.982898 30.223883 0.000516 -0.007096
1759090.904966 594.434110 180.050771 -0.010329 -0.003079
904928.793621 771.965626 377.684881 -0.019372 -0.015857
341892.055395 489.152304 437.135707 -0.004954 0.014358
1609370.418642 43.134624 428.082969 -0.008174 0.012130
1339833.364515 513.535390 206.861864 0.009429 -0.006397
543533.833951 386.164721 260.524621 -0.007102 0.019779
1510075.678821 161.033751 443.565065 -0.017782 -0.002230
325429.097901 406.668444 246.065926 0.011712 0.000972
1027532.088117 770.916089 81.224747 -0.010397 -0.006338
1987715.010526 37.197991 236.764772 0.008290 -0.006364
396776.620483 301.250296 588.578714 0.001754 -0.015604
639902.701899 652.648806 355.880163 0.010152 -0.014504
1179865.857204 406.098280 204.128323 -0.006869 0.002539
1568458.621189 393.187762 42.301536 -0.012224 -0.008575
1190290.628555 566.784986 150.314328 0.009232 0.017978
1180185.991889 580.557129 597.237152 0.019385 -0.002806
672088.553511 146.515159 485.036790 -0.007400 0.009064
1837656.663655 510.374306 325.266853 0.000515 -0.004375
1360614.323691 81.520661 539.176154 -0.019212 -0.002756
924125.776125 643.722122 555.288156 0.001308 0.019927
418950.309241 102.536522 424.689235 -0.001799 0.014244
1312754.557148 39.395681 349.664307 0.006055 -0.018690
30587.249450 790.882289 130.237498 0.012887 -0.007750
1889215.610870 593.534948 565.984649 -0.000547 -0.009839
669560.509114 133.438341 214.105122 -0.010652 -0.012486
1579576.984783 556.838916 594.939992 0.008595 -0.010922
1982244.182370 739.088369 214.023020 0.007924 -0.004710
432350.935616 283.983538 258.036188 0.011973 -0.019773
930735.730068 652.613483 596.820297 0.007303 0.005512
600671.720971 501.636001 227.704136 -0.010164 -0.015432
1270601.892504 463.981314 169.568781 0.019701 0.012524
938976.299455 626.117309 304.954407 -0.001550 -0.000150
1474031.937064 361.675877 251.600827 -0.016255 -0.013944
1605130.416157 247.751345 302.596306 -0.010668 -0.015576
1023340.410098 559.401665 555.266115 0.000252 -0.004735
1128556.229700 645.758727 5.132726 0.017732 -0.017939
248420.950141 463.898914 377.903228 -0.004075 0.002595
884577.235619 701.100763 213.177451 0.017998 -0.006619
1704879.713107 549.712373 474.502159 -0.009089 0.011167
1882055.445519 60.094217 54.781087 -0.002188 -0.007597
404206.608610 765.842778 4.945921 -0.014902 -0.001417
780987.060993 553.545838 162.441033 -0.004071 0.005520
642018.800900 420.196255 130.816425 0.018037 0.017210
1579863.075903 313.832653 483.332543 -0.014234 -0.006304
286431.929230 799.121500 18.307094 0.017334 -0.009112
1625355.291937 700.110961 207.303788 0.016182 -0.007109
1310099.705732 85.499330 166.830329 0.006593 -0.010577
1485499.756171 42.364578 555.849467 -0.019441 -0.001829
1126826.147142 267.742425 586.743239 0.011208 -0.008648
1817754.082297 456.553903 406.998385 0.008593 0.008657
42605.713030 685.764441 428.843238 -0.017513 0.011491
1969490.396776 691.799348 399.865347 -0.006751 0.010787
1972945.507603 788.245365 525.881514 -0.009423 0.005962
221002.463354 5.653178 421.081793 -0.018483 -0.019154
314139.836614 479.804664 212.955804 -0.014575 -0.004778
1280098.799281 35.242327 571.042925 -0.007245 0.010314
1334025.561499 271.129004 370.197058 -0.004787 -0.004317
817314.073824 291.969425 154.256696 -0.016984 0.007876
52254.755074 49.322871 409.069692 0.016115 -0.006921
662711.798522 9.472343 199.733893 -0.018601 -0.017994
710212.109941 153.468730 389.857890 0.008414 -0.006921
61999.699130 281.037145 223.068072 0.019315 0.006767
261157.692532 519.653836 3.701758 0.009908 -0.018756
797766.605764 125.439023 237.123900 0.006232 -0.010777
184709.901076 545.703094 175.214463 0.010996 0.003298
1235796.007903 85.430492 357.385124 0.018117 -0.014403
1292608.929469 245.315876 198.310755 -0.008133 -0.019331
1317389.029692 261.291958 220.359844 -0.018780 -0.007600
71927.786838 127.810480 575.830399 -0.018264 0.016286
1977614.946653 353.585643 38.378893 -0.004669 -0.016043
591803.305127 381.772122 467.198790 0.003531 -0.009938
726241.200569 165.187616 214.014965 0.018400 -0.013692
995710.504705 485.278655 279.350377 0.013141 0.016103
963862.695249 391.159252 138.017950 0.013996 0.000721
1079147.418532 708.512706 408.028859 0.000031 0.017217
1174876.041326 389.886181 223.260115 0.006101 0.014864
937689.950195 758.272887 209.340082 -0.010099 0.001373
1200871.358253 489.699107 445.096169 0.018298 0.002822
1798372.363578 364.470827 105.817700 -0.005464 -0.008555
158766.744732 676.261033 464.532510 -0.007542 0.007871
584123.108808 679.865766 348.371696 0.018812 -0.006106
1019930.488905 447.347404 500.125053 0.015237 -0.011570
1412068.961846 279.303108 95.668534 -0.017826 0.003978
1390465.348675 524.129435 125.791864 -0.002534 0.004563
1560588.704217 269.546354 41.775376 0.018293 0.008033
709118.110458 28.702640 327.068052 -0.014829 -0.006299
481739.437432 336.763523 116.769680 0.012814 -0.004330
1084185.081108 265.284593 569.465346 -0.004952 -0.011505
321427.933090 65.640183 337.217262 -0.007527 -0.014344
322096.383349 11.920500 475.442779 -0.005138 -0.001932
811598.476400 120.529190 472.261837 -0.000991 -0.015692
975828.599639 662.875890 87.386584 -0.018663 0.018336
980873.326296 219.713362 226.254436 0.007426 -0.016141
1538962.265262 182.268675 256.960738 0.008840 0.004171
1281944.833362 703.576711 411.253521 -0.011751 -0.012068
1646853.441208 292.143722 129.408605 0.004646 0.009428
1334224.681991 17.334524 531.644563 -0.001755 -0.000143
1987979.200663 753.948409 196.412942 -0.014450 0.019141
567825.405192 503.379101 150.218441 0.006604 -0.007366
693992.653253 345.621944 324.466064 0.011146 -0.014015
290886.182473 333.281490 18.691268 0.013265 0.004833
461579.700216 523.959266 590.559708 -0.002180 -0.009206
1440439.939238 90.552454 175.757241 0.004281 0.002719
1578856.275221 479.651819 307.148854 -0.015374 0.009493
975708.803616 319.953832 219.947050 0.009550 -0.017507
1363849.989774 68.126865 296.356284 -0.011052 0.014436
1287670.666020 295.486963 165.540868 0.006993 -0.011982
1793086.186886 724.956414 513.197942 0.015254 -0.005940
253419.465503 481.168520 278.161293 -0.003049 -0.011644
65064.939701 167.182221 484.656689 0.001755 -0.007021
1093948.624606 25.989482 434.787073 0.016632 0.010811
1570950.974510 476.930015 514.126875 -0.008937 0.012874
1433502.711092 738.607809 113.666034 0.019665 0.003951
779698.448619 711.575118 301.902522 -0.010229 0.010907
1707668.152502 297.535259 224.212216 -0.007299 0.011709
1161722.038482 280.396747 0.973367 -0.004394 0.015814
650195.260835 748.149860 556.282290 -0.017974 0.014024
1393276.303724 667.708622 267.782984 0.002115 -0.015476
534900.189626 215.500531 20.854368 -0.001724 -0.009453
1264731.390059 676.643273 91.073330 -0.014610 -0.016296
1848317.172308 790.639264 278.295339 -0.008152 -0.007741
512088.236637 702.006205 394.184966 -0.009754 -0.009269
1104225.446984 465.381023 122.042680 -0.000856 0.005248
107543.810321 140.002956 279.563613 -0.000004 0.009150
1156781.673039 614.974964 597.882786 0.004533 -0.011036
520065.349769 196.757574 42.807313 -0.003462 -0.004746
327390.441823 269.800638 221.990672 0.005088 0.005378
1353004.063178 706.993411 306.706767 -0.006518 -0.014409
1558240.596931 709.671425 433.287504 0.019293 -0.005468
706633.334377 29.256235 323.785249 0.012782 0.001639
534505.464385 317.299269 182.573653 -0.009447 -0.019537
1061346.780072 419.718095 154.820827 0.004178 0.017594
1275778.349152 612.065196 164.425952 -0.019711 -0.004271
1816858.008419 547.109060 166.115358 -0.003174 -0.019291
837596.447597 159.163936 542.082556 -0.014406 -0.012800
537634.699856 396.150196 130.394931 0.012323 -0.007443
1509630.032587 59.698407 425.871915 -0.025671 -0.016122
1442342.147903 473.534437 518.225060 0.019176 -0.012348
1603574.954720 492.148800 575.794350 -0.016934 0.004957
706735.606634 787.820899 184.392105 0.005214 -0.003782
651319.147391 39.784981 362.339332 -0.010777 -0.012379
1573016.600485 398.250069 411.388875 -0.019927 -0.007671
1998835.487291 607.612447 230.120608 0.008377 0.012766
1445522.677826 344.886746 246.143441 0.003479 -0.003644
1207599.107738 311.322790 14.966641 0.002534 -0.001330
1297106.122271 733.898675 269.869207 0.018144 0.001906
1709409.523620 225.356261 358.936140 -0.001615 0.000453
1579454.636005 196.677139 5.898962 -0.000956 -0.009966
635151.660366 380.526631 5.112055 0.008025 -0.012573
1657542.871152 338.057863 368.854849 -0.010407 -0.019603
50074.195513 673.750538 239.465545 -0.017990 -0.003733
1728956.987955 558.614406 193.850499 -0.007461 0.006097
1741304.677791 135.028168 562.095989 -0.001264 0.005064
896425.988943 206.799697 524.826559 -0.001637 0.009347
248631.410417 620.444649 125.794750 -0.014686 -0.000943
789536.960791 769.179551 539.320037 -0.019602 -0.011931
1819863.026878 28.351593 26.182091 -0.007617 -0.016546
901731.744829 139.418845 470.674972 0.010949 -0.000468
878442.611954 515.183404 393.457457 -0.004975 -0.015500
569936.175165 658.634778 222.656307 -0.013652 -0.008686
212161.644461 226.444233 35.193897 -0.007362 -0.003253
1070836.321949 568.354392 227.996423 -0.002624 0.008850
1162154.364009 276.166268 454.511547 0.005042 0.006163
1685995.778854 61.500645 497.331909 0.005509 0.014014
631794.399876 54.082259 296.554267 0.018926 -0.002279
