120102.793966 630.536827 121.733349 -0.006079 -0.005540
269277.329682 300.419902 155.887926 -0.018252 0.015166
1260731.205931 301.970637 191.779120 0.013090 -0.002977
973263.179405 632.721999 573.047029 0.008526 -0.005926
1683880.506867 289.576541 229.559002 -0.016843 -0.013039
1760997.696668 175.157219 580.853118 0.011713 -0.019839
354965.669268 682.072425 474.860429 -0.004783 -0.011991
306862.422408 412.084058 346.388847 -0.003485 0.002368
913598.742761 34.710161 562.279076 0.011101 0.014842
723511.401901 210.385434 397.373565 -0.007314 0.019068
27418.055584 127.092680 203.373839 -0.004129 -0.010482
1026719.971107 221.768945 273.334314 -0.000716 -0.017202
919235.655535 527.466238 553.196701 -0.009943 -0.018404
247720.705461 324.053101 333.436007 0.008052 0.012692
229642.751734 125.969239 516.782151 -0.017950 0.017282
1463437.116455 330.499660 118.729909 -0.004259 0.009194
349002.480669 325.692557 533.765491 0.000828 0.011849
253345.397419 21.790295 48.641557 0.003304 0.000367
301882.374241 33.592553 101.133745 -0.017047 -0.008247
417897.793659 158.119096 419.539110 0.010568 0.015939
1032678.423930 703.172884 34.167580 -0.004919 0.017235
1981626.739717 86.797244 206.275015 -0.012510 0.000256
148080.320166 290.679935 545.866128 0.018532 0.015056
1426235.401736 72.175328 542.447086 0.011781 0.006907
826207.458426 756.156537 428.700955 0.003264 -0.019252
17939.873048 632.862105 129.667023 0.008289 0.002220
229060.592236 178.964601 260.613395 -0.013088 0.003974
729567.630556 129.547703 425.826782 0.008379 -0.006027
424191.899795 625.793743 428.008536 -0.015140 0.009793
1179453.697605 667.596750 501.582126 -0.000292 0.005141
1017047.714916 725.133326 344.267427 -0.011058 -0.000458
1184883.571782 186.334960 168.035650 0.012325 0.017640
1669257.284919 738.229599 98.279761 -0.009280 -0.016465
1530870.404807 506.891085 153.274106 -0.001024 -0.006339
1211583.405366 549.808834 75.131242 -0.007250 0.012370
1741377.547263 726.999232 385.919204 0.008274 -0.003862
544004.606336 172.281965 185.241333 0.013847 -0.002453
1594854.852927 350.261414 402.573680 -0.016923 -0.010138
1223177.906695 729.449727 101.589305 0.010997 -0.012923
527324.168257 433.097644 488.046484 0.000770 -0.019341
312490.830343 99.918350 422.433761 -0.009161 -0.002430
1025907.483430 121.134824 211.769667 -0.013741 0.014339
1509229.653286 342.283647 43.779627 -0.017634 -0.009183
1023852.793045 688.439521 427.729177 -0.012672 0.017505
1918069.081343 635.551356 509.645419 -0.014834 0.002816
59433.087734 314.209845 67.562817 0.013732 0.016467
257531.464220 800.257968 21.950335 0.013296 -0.008773
961609.428265 276.940229 259.690761 0.013350 0.000074
582120.371322 470.218189 558.363582 -0.005429 0.006028
408974.288222 701.322738 306.972358 0.016734 -0.017640
899929.745542 700.513129 512.169670 -0.008029 -0.019828
849952.291162 263.228139 237.964371 0.001494 -0.013090
617567.269419 532.530470 103.650310 -0.006174 -0.000037
907629.657959 661.465669 506.860896 0.015479 0.006359
693382.430213 141.979042 148.623007 -0.008911 0.001679
1797970.130014 385.201980 250.876438 -0.003540 -0.004074
955435.349120 688.782761 164.272285 -0.006716 -0.013577
557659.864685 605.698294 293.493705 0.007026 -0.008245
1324351.926951 787.976098 575.755423 0.013374 -0.006803
917046.023028 230.841130 93.799494 -0.007873 -0.012949
1632997.046985 519.481570 212.170090 -0.017462 0.017098
1790149.784549 770.362515 244.982197 -0.007437 -0.004995
1613713.184192 632.515553 140.978591 -0.016775 -0.015072
791753.703166 288.230433 527.626844 0.015412 -0.018579
347958.385175 437.696050 12.160819 -0.014652 -0.004664
701432.257286 473.857679 402.995469 0.000309 0.015823
1693039.169392 258.940127 327.018144 -0.012024 -0.004478
944105.254926 76.022592 210.678744 0.015276 -0.003683
1451122.988691 550.258510 119.635062 0.018430 0.010753
644142.737912 285.281293 76.823109 -0.011906 -0.010306
328294.663843 300.581226 473.808011 -0.012394 0.000407
344141.964030 428.493325 60.926526 0.013719 -0.018293
1995072.262359 551.822908 220.334179 0.001700 0.015576
1509670.835691 11.505089 590.693932 -0.015743 0.015799
783939.521193 665.388202 349.822388 0.003590 0.011719
702233.533702 730.451895 89.433239 -0.000819 -0.015304
783487.379916 514.661795 294.954629 -0.012720 0.013099
1976.599918 282.476931 217.856545 -0.015865 -0.012109
812477.567611 80.741225 531.973706 0.010924 0.005764
1551513.418346 422.436520 394.986081 0.010383 0.005360
1106838.468046 121.080717 279.504750 -0.014539 0.009716
516376.429478 389.682799 393.844583 -0.003755 0.018689
1541877.001311 639.402692 366.565671 -0.009513 0.019233
877046.727052 210.709327 200.522209 0.012088 -0.005351
1062152.807164 166.535156 280.501990 -0.003294 0.019278
220503.739184 154.824606 305.752273 0.010753 0.018114
285758.867062 257.530113 62.790970 0.004306 -0.001837
1694852.848395 693.278468 566.870868 0.000184 -0.009118
1823523.613542 219.351330 44.320086 0.000901 0.001462
109429.840049 768.397560 479.823291 -0.004447 0.010497
331166.874772 736.237699 582.392054 0.005302 -0.006517
1904142.131984 594.141304 318.579234 -0.001569 0.000440
967910.745632 483.229386 499.522824 0.003534 -0.011505
581591.096978 348.666591 47.711819 -0.010608 0.017535
706572.319710 118.051749 128.224474 -0.002958 0.006826
1499518.371885 385.494787 378.481938 0.001967 0.014849
785875.055374 571.660384 474.529791 -0.005456 -0.006112
257524.722376 252.822693 54.147013 0.006422 0.011132
1201976.699383 114.883759 228.717409 -0.002633 0.009286
1186503.038363 579.889299 101.411930 0.006858 0.018410
215485.423904 20.252135 64.886043 -0.007136 -0.001901
1555844.913030 56.719606 560.742461 -0.003683 0.004798
1610655.802121 641.020785 200.632336 0.003847 -0.013397
1363983.919548 580.348406 288.424598 0.010876 -0.004604
515601.680854 298.400348 317.370512 0.005552 0.012261
521772.659627 185.502778 319.189621 -0.002822 0.016146
984056.433190 429.716984 558.058091 0.003736 0.013981
764465.851134 302.381973 557.785060 -0.007328 0.011448
1098768.237559 97.874854 352.720030 0.014925 0.008790
1505133.839094 452.750259 266.007680 -0.010701 -0.006495
1656881.889169 392.868855 426.276319 -0.005682 -0.014811
1035409.796534 493.954234 216.768349 -0.018021 -0.018108
532033.862794 432.717325 350.266868 -0.012176 -0.014340
885049.308131 462.211030 312.055380 -0.005118 0.015775
611963.250959 737.249440 10.144948 0.015723 0.012218
1469794.933437 516.656976 223.246819 -0.012667 0.015413
1419313.830053 5.454143 222.362038 -0.003160 -0.005440
1001399.715897 750.923403 589.440669 0.014493 0.019473
57920.523946 102.955405 317.058611 0.004544 -0.007027
1340168.589419 44.340960 541.220207 -0.012398 -0.002902
1593328.125585 396.761232 209.135365 0.012535 -0.004438
308175.125303 438.478692 21.382167 0.000978 0.009090
1829796.170737 188.094821 440.174660 -0.008571 0.006237
194622.977727 628.774927 356.651405 -0.016830 0.005963
1163384.351490 86.131316 466.690948 -0.015479 0.009021
203536.384834 623.962437 466.548789 -0.019844 0.018802
408990.508136 640.490484 279.537542 0.002254 0.004596
1709918.606891 566.132350 96.878937 0.015672 -0.010653
1776676.395804 644.254569 280.651041 0.004831 -0.016378
248411.979642 575.427533 526.585266 0.008742 0.011926
1052401.075630 239.946744 543.647655 -0.007844 -0.003559
1254879.329007 324.324123 114.475900 -0.003782 -0.003598
322021.593490 487.215892 125.703642 0.004088 -0.014136
1647379.426121 385.751731 521.534773 0.019420 -0.005116
204691.412954 699.125465 106.328874 0.002810 -0.000173
536197.156895 555.591242 128.735179 -0.014192 -0.003470
25648.950611 537.569196 428.403084 0.016712 0.018980
247729.502734 437.023405 228.819594 -0.007405 0.018033
1580350.309415 380.239869 335.557896 -0.020000 -0.015900
1443766.372951 659.125606 350.797800 0.003665 0.012380
1912564.341869 554.610441 409.710720 -0.014666 -0.009430
357511.299829 321.197357 575.484864 -0.004339 0.001861
744693.135258 324.678950 130.970281 -0.016560 -0.007003
387589.365424 167.738877 523.056803 0.002985 0.000965
1645202.005117 291.709805 -0.007838 -0.004709 -0.005385
205411.871060 83.555405 113.371025 0.007492 0.007831
1996032.971887 514.742619 233.704819 0.007405 0.010719
1306804.762830 688.030524 106.820677 0.004500 -0.009861
1450619.077985 788.208754 395.430106 0.017736 -0.017179
1969754.747101 110.363674 168.267018 0.013810 0.008608
1609086.544071 543.603555 45.824899 0.012190 -0.017526
883645.576836 726.032184 99.582683 0.005429 0.003710
1722771.757153 502.636044 142.429765 -0.009975 -0.007585
28763.775727 722.917439 101.795639 -0.012139 0.000577
845989.907554 734.111590 301.035036 -0.016719 0.014446
1143645.596292 54.256904 600.017579 0.014084 0.016946
1423342.375748 525.450796 361.946517 0.011517 -0.001560
1329764.171191 184.606592 221.470207 0.013237 0.014442
1926056.274178 553.461432 294.041307 -0.011987 0.017714
1598411.507718 172.395888 507.889795 0.018762 -0.003694
726058.746095 313.755258 195.472379 0.014562 -0.001022
375371.614646 348.643313 324.987093 -0.012567 -0.008541
932014.105344 718.735201 566.923033 -0.017187 0.007300
811741.037672 587.560418 550.783270 0.010982 0.002615
1557690.799962 589.858211 154.560727 -0.009265 0.017518
399385.155365 53.684349 91.586039 -0.018142 -0.018550
1122038.441301 327.760434 256.762715 0.015480 -0.009082
1805346.826001 59.599865 425.658265 0.000345 -0.008012
1995636.369100 728.824986 96.691109 0.017698 0.019299
1695958.700821 278.863488 428.158707 0.010641 -0.015088
558004.577904 435.798070 516.476422 0.001450 0.012514
1597187.265566 588.934083 528.578817 0.018079 0.011279
1833981.536251 410.165378 114.730972 -0.006186 -0.004002
929917.220459 198.062826 284.682364 -0.013104 0.007638
1471826.909795 138.305167 361.555367 0.015863 -0.015402
1165988.196230 595.378878 277.968481 -0.008147 0.000415
1172216.120722 460.824538 32.699013 -0.002166 -0.015498
1736107.381869 196.265516 508.472491 0.009948 -0.012146
1259741.624473 532.764731 425.490754 0.012849 -0.019571
218963.730251 229.007156 155.226557 0.003355 -0.001586
1902503.935575 255.736258 379.790268 0.002177 -0.011348
1496596.111682 109.645505 576.237113 -0.011546 -0.002641
941537.357374 638.159046 6.101870 0.001050 -0.010213
245239.558744 315.424213 293.278289 0.018817 -0.014295
1372376.816986 480.189325 484.810893 -0.004168 -0.003136
1637971.852737 404.035432 424.321477 -0.016953 -0.016396
337179.376901 23.434915 245.331011 0.012106 0.003341
1249672.392965 440.257612 432.611635 0.003396 0.010459
310196.676436 44.608343 335.750713 -0.013369 0.003284
1607296.809371 230.414489 585.218796 -0.008260 -0.009678
236307.595035 783.609069 515.317381 0.017044 -0.004982
561161.337682 596.586860 528.566780 0.019492 0.012917
1939371.158341 125.429225 511.561135 -0.004858 0.018358
870700.636353 2.371685 305.520005 -0.013742 0.003547
541779.813609 249.160276 386.802529 0.013237 -0.000908
453110.709066 506.981698 459.300300 -0.011919 0.017071
47266.968548 256.606971 543.416284 0.015300 -0.010159
562186.379247 130.327418 594.880897 -0.013532 -0.013957
1629854.769274 105.173750 185.082129 0.006681 0.000388
534606.907766 82.042888 307.651765 0.011059 -0.009666
203362.833803 38.014186 341.960908 0.009838 0.015158
92345.910190 778.591721 306.745434 0.012434 -0.012993
877177.283576 667.682296 297.503430 -0.006211 0.008689
1484435.888699 500.745468 528.612938 0.009364 0.011488
64404.659935 439.128632 550.955969 -0.006347 -0.011397
856791.879449 486.713847 190.881082 0.017649 -0.004621
1153201.109335 34.239247 259.203785 -0.014191 0.011620
618554.387530 154.024083 457.091553 0.012841 -0.019874
1875266.974734 207.571233 502.936414 -0.002686 0.004171
1111007.126566 140.277514 138.225332 -0.002549 0.016400
34336.430968 375.031001 275.325903 0.017665 0.005930
1349224.196444 291.737278 250.035992 0.019706 -0.007778
1602661.077679 455.390595 209.446183 -0.010666 0.008592
276647.354605 434.103429 544.549899 0.016168 -0.005504
1822198.850020 670.929710 373.447222 0.009956 -0.009128
453696.245539 243.722751 268.399502 -0.001715 0.009663
713133.517985 379.333753 125.451869 0.012605 -0.003608
36437.158490 391.780938 464.297174 -0.002742 -0.000647
159010.190591 189.166490 31.287727 -0.002858 -0.001210
1535456.720523 453.437928 7.011065 0.007014 -0.001278
749811.288319 469.657604 183.372712 0.019879 -0.006549
1154889.427663 179.199693 384.426158 -0.019010 0.007231
762647.938338 304.895529 92.773023 0.003623 -0.012145
1129345.827331 486.870936 411.245885 -0.006490 -0.018276
337378.635228 334.205667 168.551773 -0.011168 0.013858
1499918.929068 791.085567 247.903052 0.010415 0.006598
1760744.261444 109.029662 150.124208 -0.012552 -0.014649
1172923.453698 610.707955 215.424392 -0.010938 0.011534
79642.974809 486.371944 101.253830 -0.012204 -0.012041
730713.756164 607.258914 484.208384 -0.017945 -0.016078
1702955.846536 175.752001 309.590751 -0.014707 -0.002374
724785.897287 705.740769 257.827142 0.011031 0.005754
187236.443249 524.457863 468.377745 -0.006229 0.013673
1828784.213322 744.431154 363.083815 -0.009220 -0.013486
787390.226865 250.353296 459.581774 0.002497 0.000275
1929498.061505 742.769223 160.709331 0.010760 0.019203
730520.102536 499.305796 119.962820 0.015239 0.010386
1281053.293162 194.637155 382.197195 -0.017200 -0.019244
562426.321470 130.595614 404.879641 -0.017525 0.000294
1033437.869061 780.339765 263.043275 -0.015114 -0.010067
1192859.900739 412.688241 336.711741 -0.005502 -0.016840
138898.690296 261.584451 3.909261 -0.006522 -0.016008
1973181.982512 561.305182 433.975550 -0.012558 0.003325
957790.512106 661.079418 496.491785 -0.015333 0.015870
1692076.045876 318.197805 36.235105 0.000831 -0.001630
1136829.509929 29.654822 260.686565 -0.019626 -0.013620
1367539.427880 482.662864 405.866023 -0.010182 0.018654
1509350.044424 252.163902 175.981250 0.010437 0.006089
785056.476847 598.341459 212.476227 -0.015369 0.017387
1873643.585422 475.891691 456.894500 0.010549 0.008438
1315983.134935 488.035729 65.022625 0.008768 -0.014747
1135951.929323 229.094496 100.763320 -0.019870 -0.008250
656102.584980 548.945723 538.879759 -0.019844 0.017283
1727078.126616 606.585470 148.285960 -0.013745 0.000824
1797488.349396 439.145565 161.273347 -0.009896 0.006600
406141.346510 151.664892 156.048467 0.018573 0.018120
1941231.998588 497.496765 337.529616 -0.016818 -0.006378
1386830.762674 518.234052 376.656991 0.014462 0.006006
1843128.023596 151.986321 201.961855 0.012775 -0.012248
538331.757550 546.153539 571.540984 0.000654 0.013555
944807.663069 332.207233 233.225160 0.009484 0.006626
106756.882792 755.093949 514.196417 -0.007517 0.016340
1618777.323337 226.691330 318.265052 -0.005102 -0.005362
1742666.514471 52.447113 6.569022 -0.000040 0.017100
1321460.731012 336.758267 69.909996 0.019900 -0.010404
620834.287545 213.332524 553.586396 -0.009485 0.011312
1523195.320518 587.687773 118.904842 -0.014006 -0.000952
1731081.362688 162.947950 251.999890 0.008896 0.000657
656632.629529 425.394357 480.211377 0.014356 0.016132
325566.043298 583.959414 581.248465 -0.013076 -0.010845
1792559.657149 666.747806 390.036459 -0.019483 0.013244
1778465.217808 259.082490 59.188179 0.012421 0.003489
1763427.173609 458.155312 192.804668 -0.017249 0.009281
1593951.392730 756.148023 556.130064 -0.011315 0.006657
886016.743670 436.016065 119.241403 -0.010336 -0.003823
204796.643092 324.163452 80.743180 -0.017154 0.003070
727276.621725 773.842093 247.997303 -0.019557 0.019177
488690.041233 721.879766 182.843180 -0.006276 0.008562
1781116.410057 179.450696 172.119844 -0.011505 -0.007823
20635.784613 7.204405 149.770240 0.017490 -0.010974
1834876.302553 303.696453 462.579006 -0.015340 0.004930
350019.654422 174.808816 16.908278 -0.007617 -0.008386
1214501.650638 538.122226 154.926954 -0.019202 0.007475
477760.385944 211.475823 353.418050 0.001750 0.004282
605806.972182 347.189717 499.178250 0.003598 0.005807
272576.070518 480.184412 392.480391 -0.004558 0.001507
1759240.741729 243.075875 550.329127 0.006003 -0.003239
1080301.612187 660.402179 382.931862 0.002767 -0.014598
1857771.559552 140.439857 484.585061 -0.012502 -0.012176
988850.145130 340.264603 276.432901 -0.016669 0.018758
134591.829094 309.286282 242.156292 0.015977 0.019038
96963.198901 28.445846 345.889567 0.008193 -0.003140
227820.812831 465.385378 434.983366 -0.018757 -0.010703
290631.014058 457.325948 34.549117 0.011419 -0.014446
385931.693197 569.926978 189.813397 -0.019991 0.015993
1023297.854244 396.708199 195.352921 0.018852 0.003203
589125.026292 31.400699 579.318212 0.007925 0.017490
1882412.602139 596.830529 584.053422 0.000700 -0.002076
790218.714061 505.065650 18.592066 -0.015184 0.006535
526777.357108 212.456312 140.237025 -0.007127 -0.017999
748590.766801 411.670632 457.599494 0.007598 0.000605
1324791.236466 161.804906 6.245826 0.019520 -0.013046
1179151.767483 225.997216 127.935252 0.002189 0.019213
301466.356172 396.304376 435.223904 -0.015008 -0.019480
349183.755158 415.236507 387.250959 -0.011775 0.005607
616335.581344 375.037877 543.527608 0.001710 0.011577
1910511.639859 733.589154 182.841513 0.008707 0.004279
1640005.631205 304.495432 485.111043 0.013257 -0.005305
1964468.728734 336.091805 390.742341 -0.012198 0.018996
1261209.360911 276.345087 282.394106 -0.005741 -0.001190
968463.258337 424.672243 593.658807 -0.014823 0.009444
1257770.379660 350.135314 123.567716 0.001325 0.019234
1991034.577596 391.560412 537.906766 -0.008000 -0.011716
1007596.648767 95.953394 353.056408 -0.007004 0.017967
1912045.142572 235.860863 222.810285 0.004267 -0.000415
692628.538559 190.021226 501.144785 0.010349 0.003317
609848.141023 240.833232 74.980977 -0.008230 -0.002770
1723251.459991 738.010673 520.974673 -0.017336 -0.001708
1696924.347289 50.164125 568.073719 0.009822 -0.005534
309029.791648 199.508962 289.666418 0.009665 0.002398
867302.640745 558.942341 513.665212 0.012189 -0.007810
691843.061099 120.815136 325.728716 -0.012811 0.018684
272265.500516 388.595485 161.966393 -0.009549 0.011203
1400582.436193 98.307768 421.535159 0.002867 -0.012366
320566.674844 333.374514 151.077048 -0.015710 -0.013503
1229627.376064 209.100476 246.576504 -0.016074 -0.019845
1946485.269790 425.041442 421.279340 -0.008977 -0.007834
15066.369444 140.459344 292.393441 0.002001 -0.005748
911695.870064 548.928238 505.880227 0.009030 0.017880
1245159.992597 340.442489 42.355296 -0.006761 0.019980
519428.529087 388.667374 246.947664 0.000421 0.003790
1147820.552414 101.785811 512.690288 0.019419 -0.011040
1717933.562453 767.053130 453.485611 0.002476 0.011496
183230.377819 455.267215 578.035164 0.003166 -0.015272
640928.558372 27.715364 483.055800 -0.013467 0.010360
1503776.668340 628.729027 111.370292 0.012859 -0.015542
360957.489517 65.312401 358.249743 0.003691 0.003729
380073.533570 132.323462 431.883515 -0.018216 -0.013982
1889061.825298 723.231392 66.043479 0.008005 -0.001366
1796955.322752 633.547609 20.495005 0.014489 -0.005170
306282.549308 146.618780 243.286589 0.018337 -0.006177
332156.324914 567.713877 78.892180 -0.005920 0.001290
485168.456326 426.403481 367.612880 0.013310 -0.014963
413343.113108 23.998380 173.945815 0.017089 -0.017015
883643.182406 697.208893 587.038780 0.002076 0.002834
887249.075289 360.315802 217.660842 -0.000892 -0.007466
1467432.667253 504.593051 297.434263 -0.014416 0.003560
1682910.725327 244.745582 179.387933 0.018942 0.006312
1660796.624450 172.344378 113.863473 -0.002246 -0.017785
629926.086697 520.276774 50.828666 0.004204 0.003098
318150.466456 37.518097 269.257395 -0.014153 0.003948
40123.955365 464.713274 29.418028 -0.004705 -0.017583
724761.667999 93.709261 413.838772 0.014323 -0.009777
558074.092752 559.616201 337.126675 0.003110 0.006885
438651.350531 326.496033 532.973923 -0.003868 0.014279
1885724.248311 579.342649 301.083737 -0.018901 -0.006811
158400.153815 149.263070 226.247708 0.001127 -0.007015
1952982.963972 437.948513 543.298152 -0.018952 0.017256
1927788.328346 310.898207 28.457341 0.006178 -0.010117
607879.136041 746.667343 567.552643 0.014627 0.000446
1236504.919471 67.940657 551.396902 0.000249 -0.000241
1541570.438790 358.979522 131.520675 -0.009102 -0.000955
1098586.873663 281.941183 398.079304 0.017059 0.015189
1973812.054831 722.778274 256.980120 0.015665 0.017281
717421.361579 684.518044 190.601819 -0.003737 0.000391
1128238.588166 568.333611 265.654574 0.000399 0.003047
1906900.824936 102.912514 396.657344 0.014904 0.005384
311031.282093 514.493123 50.307970 -0.004989 0.016659
1119457.958787 739.018986 161.109408 -0.010912 0.014005
295815.608602 167.745436 451.930197 0.003017 -0.015959
1365835.790227 747.100221 574.190552 -0.019985 -0.006399
933742.419320 452.073970 30.411034 0.016396 -0.016988
1254474.420685 690.219795 121.982424 -0.008476 0.009413
1674721.783807 355.266372 227.450288 0.016825 0.012739
589441.845468 384.366721 445.635401 0.002536 0.008117
1186208.380939 568.433209 547.458597 -0.006131 -0.008546
28320.921598 24.171195 132.055610 0.018865 -0.018783
1123059.363627 350.665206 356.896856 0.004447 -0.006071
1339490.994503 192.291955 126.462194 0.014914 0.001142
1892333.765464 567.947304 583.203350 -0.007096 0.005283
1580513.963280 495.672313 66.455599 0.001276 -0.012687
1628540.167412 100.835474 535.797855 0.009077 -0.001104
358744.990248 592.832830 301.615644 -0.004016 0.008496
1065496.480589 768.993137 90.485189 -0.014908 0.002958
996930.964755 638.177709 488.755277 0.008370 0.006812
685065.261407 524.147419 228.594339 -0.007530 0.019180
22284.613001 83.407887 359.962110 -0.014952 0.005264
1564209.169505 749.402421 458.028178 0.006989 0.006546
471659.941818 683.792487 242.628913 0.009528 -0.009804
234378.384535 216.616329 129.633158 -0.009259 -0.004035
1581110.075852 613.175330 117.753787 0.004194 -0.000965
1733102.233956 757.770441 78.374295 -0.010134 -0.009514
222272.466972 206.613799 219.778285 0.008444 -0.004777
7593.072023 394.610803 189.917469 0.010699 -0.013215
1961038.188991 2.146709 13.777193 -0.004580 0.009651
554464.627316 401.920976 7.433129 -0.000263 0.010836
821613.773155 227.260779 322.308282 0.004143 0.015560
24485.756655 378.639250 501.986944 -0.014268 0.008816
196372.594776 203.421539 587.538095 -0.001419 0.018577
718005.964867 374.884299 274.726700 0.007027 -0.010287
1252709.545778 525.299965 142.560457 0.005954 -0.018324
1958473.456073 741.371098 326.401250 0.019638 -0.003218
628831.249023 321.938219 421.795562 0.014047 -0.019637
1185057.482303 690.612643 289.309616 -0.002859 -0.019728
406775.272641 421.411365 156.874199 -0.012803 0.019560
452064.211691 432.957927 275.868247 0.007360 -0.011337
1391094.198167 248.817638 524.432891 0.017290 0.018349
1830316.959801 730.350981 531.819381 -0.001630 0.016151
610994.441719 618.562526 183.897663 -0.019648 0.004988
631021.334152 481.555121 292.500731 0.011881 -0.018669
989235.750860 1.574993 334.324197 0.010236 -0.012652
1098658.789461 784.795669 434.981383 -0.019640 0.006629
1883467.686308 564.264992 585.898794 0.012693 0.005483
1871849.530317 584.531883 330.804856 0.012870 -0.012428
911993.535660 102.015577 577.695429 0.010529 -0.014568
1176139.691461 61.944117 443.119110 -0.016943 0.015034
1537174.407177 456.501258 526.601897 -0.006945 -0.006941
123261.179832 700.650556 184.921279 0.011572 0.015202
1946848.674653 582.844559 354.054059 0.017985 0.001722
457599.283409 708.752741 164.359965 0.011217 0.008297
926562.791190 189.193737 501.212705 -0.001161 0.020310
1942178.605097 11.881559 45.709931 0.008382 -0.016364
1905775.863633 382.434260 397.209149 0.013251 0.012157
1975712.466974 713.771114 407.814239 -0.008242 0.007160
1128937.655654 214.920568 243.931601 -0.013856 -0.011233
1900458.380534 306.427339 62.378063 -0.011053 -0.013435
1623668.112617 549.853929 239.931392 0.005855 -0.015459
798515.523224 494.079384 76.906608 -0.000969 -0.006935
438456.544857 343.382799 482.498817 0.015177 -0.009706
1216805.763178 694.799759 90.972238 -0.008491 -0.013413
1661706.700764 681.660340 259.569897 -0.010492 -0.019719
1303971.794110 150.598934 234.013070 0.010265 -0.003520
1107963.914568 454.928266 59.219156 0.018172 -0.011406
425643.800956 282.773804 499.683465 -0.006739 0.013430
318262.858465 448.722471 155.028432 0.018554 -0.002314
1036196.117772 457.742069 186.285550 0.006821 0.014492
948553.069005 401.122610 427.507188 0.016352 0.009472
1438074.149861 447.310451 555.921600 -0.015629 -0.007464
677338.477540 530.475481 530.564151 -0.002495 0.004697
197747.041563 520.782572 583.071762 0.017235 0.019662
1601492.672973 71.961075 330.994895 -0.017636 -0.017826
1987075.958395 461.687943 375.404466 -0.007840 -0.010078
971748.938305 622.023309 449.220327 -0.012076 0.007409
974474.447302 733.625372 146.555269 -0.003445 -0.018931
1121549.802423 602.103246 413.425190 -0.002206 -0.012389
613932.794246 434.843413 504.568114 -0.008866 -0.001005
1665525.531241 63.000654 338.957097 -0.004545 -0.014505
1238773.710671 302.631352 429.360677 -0.010183 0.007288
1925637.924078 585.174109 276.277048 0.008453 0.017188
290519.337305 158.728018 507.960995 -0.004381 0.004497
1745488.432117 760.773680 219.046406 0.002468 -0.004185
1111265.337612 695.242051 563.470630 -0.004200 -0.013996
829182.160473 183.873138 135.767747 0.019216 0.004578
728391.627189 479.173497 596.013459 -0.016849 0.013730
1349985.243450 33.620485 345.812898 -0.014559 0.010157
1010733.056353 224.010831 571.437858 -0.005921 0.006803
1129411.861826 179.987676 372.940845 0.017208 0.011479
33999.050983 388.800350 393.841986 0.018790 0.015300
1606354.705806 296.565124 66.807082 -0.018804 -0.005952
1451822.744427 314.973800 570.296456 0.008760 -0.001042
1590584.168020 314.951144 309.289459 -0.005147 0.001144
538209.161040 701.130915 485.110459 -0.011154 -0.010861
958317.440449 628.478397 272.012126 -0.015989 0.008643
479655.517489 94.191499 120.542614 0.015843 -0.017030
167238.956395 558.893568 267.231821 -0.012180 0.009130
1592486.357127 737.046820 73.144685 0.009860 0.005615
1189583.299304 433.348183 20.544130 -0.015562 0.016558
1124831.962923 303.372889 474.117927 -0.005174 0.004016
37146.621401 680.333110 232.315652 -0.001135 0.018042
205026.889315 569.027141 40.975663 -0.007866 0.004301
284161.461650 310.139136 183.738612 0.003490 0.003330
68690.410847 306.464294 302.001796 -0.013751 -0.014789
287411.349028 600.439646 403.630701 -0.012905 0.014453
1171263.018237 591.763993 143.962815 -0.004977 -0.015532
1682127.158941 315.205247 577.216938 -0.010884 0.014578
1824708.168313 264.521917 346.539957 0.019216 0.005362
369206.509725 98.063560 13.209780 -0.000371 0.008401
1208981.916871 419.753095 56.045548 -0.015660 0.007256
446720.970071 201.917156 259.148946 0.015814 -0.002829
586212.983628 385.019481 101.826328 0.001339 0.014290
560717.814863 299.488521 150.806203 -0.010337 0.004118
234257.601311 123.565753 559.197452 0.007791 -0.014616
1133248.557864 703.368606 154.317481 0.003534 -0.005193
1934248.125150 153.945892 536.799600 -0.017578 -0.007947
1152133.833222 226.544600 331.656814 -0.019684 -0.012901
1965200.129880 240.673637 396.566711 -0.013883 0.013378
1034901.121182 345.974859 125.738726 0.010804 0.006926
1623246.405098 708.821742 497.095678 0.009755 0.003210
1926329.093951 248.355988 275.972210 -0.011180 0.015962
1658576.383096 150.296657 54.970976 0.008975 -0.010074
786221.519479 240.569593 318.816960 0.017820 -0.007681
1421758.733421 743.012585 365.390652 -0.004995 -0.017033
888519.625593 711.191022 307.888007 0.006032 0.006237
374128.679919 371.801318 325.749487 -0.019383 -0.011612
247207.860577 782.958518 311.784919 0.003304 -0.012041
838233.393076 329.873172 231.797979 0.000599 -0.014438
1269501.125100 723.074420 262.369525 -0.013833 0.014746
1490342.234955 701.678995 467.414548 -0.005825 -0.010056
1720173.599068 639.071258 82.446103 -0.005108 -0.001879
1589947.016719 447.949969 550.729921 -0.006478 0.003057
254199.274003 369.610243 332.145437 0.005897 -0.018209
1506623.924480 52.718405 274.403415 -0.014401 0.003090
1187558.641279 619.524436 289.231933 -0.018783 0.017648
663885.182079 620.313411 490.790298 -0.015549 -0.014782
134186.233456 776.873599 557.540252 -0.011840 -0.006224
763995.101100 799.474528 542.576530 -0.008028 -0.006496
960104.740672 341.143623 479.473177 -0.018610 -0.017007
1689167.128731 629.869994 84.489110 -0.007907 0.017116
1435140.350571 716.247453 421.833097 -0.012036 0.017047
1287450.956780 424.986073 421.439993 0.031971 0.007630
1664884.491668 423.629396 368.381466 0.010554 0.009342
1916152.068375 115.381379 439.986282 0.014437 -0.002268
142374.806172 274.394652 522.227852 0.014832 -0.004930
1889104.925044 572.032384 98.253186 -0.016641 -0.019299
184043.514628 642.135815 547.333646 0.011782 -0.019930
1678137.485719 350.631870 319.769264 0.001625 0.016043
349432.717240 299.008628 257.548075 0.011521 -0.014603
327130.583267 597.475481 167.624853 0.015873 0.004361
1445781.852792 774.581649 571.266715 0.003727 0.013548
657045.848974 430.380695 332.760433 -0.000286 0.004917
1143416.638087 467.928259 255.014110 -0.000619 -0.004818
853229.746620 259.273392 490.903454 0.018361 0.014569
1436276.935710 106.735049 143.227461 -0.014059 0.016927
747046.145027 249.257385 400.933633 0.006107 -0.011750
555282.349025 300.307549 106.269938 -0.010824 0.018766
31011.744417 446.323394 303.887017 0.002802 -0.017975
259713.421697 113.367407 381.497291 0.002206 0.005056
30230.289339 785.579610 570.269852 0.013299 0.017658
1629124.594680 440.415246 44.828369 -0.017895 0.007952
1993199.337271 341.128521 5.813997 0.006605 -0.016817
437214.899080 754.192506 272.537564 -0.004217 -0.013117
847463.854052 328.832480 438.369030 0.017225 0.019223
1561464.248021 48.454464 73.424890 -0.003335 0.004614
1496915.452879 345.364534 358.218845 0.007976 -0.009429
1076064.875850 410.406074 489.219779 0.004502 0.002611
1028186.607653 487.289452 594.949525 0.000951 -0.009055
141764.248787 594.368442 129.998438 0.001008 -0.014468
778578.041484 759.118330 329.499878 -0.015252 0.015198
1058486.954802 720.127498 564.284531 0.005952 -0.007217
1112790.978101 319.671825 448.441505 -0.013853 -0.016073
24501.685065 553.666386 366.544077 0.013095 -0.007835
353571.678676 273.042840 548.289555 -0.013260 0.014623
375264.103699 191.560704 365.540128 -0.003808 0.010609
1493884.026769 635.084128 428.930027 -0.008191 0.016528
1188817.119779 659.914938 487.991047 0.001404 -0.000930
259519.063057 73.504986 525.554742 0.015126 -0.010179
1949033.547169 712.013625 562.375741 0.003449 0.008704
482529.103981 609.701936 35.790167 -0.013820 0.017255
1850091.109914 273.817437 102.592673 0.001378 0.009873
1871495.037280 224.819594 324.693124 0.006094 0.002972
908785.677938 195.422660 241.029470 -0.009282 0.011202
1755362.652128 318.198367 522.507003 0.010157 -0.008996
232765.271437 582.413580 98.926743 -0.017993 -0.007344
1765166.354256 236.070000 45.916529 0.017671 -0.002013
15434.920795 693.126038 474.824593 -0.012873 -0.003989
1077013.659792 90.979391 409.125574 -0.016815 0.010587
516053.778360 427.289719 5.474114 0.006382 0.012095
1576709.125925 429.773320 119.357585 0.006402 -0.008351
948767.654108 620.807384 11.926039 0.005588 0.013188
667159.362075 417.597653 74.327149 -0.003591 -0.001443
1146380.339352 334.207262 198.362423 -0.005380 0.003856
1462269.868451 722.491896 426.620017 -0.003539 0.019280
949273.004639 536.543189 309.900787 -0.000661 -0.006817
636841.273232 217.392210 520.617139 0.000698 0.017244
316267.470045 793.352693 424.355064 -0.012917 0.005281
1072709.865436 409.055196 92.481679 0.006413 0.016866
1234697.917120 187.124676 203.612055 0.017920 0.003935
1871003.135047 543.283936 300.501058 0.005839 -0.016338
968257.898916 96.049879 457.477063 -0.019880 0.004201
184803.100389 255.773987 525.644828 0.018339 0.013472
1613704.762242 94.148313 497.178782 0.000560 -0.008182
920804.219749 40.326245 484.014441 0.004719 0.008376
1455508.939668 184.736214 566.178121 -0.017316 -0.012833
1084419.887087 1.631020 514.994723 -0.018239 0.005934
1899527.167855 422.327310 461.385086 0.008469 0.001129
745706.753221 643.397341 508.900422 -0.010096 0.010553
1369434.811813 44.285920 529.074818 0.000559 0.002781
353913.564400 779.588360 371.815984 0.019309 0.003530
660308.989072 568.728189 491.825657 -0.009042 0.011121
1997036.600484 653.405578 468.635414 0.014266 0.014403
857968.969670 644.896430 232.627097 -0.012088 0.000742
1832483.595159 456.830801 194.042654 0.011047 0.012428
174050.590104 359.392169 525.126519 0.018758 0.018488
887791.815627 116.207565 561.560189 -0.017447 -0.014848
1048845.100705 314.782130 504.243552 -0.006250 0.006701
1236598.032171 273.753433 290.309895 -0.004037 -0.012065
688449.854352 662.480981 2.844284 0.009264 -0.018954
1047717.716101 518.793502 357.876923 0.013894 -0.003497
831685.772553 746.940609 516.916890 -0.008417 0.016114
1646809.537731 587.682464 29.205727 0.010389 0.011926
354697.854423 227.018431 114.972744 -0.019288 0.005135
1718570.137265 508.547498 581.820148 -0.006272 -0.018627
338487.908402 549.947338 517.499834 -0.013007 -0.003231
1776805.868268 558.754257 40.725951 -0.000609 0.001829
960078.654327 720.531145 287.274204 -0.006563 -0.012441
763596.911339 131.506168 555.705795 -0.002775 0.016993
1446903.674606 486.274600 125.205424 0.016835 0.005153
1673049.761761 619.591912 156.189830 0.012245 -0.015285
591079.477496 780.591859 483.008978 -0.013690 -0.013979
450261.526019 37.076613 509.501543 -0.008264 0.001258
788880.985598 618.680600 259.107371 0.014941 -0.015432
1247242.441982 204.383186 167.234491 0.001993 0.007423
405506.701397 218.090520 175.531829 -0.003540 -0.012434
1835863.754077 197.981933 576.732548 -0.012853 -0.017830
159031.381905 379.725936 18.517201 0.015402 0.005310
362722.217274 87.727492 407.309555 -0.018660 -0.003815
420997.232395 340.055831 105.474844 0.005789 -0.007918
580167.091722 213.225980 332.641248 0.002773 0.012611
479025.265425 617.081682 52.800619 0.001293 -0.012686
552036.800679 360.117336 258.324967 -0.010477 0.005118
969986.005207 253.878941 61.825197 0.000715 -0.011930
1471710.388303 557.569288 187.635390 -0.003401 0.009156
1430984.936390 500.566470 91.298152 0.015654 -0.009267
902052.609670 144.916249 320.976922 -0.019790 0.010005
700700.571156 195.578139 313.123737 -0.002450 0.011071
1408199.004553 571.540551 136.793739 -0.014615 0.018109
1713095.736556 495.931756 161.674198 0.018409 -0.014602
944491.339356 556.886191 499.014376 0.011380 -0.015570
1119457.834922 400.299412 441.508359 0.008486 -0.004350
8319.607940 130.605503 343.744259 0.001557 -0.013271
647061.014849 711.586296 247.529013 0.013807 -0.006854
379545.065751 439.250775 25.757086 -0.003326 0.007331
1990576.603445 218.796229 181.644569 -0.009388 -0.010665
876473.971119 589.792578 557.735563 -0.009186 0.000887
80381.552726 664.343376 13.417480 0.011035 0.001697
828036.629980 624.649828 423.203355 0.019509 -0.007209
1747623.103553 248.542753 124.702476 -0.008535 -0.013753
1072386.123739 381.145615 423.350675 0.003189 0.015739
777386.485961 459.486617 100.616305 0.007652 0.013585
801906.589792 103.881225 346.035304 -0.006796 -0.003963
197987.358178 296.245224 138.091071 -0.015153 -0.014132
1545926.498969 428.241076 556.334559 -0.000649 0.001093
492654.834172 281.846014 500.242256 -0.001472 0.005327
1978982.283724 792.794006 69.225388 0.007767 0.002806
17631.095842 66.355328 86.529557 -0.012956 0.010998
1966499.848276 461.671584 543.342494 0.003058 0.015581
611006.784537 527.306393 167.126690 0.001452 0.011211
850069.038966 247.145952 189.654718 -0.005916 0.011501
1676786.882652 478.976714 83.628621 0.006885 -0.017867
1557780.060711 529.462661 26.268951 0.015765 -0.005741
1227310.625476 722.596351 263.228587 0.010758 -0.017626
428616.731627 592.315915 393.494886 -0.015226 -0.007965
1127178.874392 340.158964 576.338312 0.013664 0.018424
1480731.590409 213.099005 162.126101 -0.017758 0.004780
115335.758829 715.347145 130.602757 -0.012097 0.002659
541498.807511 781.070065 137.014568 -0.007427 0.014831
1167776.423119 742.327412 464.354431 -0.019065 0.007413
1705487.274428 189.979893 255.880139 0.000334 -0.005720
1455042.508177 58.078625 469.339873 0.007513 0.016568
1485351.840726 341.903921 108.582517 -0.019520 -0.000649
1600046.444498 55.944601 226.869296 -0.019285 -0.009274
1889695.885540 230.431823 146.807296 -0.013086 0.004134
230475.999522 605.592796 319.086013 0.015528 0.011183
434670.210087 593.444076 10.149029 0.005757 -0.009961
748135.628527 296.939949 193.401508 -0.013703 -0.017656
474188.291689 718.688244 292.428779 -0.003296 0.016327
1941577.332067 174.370158 588.736655 -0.006022 -0.010627
499196.726130 235.237405 314.419503 -0.000247 -0.001313
254300.674542 487.628571 134.033171 0.006356 -0.000088
6325.354803 700.373586 143.996565 -0.019183 0.000814
980919.682878 315.818559 534.896290 0.012544 0.001984
1900851.625903 40.320009 269.179206 -0.002556 -0.001266
719689.197242 326.328700 412.193993 -0.006341 0.010293
1844748.197982 472.769443 30.470973 -0.002162 -0.016577
1036199.990211 459.067426 416.514932 0.009649 -0.010737
385683.919483 595.670765 65.084652 -0.002693 0.010615
1256102.471266 738.630312 95.900737 0.000687 0.009783
1419511.694191 375.659600 472.575727 -0.013641 0.016265
511292.832210 414.962536 189.428207 0.017690 0.014397
145034.134456 691.449219 270.275058 -0.015048 -0.007554
1071721.370831 513.341702 530.745039 -0.010797 -0.004669
233847.819378 338.379328 77.127137 -0.011018 0.014218
1786277.592083 682.136862 467.494034 -0.017901 -0.005091
1031918.257955 609.781072 505.822608 -0.007877 0.016827
1499349.890975 446.625729 263.472879 -0.017363 0.000060
597617.807145 110.145724 219.225246 0.009998 -0.009541
1353622.215499 228.346074 541.943075 0.002465 0.000630
573296.933702 542.702757 563.722102 -0.003405 0.016138
1590131.532210 246.355227 453.864808 0.002994 -0.005563
258416.177825 72.644032 73.687750 0.018867 -0.004269
87595.200207 577.087098 571.488106 -0.000685 0.011451
906233.425674 625.628896 554.266650 0.012749 0.001245
370032.188655 396.169888 489.622237 -0.016463 -0.017729
664767.085884 299.728409 441.591708 -0.009138 0.011579
1278253.811075 53.089865 58.601547 -0.004144 0.005628
916040.443311 420.028296 438.715718 0.003228 -0.000149
249204.321880 499.485990 130.514598 -0.016939 -0.015703
8661.484350 424.195439 533.529947 0.017139 -0.006054
841302.204338 90.263258 506.312704 -0.010491 -0.011966
1802783.200425 455.823128 345.985706 0.005478 0.013642
731632.451868 220.875386 544.637483 -0.001436 0.006860
1096714.972098 736.887266 118.101855 -0.008813 -0.000005
1386984.768969 323.645687 76.223392 0.016467 -0.000752
469499.863903 732.392728 6.685599 -0.015019 0.013785
718651.906922 435.620556 574.423970 -0.011854 0.011254
316653.122342 84.153169 211.218359 0.009727 0.009376
385530.231700 79.964188 10.904521 -0.015988 0.002560
1379939.433830 519.203833 291.315189 0.015441 0.017154
1974529.288697 463.937415 199.398055 -0.015472 -0.000365
1626419.535664 279.514462 244.586246 0.012969 -0.001066
503204.831157 146.359489 10.744824 -0.011633 -0.004515
1600260.999799 293.279070 294.745786 -0.013930 -0.015945
467442.890847 275.501022 121.042209 -0.009920 -0.002202
1530910.291491 753.231964 56.366705 -0.009996 0.013162
43405.273949 190.038602 245.215833 -0.005815 -0.005902
1801413.789299 133.653852 421.039697 -0.007679 0.019661
348673.859774 447.751093 104.844252 -0.012292 0.010749
1122384.702378 793.669785 81.044730 -0.017903 -0.014236
474000.488629 229.291106 293.424989 -0.002439 0.001550
1867761.544822 163.043822 288.125925 -0.018880 -0.001829
617712.498930 39.450998 415.352130 0.008734 -0.003857
88793.583256 494.949439 342.570808 0.009863 0.016997
1123119.018564 736.046998 291.790859 0.009402 -0.015511
510837.786138 237.630698 62.729475 -0.004346 -0.005990
498234.962345 502.548909 381.724665 0.009528 -0.017332
350510.791107 537.712959 162.771172 0.006237 0.007964
1451432.125387 771.440143 449.236479 -0.003335 0.007320
303273.376219 370.165933 180.114403 0.008882 -0.011673
454803.713809 227.043266 76.315223 0.008586 -0.019209
480071.545802 775.592162 189.906692 -0.006231 -0.005566
1333575.176696 474.964890 592.999638 -0.007817 -0.006721
110627.538576 382.914460 2.113513 -0.006975 -0.014571
1406769.050940 41.608402 59.207014 -0.001898 -0.001187
1561676.394922 482.484155 559.450307 -0.016754 -0.006989
281255.947557 246.867243 365.115605 -0.009255 -0.019074
1257382.930842 407.128657 595.878260 0.017798 0.014126
706537.016996 489.613497 268.615584 -0.006335 0.016641
1558318.719993 317.926427 236.897535 0.011337 0.008938
1057752.200895 389.330720 465.658979 0.005108 0.017516
491364.625511 326.494917 325.148211 -0.012864 -0.000409
1734950.389590 255.144832 479.256350 -0.000929 0.003494
1643357.573842 84.492879 57.175308 0.012571 -0.017967
1898263.090243 134.015384 397.726136 -0.004150 0.000392
1157183.811607 140.723660 544.299527 0.018934 0.018338
1260090.642264 401.532697 266.795263 -0.003780 -0.014822
767107.214205 521.337127 323.075359 0.016998 0.013179
55740.578126 634.618214 88.942906 0.013039 -0.009267
1471867.368311 518.813084 224.900820 0.013059 -0.001629
851158.514084 624.431689 377.849796 -0.016459 -0.012917
279214.015361 533.275428 211.710802 -0.018175 0.005620
622537.959657 541.178637 84.979854 0.010261 -0.016719
543551.074594 112.212439 439.497147 0.012641 -0.017363
1125283.938425 670.306240 515.165992 0.008432 0.006543
255944.995329 357.692791 187.263296 0.000113 -0.008835
1549879.616848 742.675981 35.541002 -0.003802 -0.019308
474171.187949 435.841506 410.420694 0.003576 0.003646
648167.413030 720.792993 160.393031 -0.001353 0.006304
697835.028496 590.102223 478.473165 -0.016725 0.001913
1725670.433475 515.864585 231.202263 0.008707 -0.005493
99429.388577 679.257017 481.631005 -0.005520 -0.005936
163663.104253 109.422561 168.313554 -0.008851 0.000305
594763.153510 303.396651 52.485983 0.019266 0.018775
1355525.087265 244.652020 521.945821 0.017864 0.010906
1053977.892294 234.901647 305.708291 -0.007019 -0.004948
115031.983757 149.729375 12.551900 -0.002308 0.016322
752375.869431 393.950867 454.869262 -0.012797 0.014193
219437.964363 208.658509 595.065745 -0.004391 -0.003922
1068114.026016 550.174940 468.972088 0.004834 0.006833
1499866.051366 239.043452 584.369140 0.004751 -0.010275
1491842.997955 116.993562 322.397381 -0.009741 -0.001143
1826279.228472 250.826378 395.046400 0.017317 0.010247
1133058.067007 247.637952 149.329689 -0.007038 -0.000441
207507.431604 346.808549 450.099828 -0.016174 0.012960
304737.184339 504.108129 306.840577 0.017353 -0.009996
361247.467977 546.692982 329.443780 -0.013807 -0.007881
1585793.637478 720.529271 269.534852 -0.006774 -0.013794
1841064.114050 194.783605 281.469793 0.003171 -0.012879
451362.950938 116.092202 291.967106 -0.001006 -0.001228
1950936.490647 462.834043 542.079315 0.008322 0.007668
1454702.783122 701.863654 182.463788 -0.010450 0.012475
1108684.254395 335.451491 297.090142 -0.015855 0.002984
1596490.624173 717.043464 285.046394 -0.011557 -0.010774
1263706.185512 134.448700 282.331890 -0.015935 0.009881
1294332.516982 261.370249 535.553669 -0.014659 0.012054
723046.520130 87.246083 228.247878 -0.009400 0.013367
107937.715067 793.571315 427.041048 -0.005720 -0.010798
1046872.077066 729.235889 390.149756 -0.019320 -0.019438
450965.188654 653.544009 547.011970 0.008023 -0.017421
278162.196408 266.298164 139.808343 0.004373 -0.002630
1960316.196066 205.473813 456.648244 0.014895 -0.004393
1125740.257616 187.448449 299.749474 0.017719 -0.000062
668170.334151 797.102070 294.327354 -0.018173 -0.005831
1443825.863043 455.585337 159.970942 -0.005090 0.003540
564375.188464 478.381395 242.741806 -0.012222 -0.008030
938961.728913 266.972972 379.516296 0.008086 0.017701
132214.712972 546.446283 119.631359 0.013226 0.002214
1179224.623916 311.840420 473.255376 -0.016462 -0.006667
575213.267736 338.841105 197.897812 0.011057 -0.001206
1368718.602401 400.553644 23.724041 0.018035 0.014937
1254302.726711 186.077114 282.734825 -0.018678 -0.002901
1541011.519516 401.093725 456.374938 -0.003912 -0.011857
1407684.757098 375.166922 531.909357 0.016142 -0.008174
883750.411162 394.006671 411.721931 -0.010670 0.003293
38293.802197 414.648195 2.990587 -0.006037 -0.008105
949396.727117 26.711169 478.607894 0.000581 0.019406
1340193.529306 112.446414 130.119245 -0.014315 -0.013070
1289556.392138 729.463424 404.465304 -0.003799 -0.007430
1756783.113702 87.909173 469.388280 0.010559 -0.019616
157687.638028 165.843795 303.284335 0.010621 -0.002491
175039.783202 626.953529 573.527375 -0.016274 -0.014668
506304.289450 453.622977 99.561779 -0.017964 -0.016731
301433.914481 576.137443 133.557529 -0.005329 0.014512
790027.673724 9.892740 464.119132 -0.017206 -0.003254
176035.711624 758.492085 317.085804 0.014817 0.008521
1081972.172988 759.493910 552.151635 -0.018202 0.008643
715741.816310 107.104066 299.089768 -0.007417 -0.010926
1263880.632475 454.133819 476.667241 0.011933 0.004700
1751026.801649 758.995515 202.587078 -0.016134 -0.007305
399196.095951 394.491688 198.003279 0.019012 0.002420
1496994.359185 48.829158 306.199090 -0.008915 0.017284
445396.929255 653.869048 529.499309 -0.014298 0.014555
1193553.106484 400.120293 599.215224 -0.016145 0.012562
450224.472419 581.669259 229.307441 -0.019236 0.001037
1999453.321099 715.820941 285.448417 -0.005229 0.019635
1584501.028799 429.471581 291.135409 -0.015110 0.000409
94458.571679 696.583269 342.742978 0.002273 -0.014107
1007827.074736 623.671001 579.361141 -0.004562 0.016872
1658558.308919 786.428338 253.420754 0.013092 -0.016887
475365.567242 42.231202 483.198660 0.004516 -0.017037
663714.367274 495.882243 580.554848 0.012247 0.018222
1919117.403179 479.330357 296.793946 -0.002185 0.008834
9624.167350 393.659715 354.889396 0.003061 -0.018038
1478876.057770 64.493571 497.194153 0.007962 -0.001372
1502145.321808 426.764349 269.339506 -0.013030 -0.005540
1054818.871922 329.206457 248.042961 -0.006669 -0.018738
972186.690649 532.084288 390.610178 -0.001887 -0.001121
1216433.286302 329.812901 43.077875 -0.015880 0.014304
1585452.240699 85.829484 209.795687 -0.004610 0.007220
796849.675848 99.171447 458.851367 -0.011023 0.013106
461377.134761 782.698310 217.227224 0.007165 -0.013907
1447663.852688 165.459917 338.344945 -0.014478 0.001613
1190708.408687 498.952540 123.043662 -0.010151 -0.016978
1355477.244293 683.893070 294.165023 0.009982 0.018272
694211.989964 433.591379 39.097597 0.007885 0.017085
1497031.391364 75.973405 30.354745 0.000515 -0.007106
1759090.904966 594.624419 180.107468 -0.010324 -0.003074
904928.793621 772.322519 377.977091 -0.019360 -0.015855
341892.055395 489.243538 436.871270 -0.004947 0.014340
1609370.418642 43.285492 427.859401 -0.008199 0.012133
1339833.364515 513.361828 206.980142 0.009406 -0.006439
543533.833951 386.295579 260.159882 -0.007100 0.019805
1510075.678821 161.361482 443.606175 -0.017785 -0.002231
325429.097901 406.452533 246.048046 0.011720 0.000968
1027532.088117 771.107452 81.341694 -0.010371 -0.006354
1987715.010526 37.045344 236.882122 0.008276 -0.006372
396776.620483 301.218019 588.866075 0.001748 -0.015582
639902.701899 652.461893 356.147361 0.010133 -0.014494
1179865.857204 406.224664 204.081565 -0.006847 0.002535
1568458.621189 393.413064 42.459631 -0.012227 -0.008582
1190290.628555 566.614821 149.983014 0.009235 0.017978
1180185.991889 580.199804 597.288595 0.019394 -0.002777
672088.553511 146.651007 484.869652 -0.007343 0.009075
1837656.663655 510.364813 325.347444 0.000515 -0.004371
1360614.323691 81.874596 539.226758 -0.019199 -0.002735
924125.776125 643.697949 554.920805 0.001316 0.019940
418950.309241 102.569070 424.426186 -0.001732 0.014304
1312754.557148 39.283982 350.008525 0.006067 -0.018666
30587.249450 790.644631 130.380372 0.012905 -0.007755
1889215.610870 593.544908 566.165822 -0.000534 -0.009823
669560.509114 133.634666 214.335256 -0.010654 -0.012490
1579576.984783 556.680685 595.140939 0.008578 -0.010886
1982244.182370 738.942351 214.109799 0.007923 -0.004708
432350.935616 283.762744 258.400467 0.011988 -0.019760
930735.730068 652.478829 596.718583 0.007310 0.005526
600671.720971 501.823593 227.988474 -0.010195 -0.015426
1270601.892504 463.618177 169.338071 0.019709 0.012514
938976.299455 626.145781 304.957092 -0.001540 -0.000141
1474031.937064 361.975378 251.857877 -0.016248 -0.013953
1605130.416157 247.947842 302.883401 -0.010657 -0.015581
1023340.410098 559.397066 555.353273 0.000247 -0.004724
1128556.229700 645.431695 5.463487 0.017759 -0.017957
248420.950141 463.972750 377.854050 -0.003934 0.002744
884577.235619 700.768976 213.298941 0.018010 -0.006566
1704879.713107 549.879902 474.295936 -0.009092 0.011213
1882055.445519 60.134359 54.921269 -0.002168 -0.007616
404206.608610 766.117335 4.972135 -0.014894 -0.001428
780987.060993 553.620487 162.339511 -0.004031 0.005498
642018.800900 419.863895 130.499235 0.018032 0.017213
1579863.075903 314.094682 483.448520 -0.014203 -0.006282
286431.929230 798.802048 18.475280 0.017334 -0.009141
1625355.291937 699.812757 207.435084 0.016180 -0.007140
1310099.705732 85.378078 167.025463 0.006565 -0.010600
1485499.756171 42.723008 555.883214 -0.019457 -0.001833
1126826.147142 267.535849 586.902424 0.011211 -0.008628
1817754.082297 456.395545 406.838935 0.008593 0.008647
42605.713030 686.088917 428.630812 -0.017702 0.011564
1969490.396776 691.923861 399.666580 -0.006761 0.010784
1972945.507603 788.418883 525.771625 -0.009408 0.005964
221002.463354 5.993963 421.434790 -0.018500 -0.019155
314139.836614 480.073282 213.043805 -0.014577 -0.004773
1280098.799281 35.376038 570.852607 -0.007266 0.010341
1334025.561499 271.217107 370.276713 -0.004774 -0.004327
817314.073824 292.282600 154.111633 -0.017003 0.007867
52254.755074 49.026008 409.197402 0.016102 -0.006938
662711.798522 9.815249 200.065568 -0.018613 -0.018001
710212.109941 153.313678 389.985434 0.008413 -0.006921
61999.699130 280.681347 222.943546 0.019298 0.006748
261157.692532 519.471221 4.047592 0.009911 -0.018775
797766.605764 125.324234 237.322453 0.006226 -0.010770
184709.901076 545.500499 175.153445 0.010990 0.003324
1235796.007903 85.096810 357.650472 0.018096 -0.014395
1292608.929469 245.465788 198.666874 -0.008136 -0.019317
1317389.029692 261.638126 220.499978 -0.018788 -0.007608
71927.786838 128.147087 575.530032 -0.018266 0.016312
1977614.946653 353.671439 38.674767 -0.004642 -0.016067
591803.305127 381.707181 467.381917 0.003518 -0.009936
726241.200569 164.848584 214.267318 0.018394 -0.013695
995710.504705 485.036312 279.053622 0.013160 0.016102
963862.695249 390.901357 138.004613 0.013992 0.000727
1079147.418532 708.512586 407.711798 -0.000018 0.017191
1174876.041326 389.773764 222.986165 0.006099 0.014867
937689.950195 758.458882 209.314481 -0.010086 0.001405
1200871.358253 489.361801 445.044087 0.018308 0.002830
1798372.363578 364.571464 105.975477 -0.005457 -0.008568
158766.744732 676.400427 464.387719 -0.007585 0.007843
584123.108808 679.518957 348.484248 0.018826 -0.006109
1019930.488905 447.066564 500.338244 0.015241 -0.011567
1412068.961846 279.631535 95.595478 -0.017816 0.003951
1390465.348675 524.176098 125.707913 -0.002530 0.004547
1560588.704217 269.209253 41.627515 0.018291 0.008014
709118.110458 28.976174 327.183488 -0.014854 -0.006229
481739.437432 336.527136 116.849537 0.012841 -0.004336
1084185.081108 265.375830 569.677267 -0.004949 -0.011494
321427.933090 65.777420 337.482376 -0.007367 -0.014427
322096.383349 12.015386 475.478320 -0.005160 -0.001926
811598.476400 120.547511 472.550989 -0.000997 -0.015688
975828.599639 663.219829 87.048790 -0.018663 0.018324
980873.326296 219.576563 226.551946 0.007420 -0.016147
1538962.265262 182.106075 256.883948 0.008806 0.004163
1281944.833362 703.793709 411.475639 -0.011798 -0.012037
1646853.441208 292.058144 129.234918 0.004642 0.009421
1334224.681991 17.367033 531.647148 -0.001773 -0.000138
1987979.200663 754.214771 196.060570 -0.014457 0.019101
567825.405192 503.257945 150.354509 0.006544 -0.007400
693992.653253 345.417294 324.724136 0.011066 -0.013992
290886.182473 333.037023 18.602374 0.013265 0.004814
461579.700216 523.999378 590.729149 -0.002173 -0.009183
1440439.939238 90.473687 175.707096 0.004267 0.002723
1578856.275221 479.935165 306.973653 -0.015376 0.009521
975708.803616 319.777848 220.269825 0.009549 -0.017522
1363849.989774 68.330559 296.090287 -0.011054 0.014432
1287670.666020 295.358115 165.761642 0.006990 -0.011978
1793086.186886 724.675297 513.307432 0.015255 -0.005943
253419.465503 481.225371 278.376089 -0.003124 -0.011667
65064.939701 167.149887 484.786073 0.001754 -0.007021
1093948.624606 25.683183 434.587818 0.016609 0.010813
1570950.974510 477.094322 513.889987 -0.008896 0.012836
1433502.711092 738.245052 113.593510 0.019703 0.003919
779698.448619 711.763380 301.701785 -0.010203 0.010879
1707668.152502 297.669646 223.996610 -0.007286 0.011690
1161722.038482 280.477915 0.682072 -0.004415 0.015799
650195.260835 748.481381 556.023820 -0.018004 0.014026
1393276.303724 667.669668 268.068205 0.002112 -0.015477
534900.189626 215.532342 21.028719 -0.001729 -0.009469
1264731.390059 676.912494 91.373743 -0.014608 -0.016307
1848317.172308 790.789339 278.437922 -0.008135 -0.007733
512088.236637 702.185862 394.356009 -0.009744 -0.009293
1104225.446984 465.396835 121.946035 -0.000860 0.005241
107543.810321 140.002840 279.395158 0.000017 0.009131
1156781.673039 614.891352 598.085984 0.004541 -0.011016
520065.349769 196.821484 42.894849 -0.003474 -0.004754
327390.441823 269.706750 221.891628 0.005102 0.005371
1353004.063178 707.114007 306.972142 -0.006571 -0.014391
1558240.596931 709.315900 433.388041 0.019290 -0.005443
706633.334377 29.020768 323.755782 0.012771 0.001559
534505.464385 317.473256 182.933837 -0.009435 -0.019552
1061346.780072 419.641479 154.497103 0.004137 0.017540
1275778.349152 612.428385 164.504529 -0.019704 -0.004256
1816858.008419 547.167580 166.470806 -0.003177 -0.019284
837596.447597 159.429162 542.318122 -0.014378 -0.012765
537634.699856 395.923054 130.532210 0.012328 -0.007455
1509630.032587 60.122386 426.074280 -0.020634 -0.008205
1442342.147903 473.181328 518.452188 0.019147 -0.012303
1603574.954720 492.460962 575.703047 -0.016944 0.004951
706735.606634 787.724618 184.461878 0.005235 -0.003790
651319.147391 39.983705 362.567278 -0.010790 -0.012359
1573016.600485 398.616827 411.530462 -0.019877 -0.007694
1998835.487291 607.458005 229.885287 0.008384 0.012772
1445522.677826 344.822591 246.210572 0.003484 -0.003641
1207599.107738 311.276123 14.991442 0.002530 -0.001362
1297106.122271 733.563859 269.834027 0.018192 0.001912
1709409.523620 225.386074 358.927726 -0.001620 0.000460
1579454.636005 196.694801 6.082738 -0.000961 -0.009979
635151.660366 380.378802 5.343867 0.008019 -0.012585
1657542.871152 338.249756 369.216043 -0.010418 -0.019595
50074.195513 674.082110 239.534433 -0.017994 -0.003743
1728956.987955 558.751793 193.737711 -0.007449 0.006143
1741304.677791 135.051373 562.002365 -0.001255 0.005096
896425.988943 206.829941 524.654172 -0.001645 0.009362
248631.410417 620.715158 125.812108 -0.014671 -0.000941
789536.960791 769.540649 539.539926 -0.019586 -0.011933
1819863.026878 28.492025 26.487098 -0.007623 -0.016555
901731.744829 139.217095 470.683668 0.010946 -0.000476
878442.611954 515.275075 393.742995 -0.004973 -0.015489
569936.175165 658.886299 222.816423 -0.013644 -0.008691
212161.644461 226.579930 35.254132 -0.007365 -0.003285
1070836.321949 568.402628 227.833307 -0.002611 0.008852
1162154.364009 276.073402 454.397945 0.005036 0.006166
1685995.778854 61.400929 497.073560 0.005312 0.014020
631794.399876 53.733578 296.596358 0.018915 -0.002290
