120102.793966 630.343077 121.557153 -0.006112 -0.005546
269277.329682 299.839130 156.369642 -0.018290 0.015145
1260731.205931 302.386199 191.684873 0.013059 -0.002955
973263.179405 632.992442 572.858422 0.008491 -0.005941
1683880.506867 289.041635 229.144530 -0.016813 -0.013039
1760997.696668 175.529690 580.222962 0.011722 -0.019811
354965.669268 681.920203 474.478154 -0.004795 -0.012063
306862.422408 411.973384 346.463824 -0.003478 0.002350
913598.742761 35.064048 562.750900 0.011165 0.014845
723511.401901 210.153092 397.979470 -0.007305 0.019055
27418.055584 126.961517 203.041165 -0.004124 -0.010451
1026719.971107 221.746201 272.787597 -0.000715 -0.017197
919235.655535 527.150174 552.611486 -0.009944 -0.018418
247720.705461 324.309219 333.839110 0.008063 0.012671
229642.751734 125.398530 517.328969 -0.017957 0.017123
1463437.116455 330.364398 119.021743 -0.004252 0.009168
349002.480669 325.727385 534.132426 0.001393 0.011197
253345.397419 21.895152 48.653124 0.003293 0.000361
301882.374241 33.050978 100.871577 -0.017029 -0.008249
417897.793659 158.454941 420.045772 0.010564 0.015940
1032678.423930 703.016476 34.715777 -0.004922 0.017257
1981626.739717 86.398670 206.287426 -0.012564 0.000523
148080.320166 291.269023 546.344396 0.018534 0.015037
1426235.401736 72.550226 542.666528 0.011808 0.006900
826207.458426 756.259931 428.089045 0.003242 -0.019249
17939.873048 633.125096 129.738010 0.008258 0.002247
229060.592236 178.550490 260.738188 -0.012970 0.003882
729567.630556 129.815188 425.634208 0.008456 -0.006094
424191.899795 625.312788 428.318760 -0.015119 0.009728
1179453.697605 667.586520 501.745412 -0.000351 0.005134
1017047.714916 724.781703 344.252796 -0.011066 -0.000462
1184883.571782 186.726329 168.597002 0.012300 0.017679
1669257.284919 737.935166 97.747774 -0.009197 -0.017074
1530870.404807 506.857531 153.071890 -0.001088 -0.006385
1211583.405366 549.578283 75.524911 -0.007256 0.012400
1741377.547263 727.262650 385.798171 0.008301 -0.003746
544004.606336 172.722517 185.163349 0.013872 -0.002454
1594854.852927 349.723478 402.251258 -0.016924 -0.010149
1223177.906695 729.798090 101.174177 0.010920 -0.013213
527324.168257 433.122003 487.431430 0.000762 -0.019358
312490.830343 99.616035 422.348776 -0.009857 -0.002968
1025907.483430 120.698233 212.225722 -0.013729 0.014356
1509229.653286 341.714795 43.482739 -0.018266 -0.009508
1023852.793045 688.036680 428.285413 -0.012674 0.017493
1918069.081343 635.080220 509.734614 -0.014810 0.002796
59433.087734 314.645975 68.086192 0.013712 0.016465
257531.464220 800.680123 21.671070 0.013266 -0.008799
961609.428265 277.365070 259.692804 0.013380 0.000054
582120.371322 470.045588 558.554526 -0.005431 0.005986
408974.288222 701.856535 306.411157 0.016857 -0.017670
899929.745542 700.257888 511.539079 -0.008030 -0.019849
849952.291162 263.275942 237.548254 0.001514 -0.013092
617567.269419 532.334221 103.649513 -0.006174 -0.000013
907629.657959 661.958032 507.062210 0.015501 0.006307
693382.430213 141.695886 148.676324 -0.008905 0.001675
1797970.130014 385.089833 250.746660 -0.003516 -0.004092
955435.349120 688.569380 163.840867 -0.006710 -0.013568
557659.864685 605.921405 293.231504 0.007013 -0.008253
1324351.926951 788.400626 575.538799 0.013337 -0.006827
917046.023028 230.590934 93.388791 -0.007869 -0.012893
1632997.046985 518.925857 212.714157 -0.017503 0.017134
1790149.784549 770.126752 244.824314 -0.007400 -0.004938
1613713.184192 631.981862 140.499678 -0.016805 -0.015061
791753.703166 288.720342 527.036029 0.015413 -0.018595
347958.385175 437.230252 12.013569 -0.014656 -0.004602
701432.257286 473.867789 403.498603 0.000327 0.015835
1693039.169392 258.557749 326.875743 -0.012035 -0.004482
944105.254926 76.509685 210.561617 0.015374 -0.003687
1451122.988691 550.844109 119.977256 0.018416 0.010778
644142.737912 284.903148 76.495674 -0.011887 -0.010296
328294.663843 300.192530 473.821318 -0.012070 0.000431
344141.964030 428.929172 60.345018 0.013705 -0.018296
1995072.262359 551.876752 220.829397 0.001687 0.015583
1509670.835691 11.005050 591.195830 -0.015720 0.015780
783939.521193 665.501022 350.195231 0.003508 0.011740
702233.533702 730.426031 88.948914 -0.000807 -0.015172
783487.379916 514.257968 295.370416 -0.012690 0.013065
1976.599918 281.972902 217.472240 -0.015849 -0.012071
812477.567611 81.088576 532.157730 0.010930 0.005816
1551513.418346 422.766420 395.156572 0.010374 0.005368
1106838.468046 120.619063 279.813773 -0.014509 0.009728
516376.429478 389.558844 394.438583 -0.004295 0.018543
1541877.001311 639.100369 367.176933 -0.009509 0.019228
877046.727052 211.093738 200.352146 0.012099 -0.005350
1062152.807164 166.430554 281.115557 -0.003289 0.019328
220503.739184 155.166852 306.327906 0.010781 0.018104
285758.867062 257.666565 62.728555 0.004286 -0.002091
1694852.848395 693.285647 566.578643 0.000266 -0.009268
1823523.613542 219.380402 44.366816 0.000928 0.001479
109429.840049 768.255923 480.156735 -0.004464 0.010484
331166.874772 736.406327 582.184244 0.005308 -0.006558
1904142.131984 594.091104 318.593132 -0.001590 0.000435
967910.745632 483.341397 499.157133 0.003514 -0.011505
581591.096978 348.328361 48.268297 -0.010673 0.017480
706572.319710 117.956642 128.442284 -0.003026 0.006877
1499518.371885 385.557377 378.954239 0.001971 0.014869
785875.055374 571.486734 474.335517 -0.005470 -0.006111
257524.722376 253.027730 54.502316 0.006479 0.011225
1201976.699383 114.800372 229.012399 -0.002614 0.009275
1186503.038363 580.106591 101.996719 0.006814 0.018384
215485.423904 20.025679 64.825482 -0.007112 -0.001909
1555844.913030 56.602216 560.894828 -0.003704 0.004790
1610655.802121 641.142855 200.206589 0.003833 -0.013391
1363983.919548 580.694169 288.278250 0.010879 -0.004605
515601.680854 298.576917 317.760012 0.005558 0.012246
521772.659627 185.413251 319.702324 -0.002811 0.016114
984056.433190 429.830521 558.494863 0.003430 0.013519
764465.851134 302.149175 558.148732 -0.007319 0.011434
1098768.237559 98.342372 353.000595 0.014534 0.008859
1505133.839094 452.409133 265.800812 -0.010762 -0.006521
1656881.889169 392.689194 425.805321 -0.005624 -0.014824
1035409.796534 493.381729 216.192857 -0.018002 -0.018102
532033.862794 432.330257 349.811142 -0.012178 -0.014335
885049.308131 462.048616 312.556633 -0.005101 0.015764
611963.250959 737.748758 10.533480 0.015695 0.012229
1469794.933437 516.259564 223.741137 -0.012345 0.015667
1419313.830053 5.354090 222.189216 -0.003135 -0.005434
1001399.715897 751.383823 590.058992 0.014477 0.019432
57920.523946 103.100258 316.835353 0.004570 -0.007021
1340168.589419 43.947262 541.127879 -0.012373 -0.002907
1593328.125585 397.159897 208.994076 0.012550 -0.004452
308175.125303 438.508685 21.671962 0.000911 0.009145
1829796.170737 187.822441 440.372916 -0.008567 0.006237
194622.977727 628.240107 356.841083 -0.016821 0.005971
1163384.351490 85.643493 466.981946 -0.015195 0.009274
203536.384834 623.331661 467.146369 -0.019844 0.018798
408990.508136 640.565674 279.684489 0.002480 0.004643
1709918.606891 566.632442 96.541167 0.015802 -0.010598
1776676.395804 644.407077 280.130206 0.004764 -0.016392
248411.979642 575.705545 526.964320 0.008750 0.011925
1052401.075630 239.697627 543.535028 -0.007831 -0.003528
1254879.329007 324.204941 114.362203 -0.003718 -0.003556
322021.593490 487.277111 125.235544 -0.001973 -0.014752
1647379.426121 386.369006 521.372232 0.019419 -0.005111
204691.412954 699.214386 106.323445 0.002785 -0.000168
536197.156895 555.139964 128.624787 -0.014203 -0.003476
25648.950611 538.099410 429.005550 0.016653 0.018928
247729.502734 436.788139 229.392769 -0.007398 0.018031
1580350.309415 379.603968 335.052454 -0.020011 -0.015903
1443766.372951 659.242431 351.191518 0.003685 0.012393
1912564.341869 554.144104 409.410955 -0.014676 -0.009431
357511.299829 321.057570 575.543552 -0.004455 0.001831
744693.135258 324.152846 130.747307 -0.016542 -0.007026
387589.365424 167.833800 523.087194 0.002988 0.000948
1645202.005117 291.559997 -0.178472 -0.004717 -0.005351
205411.871060 83.793907 113.620224 0.007515 0.007848
1996032.971887 514.981102 234.037908 0.007588 0.010258
1306804.762830 688.173600 106.507329 0.004502 -0.009854
1450619.077985 788.772087 394.883980 0.017709 -0.017183
1969754.747101 110.798389 168.540721 0.013583 0.008608
1609086.544071 543.991093 45.268090 0.012194 -0.017509
883645.576836 726.210732 99.698980 0.005814 0.003608
1722771.757153 502.319086 142.189319 -0.009968 -0.007544
28763.775727 722.535248 101.812246 -0.011913 0.000473
845989.907554 733.579547 301.493554 -0.016757 0.014405
1143645.596292 54.704726 600.555766 0.014092 0.016917
1423342.375748 525.816184 361.896651 0.011473 -0.001577
1329764.171191 185.027572 221.929393 0.013251 0.014450
1926056.274178 553.080035 294.604581 -0.012012 0.017728
1598411.507718 172.992498 507.772269 0.018777 -0.003701
726058.746095 314.217919 195.439904 0.014548 -0.001021
375371.614646 348.241989 324.713549 -0.012694 -0.008677
932014.105344 718.189627 567.151173 -0.017146 0.007069
811741.037672 587.909497 550.866880 0.010982 0.002647
1557690.799962 589.563762 155.117354 -0.009262 0.017505
399385.155365 53.107863 90.996249 -0.018131 -0.018560
1122038.441301 328.252606 256.473346 0.015487 -0.009125
1805346.826001 59.640467 425.646116 -0.011558 0.010947
1995636.369100 729.387512 97.307657 0.017696 0.019503
1695958.700821 279.201868 427.679070 0.010650 -0.015091
558004.577904 435.844370 516.873978 0.001463 0.012501
1597187.265566 589.508893 528.937293 0.018088 0.011276
1833981.536251 409.968874 114.604032 -0.006178 -0.003985
929917.220459 197.644265 284.923361 -0.013226 0.007523
1471826.909795 138.809553 361.065766 0.015873 -0.015403
1165988.196230 595.119079 277.981788 -0.008201 0.000422
1172216.120722 460.754941 32.206863 -0.002215 -0.015467
1736107.381869 196.581761 508.085800 0.009950 -0.012185
1259741.624473 533.173137 424.868538 0.012848 -0.019579
218963.730251 229.113969 155.175591 0.003365 -0.001622
1902503.935575 255.805570 379.429808 0.002184 -0.011332
1496596.111682 109.278202 576.152738 -0.011566 -0.002668
941537.357374 638.192842 5.777751 0.001076 -0.010180
245239.558744 316.022330 292.824027 0.018816 -0.014287
1372376.816986 480.056679 484.711237 -0.004178 -0.003134
1637971.852737 403.495074 423.801535 -0.017042 -0.016316
337179.376901 23.820445 245.437397 0.012152 0.003353
1249672.392965 440.365158 432.943770 0.003370 0.010438
310196.676436 44.183592 335.855389 -0.013357 0.003302
1607296.809371 230.152517 584.910510 -0.008224 -0.009719
236307.595035 784.150659 515.159450 0.017032 -0.004955
561161.337682 597.205409 528.977276 0.019427 0.012911
1939371.158341 125.274866 512.144787 -0.004854 0.018365
870700.636353 1.935302 305.632813 -0.013715 0.003551
541779.813609 249.581596 386.774165 0.013273 -0.000878
453110.709066 506.602629 459.842788 -0.011932 0.017062
47266.968548 257.093169 543.092625 0.015292 -0.010207
562186.379247 129.897368 594.436740 -0.013527 -0.013989
1629854.769274 105.386239 185.094367 0.006688 0.000382
534606.907766 82.394512 307.344583 0.011065 -0.009662
203362.833803 38.326512 342.444021 0.009815 0.015239
92345.910190 778.986649 306.332419 0.012415 -0.012993
877177.283576 667.484994 297.779417 -0.006204 0.008676
1484435.888699 501.043078 528.977989 0.009362 0.011481
64404.659935 438.927518 550.592628 -0.006308 -0.011466
856791.879449 487.274618 190.734300 0.017635 -0.004614
1153201.109335 33.787237 259.574031 -0.014250 0.011673
618554.387530 154.432371 456.459607 0.012848 -0.019888
1875266.974734 207.485445 503.069155 -0.002712 0.004181
1111007.126566 140.196592 138.747108 -0.002542 0.016430
34336.430968 375.580364 275.475094 0.016988 0.003904
1349224.196444 292.363416 249.788661 0.019690 -0.007784
1602661.077679 455.051967 209.718494 -0.010641 0.008542
276647.354605 434.622659 544.373858 0.016549 -0.005577
1822198.850020 671.245851 373.157240 0.009936 -0.009118
453696.245539 243.668690 268.707446 -0.001687 0.009713
713133.517985 379.734374 125.337328 0.012602 -0.003599
36437.158490 391.690293 464.278282 -0.002952 -0.000536
159010.190591 189.075914 31.249510 -0.002841 -0.001194
1535456.720523 453.660717 6.971102 0.007004 -0.001236
749811.288319 470.288872 183.164988 0.019841 -0.006521
1154889.427663 178.595725 384.655613 -0.018991 0.007206
762647.938338 305.010743 92.387159 0.003626 -0.012134
1129345.827331 486.663640 410.663983 -0.006556 -0.018338
337378.635228 333.850608 168.992427 -0.011173 0.013868
1499918.929068 791.415187 248.113739 0.010322 0.006659
1760744.261444 108.630616 149.657983 -0.012558 -0.014689
1172923.453698 610.359873 215.791284 -0.010963 0.011551
79642.974809 485.984106 100.871278 -0.012199 -0.012029
730713.756164 606.688524 483.697340 -0.017944 -0.016077
1702955.846536 175.284920 309.515031 -0.014682 -0.002391
724785.897287 706.091879 258.010331 0.011061 0.005772
187236.443249 524.259850 468.812263 -0.006230 0.013667
1828784.213322 744.134156 362.660964 -0.009470 -0.013110
787390.226865 250.432243 459.589640 0.002471 0.000220
1929498.061505 743.108427 161.320104 0.010591 0.019225
730520.102536 499.788860 120.298288 0.015128 0.010739
1281053.293162 194.090362 381.585316 -0.017204 -0.019255
562426.321470 130.039067 404.888347 -0.017493 0.000255
1033437.869061 779.859207 262.722759 -0.015123 -0.010099
1192859.900739 412.513435 336.176637 -0.005497 -0.016829
138898.690296 261.377421 3.400840 -0.006504 -0.015982
1973181.982512 560.905835 434.081089 -0.012569 0.003316
957790.512106 660.592279 496.996219 -0.015317 0.015869
1692076.045876 318.224206 36.183410 0.000830 -0.001622
1136829.509929 29.033315 260.253434 -0.019478 -0.013630
1367539.427880 482.339272 406.459428 -0.010176 0.018684
1509350.044424 252.494789 176.175415 0.010382 0.006129
785056.476847 597.852992 213.029091 -0.015365 0.017399
1873643.585422 476.226924 457.162551 0.010544 0.008428
1315983.134935 488.315262 64.554584 0.008821 -0.014702
1135951.929323 228.463300 100.500870 -0.019845 -0.008263
656102.584980 548.314978 539.429039 -0.019843 0.017277
1727078.126616 606.148308 148.312479 -0.013762 0.000844
1797488.349396 438.831301 161.483265 -0.009878 0.006608
406141.346510 152.255344 156.624526 0.018578 0.018126
1941231.998588 496.962255 337.326715 -0.016813 -0.006389
1386830.762674 518.693676 376.847738 0.014457 0.005996
1843128.023596 152.392655 201.572773 0.012791 -0.012233
538331.757550 546.174397 571.971371 0.000658 0.013525
944807.663069 332.505760 233.434234 0.009313 0.006534
106756.882792 754.854167 514.715981 -0.007570 0.016351
1618777.323337 226.529497 318.097349 -0.005079 -0.005195
1742666.514471 52.445958 7.112877 -0.000033 0.017120
1321460.731012 337.390552 69.579599 0.019883 -0.010385
620834.287545 213.031365 553.945567 -0.009464 0.011287
1523195.320518 587.242331 118.874831 -0.014021 -0.000936
1731081.362688 163.231162 252.020874 0.008923 0.000663
656632.629529 425.850643 480.723939 0.014354 0.016119
325566.043298 583.543698 580.903432 -0.013082 -0.010864
1792559.657149 666.128309 390.456908 -0.019495 0.013210
1778465.217808 259.476221 59.300185 0.012352 0.003557
1763427.173609 457.593610 193.117820 -0.018058 0.010628
1593951.392730 755.788550 556.340550 -0.011302 0.006586
886016.743670 435.686070 119.120119 -0.010430 -0.003809
204796.643092 323.618171 80.838629 -0.017150 0.002937
727276.621725 773.218503 248.605185 -0.019674 0.019069
488690.041233 721.680495 183.115379 -0.006263 0.008565
1781116.410057 179.085802 171.871165 -0.011454 -0.007823
20635.784613 7.760620 149.421525 0.017507 -0.010967
1834876.302553 303.209061 462.736167 -0.015326 0.004959
350019.654422 174.566816 16.641865 -0.007610 -0.008377
1214501.650638 537.511894 155.165062 -0.019200 0.007507
477760.385944 211.531852 353.554019 0.001776 0.004273
605806.972182 347.304023 499.362502 0.003594 0.005786
272576.070518 480.039313 392.528640 -0.004572 0.001529
1759240.741729 243.266292 550.225162 0.005978 -0.003302
1080301.612187 660.490676 382.468010 0.002800 -0.014587
1857771.559552 140.043051 484.197810 -0.012465 -0.012189
988850.145130 339.734705 277.029007 -0.016672 0.018749
134591.829094 309.794524 242.761117 0.016001 0.019018
96963.198901 28.708955 345.789728 0.008368 -0.003140
227820.812831 464.789015 434.642937 -0.018767 -0.010717
290631.014058 457.690673 34.088505 0.011534 -0.014540
385931.693197 569.290696 190.321822 -0.020045 0.015997
1023297.854244 397.306932 195.456168 0.018821 0.003293
589125.026292 31.653207 579.873235 0.007962 0.017432
1882412.602139 596.852456 583.986915 0.000680 -0.002108
790218.714061 504.582946 18.800226 -0.015187 0.006563
526777.357108 212.230156 139.665191 -0.007102 -0.017981
748590.766801 411.911980 457.618424 0.007588 0.000586
1324791.236466 162.425499 5.831460 0.019528 -0.013026
1179151.767483 226.066961 128.546345 0.002200 0.019237
301466.356172 395.827947 434.603997 -0.014969 -0.019526
349183.755158 414.862478 387.429565 -0.011759 0.005631
616335.581344 375.092535 543.894819 0.001729 0.011528
1910511.639859 733.865670 182.977585 0.008692 0.004283
1640005.631205 304.917506 484.941542 0.013300 -0.005361
1964468.728734 335.704277 391.346130 -0.012185 0.018994
1261209.360911 276.162444 282.356799 -0.005751 -0.001157
968463.258337 424.201000 593.958499 -0.014827 0.009413
1257770.379660 350.175966 124.179909 0.001229 0.019287
1991034.577596 391.305997 537.533878 -0.008008 -0.011746
1007596.648767 95.738559 353.625894 -0.006562 0.017871
1912045.142572 235.996515 222.797160 0.004268 -0.000411
692628.538559 190.317418 501.258115 0.008583 0.003859
609848.141023 240.571854 74.892976 -0.008216 -0.002767
1723251.459991 737.459247 520.920333 -0.017359 -0.001711
1696924.347289 50.476545 567.896798 0.009836 -0.005598
309029.791648 199.815348 289.741004 0.009612 0.002296
867302.640745 559.329494 513.416678 0.012170 -0.007828
691843.061099 120.406745 326.321362 -0.012882 0.018605
272265.500516 388.292025 162.322571 -0.009544 0.011207
1400582.436193 98.402074 421.143809 0.003064 -0.012247
320566.674844 332.875140 150.647787 -0.015710 -0.013506
1229627.376064 208.590223 245.945472 -0.016031 -0.019859
1946485.269790 425.089776 421.455621 0.008681 0.005038
15066.369444 140.523153 292.210448 0.002014 -0.005766
911695.870064 549.215591 506.448447 0.009050 0.017873
1245159.992597 340.237860 42.997164 -0.005985 0.020419
519428.529087 388.679188 247.069879 0.000321 0.003899
1147820.552414 102.403037 512.339096 0.019417 -0.011057
1717933.562453 767.132253 453.850012 0.002502 0.011431
183230.377819 455.367874 577.549074 0.003168 -0.015313
640928.558372 27.287643 483.383441 -0.013444 0.010252
1503776.668340 629.137404 110.876577 0.012836 -0.015523
360957.489517 65.430044 358.367985 0.003712 0.003711
380073.533570 131.744190 431.438023 -0.018232 -0.014051
1889061.825298 723.486025 66.000624 0.008016 -0.001331
1796955.322752 634.008026 20.330695 0.014480 -0.005168
306282.549308 147.202200 243.089934 0.018372 -0.006196
332156.324914 567.525498 78.933842 -0.005933 0.001332
485168.456326 426.820626 367.139442 0.012956 -0.014818
413343.113108 24.541870 173.405128 0.017108 -0.017005
883643.182406 697.274821 587.128251 0.002073 0.002796
887249.075289 360.287188 217.424094 -0.000908 -0.007430
1467432.667253 504.135001 297.547439 -0.014404 0.003562
1682910.725327 245.348384 179.588682 0.018986 0.006319
1660796.624450 172.273259 113.298521 -0.002229 -0.017762
629926.086697 520.410057 50.927448 0.004183 0.003118
318150.466456 37.075982 269.382109 -0.013684 0.003897
40123.955365 464.562992 28.860709 -0.004751 -0.017484
724761.667999 94.164474 413.527460 0.014317 -0.009808
558074.092752 559.715014 337.345321 0.003107 0.006872
438651.350531 326.365378 533.434633 -0.004376 0.014742
1885724.248311 578.741857 300.866885 -0.018901 -0.006833
158400.153815 149.299257 226.025453 0.001150 -0.006970
1952982.963972 437.345936 543.847150 -0.018968 0.017288
1927788.328346 311.095096 28.136380 0.006210 -0.010078
607879.136041 747.132238 567.567246 0.014623 0.000473
1236504.919471 67.948720 551.388593 0.000259 -0.000282
1541570.438790 358.689779 131.490007 -0.009129 -0.000975
1098586.873663 282.483327 398.562005 0.017052 0.015182
1973812.054831 723.275801 257.532712 0.015635 0.017494
717421.361579 684.399387 190.614330 -0.003729 0.000396
1128238.588166 568.346269 265.751608 0.000397 0.003058
1906900.824936 103.386413 396.828750 0.014914 0.005400
311031.282093 514.335024 50.837931 -0.004959 0.016685
1119457.958787 738.675800 161.554382 -0.010694 0.013996
295815.608602 167.841064 451.422498 0.003000 -0.015985
1365835.790227 746.464787 573.986276 -0.019995 -0.006455
933742.419320 452.595590 29.871682 0.016425 -0.016948
1254474.420685 689.950311 122.281531 -0.008480 0.009407
1674721.783807 355.801141 227.855259 0.016822 0.012742
589441.845468 384.447941 445.893233 0.002575 0.008106
1186208.380939 568.238190 547.186991 -0.006139 -0.008544
28320.921598 24.771103 131.458641 0.018882 -0.018778
1123059.363627 350.804826 356.704372 0.004337 -0.006040
1339490.994503 192.766146 126.498913 0.014922 0.001168
1892333.765464 567.719158 583.373034 -0.007263 0.005401
1580513.963280 495.712024 66.052816 0.001222 -0.012656
1628540.167412 101.123969 535.762500 0.009075 -0.001121
358744.990248 592.704687 301.885586 -0.004046 0.008489
1065496.480589 768.518764 90.578801 -0.014940 0.002932
996930.964755 638.443828 488.971870 0.008374 0.006816
685065.261407 523.905276 229.203200 -0.007707 0.019128
22284.613001 82.935598 360.125990 -0.014777 0.005071
1564209.169505 749.624171 458.236296 0.006964 0.006548
471659.941818 684.095279 242.317604 0.009524 -0.009783
234378.384535 216.322634 129.505304 -0.009220 -0.004009
1581110.075852 613.308556 117.723415 0.004189 -0.000946
1733102.233956 757.448004 78.072237 -0.010154 -0.009492
222272.466972 206.882420 219.626662 0.008458 -0.004763
7593.072023 394.951383 189.498840 0.010730 -0.013128
1961038.188991 2.001394 14.084192 -0.004563 0.009666
554464.627316 401.912618 7.778152 -0.000263 0.010873
821613.773155 227.388086 322.804064 0.003854 0.015650
24485.756655 378.185835 502.266999 -0.014260 0.008805
196372.594776 203.376378 588.127832 -0.001422 0.018530
718005.964867 375.108235 274.401304 0.007059 -0.010208
1252709.545778 525.489046 141.978212 0.005943 -0.018311
1958473.456073 741.994993 326.298852 0.019617 -0.003225
628831.249023 322.384846 421.171214 0.014055 -0.019648
1185057.482303 690.521470 288.682854 -0.002877 -0.019707
406775.272641 421.002304 157.492480 -0.012933 0.019332
452064.211691 433.191615 275.507471 0.007344 -0.011363
1391094.198167 249.365774 525.015236 0.017200 0.018292
1830316.959801 730.299171 532.332300 -0.001630 0.016121
610994.441719 617.937649 184.056122 -0.019669 0.004983
631021.334152 481.931774 291.909486 0.011822 -0.018541
989235.750860 1.900828 333.921989 0.010266 -0.012655
1098658.789461 784.170896 435.192090 -0.019671 0.006629
1883467.686308 564.670898 586.070916 0.012851 0.005339
1871849.530317 584.940980 330.409494 0.012870 -0.012449
911993.535660 102.351324 577.231723 0.010598 -0.014608
1176139.691461 61.405836 443.596663 -0.016926 0.015014
1537174.407177 456.280654 526.381522 -0.006935 -0.006926
123261.179832 701.020806 185.398290 0.011709 0.014797
1946848.674653 583.416143 354.108527 0.017979 0.001705
457599.283409 709.109161 164.623667 0.011209 0.008296
926562.791190 189.182279 501.853129 0.000220 0.019952
1942178.605097 12.148412 45.189829 0.008409 -0.016360
1905775.863633 382.855982 397.595603 0.013285 0.012158
1975712.466974 713.507363 408.042058 -0.008355 0.007175
1128937.655654 214.479201 243.574992 -0.013916 -0.011205
1900458.380534 306.075774 61.951267 -0.011067 -0.013420
1623668.112617 550.039861 239.439759 0.005844 -0.015475
798515.523224 494.048399 76.686054 -0.000981 -0.006942
438456.544857 343.863888 482.188591 0.015096 -0.009805
1216805.763178 694.529739 90.546289 -0.008499 -0.013387
1661706.700764 681.326778 258.943313 -0.010496 -0.019706
1303971.794110 150.925476 233.901282 0.010281 -0.003513
1107963.914568 455.505832 58.856682 0.018168 -0.011400
425643.800956 282.544583 500.118167 -0.007814 0.013949
318262.858465 449.312553 154.955798 0.018575 -0.002256
1036196.117772 457.959197 186.748817 0.006838 0.014658
948553.069005 401.643394 427.805759 0.016409 0.009310
1438074.149861 446.813860 555.681594 -0.015615 -0.007639
677338.477540 530.396034 530.713363 -0.002503 0.004691
197747.041563 521.330073 583.696499 0.017215 0.019647
1601492.672973 71.400349 330.428638 -0.017644 -0.017802
1987075.958395 461.439104 375.084664 -0.007818 -0.010045
971748.938305 621.639453 449.455719 -0.012076 0.007401
974474.447302 733.515704 145.953923 -0.003456 -0.018906
1121549.802423 602.033087 413.031218 -0.002209 -0.012400
613932.794246 434.561846 504.536017 -0.008851 -0.001015
1665525.531241 62.857640 338.495306 -0.004453 -0.014552
1238773.710671 302.307721 429.592483 -0.010180 0.007297
1925637.924078 585.442850 276.823799 0.008457 0.017213
290519.337305 158.589098 508.103839 -0.004360 0.004491
1745488.432117 760.851602 218.912905 0.002435 -0.004214
1111265.337612 695.106989 563.028701 -0.004296 -0.013810
829182.160473 184.484358 135.913320 0.019242 0.004582
728391.627189 478.637191 596.448206 -0.016894 0.013623
1349985.243450 33.158922 346.135975 -0.014483 0.010170
1010733.056353 223.822802 571.653874 -0.005910 0.006789
1129411.861826 180.534921 373.305942 0.017225 0.011493
33999.050983 389.454290 394.338911 0.026146 0.018150
1606354.705806 295.968023 66.617923 -0.018766 -0.005949
1451822.744427 315.252348 570.264182 0.008765 -0.000990
1590584.168020 314.787530 309.325720 -0.005147 0.001137
538209.161040 700.776220 484.765152 -0.011163 -0.010866
958317.440449 627.970087 272.287017 -0.015994 0.008653
479655.517489 94.695469 120.001647 0.015866 -0.017008
167238.956395 558.506762 267.522044 -0.012159 0.009131
1592486.357127 737.359952 73.323652 0.009843 0.005646
1189583.299304 432.854203 21.071001 -0.015520 0.016593
1124831.962923 303.207966 474.245355 -0.005200 0.004001
37146.621401 680.296997 232.889449 -0.001137 0.018061
205026.889315 568.776453 41.112679 -0.007908 0.004320
284161.461650 310.250157 183.844957 0.003496 0.003361
68690.410847 306.027327 301.531784 -0.013743 -0.014784
287411.349028 600.029400 404.090360 -0.012907 0.014470
1171263.018237 591.605691 143.469655 -0.004984 -0.015498
1682127.158941 314.859529 577.678860 -0.010868 0.014488
1824708.168313 265.132625 346.710296 0.019209 0.005356
369206.509725 98.051747 13.477091 -0.000372 0.008418
1208981.916871 419.255543 56.276422 -0.015646 0.007271
446720.970071 202.419560 259.058868 0.015797 -0.002839
586212.983628 385.061965 102.280898 0.001334 0.014311
560717.814863 299.159608 150.937747 -0.010358 0.004159
234257.601311 123.813762 558.732651 0.007816 -0.014629
1133248.557864 703.480929 154.152739 0.003533 -0.005173
1934248.125150 153.387420 536.547171 -0.017561 -0.007936
1152133.833222 225.918798 331.244690 -0.019690 -0.013034
1965200.129880 240.233375 396.991644 -0.013819 0.013359
1034901.121182 346.320047 125.957813 0.010920 0.006858
1623246.405098 709.131568 497.197633 0.009740 0.003206
1926329.093951 248.000578 276.479538 -0.011182 0.015959
1658576.383096 150.582103 54.650955 0.008985 -0.010061
786221.519479 241.135261 318.572449 0.017772 -0.007703
1421758.733421 742.857974 364.841764 -0.004728 -0.017515
888519.625593 711.380286 308.084427 0.005882 0.006121
374128.679919 371.185169 325.380794 -0.019385 -0.011586
247207.860577 783.063064 311.401979 0.003274 -0.012053
838233.393076 329.895024 231.341420 0.000761 -0.014293
1269501.125100 722.851770 262.984672 0.010551 0.017238
1490342.234955 701.493497 467.094846 -0.005846 -0.010059
1720173.599068 638.908151 82.386886 -0.005154 -0.001847
1589947.016719 447.743749 550.828162 -0.006499 0.003126
254199.274003 369.798023 331.566486 0.005918 -0.018219
1506623.924480 52.260523 274.501575 -0.014409 0.003086
1187558.641279 618.927169 289.792857 -0.018797 0.017646
663885.182079 619.819169 490.320419 -0.015549 -0.014783
134186.233456 776.496690 557.342413 -0.011875 -0.006225
763995.101100 799.218869 542.369838 -0.008059 -0.006509
960104.740672 340.552541 478.933126 -0.018582 -0.016977
1689167.128731 629.619141 85.033397 -0.007877 0.017131
1435140.350571 715.864887 422.374940 -0.012035 0.017046
1287450.956780 425.497218 421.039542 0.005237 -0.011830
1664884.491668 423.966581 368.677886 0.010656 0.009306
1916152.068375 115.838708 439.913658 0.014340 -0.002304
142374.806172 274.866083 522.071004 0.014830 -0.004939
1889104.925044 571.502098 97.639928 -0.016734 -0.019289
184043.514628 642.510293 546.700362 0.011780 -0.019917
1678137.485719 350.682960 320.279929 0.001588 0.016090
349432.717240 299.374470 257.083444 0.011497 -0.014632
327130.583267 597.979862 167.763476 0.015863 0.004361
1445781.852792 774.699845 571.697038 0.003710 0.013528
657045.848974 430.371567 332.916854 -0.000289 0.004925
1143416.638087 467.908536 254.861051 -0.000622 -0.004812
853229.746620 259.857029 491.366112 0.018361 0.014542
1436276.935710 106.288918 143.766799 -0.014009 0.017011
747046.145027 249.451557 400.557789 0.006113 -0.011900
555282.349025 299.963554 106.866515 -0.010820 0.018771
31011.744417 446.412560 303.315566 0.002808 -0.017981
259713.421697 113.437660 381.658210 0.002214 0.005069
30230.289339 786.002115 570.832110 0.013288 0.017722
1629124.594680 439.846309 45.081112 -0.017903 0.007950
1993199.337271 341.338397 5.280054 0.006600 -0.016779
437214.899080 754.057917 272.120546 -0.004252 -0.013122
847463.854052 329.379811 438.980071 0.017213 0.019223
1561464.248021 48.348720 73.571212 -0.003319 0.004593
1496915.452879 345.619204 357.919049 0.008048 -0.009434
1076064.875850 410.549226 489.302402 0.004505 0.002588
1028186.607653 487.319177 594.661004 0.000920 -0.009098
141764.248787 594.400154 129.538813 0.000987 -0.014452
778578.041484 758.632911 329.982830 -0.015291 0.015190
1058486.954802 720.314160 564.057291 0.005796 -0.007094
1112790.978101 319.231411 447.930519 -0.013857 -0.016078
24501.685065 554.082441 366.294881 0.013084 -0.007844
353571.678676 272.621170 548.754003 -0.013271 0.014600
375264.103699 191.439701 365.877503 -0.003806 0.010619
1493884.026769 634.823354 429.455246 -0.008217 0.016518
1188817.119779 659.959509 487.961907 0.001400 -0.000905
259519.063057 73.986270 525.231486 0.015156 -0.010161
1949033.547169 712.123856 562.652555 0.003488 0.008713
482529.103981 609.262522 36.338888 -0.013828 0.017271
1850091.109914 273.861749 102.906272 0.001410 0.009858
1871495.037280 225.015855 324.785302 0.006259 0.002828
908785.677938 195.127820 241.386025 -0.009269 0.011232
1755362.652128 318.521226 522.220982 0.010157 -0.009001
232765.271437 581.838746 98.696079 -0.018166 -0.007166
1765166.354256 236.631816 45.852960 0.017679 -0.001986
15434.920795 692.716627 474.697406 -0.012887 -0.004013
1077013.659792 90.445184 409.462540 -0.016794 0.010613
516053.778360 427.492741 5.859268 0.006393 0.012139
1576709.125925 429.977502 119.092355 0.006447 -0.008337
948767.654108 620.985200 12.345681 0.005600 0.013216
667159.362075 417.483547 74.281435 -0.003588 -0.001433
1146380.339352 334.036940 198.485134 -0.005338 0.003865
1462269.868451 722.378218 427.232123 -0.003614 0.019234
949273.004639 536.522282 309.683612 -0.000655 -0.006848
636841.273232 217.414240 521.165173 0.000688 0.017238
316267.470045 792.941616 424.523590 -0.012947 0.005325
1072709.865436 409.259089 93.018132 0.006416 0.016888
1234697.917120 187.694487 203.737334 0.017932 0.003948
1871003.135047 543.469652 299.981611 0.005848 -0.016346
968257.898916 95.419883 457.611713 -0.019764 0.004271
184803.100389 256.355802 526.072994 0.018269 0.013469
1613704.762242 94.166143 496.918881 0.000562 -0.008171
920804.219749 40.479459 484.278967 0.004905 0.008266
1455508.939668 184.185941 565.770206 -0.017307 -0.012833
1084419.887087 1.051738 515.183289 -0.018209 0.005931
1899527.167855 422.596108 461.420632 0.008444 0.001108
745706.753221 643.075539 509.235629 -0.010152 0.010538
1369434.811813 44.304053 529.163449 0.000582 0.002796
353913.564400 780.201446 371.928415 0.019267 0.003543
660308.989072 568.440475 492.179087 -0.009061 0.011117
1997036.600484 653.859027 469.093359 0.014265 0.014410
857968.969670 644.512065 232.650711 -0.012096 0.000744
1832483.595159 457.196453 194.420218 0.011929 0.011132
174050.590104 359.988656 525.713969 0.018773 0.018474
887791.815627 115.653347 561.087986 -0.017425 -0.014863
1048845.100705 314.583430 504.456226 -0.006252 0.006681
1236598.032171 273.625342 289.925754 -0.004023 -0.012105
688449.854352 662.775128 2.242168 0.009244 -0.018931
1047717.716101 519.235649 357.766134 0.013926 -0.003474
831685.772553 746.672134 517.429321 -0.008476 0.016128
1646809.537731 588.012606 29.585166 0.010383 0.011948
354697.854423 226.405591 115.136320 -0.019271 0.005158
1718570.137265 508.347795 581.227630 -0.006294 -0.018653
338487.908402 549.534105 517.396702 -0.012994 -0.003259
1776805.868268 558.734660 40.784510 -0.000624 0.001856
960078.654327 720.316967 286.876543 -0.006917 -0.012574
763596.911339 131.418553 556.246555 -0.002737 0.017032
1446903.674606 486.825564 125.373801 0.018219 0.005316
1673049.761761 619.980446 155.704105 0.012202 -0.015277
591079.477496 780.156281 482.564490 -0.013716 -0.013988
450261.526019 36.814386 509.541469 -0.008235 0.001254
788880.985598 619.155391 258.617039 0.014933 -0.015420
1247242.441982 204.447182 167.470500 0.002034 0.007426
405506.701397 217.978200 175.138208 -0.003528 -0.012333
1835863.754077 197.573299 576.165389 -0.012858 -0.017855
159031.381905 380.215557 18.686325 0.015405 0.005331
362722.217274 87.137196 407.189917 -0.018486 -0.003713
420997.232395 340.241481 105.227278 0.005884 -0.007652
580167.091722 213.314915 333.041676 0.002823 0.012583
479025.265425 617.122653 52.397643 0.001284 -0.012669
552036.800679 359.784484 258.486502 -0.010467 0.005047
969986.005207 253.903894 61.445526 0.000855 -0.011957
1471710.388303 557.461341 187.927880 -0.003391 0.009248
1430984.936390 501.063842 91.003756 0.015641 -0.009256
902052.609670 144.287435 321.294864 -0.019775 0.010000
700700.571156 195.500250 313.475390 -0.002450 0.011055
1408199.004553 571.076128 137.369524 -0.014607 0.018119
1713095.736556 496.517168 161.209796 0.018426 -0.014618
944491.339356 557.247763 498.519542 0.011371 -0.015565
1119457.834922 400.569089 441.369625 0.008483 -0.004379
8319.607940 130.655149 343.322373 0.001566 -0.013274
647061.014849 712.025293 247.311909 0.013814 -0.006806
379545.065751 439.144697 25.989742 -0.003348 0.007308
1990576.603445 218.497922 181.305225 -0.009382 -0.010686
876473.971119 589.500549 557.763780 -0.009188 0.000888
80381.552726 664.693814 13.471482 0.011015 0.001702
828036.629980 625.270236 422.974860 0.019526 -0.007168
1747623.103553 248.271497 124.265597 -0.008532 -0.013736
1072386.123739 381.247872 423.850858 0.003246 0.015733
777386.485961 459.729441 101.048350 0.007628 0.013599
801906.589792 103.664858 345.909828 -0.006818 -0.003931
197987.358178 295.763395 137.641630 -0.015164 -0.014148
1545926.498969 428.224732 556.373195 -0.000394 0.001326
492654.834172 281.812395 500.404341 -0.000531 0.004849
1978982.283724 793.040450 69.315067 0.007740 0.002837
17631.095842 65.943539 86.879077 -0.012954 0.010993
1966499.848276 461.782016 543.822586 0.003848 0.014666
611006.784537 527.352725 167.482900 0.001464 0.011202
850069.038966 246.957756 190.020266 -0.005925 0.011501
1676786.882652 479.195762 83.060873 0.006897 -0.017856
1557780.060711 529.963717 26.086953 0.015762 -0.005710
1227310.625476 722.712765 262.515487 -0.014526 -0.020299
428616.731627 591.831892 393.241716 -0.015228 -0.007965
1127178.874392 340.593124 576.923577 0.013653 0.018400
1480731.590409 212.534501 162.278549 -0.017761 0.004813
115335.758829 714.962574 130.687314 -0.012100 0.002662
541498.807511 780.833565 137.486065 -0.007453 0.014836
1167776.423119 741.721574 464.589527 -0.019054 0.007380
1705487.274428 189.989990 255.698531 0.000301 -0.005707
1455042.508177 58.317786 469.866545 0.007535 0.016570
1485351.840726 341.282772 108.561597 -0.019561 -0.000669
1600046.444498 55.331868 226.574669 -0.019268 -0.009264
1889695.885540 230.015968 146.939013 -0.013079 0.004153
230475.999522 606.085653 319.441263 0.015483 0.011169
434670.210087 593.627026 9.832892 0.005754 -0.009930
748135.628527 296.505883 192.840080 -0.013611 -0.017667
474188.291689 718.582824 292.944971 -0.003338 0.016156
1941577.332067 174.179042 588.397452 -0.006003 -0.010714
499196.726130 235.229215 314.378150 -0.000268 -0.001290
254300.674542 487.830916 134.029820 0.006376 -0.000123
6325.354803 699.763844 144.022887 -0.019181 0.000842
980919.682878 316.217558 534.958703 0.012561 0.001943
1900851.625903 40.237797 269.138800 -0.002614 -0.001275
719689.197242 326.127201 412.521237 -0.006338 0.010298
1844748.197982 472.700211 29.944512 -0.002194 -0.016548
1036199.990211 459.373824 416.172942 0.009630 -0.010782
385683.919483 595.585020 65.422397 -0.002702 0.010636
1256102.471266 738.647653 96.223852 0.000335 0.010637
1419511.694191 375.226510 473.092192 -0.013610 0.016231
511292.832210 415.524761 189.886074 0.017685 0.014412
145034.134456 690.970878 270.034959 -0.015050 -0.007553
1071721.370831 512.998164 530.596448 -0.010819 -0.004680
233847.819378 338.028670 77.578522 -0.011044 0.014184
1786277.592083 681.567667 467.332363 -0.017913 -0.005081
1031918.257955 609.530707 506.357313 -0.007876 0.016817
1499349.890975 446.074851 263.475280 -0.017299 0.000090
597617.807145 110.463981 218.922162 0.010027 -0.009529
1353622.215499 228.424543 541.963069 0.002473 0.000628
573296.933702 542.594703 564.234988 -0.003394 0.016133
1590131.532210 246.450875 453.688378 0.003024 -0.005538
258416.177825 73.243744 73.551949 0.018866 -0.004276
87595.200207 577.065261 571.852093 -0.000689 0.011451
906233.425674 626.034056 554.306105 0.012744 0.001238
370032.188655 395.646794 489.058313 -0.016451 -0.017753
664767.085884 299.438120 441.959595 -0.009127 0.011569
1278253.811075 52.958788 58.780277 -0.004105 0.005617
916040.443311 420.130654 438.710562 0.003212 -0.000175
249204.321880 498.947379 130.015125 -0.016951 -0.015724
8661.484350 424.740679 533.337563 0.017167 -0.006051
841302.204338 89.930287 505.931843 -0.010460 -0.011998
1802783.200425 455.997215 346.419373 0.005475 0.013644
731632.451868 220.830559 544.855137 -0.001385 0.006835
1096714.972098 736.607519 118.099348 -0.008786 -0.000150
1386984.768969 324.169215 76.199861 0.016473 -0.000729
469499.863903 731.915659 7.124426 -0.014999 0.013825
718651.906922 435.243846 574.780918 -0.011849 0.011206
316653.122342 84.471906 211.506208 0.010334 0.008691
385530.231700 79.455998 10.986281 -0.015987 0.002584
1379939.433830 519.693883 291.861052 0.015394 0.017190
1974529.288697 463.444313 199.385357 -0.015555 -0.000435
1626419.535664 279.927046 244.552465 0.012991 -0.001060
503204.831157 145.990223 10.601639 -0.011602 -0.004494
1600260.999799 292.836196 294.238847 -0.013936 -0.015952
467442.890847 275.185874 120.972242 -0.009909 -0.002200
1530910.291491 752.913900 56.785558 -0.010017 0.013193
43405.273949 189.854463 245.028652 -0.005770 -0.005876
1801413.789299 133.409280 421.665162 -0.007711 0.019695
348673.859774 447.360663 105.186074 -0.012275 0.010759
1122384.702378 793.100203 80.591881 -0.017935 -0.014257
474000.488629 229.213792 293.474556 -0.002425 0.001569
1867761.544822 162.444343 288.067358 -0.018838 -0.001857
617712.498930 39.729239 415.229983 0.008773 -0.003829
88793.583256 495.263782 343.109122 0.009911 0.016874
1123119.018564 736.344933 291.297776 0.009344 -0.015514
510837.786138 237.492987 62.539247 -0.004319 -0.005979
498234.962345 502.851887 381.173662 0.009535 -0.017337
350510.791107 537.911663 163.024006 0.006265 0.007944
1451432.125387 771.332619 449.470112 -0.003430 0.007381
303273.376219 370.448270 179.743539 0.008883 -0.011661
454803.713809 227.316634 75.704884 0.008614 -0.019194
480071.545802 775.393527 189.730011 -0.006267 -0.005550
1333575.176696 474.717415 592.785985 -0.007756 -0.006721
110627.538576 382.692021 1.651904 -0.007021 -0.014471
1406769.050940 41.548800 59.169448 -0.001853 -0.001176
1561676.394922 481.951334 559.227886 -0.016772 -0.007006
281255.947557 246.573266 364.509412 -0.009243 -0.019068
1257382.930842 407.694032 596.327095 0.017777 0.014114
706537.016996 489.411957 269.144864 -0.006346 0.016662
1558318.719993 318.287072 237.181631 0.011355 0.008938
1057752.200895 389.493148 466.215148 0.005111 0.017478
491364.625511 326.086105 325.135118 -0.012859 -0.000414
1734950.389590 255.115471 479.367369 -0.000918 0.003491
1643357.573842 84.892371 56.604310 0.012565 -0.017960
1898263.090243 133.883422 397.738962 -0.004153 0.000415
1157183.811607 141.325745 544.882259 0.018949 0.018327
1260090.642264 401.412455 266.323965 -0.003786 -0.014832
767107.214205 521.876879 323.494151 0.016964 0.013171
55740.578126 635.032023 88.647035 0.012997 -0.009349
1471867.368311 519.222486 224.847379 0.012708 -0.001709
851158.514084 623.908608 377.439032 -0.016453 -0.012928
279214.015361 532.697147 211.889793 -0.018211 0.005642
622537.959657 541.504957 84.448647 0.010271 -0.016705
543551.074594 112.620324 438.946261 0.013015 -0.017292
1125283.938425 670.573867 515.373339 0.008407 0.006503
255944.995329 357.696352 186.982653 0.000111 -0.008823
1549879.616848 742.554968 34.927680 -0.003812 -0.019282
474171.187949 435.954796 410.536861 0.003552 0.003663
648167.413030 720.749899 160.593614 -0.001359 0.006316
697835.028496 589.570493 478.533944 -0.016732 0.001911
1725670.433475 516.138904 231.032958 0.008567 -0.005183
99429.388577 679.081424 481.441850 -0.005528 -0.005966
163663.104253 109.192888 168.324166 -0.006099 0.000425
594763.153510 304.009381 53.083721 0.019287 0.018837
1355525.087265 245.221581 522.293542 0.017971 0.010973
1053977.892294 234.678703 305.551531 -0.007009 -0.004915
115031.983757 149.655449 13.070351 -0.002340 0.016299
752375.869431 393.545083 455.320328 -0.012735 0.014187
219437.964363 208.518946 594.940395 -0.004391 -0.003965
1068114.026016 550.328428 469.191207 0.004822 0.006952
1499866.051366 239.193754 584.042086 0.004707 -0.010304
1491842.997955 116.684756 322.361656 -0.009691 -0.001105
1826279.228472 251.376236 395.372250 0.017279 0.010256
1133058.067007 247.414080 149.315839 -0.007048 -0.000430
207507.431604 346.294415 450.511656 -0.016175 0.012952
304737.184339 504.659744 306.522208 0.017354 -0.010036
361247.467977 546.253988 329.193052 -0.013814 -0.007895
1585793.637478 720.314444 269.094954 -0.006742 -0.013886
1841064.114050 194.884978 281.061635 0.003206 -0.012802
451362.950938 116.060504 291.928051 -0.000988 -0.001230
1950936.490647 463.084562 542.337947 0.007483 0.008566
1454702.783122 701.531223 182.860947 -0.010466 0.012516
1108684.254395 334.947454 297.184969 -0.015859 0.002983
1596490.624173 716.646493 284.723068 -0.013153 -0.009497
1263706.185512 133.942423 282.645964 -0.015920 0.009880
1294332.516982 260.903987 535.936506 -0.014679 0.012034
723046.520130 86.947560 228.672450 -0.009383 0.013347
107937.715067 793.388661 426.696294 -0.005775 -0.010901
1046872.077066 728.620133 389.529552 -0.019424 -0.019598
450965.188654 653.798694 546.458006 0.008002 -0.017434
278162.196408 266.437165 139.724874 0.004373 -0.002622
1960316.196066 205.947287 456.508502 0.014896 -0.004400
1125740.257616 188.011783 299.747275 0.017726 -0.000076
668170.334151 796.523895 294.141714 -0.018206 -0.005849
1443825.863043 455.423471 160.083875 -0.005094 0.003565
564375.188464 477.992895 242.486608 -0.012222 -0.008027
938961.728913 267.229528 380.078606 0.008056 0.017680
132214.712972 546.869935 119.702147 0.013428 0.002243
1179224.623916 311.316367 473.043794 -0.016512 -0.006646
575213.267736 339.190840 197.859873 0.010952 -0.001181
1368718.602401 401.126930 24.199239 0.018036 0.014962
1254302.726711 185.484418 282.642567 -0.018616 -0.002903
1541011.519516 400.969081 455.997592 -0.003930 -0.011885
1407684.757098 375.680423 531.649302 0.016168 -0.008189
883750.411162 393.670216 411.826853 -0.010497 0.003306
38293.802197 414.456350 2.733542 -0.006034 -0.008068
949396.727117 26.730404 479.225785 0.000629 0.019474
1340193.529306 111.992140 129.704232 -0.014268 -0.013042
1289556.392138 729.341899 404.228973 -0.003847 -0.007439
1756783.113702 88.242617 468.761556 0.010409 -0.019808
157687.638028 166.182010 303.205023 0.010660 -0.002499
175039.783202 626.436583 573.061342 -0.016253 -0.014655
506304.289450 453.052512 99.030533 -0.017931 -0.016695
301433.914481 575.966844 134.019884 -0.005404 0.014578
790027.673724 9.346351 464.015793 -0.017173 -0.003248
176035.711624 758.962491 317.356764 0.014781 0.008528
1081972.172988 758.913634 552.427823 -0.018310 0.008737
715741.816310 106.868699 298.742465 -0.007393 -0.010926
1263880.632475 454.513050 476.816538 0.011928 0.004694
1751026.801649 758.481570 202.355018 -0.016205 -0.007298
399196.095951 395.098194 198.078631 0.019150 0.002321
1496994.359185 48.546247 306.748368 -0.008886 0.017277
445396.929255 653.414444 529.961588 -0.014306 0.014532
1193553.106484 399.607832 599.613846 -0.016101 0.012520
450224.472419 581.057476 229.340381 -0.019258 0.001035
1999453.321099 715.680844 286.058528 -0.003797 0.018692
1584501.028799 428.991386 291.148173 -0.015104 0.000394
94458.571679 696.655311 342.294512 0.002260 -0.014110
1007827.074736 623.525967 579.896898 -0.004564 0.016838
1658558.308919 786.844331 252.883357 0.013084 -0.016927
475365.567242 42.369427 482.660175 0.004211 -0.016840
663714.367274 496.270812 581.132657 0.012204 0.018137
1919117.403179 479.261402 297.074414 -0.002155 0.008815
9624.167350 393.757029 354.316053 0.003062 -0.018036
1478876.057770 64.741123 497.150480 0.007618 -0.001367
1502145.321808 426.350428 269.163539 -0.013014 -0.005532
1054818.871922 328.994478 247.447383 -0.006669 -0.018736
972186.690649 532.024003 390.574371 -0.001906 -0.001132
1216433.286302 329.308536 43.532698 -0.015855 0.014313
1585452.240699 85.682400 210.022271 -0.004652 0.007048
796849.675848 98.818601 459.266970 -0.011173 0.013045
461377.134761 782.925387 216.785289 0.007123 -0.013899
1447663.852688 164.999899 338.396070 -0.014466 0.001604
1190708.408687 498.630238 122.501738 -0.010112 -0.017130
1355477.244293 684.210834 294.745392 0.010011 0.018244
694211.989964 433.842675 39.641279 0.007927 0.017125
1497031.391364 75.989790 30.129150 0.000516 -0.007088
1759090.904966 594.296110 180.009613 -0.010333 -0.003083
904928.793621 771.706805 377.473051 -0.019381 -0.015859
341892.055395 489.086095 437.327583 -0.004959 0.014371
1609370.418642 43.025559 428.244986 -0.008156 0.012128
1339833.364515 513.661445 206.776618 0.009445 -0.006366
543533.833951 386.069852 260.788698 -0.007103 0.019761
1510075.678821 160.796233 443.535287 -0.017781 -0.002229
325429.097901 406.824856 246.078932 0.011707 0.000975
1027532.088117 770.777085 81.140168 -0.010416 -0.006326
1987715.010526 37.308785 236.679811 0.008299 -0.006358
396776.620483 301.273762 588.370183 0.001759 -0.015619
639902.701899 652.784517 355.686365 0.010168 -0.014513
1179865.857204 406.006421 204.162267 -0.006885 0.002543
1568458.621189 393.024487 42.187030 -0.012223 -0.008570
1190290.628555 566.908298 150.554460 0.009231 0.017977
1180185.991889 580.816015 597.199532 0.019378 -0.002827
672088.553511 146.416053 485.157792 -0.007439 0.009054
1837656.663655 510.381184 325.208387 0.000515 -0.004379
1360614.323691 81.263970 539.139236 -0.019222 -0.002771
924125.776125 643.739546 555.554270 0.001301 0.019918
418950.309241 102.512218 424.879220 -0.001839 0.014202
1312754.557148 39.476491 349.414534 0.006045 -0.018707
30587.249450 791.054340 130.133997 0.012874 -0.007747
1889215.610870 593.527573 565.853150 -0.000557 -0.009850
669560.509114 133.296066 213.938364 -0.010651 -0.012483
1579576.984783 556.953806 594.793936 0.008608 -0.010947
1982244.182370 739.194225 213.960096 0.007925 -0.004712
432350.935616 284.143403 257.772005 0.011963 -0.019782
930735.730068 652.711008 596.893856 0.007299 0.005502
600671.720971 501.500388 227.497975 -0.010142 -0.015436
1270601.892504 464.244434 169.736118 0.019696 0.012531
938976.299455 626.096562 304.952350 -0.001557 -0.000157
1474031.937064 361.458707 251.414612 -0.016261 -0.013938
1605130.416157 247.608793 302.388281 -0.010676 -0.015572
1023340.410098 559.405063 555.202821 0.000256 -0.004742
1128556.229700 645.995462 4.893187 0.017714 -0.017926
248420.950141 463.843876 377.937222 -0.004164 0.002496
884577.235619 701.341107 213.088783 0.017989 -0.006657
1704879.713107 549.590998 474.651113 -0.009085 0.011135
1882055.445519 60.064901 54.679702 -0.002201 -0.007583
404206.608610 765.643686 4.927042 -0.014908 -0.001409
780987.060993 553.491262 162.514864 -0.004101 0.005535
642018.800900 420.437210 131.046293 0.018041 0.017208
1579863.075903 313.642371 483.248235 -0.014257 -0.006319
286431.929230 799.353043 18.185524 0.017334 -0.009091
1625355.291937 700.327126 207.208968 0.016184 -0.007088
1310099.705732 85.587534 166.689147 0.006613 -0.010562
1485499.756171 42.104969 555.825058 -0.019430 -0.001826
1126826.147142 267.892119 586.627634 0.011206 -0.008662
1817754.082297 456.668689 407.114079 0.008594 0.008665
42605.713030 685.531410 428.996421 -0.017379 0.011446
1969490.396776 691.709216 400.009450 -0.006744 0.010789
1972945.507603 788.119425 525.961144 -0.009434 0.005961
221002.463354 5.406367 420.825951 -0.018471 -0.019153
314139.836614 479.609988 212.891965 -0.014574 -0.004781
1280098.799281 35.145643 571.180557 -0.007231 0.010294
1334025.561499 271.064993 370.139440 -0.004797 -0.004310
817314.073824 291.742654 154.361943 -0.016970 0.007883
52254.755074 49.538189 408.977323 0.016124 -0.006909
662711.798522 9.223935 199.493580 -0.018593 -0.017988
710212.109941 153.581119 389.765449 0.008414 -0.006920
61999.699130 281.295240 223.158566 0.019329 0.006783
261157.692532 519.786163 3.451308 0.009906 -0.018743
797766.605764 125.522289 236.979906 0.006236 -0.010783
184709.901076 545.849995 175.258407 0.010999 0.003281
1235796.007903 85.672597 357.192701 0.018133 -0.014409
1292608.929469 245.207265 198.052472 -0.008129 -0.019342
1317389.029692 261.041143 220.258361 -0.018774 -0.007595
71927.786838 127.566519 576.047818 -0.018263 0.016268
1977614.946653 353.523155 38.164714 -0.004687 -0.016026
591803.305127 381.819359 467.066030 0.003542 -0.009940
726241.200569 165.433428 213.832094 0.018405 -0.013689
995710.504705 485.454116 279.565480 0.013130 0.016104
963862.695249 391.346229 138.027546 0.013999 0.000716
1079147.418532 708.513373 408.258949 0.000069 0.017233
1174876.041326 389.967685 223.458646 0.006102 0.014862
937689.950195 758.137928 209.358272 -0.010108 0.001351
1200871.358253 489.943466 445.133834 0.018290 0.002817
1798372.363578 364.397803 105.703497 -0.005469 -0.008545
158766.744732 676.160514 464.637789 -0.007508 0.007892
584123.108808 680.116979 348.290150 0.018802 -0.006104
1019930.488905 447.550922 499.970500 0.015235 -0.011571
1412068.961846 279.064948 95.721800 -0.017833 0.003998
1390465.348675 524.095559 125.852897 -0.002538 0.004575
1560588.704217 269.790719 41.882773 0.018295 0.008047
709118.110458 28.504723 326.983566 -0.014803 -0.006351
481739.437432 336.934578 116.711858 0.012798 -0.004327
1084185.081108 265.218424 569.311607 -0.004955 -0.011514
321427.933090 65.538840 337.026075 -0.007647 -0.014282
322096.383349 11.851978 475.416951 -0.005122 -0.001936
811598.476400 120.515977 472.052210 -0.000987 -0.015695
975828.599639 662.626601 87.631557 -0.018663 0.018344
980873.326296 219.812592 226.038867 0.007431 -0.016136
1538962.265262 182.386921 257.016478 0.008865 0.004175
1281944.833362 703.419982 411.092178 -0.011715 -0.012089
1646853.441208 292.205794 129.534573 0.004648 0.009433
1334224.681991 17.311167 531.642636 -0.001742 -0.000146
1987979.200663 753.755441 196.668818 -0.014443 0.019171
567825.405192 503.467611 150.120227 0.006648 -0.007339
693992.653253 345.771302 324.278749 0.011219 -0.014031
290886.182473 333.458681 18.755911 0.013265 0.004846
461579.700216 523.930105 590.436632 -0.002186 -0.009222
1440439.939238 90.609713 175.793541 0.004292 0.002716
1578856.275221 479.446467 307.275521 -0.015373 0.009473
975708.803616 320.081404 219.713277 0.009551 -0.017496
1363849.989774 67.979248 296.549131 -0.011050 0.014439
1287670.666020 295.580382 165.380795 0.006995 -0.011986
1793086.186886 725.160166 513.118622 0.015254 -0.005937
253419.465503 481.128106 278.005882 -0.003004 -0.011626
65064.939701 167.205663 484.562911 0.001755 -0.007021
1093948.624606 26.211749 434.931469 0.016648 0.010809
1570950.974510 476.810408 514.299066 -0.008972 0.012909
1433502.711092 738.870276 113.718958 0.019634 0.003972
779698.448619 711.438344 302.048356 -0.010250 0.010929
1707668.152502 297.437696 224.368706 -0.007309 0.011722
1161722.038482 280.338160 1.184675 -0.004378 0.015825
650195.260835 747.909913 556.469612 -0.017953 0.014023
1393276.303724 667.736897 267.576265 0.002118 -0.015475
534900.189626 215.477533 20.728177 -0.001720 -0.009442
1264731.390059 676.448112 90.855712 -0.014611 -0.016288
1848317.172308 790.530282 278.191910 -0.008165 -0.007746
512088.236637 701.875873 394.061265 -0.009761 -0.009252
1104225.446984 465.369615 122.112812 -0.000852 0.005253
107543.810321 140.002813 279.685925 -0.000017 0.009163
1156781.673039 615.035473 597.735267 0.004527 -0.011051
520065.349769 196.711384 42.743953 -0.003454 -0.004741
327390.441823 269.868537 222.062534 0.005079 0.005382
1353004.063178 706.906561 306.514214 -0.006486 -0.014422
1558240.596931 709.929156 433.214343 0.019296 -0.005486
706633.334377 29.426974 323.807542 0.012782 0.001698
534505.464385 317.173025 182.312758 -0.009455 -0.019526
1061346.780072 419.774094 155.056126 0.004206 0.017638
1275778.349152 611.801872 164.368835 -0.019716 -0.004281
1816858.008419 547.066686 165.857637 -0.003171 -0.019297
837596.447597 158.971365 541.911408 -0.014427 -0.012826
537634.699856 396.314769 130.295571 0.012319 -0.007434
1509630.032587 59.431498 425.523771 -0.006373 -0.030858
1442342.147903 473.790761 518.059851 0.019204 -0.012390
1603574.954720 491.922652 575.860578 -0.016927 0.004959
706735.606634 787.890440 184.341622 0.005198 -0.003777
651319.147391 39.641087 362.173889 -0.010768 -0.012393
1573016.600485 397.983644 411.286524 -0.019965 -0.007653
1998835.487291 607.724310 230.291105 0.008372 0.012762
1445522.677826 344.933186 246.094749 0.003475 -0.003646
1207599.107738 311.356662 14.949033 0.002537 -0.001307
1297106.122271 734.140808 269.894639 0.018110 0.001902
1709409.523620 225.334703 358.942150 -0.001612 0.000447
1579454.636005 196.664390 5.765908 -0.000953 -0.009956
635151.660366 380.633848 4.944165 0.008029 -0.012565
1657542.871152 337.918912 368.592961 -0.010398 -0.019609
50074.195513 673.510243 239.415720 -0.017988 -0.003727
1728956.987955 558.514680 193.931721 -0.007470 0.006064
1741304.677791 135.011244 562.163476 -0.001270 0.005040
896425.988943 206.777866 524.951336 -0.001632 0.009336
248631.410417 620.248402 125.782135 -0.014698 -0.000946
789536.960791 768.917643 539.160675 -0.019613 -0.011930
1819863.026878 28.249869 25.961127 -0.007613 -0.016539
901731.744829 139.565109 470.668766 0.010951 -0.000461
878442.611954 515.116938 393.250368 -0.004977 -0.015507
569936.175165 658.452386 222.540306 -0.013657 -0.008683
212161.644461 226.345912 35.150605 -0.007360 -0.003230
1070836.321949 568.319287 228.114637 -0.002633 0.008849
1162154.364009 276.233646 454.593848 0.005046 0.006160
1685995.778854 61.575164 497.519016 0.005648 0.014000
631794.399876 54.335111 296.523880 0.018934 -0.002271
