120102.793966 630.494093 121.694421 -0.006086 -0.005541
269277.329682 300.291637 155.994459 -0.018260 0.015160
1260731.205931 302.062577 191.758226 0.013082 -0.002971
973263.179405 632.781874 573.005380 0.008518 -0.005929
1683880.506867 289.458226 229.467392 -0.016837 -0.013039
1760997.696668 175.239523 580.713754 0.011715 -0.019832
354965.669268 682.038811 474.776129 -0.004786 -0.012006
306862.422408 412.059576 346.405469 -0.003484 0.002364
913598.742761 34.788206 562.383357 0.011115 0.014843
723511.401901 210.334055 397.507527 -0.007312 0.019065
27418.055584 127.063675 203.300221 -0.004128 -0.010475
1026719.971107 221.763916 273.213459 -0.000716 -0.017201
919235.655535 527.396380 553.067388 -0.009943 -0.018407
247720.705461 324.109680 333.525163 0.008054 0.012687
229642.751734 125.843113 516.903451 -0.017953 0.017247
1463437.116455 330.469743 118.794485 -0.004257 0.009188
349002.480669 325.698760 533.848309 0.000939 0.011725
253345.397419 21.813502 48.644131 0.003302 0.000366
301882.374241 33.472795 101.075801 -0.017043 -0.008247
417897.793659 158.193340 419.651099 0.010567 0.015939
1032678.423930 703.138322 34.288691 -0.004920 0.017240
1981626.739717 86.709301 206.277026 -0.012524 0.000316
148080.320166 290.810136 545.971893 0.018532 0.015052
1426235.401736 72.258122 542.495607 0.011787 0.006905
826207.458426 756.179451 428.565694 0.003259 -0.019251
17939.873048 632.920320 129.682641 0.008282 0.002226
229060.592236 178.872743 260.641237 -0.013061 0.003952
729567.630556 129.606623 425.784394 0.008394 -0.006040
424191.899795 625.687382 428.077286 -0.015137 0.009778
1179453.697605 667.594650 501.618237 -0.000305 0.005139
1017047.714916 725.055625 344.264204 -0.011060 -0.000459
1184883.571782 186.421532 168.159620 0.012319 0.017649
1669257.284919 738.164387 98.163729 -0.009283 -0.016568
1530870.404807 506.883843 153.229535 -0.001038 -0.006349
1211583.405366 549.757890 75.218176 -0.007252 0.012377
1741377.547263 727.057382 385.892145 0.008279 -0.003840
544004.606336 172.379273 185.224097 0.013853 -0.002453
1594854.852927 350.142514 402.502444 -0.016923 -0.010140
1223177.906695 729.526933 101.498311 0.010981 -0.012980
527324.168257 433.103048 487.910581 0.000768 -0.019345
312490.830343 99.853444 422.416372 -0.009315 -0.002523
1025907.483430 121.038290 211.870427 -0.013738 0.014343
1509229.653286 342.159448 43.714885 -0.017724 -0.009247
1023852.793045 688.350484 427.852154 -0.012673 0.017502
1918069.081343 635.447153 509.665189 -0.014829 0.002812
59433.087734 314.306302 67.678506 0.013726 0.016466
257531.464220 800.351363 21.888679 0.013290 -0.008778
961609.428265 277.034051 259.691265 0.013357 0.000070
582120.371322 470.180044 558.405903 -0.005430 0.006019
408974.288222 701.440396 306.848395 0.016759 -0.017647
899929.745542 700.456715 512.030344 -0.008030 -0.019833
849952.291162 263.238652 237.872399 0.001498 -0.013091
617567.269419 532.487093 103.650069 -0.006174 -0.000032
907629.657959 661.574437 506.905537 0.015483 0.006348
693382.430213 141.916437 148.634803 -0.008910 0.001679
1797970.130014 385.177128 250.847800 -0.003535 -0.004078
955435.349120 688.735578 164.176901 -0.006715 -0.013575
557659.864685 605.747644 293.435772 0.007023 -0.008247
1324351.926951 788.070036 575.707607 0.013366 -0.006808
917046.023028 230.785816 93.708561 -0.007872 -0.012936
1632997.046985 519.358854 212.290248 -0.017471 0.017106
1790149.784549 770.310298 244.947145 -0.007427 -0.004983
1613713.184192 632.397671 140.872704 -0.016782 -0.015070
791753.703166 288.338718 527.496299 0.015412 -0.018582
347958.385175 437.593105 12.128101 -0.014653 -0.004650
701432.257286 473.859864 403.106646 0.000313 0.015825
1693039.169392 258.855641 326.986681 -0.012026 -0.004479
944105.254926 76.129991 210.652868 0.015297 -0.003683
1451122.988691 550.387988 119.710631 0.018427 0.010759
644142.737912 285.197657 76.750708 -0.011902 -0.010304
328294.663843 300.494412 473.810887 -0.012319 0.000412
344141.964030 428.589702 60.798002 0.013716 -0.018293
1995072.262359 551.834845 220.443622 0.001698 0.015578
1509670.835691 11.394502 590.804922 -0.015738 0.015795
783939.521193 665.413365 349.904741 0.003572 0.011724
702233.533702 730.446147 89.325821 -0.000817 -0.015274
783487.379916 514.572449 295.046628 -0.012713 0.013090
1976.599918 282.365478 217.771498 -0.015861 -0.012101
812477.567611 80.817985 532.014239 0.010926 0.005775
1551513.418346 422.509465 395.023744 0.010381 0.005361
1106838.468046 120.978594 279.573021 -0.014532 0.009718
516376.429478 389.656298 393.975916 -0.003790 0.018696
1541877.001311 639.335858 366.700794 -0.009512 0.019232
877046.727052 210.794263 200.484617 0.012090 -0.005350
1062152.807164 166.512021 280.637471 -0.003292 0.019289
220503.739184 154.900176 305.879534 0.010759 0.018112
285758.867062 257.560337 62.777867 0.004298 -0.001893
1694852.848395 693.279827 566.806686 0.000203 -0.009152
1823523.613542 219.357680 44.330367 0.000907 0.001465
109429.840049 768.366301 479.897030 -0.004451 0.010494
331166.874772 736.274955 582.346234 0.005303 -0.006526
1904142.131984 594.130264 318.582321 -0.001574 0.000439
967910.745632 483.254200 499.441993 0.003530 -0.011505
581591.096978 348.592012 47.834973 -0.010622 0.017522
706572.319710 118.030914 128.272473 -0.002973 0.006838
1499518.371885 385.508611 378.586277 0.001968 0.014853
785875.055374 571.622038 474.486846 -0.005459 -0.006112
257524.722376 252.867858 54.225294 0.006435 0.011152
1201976.699383 114.865275 228.782644 -0.002629 0.009284
1186503.038363 579.937448 101.541259 0.006848 0.018405
215485.423904 20.202015 64.872679 -0.007131 -0.001903
1555844.913030 56.693717 560.776162 -0.003687 0.004796
1610655.802121 641.047806 200.538215 0.003844 -0.013396
1363983.919548 580.424825 288.392252 0.010877 -0.004604
515601.680854 298.439358 317.456645 0.005553 0.012258
521772.659627 185.482961 319.303033 -0.002820 0.016138
984056.433190 429.742948 558.155924 0.003656 0.013869
764465.851134 302.330492 557.865481 -0.007326 0.011445
1098768.237559 97.979317 352.781848 0.014815 0.008807
1505133.839094 452.675027 265.962027 -0.010715 -0.006501
1656881.889169 392.828983 426.172249 -0.005668 -0.014814
1035409.796534 493.827638 216.641128 -0.018016 -0.018107
532033.862794 432.631778 350.166123 -0.012176 -0.014339
885049.308131 462.175085 312.166203 -0.005114 0.015772
611963.250959 737.359885 10.230799 0.015716 0.012220
1469794.933437 516.568239 223.355353 -0.012593 0.015481
1419313.830053 5.431958 222.323820 -0.003155 -0.005439
1001399.715897 751.025216 589.577450 0.014489 0.019464
57920.523946 102.987351 317.009247 0.004550 -0.007025
1340168.589419 44.253871 541.199815 -0.012393 -0.002903
1593328.125585 396.849310 209.104172 0.012538 -0.004441
308175.125303 438.485509 21.446072 0.000962 0.009101
1829796.170737 188.034606 440.218481 -0.008570 0.006237
194622.977727 628.656687 356.693307 -0.016828 0.005965
1163384.351490 86.022740 466.754549 -0.015427 0.009083
203536.384834 623.823015 466.680884 -0.019844 0.018801
408990.508136 640.506490 279.569883 0.002302 0.004610
1709918.606891 566.242543 96.804131 0.015697 -0.010642
1776676.395804 644.288463 280.535959 0.004817 -0.016382
248411.979642 575.488961 526.669052 0.008744 0.011925
1052401.075630 239.891646 543.622673 -0.007841 -0.003552
1254879.329007 324.297603 114.450652 -0.003767 -0.003589
322021.593490 487.242594 125.603319 0.003481 -0.014427
1647379.426121 385.888171 521.498831 0.019420 -0.005115
204691.412954 699.145188 106.327661 0.002804 -0.000172
536197.156895 555.491524 128.710794 -0.014194 -0.003471
25648.950611 537.686558 428.536393 0.016697 0.018968
247729.502734 436.971385 228.946292 -0.007403 0.018033
1580350.309415 380.099341 335.446184 -0.020003 -0.015900
1443766.372951 659.151372 350.884791 0.003670 0.012383
1912564.341869 554.507393 409.644463 -0.014668 -0.009430
357511.299829 321.166781 575.497916 -0.004365 0.001855
744693.135258 324.562615 130.921059 -0.016556 -0.007008
387589.365424 167.759850 523.063566 0.002985 0.000961
1645202.005117 291.676713 -0.045645 -0.004711 -0.005378
205411.871060 83.608061 113.426061 0.007497 0.007835
1996032.971887 514.794816 233.779731 0.007452 0.010607
1306804.762830 688.062144 106.751397 0.004501 -0.009860
1450619.077985 788.333344 395.309403 0.017730 -0.017180
1969754.747101 110.460428 168.327512 0.013736 0.008612
1609086.544071 543.689203 45.701778 0.012191 -0.017522
883645.576836 726.070607 99.608670 0.005509 0.003687
1722771.757153 502.565967 142.376503 -0.009973 -0.007576
28763.775727 722.832337 101.799601 -0.012087 0.000551
845989.907554 733.994093 301.136499 -0.016728 0.014436
1143645.596292 54.355866 600.136615 0.014086 0.016939
1423342.375748 525.531681 361.935541 0.011507 -0.001564
1329764.171191 184.699606 221.571683 0.013240 0.014444
1926056.274178 553.377199 294.165773 -0.011992 0.017717
1598411.507718 172.527719 507.863838 0.018765 -0.003695
726058.746095 313.857561 195.465199 0.014559 -0.001022
375371.614646 348.554935 324.926990 -0.012591 -0.008568
932014.105344 718.614490 566.974110 -0.017175 0.007241
811741.037672 587.637575 550.801664 0.010982 0.002621
1557690.799962 589.793122 154.683797 -0.009264 0.017515
399385.155365 53.556897 91.455702 -0.018139 -0.018552
1122038.441301 327.869198 256.698872 0.015482 -0.009092
1805346.826001 59.606997 425.606100 0.001741 -0.006718
1995636.369100 728.949330 96.826846 0.017698 0.019340
1695958.700821 278.938255 428.052699 0.010643 -0.015089
558004.577904 435.808267 516.564331 0.001453 0.012511
1597187.265566 589.061111 528.658060 0.018081 0.011278
1833981.536251 410.121922 114.702869 -0.006184 -0.003998
929917.220459 197.970654 284.735945 -0.013134 0.007614
1471826.909795 138.416628 361.447150 0.015865 -0.015403
1165988.196230 595.321599 277.971403 -0.008158 0.000417
1172216.120722 460.809286 32.590147 -0.002176 -0.015492
1736107.381869 196.335412 508.387125 0.009949 -0.012154
1259741.624473 532.855003 425.353247 0.012849 -0.019572
218963.730251 229.030737 155.215390 0.003358 -0.001593
1902503.935575 255.751560 379.710551 0.002179 -0.011345
1496596.111682 109.564371 576.218540 -0.011550 -0.002647
941537.357374 638.166443 6.030140 0.001056 -0.010206
245239.558744 315.556421 293.177859 0.018817 -0.014293
1372376.816986 480.160035 484.788860 -0.004170 -0.003136
1637971.852737 403.916243 424.206337 -0.016975 -0.016380
337179.376901 23.520004 245.354492 0.012116 0.003343
1249672.392965 440.281455 432.685106 0.003391 0.010455
310196.676436 44.514426 335.773803 -0.013366 0.003288
1607296.809371 230.356486 585.150768 -0.008252 -0.009687
236307.595035 783.728812 515.282401 0.017042 -0.004976
561161.337682 596.723759 528.657529 0.019478 0.012916
1939371.158341 125.395095 511.690121 -0.004857 0.018360
870700.636353 2.275155 305.544928 -0.013736 0.003548
541779.813609 249.253304 386.796175 0.013245 -0.000901
453110.709066 506.897948 459.420233 -0.011922 0.017069
47266.968548 256.714458 543.344874 0.015298 -0.010169
562186.379247 130.232348 594.782811 -0.013531 -0.013964
1629854.769274 105.220698 185.084848 0.006683 0.000386
534606.907766 82.120593 307.583858 0.011060 -0.009665
203362.833803 38.083285 342.067469 0.009832 0.015176
92345.910190 778.679063 306.654144 0.012429 -0.012993
877177.283576 667.638666 297.564466 -0.006209 0.008686
1484435.888699 500.811254 528.693648 0.009363 0.011487
64404.659935 439.084070 550.875845 -0.006338 -0.011411
856791.879449 486.837836 190.848618 0.017646 -0.004620
1153201.109335 34.139498 259.285475 -0.014204 0.011633
618554.387530 154.114310 456.951910 0.012843 -0.019877
1875266.974734 207.552340 502.965728 -0.002692 0.004173
1111007.126566 140.259607 138.340579 -0.002548 0.016407
34336.430968 375.154403 275.364868 0.017468 0.005208
1349224.196444 291.875719 249.981341 0.019703 -0.007779
1602661.077679 455.315677 209.506508 -0.010660 0.008581
276647.354605 434.217236 544.511183 0.016230 -0.005518
1822198.850020 670.999642 373.383097 0.009951 -0.009126
453696.245539 243.710726 268.467434 -0.001708 0.009674
713133.517985 379.422312 125.426526 0.012604 -0.003606
36437.158490 391.761492 464.292704 -0.002793 -0.000625
159010.190591 189.146424 31.279235 -0.002854 -0.001207
1535456.720523 453.487197 7.002118 0.007011 -0.001269
749811.288319 469.797242 183.326719 0.019870 -0.006543
1154889.427663 179.066144 384.476944 -0.019006 0.007226
762647.938338 304.920986 92.687705 0.003624 -0.012142
1129345.827331 486.825290 411.117432 -0.006503 -0.018289
337378.635228 334.127200 168.649148 -0.011169 0.013860
1499918.929068 791.158676 247.949455 0.010396 0.006611
1760744.261444 108.941473 150.021261 -0.012552 -0.014656
1172923.453698 610.631086 215.505443 -0.010944 0.011538
79642.974809 486.286206 101.169240 -0.012203 -0.012038
730713.756164 607.132836 484.095423 -0.017945 -0.016078
1702955.846536 175.648694 309.574061 -0.014701 -0.002377
724785.897287 705.818296 257.867584 0.011038 0.005758
187236.443249 524.414099 468.473806 -0.006229 0.013672
1828784.213322 744.366186 362.989336 -0.009274 -0.013408
787390.226865 250.370817 459.583662 0.002491 0.000263
1929498.061505 742.844673 160.844270 0.010718 0.019209
730520.102536 499.412826 120.036031 0.015227 0.010455
1281053.293162 194.516307 382.061980 -0.017201 -0.019246
562426.321470 130.472511 404.881673 -0.017518 0.000285
1033437.869061 780.233572 262.972519 -0.015116 -0.010074
1192859.900739 412.649590 336.593437 -0.005501 -0.016837
138898.690296 261.538642 3.796813 -0.006518 -0.016002
1973181.982512 561.216941 433.998903 -0.012561 0.003323
957790.512106 660.971704 496.603284 -0.015330 0.015870
1692076.045876 318.203646 36.223656 0.000831 -0.001629
1136829.509929 29.517042 260.590861 -0.019594 -0.013623
1367539.427880 482.591326 405.997105 -0.010182 0.018660
1509350.044424 252.237187 176.024058 0.010425 0.006097
785056.476847 598.233481 212.598396 -0.015368 0.017390
1873643.585422 475.965802 456.953778 0.010548 0.008436
1315983.134935 488.097373 64.919049 0.008779 -0.014737
1135951.929323 228.954913 100.705347 -0.019864 -0.008253
656102.584980 548.806305 539.001184 -0.019843 0.017282
1727078.126616 606.488890 148.291765 -0.013748 0.000829
1797488.349396 439.076052 161.319725 -0.009892 0.006602
406141.346510 151.795389 156.175779 0.018574 0.018121
1941231.998588 497.378605 337.484797 -0.016817 -0.006380
1386830.762674 518.335658 376.699183 0.014461 0.006004
1843128.023596 152.076090 201.875814 0.012779 -0.012245
538331.757550 546.158137 571.636194 0.000655 0.013548
944807.663069 332.273705 233.271631 0.009439 0.006603
106756.882792 755.041093 514.311229 -0.007529 0.016343
1618777.323337 226.655497 318.227521 -0.005098 -0.005322
1742666.514471 52.446839 6.689177 -0.000038 0.017104
1321460.731012 336.898068 69.836916 0.019896 -0.010399
620834.287545 213.265900 553.665852 -0.009480 0.011306
1523195.320518 587.589357 118.898163 -0.014009 -0.000949
1731081.362688 163.010476 252.004512 0.008902 0.000659
656632.629529 425.495215 480.324708 0.014355 0.016129
325566.043298 583.867543 581.172253 -0.013077 -0.010850
1792559.657149 666.610909 390.129486 -0.019486 0.013237
1778465.217808 259.169703 59.212747 0.012406 0.003505
1763427.173609 458.033474 192.870544 -0.017435 0.009479
1593951.392730 756.068533 556.176783 -0.011313 0.006642
886016.743670 435.943377 119.214557 -0.010355 -0.003819
204796.643092 324.042925 80.764646 -0.017156 0.003040
727276.621725 773.704588 248.131959 -0.019586 0.019154
488690.041233 721.835684 182.903338 -0.006273 0.008563
1781116.410057 179.369903 172.064880 -0.011494 -0.007823
20635.784613 7.327300 149.693142 0.017494 -0.010973
1834876.302553 303.588686 462.613666 -0.015337 0.004936
350019.654422 174.755308 16.849366 -0.007615 -0.008384
1214501.650638 537.987318 154.979497 -0.019202 0.007482
477760.385944 211.488135 353.448127 0.001755 0.004280
605806.972182 347.214995 499.219033 0.003597 0.005802
272576.070518 480.152378 392.490995 -0.004561 0.001512
1759240.741729 243.118029 550.306318 0.005997 -0.003253
1080301.612187 660.421647 382.829306 0.002775 -0.014596
1857771.559552 140.352048 484.499500 -0.012494 -0.012179
988850.145130 340.147486 276.564684 -0.016670 0.018756
134591.829094 309.398555 242.290033 0.015983 0.019033
96963.198901 28.503534 345.867504 0.008229 -0.003141
227820.812831 465.253589 434.908156 -0.018759 -0.010706
290631.014058 457.406257 34.447557 0.011442 -0.014464
385931.693197 569.786484 189.925764 -0.020002 0.015994
1023297.854244 396.840624 195.375497 0.018845 0.003223
589125.026292 31.456410 579.441050 0.007934 0.017477
1882412.602139 596.835429 584.038809 0.000695 -0.002083
790218.714061 504.958964 18.637999 -0.015185 0.006541
526777.357108 212.406256 140.110582 -0.007122 -0.017995
748590.766801 411.724006 457.603729 0.007596 0.000601
1324791.236466 161.942056 6.154182 0.019522 -0.013042
1179151.767483 226.012602 128.070260 0.002191 0.019218
301466.356172 396.198964 435.087005 -0.014999 -0.019490
349183.755158 415.153790 387.290370 -0.011771 0.005612
616335.581344 375.049908 543.608907 0.001714 0.011566
1910511.639859 733.650314 182.871578 0.008703 0.004280
1640005.631205 304.588609 485.073729 0.013266 -0.005317
1964468.728734 336.006111 390.875804 -0.012195 0.018996
1261209.360911 276.304743 282.385771 -0.005743 -0.001183
968463.258337 424.568093 593.725134 -0.014824 0.009437
1257770.379660 350.144557 123.702888 0.001306 0.019245
1991034.577596 391.504200 537.824428 -0.008002 -0.011723
1007596.648767 95.904634 353.182554 -0.006879 0.017943
1912045.142572 235.890842 222.807373 0.004267 -0.000414
692628.538559 190.091902 501.168356 0.009791 0.003402
609848.141023 240.775422 74.961518 -0.008227 -0.002769
1723251.459991 737.888852 520.962668 -0.017341 -0.001709
1696924.347289 50.233141 568.034786 0.009825 -0.005548
309029.791648 199.576827 289.683186 0.009654 0.002375
867302.640745 559.027966 513.610327 0.012185 -0.007814
691843.061099 120.725065 325.859928 -0.012828 0.018667
272265.500516 388.528397 162.045109 -0.009548 0.011204
1400582.436193 98.328068 421.448346 0.002912 -0.012345
320566.674844 333.264136 150.982174 -0.015710 -0.013504
1229627.376064 208.987576 246.437065 -0.016064 -0.019848
1946485.269790 424.984518 421.284061 -0.004463 0.006353
15066.369444 140.473411 292.353043 0.002004 -0.005752
911695.870064 548.991699 506.005843 0.009035 0.017878
1245159.992597 340.395367 42.495976 -0.006649 0.020068
519428.529087 388.670257 246.974379 0.000400 0.003814
1147820.552414 101.922244 512.612709 0.019418 -0.011044
1717933.562453 767.070546 453.566333 0.002482 0.011482
183230.377819 455.289459 577.927833 0.003166 -0.015281
640928.558372 27.620763 483.128508 -0.013462 0.010337
1503776.668340 628.819355 111.261111 0.012854 -0.015538
360957.489517 65.338346 358.275927 0.003695 0.003725
380073.533570 132.195468 431.785232 -0.018219 -0.013996
1889061.825298 723.287645 66.033911 0.008008 -0.001358
1796955.322752 633.649402 20.458681 0.014487 -0.005170
306282.549308 146.747640 243.243173 0.018345 -0.006181
332156.324914 567.672274 78.901275 -0.005923 0.001299
485168.456326 426.496684 367.507848 0.013222 -0.014935
413343.113108 24.118458 173.826276 0.017093 -0.017013
883643.182406 697.223474 587.058660 0.002075 0.002825
887249.075289 360.309519 217.608413 -0.000896 -0.007458
1467432.667253 504.491772 297.459275 -0.014414 0.003560
1682910.725327 244.878702 179.432285 0.018952 0.006313
1660796.624450 172.328610 113.738538 -0.002242 -0.017780
629926.086697 520.306291 50.850447 0.004199 0.003102
318150.466456 37.419065 269.285097 -0.014039 0.003938
40123.955365 464.680184 29.294571 -0.004715 -0.017561
724761.667999 93.809892 413.770050 0.014323 -0.009785
558074.092752 559.638052 337.175040 0.003110 0.006882
438651.350531 326.468504 533.074546 -0.003969 0.014366
1885724.248311 579.209853 301.035866 -0.018901 -0.006816
158400.153815 149.271005 226.198459 0.001132 -0.007005
1952982.963972 437.815355 543.419412 -0.018953 0.017262
1927788.328346 310.941638 28.386289 0.006185 -0.010108
607879.136041 746.770107 567.555799 0.014627 0.000452
1236504.919471 67.942411 551.395176 0.000251 -0.000250
1541570.438790 358.915551 131.513951 -0.009108 -0.000959
1098586.873663 282.061035 398.186016 0.017058 0.015188
1973812.054831 722.888321 257.101689 0.015661 0.017325
717421.361579 684.491796 190.604568 -0.003735 0.000392
1128238.588166 568.336415 265.675991 0.000399 0.003050
1906900.824936 103.017235 396.695187 0.014906 0.005388
311031.282093 514.458093 50.425037 -0.004982 0.016665
1119457.958787 738.942517 161.207794 -0.010857 0.014001
295815.608602 167.766618 451.818051 0.003013 -0.015965
1365835.790227 746.959797 574.145552 -0.019988 -0.006411
933742.419320 452.189188 30.291711 0.016402 -0.016979
1254474.420685 690.160240 122.048554 -0.008477 0.009412
1674721.783807 355.384583 227.539791 0.016825 0.012739
589441.845468 384.384566 445.692421 0.002544 0.008114
1186208.380939 568.390125 547.398558 -0.006133 -0.008545
28320.921598 24.303748 131.923645 0.018868 -0.018782
1123059.363627 350.696364 356.854227 0.004423 -0.006064
1339490.994503 192.396746 126.470239 0.014916 0.001148
1892333.765464 567.897327 583.240545 -0.007131 0.005305
1580513.963280 495.681240 66.366486 0.001265 -0.012680
1628540.167412 100.899248 535.790086 0.009077 -0.001108
358744.990248 592.804589 301.675329 -0.004023 0.008494
1065496.480589 768.888371 90.505952 -0.014915 0.002952
996930.964755 638.236520 488.803143 0.008371 0.006813
685065.261407 524.094380 228.729060 -0.007568 0.019169
22284.613001 83.302999 359.998890 -0.014906 0.005208
1564209.169505 749.451504 458.074171 0.006983 0.006547
471659.941818 683.859425 242.560047 0.009527 -0.009800
234378.384535 216.551305 129.604828 -0.009250 -0.004029
1581110.075852 613.204792 117.747019 0.004193 -0.000961
1733102.233956 757.699224 78.307470 -0.010139 -0.009509
222272.466972 206.673137 219.744735 0.008447 -0.004774
7593.072023 394.685998 189.824697 0.010706 -0.013194
1961038.188991 2.114541 13.845009 -0.004577 0.009654
554464.627316 401.919127 7.509287 -0.000263 0.010844
821613.773155 227.289686 322.417644 0.004085 0.015572
24485.756655 378.539008 502.048876 -0.014267 0.008814
196372.594776 203.411568 587.668577 -0.001420 0.018566
718005.964867 374.933703 274.654539 0.007036 -0.010257
1252709.545778 525.341787 142.431726 0.005951 -0.018321
1958473.456073 741.509057 326.378635 0.019633 -0.003220
628831.249023 322.036919 421.657588 0.014049 -0.019639
1185057.482303 690.592542 289.171024 -0.002863 -0.019724
406775.272641 421.321310 157.011468 -0.012833 0.019515
452064.211691 433.009624 275.788573 0.007356 -0.011343
1391094.198167 248.939045 524.561767 0.017270 0.018337
1830316.959801 730.339532 531.932835 -0.001630 0.016145
610994.441719 618.424465 183.932702 -0.019653 0.004987
631021.334152 481.638542 292.369685 0.011866 -0.018636
989235.750860 1.646932 334.235302 0.010242 -0.012653
1098658.789461 784.657658 435.027955 -0.019647 0.006629
1883467.686308 564.354284 585.937218 0.012726 0.005455
1871849.530317 584.622308 330.717525 0.012870 -0.012432
911993.535660 102.089605 577.593043 0.010544 -0.014577
1176139.691461 61.825093 443.224720 -0.016939 0.015029
1537174.407177 456.452469 526.553146 -0.006943 -0.006937
123261.179832 700.731992 185.027802 0.011609 0.015120
1946848.674653 582.970917 354.066145 0.017984 0.001718
457599.283409 708.831542 164.418255 0.011215 0.008296
926562.791190 189.187148 501.355238 -0.000730 0.020257
1942178.605097 11.940470 45.594960 0.008388 -0.016364
1905775.863633 382.527382 397.294566 0.013258 0.012158
1975712.466974 713.713124 407.864553 -0.008266 0.007163
1128937.655654 214.823175 243.852702 -0.013869 -0.011227
1900458.380534 306.349670 62.283685 -0.011056 -0.013431
1623668.112617 549.895055 239.822768 0.005852 -0.015462
798515.523224 494.072568 76.857879 -0.000971 -0.006936
438456.544857 343.489362 482.430529 0.015157 -0.009732
1216805.763178 694.740098 90.878018 -0.008492 -0.013408
1661706.700764 681.586623 259.431365 -0.010493 -0.019716
1303971.794110 150.671068 233.988342 0.010269 -0.003519
1107963.914568 455.055939 59.139020 0.018171 -0.011405
425643.800956 282.725845 499.778171 -0.006917 0.013531
318262.858465 448.852844 155.012220 0.018558 -0.002301
1036196.117772 457.790012 186.387494 0.006826 0.014528
948553.069005 401.237552 427.573621 0.016368 0.009439
1438074.149861 447.200652 555.869025 -0.015627 -0.007502
677338.477540 530.457942 530.597148 -0.002497 0.004696
197747.041563 520.903645 583.209890 0.017230 0.019658
1601492.672973 71.837157 330.869668 -0.017638 -0.017821
1987075.958395 461.632879 375.333686 -0.007835 -0.010070
971748.938305 621.938462 449.272379 -0.012076 0.007408
974474.447302 733.601160 146.422281 -0.003447 -0.018925
1121549.802423 602.087746 413.338137 -0.002206 -0.012391
613932.794246 434.781137 504.561046 -0.008862 -0.001007
1665525.531241 62.968792 338.855154 -0.004525 -0.014515
1238773.710671 302.559812 429.411891 -0.010182 0.007290
1925637.924078 585.233499 276.397830 0.008453 0.017194
290519.337305 158.697255 507.992586 -0.004376 0.004496
1745488.432117 760.790995 219.016977 0.002461 -0.004192
1111265.337612 695.212462 563.372441 -0.004223 -0.013955
829182.160473 184.008165 135.799911 0.019222 0.004578
728391.627189 479.055081 596.109843 -0.016860 0.013707
1349985.243450 33.518256 345.884272 -0.014542 0.010160
1010733.056353 223.969240 571.485643 -0.005918 0.006800
1129411.861826 180.108588 373.021505 0.017211 0.011482
33999.050983 388.933544 393.949532 0.019149 0.015317
1606354.705806 296.433042 66.765264 -0.018795 -0.005952
1451822.744427 315.035351 570.289180 0.008762 -0.001030
1590584.168020 314.914979 309.297492 -0.005147 0.001143
538209.161040 701.052540 485.034146 -0.011156 -0.010862
958317.440449 628.366057 272.072858 -0.015990 0.008645
479655.517489 94.302831 120.422982 0.015849 -0.017025
167238.956395 558.808013 267.295966 -0.012175 0.009130
1592486.357127 737.116081 73.184157 0.009856 0.005622
1189583.299304 433.238879 20.660490 -0.015552 0.016566
1124831.962923 303.336511 474.146134 -0.005181 0.004013
37146.621401 680.325132 232.442430 -0.001136 0.018046
205026.889315 568.971845 41.005893 -0.007875 0.004305
284161.461650 310.163660 183.762032 0.003491 0.003337
68690.410847 306.367687 301.897894 -0.013749 -0.014788
287411.349028 600.348972 403.732255 -0.012906 0.014456
1171263.018237 591.729022 143.853715 -0.004978 -0.015524
1682127.158941 315.128786 577.319286 -0.010881 0.014557
1824708.168313 264.656922 346.577625 0.019215 0.005361
369206.509725 98.060951 13.268818 -0.000371 0.008405
1208981.916871 419.643083 56.096537 -0.015657 0.007259
446720.970071 202.028249 259.129063 0.015810 -0.002831
586212.983628 385.028884 101.926746 0.001338 0.014295
560717.814863 299.415879 150.835165 -0.010342 0.004127
234257.601311 123.620506 559.094750 0.007795 -0.014619
1133248.557864 703.393436 154.281011 0.003534 -0.005188
1934248.125150 153.822405 536.743774 -0.017574 -0.007945
1152133.833222 226.406296 331.566079 -0.019686 -0.012928
1965200.129880 240.576148 396.660686 -0.013868 0.013373
1034901.121182 346.050848 125.787335 0.010827 0.006911
1623246.405098 708.890264 497.118224 0.009751 0.003209
1926329.093951 248.277436 276.084353 -0.011181 0.015961
1658576.383096 150.359722 54.900206 0.008977 -0.010071
786221.519479 240.694757 318.762977 0.017809 -0.007686
1421758.733421 742.977690 365.270628 -0.004938 -0.017134
888519.625593 711.233274 307.931738 0.005996 0.006212
374128.679919 371.665133 325.667921 -0.019383 -0.011606
247207.860577 782.981706 311.700309 0.003297 -0.012044
838233.393076 329.877536 231.696660 0.000643 -0.014404
1269501.125100 722.976000 262.475326 -0.014218 0.015453
1490342.234955 701.638052 467.343891 -0.005830 -0.010057
1720173.599068 639.035332 82.432926 -0.005119 -0.001872
1589947.016719 447.904444 550.751450 -0.006482 0.003071
254199.274003 369.651691 332.017496 0.005902 -0.018211
1506623.924480 52.617222 274.425123 -0.014403 0.003089
1187558.641279 619.392456 289.355922 -0.018786 0.017647
663885.182079 620.204168 490.686442 -0.015549 -0.014782
134186.233456 776.790388 557.496525 -0.011848 -0.006224
763995.101100 799.418103 542.530880 -0.008034 -0.006499
960104.740672 341.012894 479.353721 -0.018603 -0.016998
1689167.128731 629.814463 84.609374 -0.007900 0.017119
1435140.350571 716.162890 421.952865 -0.012036 0.017046
1287450.956780 425.201368 421.403248 0.025138 -0.013819
1664884.491668 423.703636 368.447080 0.010579 0.009336
1916152.068375 115.482734 439.970324 0.014415 -0.002275
142374.806172 274.498861 522.193205 0.014832 -0.004932
1889104.925044 571.915412 98.117605 -0.016657 -0.019296
184043.514628 642.218591 547.193632 0.011782 -0.019927
1678137.485719 350.643260 319.882012 0.001618 0.016052
349432.717240 299.089557 257.445456 0.011516 -0.014609
327130.583267 597.586992 167.655495 0.015870 0.004361
1445781.852792 774.607820 571.361885 0.003723 0.013543
657045.848974 430.378685 332.794985 -0.000286 0.004919
1143416.638087 467.923908 254.980263 -0.000620 -0.004817
853229.746620 259.402397 491.005794 0.018361 0.014563
1436276.935710 106.636305 143.346450 -0.014049 0.016944
747046.145027 249.300291 400.850965 0.006107 -0.011782
555282.349025 300.231502 106.401787 -0.010823 0.018767
31011.744417 446.343085 303.760725 0.002803 -0.017976
259713.421697 113.382914 381.532827 0.002208 0.005059
30230.289339 785.673033 570.393962 0.013295 0.017671
1629124.594680 440.289515 44.884239 -0.017896 0.007952
1993199.337271 341.174924 5.695875 0.006604 -0.016808
437214.899080 754.162854 272.445403 -0.004224 -0.013118
847463.854052 328.953491 438.504089 0.017222 0.019223
1561464.248021 48.431049 73.457291 -0.003331 0.004609
1496915.452879 345.420627 358.152593 0.007992 -0.009430
1076064.875850 410.437705 489.238104 0.004502 0.002606
1028186.607653 487.296110 594.885871 0.000944 -0.009065
141764.248787 594.375511 129.896801 0.001004 -0.014464
778578.041484 759.011142 329.606649 -0.015260 0.015196
1058486.954802 720.169190 564.233951 0.005916 -0.007182
1112790.978101 319.574489 448.328575 -0.013854 -0.016074
24501.685065 553.758378 366.489020 0.013092 -0.007837
353571.678676 272.949668 548.392279 -0.013263 0.014618
375264.103699 191.533952 365.614671 -0.003807 0.010611
1493884.026769 635.026558 429.046145 -0.008197 0.016526
1188817.119779 659.924798 487.984537 0.001403 -0.000924
259519.063057 73.611284 525.483241 0.015133 -0.010175
1949033.547169 712.037885 562.436900 0.003457 0.008706
482529.103981 609.604832 35.911408 -0.013822 0.017258
1850091.109914 273.827142 102.662028 0.001385 0.009870
1871495.037280 224.862530 324.713892 0.006128 0.002940
908785.677938 195.357453 241.108200 -0.009279 0.011209
1755362.652128 318.269731 522.443798 0.010157 -0.008997
232765.271437 582.287011 98.875275 -0.018036 -0.007307
1765166.354256 236.194160 45.902405 0.017673 -0.002007
15434.920795 693.035584 474.796547 -0.012876 -0.003995
1077013.659792 90.861262 409.199981 -0.016812 0.010594
516053.778360 427.334564 5.559125 0.006384 0.012105
1576709.125925 429.818332 119.298920 0.006411 -0.008348
948767.654108 620.846653 12.018718 0.005591 0.013194
667159.362075 417.572424 74.317017 -0.003591 -0.001441
1146380.339352 334.169498 198.389522 -0.005370 0.003858
1462269.868451 722.466974 426.755440 -0.003556 0.019270
949273.004639 536.538550 309.852869 -0.000660 -0.006824
636841.273232 217.397108 520.738291 0.000696 0.017243
316267.470045 793.261914 424.392198 -0.012924 0.005290
1072709.865436 409.100255 92.600195 0.006414 0.016871
1234697.917120 187.250591 203.639710 0.017923 0.003938
1871003.135047 543.324963 300.386263 0.005840 -0.016340
968257.898916 95.910306 457.506633 -0.019852 0.004217
184803.100389 255.902779 525.739477 0.018323 0.013471
1613704.762242 94.152247 497.121303 0.000560 -0.008180
920804.219749 40.359579 484.073212 0.004769 0.008353
1455508.939668 184.614563 566.087957 -0.017314 -0.012833
1084419.887087 1.502898 515.036411 -0.018232 0.005933
1899527.167855 422.386790 461.393002 0.008463 0.001124
745706.753221 643.326367 508.974555 -0.010108 0.010550
1369434.811813 44.289865 529.094366 0.000564 0.002784
353913.564400 779.723989 371.840797 0.019299 0.003533
660308.989072 568.664645 491.903789 -0.009046 0.011120
1997036.600484 653.505807 468.736616 0.014266 0.014405
857968.969670 644.811495 232.632310 -0.012090 0.000742
1832483.595159 456.909116 194.129325 0.011248 0.012237
174050.590104 359.523971 525.256402 0.018761 0.018485
887791.815627 116.085004 561.455859 -0.017442 -0.014851
1048845.100705 314.738215 504.290615 -0.006251 0.006696
1236598.032171 273.725083 290.225095 -0.004034 -0.012074
688449.854352 662.546053 2.711133 0.009260 -0.018949
1047717.716101 518.891144 357.852371 0.013901 -0.003492
831685.772553 746.881427 517.030116 -0.008430 0.016117
1646809.537731 587.755452 29.289537 0.010388 0.011931
354697.854423 226.882926 115.008837 -0.019285 0.005140
1718570.137265 508.503418 581.689253 -0.006276 -0.018633
338487.908402 549.855963 517.477115 -0.013004 -0.003237
1776805.868268 558.749965 40.738821 -0.000612 0.001835
960078.654327 720.484768 287.186680 -0.006639 -0.012473
763596.911339 131.486700 555.825214 -0.002767 0.017001
1446903.674606 486.393355 125.241871 0.016977 0.005223
1673049.761761 619.677911 156.082446 0.012235 -0.015283
591079.477496 780.495653 482.910757 -0.013696 -0.013981
450261.526019 37.018572 509.510380 -0.008258 0.001257
788880.985598 618.785566 258.998960 0.014939 -0.015429
1247242.441982 204.397222 167.286650 0.002002 0.007424
405506.701397 218.065661 175.444550 -0.003537 -0.012411
1835863.754077 197.891626 576.607255 -0.012854 -0.017836
159031.381905 379.834149 18.554524 0.015402 0.005315
362722.217274 87.596535 407.282832 -0.018619 -0.003792
420997.232395 340.096592 105.419405 0.005814 -0.007863
580167.091722 213.245502 332.729833 0.002784 0.012605
479025.265425 617.090762 52.711501 0.001291 -0.012682
552036.800679 360.043733 258.360868 -0.010475 0.005102
969986.005207 253.884072 61.741354 0.000746 -0.011937
1471710.388303 557.545401 187.699788 -0.003399 0.009176
1430984.936390 500.676441 91.233052 0.015651 -0.009265
902052.609670 144.777219 321.047211 -0.019787 0.010004
700700.571156 195.560924 313.201506 -0.002450 0.011067
1408199.004553 571.437875 136.920979 -0.014613 0.018111
1713095.736556 496.061106 161.571591 0.018412 -0.014606
944491.339356 556.966136 498.904988 0.011378 -0.015569
1119457.834922 400.359028 441.477773 0.008485 -0.004357
8319.607940 130.616452 343.651013 0.001559 -0.013272
647061.014849 711.683309 247.480895 0.013809 -0.006843
379545.065751 439.227388 25.808573 -0.003331 0.007326
1990576.603445 218.730277 181.569621 -0.009386 -0.010670
876473.971119 589.728035 557.741797 -0.009187 0.000887
80381.552726 664.420889 13.429403 0.011030 0.001698
828036.629980 624.786910 423.152736 0.019513 -0.007200
1747623.103553 248.482789 124.605866 -0.008534 -0.013749
1072386.123739 381.168062 423.461248 0.003201 0.015737
777386.485961 459.540356 100.711764 0.007646 0.013588
801906.589792 103.833462 346.007482 -0.006801 -0.003956
197987.358178 296.138751 137.991772 -0.015155 -0.014135
1545926.498969 428.236746 556.342444 -0.000585 0.001151
492654.834172 281.836209 500.279354 -0.001316 0.005233
1978982.283724 792.848552 69.245125 0.007761 0.002813
17631.095842 66.264304 86.606826 -0.012955 0.010997
1966499.848276 461.693773 543.451171 0.003256 0.015357
611006.784537 527.316601 167.205448 0.001454 0.011209
850069.038966 247.104378 189.735519 -0.005918 0.011500
1676786.882652 479.025099 83.503100 0.006888 -0.017864
1557780.060711 529.573420 26.228639 0.015764 -0.005734
1227310.625476 722.673154 263.102419 0.011141 -0.018374
428616.731627 592.208934 393.438926 -0.015227 -0.007965
1127178.874392 340.254957 576.467742 0.013662 0.018419
1480731.590409 212.974239 162.159708 -0.017758 0.004787
115335.758829 715.262151 130.621439 -0.012098 0.002659
541498.807511 781.017862 137.118771 -0.007433 0.014832
1167776.423119 742.193470 464.406486 -0.019063 0.007405
1705487.274428 189.982215 255.839963 0.000327 -0.005717
1455042.508177 58.131428 469.456281 0.007518 0.016569
1485351.840726 341.766741 108.577947 -0.019530 -0.000652
1600046.444498 55.809120 226.804148 -0.019281 -0.009272
1889695.885540 230.339885 146.836359 -0.013085 0.004139
230475.999522 605.701857 319.164572 0.015518 0.011180
434670.210087 593.484523 10.079067 0.005757 -0.009954
748135.628527 296.843749 193.277447 -0.013681 -0.017660
474188.291689 718.665055 292.543350 -0.003305 0.016287
1941577.332067 174.327864 588.661919 -0.006018 -0.010647
499196.726130 235.235653 314.410299 -0.000252 -0.001307
254300.674542 487.673239 134.032524 0.006360 -0.000096
6325.354803 700.238807 144.002306 -0.019183 0.000820
980919.682878 315.906706 534.910197 0.012548 0.001975
1900851.625903 40.302001 269.170301 -0.002570 -0.001269
719689.197242 326.284153 412.266312 -0.006340 0.010294
1844748.197982 472.754229 30.354531 -0.002169 -0.016570
1036199.990211 459.135202 416.439461 0.009645 -0.010747
385683.919483 595.651837 65.159248 -0.002695 0.010620
1256102.471266 738.634980 95.969972 0.000640 0.009929
1419511.694191 375.563785 472.689976 -0.013634 0.016257
511292.832210 415.086818 189.529370 0.017689 0.014400
145034.134456 691.343495 270.221984 -0.015048 -0.007554
1071721.370831 513.265830 530.712224 -0.010801 -0.004672
233847.819378 338.301895 77.227004 -0.011024 0.014210
1786277.592083 682.011084 467.458273 -0.017903 -0.005089
1031918.257955 609.725731 505.940825 -0.007877 0.016825
1499349.890975 446.503790 263.473327 -0.017348 0.000067
597617.807145 110.215991 219.158222 0.010004 -0.009538
1353622.215499 228.363398 541.947499 0.002466 0.000629
573296.933702 542.678845 563.835480 -0.003402 0.016137
1590131.532210 246.376287 453.825743 0.003001 -0.005557
258416.177825 72.776591 73.657754 0.018867 -0.004270
87595.200207 577.082281 571.568561 -0.000686 0.011451
906233.425674 625.718463 554.275391 0.012748 0.001243
370032.188655 396.054233 489.497658 -0.016460 -0.017734
664767.085884 299.664217 441.673050 -0.009135 0.011576
1278253.811075 53.060784 58.641081 -0.004135 0.005626
916040.443311 420.050966 438.714648 0.003225 -0.000155
249204.321880 499.366972 130.404254 -0.016941 -0.015708
8661.484350 424.315880 533.487416 0.017146 -0.006053
841302.204338 90.189576 506.228607 -0.010484 -0.011973
1802783.200425 455.861615 346.081557 0.005478 0.013643
731632.451868 220.865338 544.685660 -0.001424 0.006854
1096714.972098 736.825364 118.101703 -0.008808 -0.000038
1386984.768969 323.761387 76.218128 0.016468 -0.000747
469499.863903 732.287224 6.782485 -0.015014 0.013794
718651.906922 435.537276 574.502999 -0.011853 0.011243
316653.122342 84.221964 211.283784 0.009857 0.009247
385530.231700 79.851858 10.922527 -0.015988 0.002565
1379939.433830 519.312280 291.435744 0.015430 0.017163
1974529.288697 463.828646 199.395436 -0.015490 -0.000380
1626419.535664 279.605599 244.578762 0.012974 -0.001065
503204.831157 146.277782 10.713118 -0.011626 -0.004510
1600260.999799 293.181198 294.633753 -0.013931 -0.015946
467442.890847 275.431332 121.026736 -0.009918 -0.002202
1530910.291491 753.161718 56.459201 -0.010000 0.013168
43405.273949 189.997782 245.174386 -0.005805 -0.005896
1801413.789299 133.599878 421.177857 -0.007685 0.019668
348673.859774 447.664747 104.919780 -0.012288 0.010751
1122384.702378 793.543978 80.944692 -0.017910 -0.014241
474000.488629 229.273978 293.435896 -0.002436 0.001554
1867761.544822 162.911204 288.113055 -0.018871 -0.001835
617712.498930 39.512391 415.325055 0.008743 -0.003851
88793.583256 495.018781 342.690132 0.009876 0.016970
1123119.018564 736.113011 291.681879 0.009389 -0.015511
510837.786138 237.600187 62.687400 -0.004340 -0.005987
498234.962345 502.615858 381.602887 0.009530 -0.017333
350510.791107 537.756803 162.827111 0.006243 0.007960
1451432.125387 771.416637 449.287955 -0.003356 0.007333
303273.376219 370.228337 180.032397 0.008882 -0.011671
454803.713809 227.103612 76.180276 0.008592 -0.019205
480071.545802 775.548356 189.867595 -0.006239 -0.005563
1333575.176696 474.910021 592.952413 -0.007803 -0.006722
110627.538576 382.865420 2.011211 -0.006985 -0.014550
1406769.050940 41.595105 59.198681 -0.001888 -0.001185
1561676.394922 482.366432 559.401193 -0.016758 -0.006992
281255.947557 246.802231 364.981598 -0.009252 -0.019073
1257382.930842 407.253684 595.977501 0.017793 0.014124
706537.016996 489.568982 268.732516 -0.006337 0.016645
1558318.719993 318.006092 236.960332 0.011341 0.008938
1057752.200895 389.366611 465.782013 0.005109 0.017508
491364.625511 326.404541 325.145331 -0.012863 -0.000410
1734950.389590 255.138314 479.280898 -0.000927 0.003494
1643357.573842 84.581195 57.049077 0.012569 -0.017966
1898263.090243 133.986224 397.728909 -0.004151 0.000397
1157183.811607 140.856700 544.428361 0.018937 0.018336
1260090.642264 401.506134 266.691117 -0.003781 -0.014824
767107.214205 521.456524 323.167949 0.016990 0.013178
55740.578126 634.709793 88.877732 0.013030 -0.009285
1471867.368311 518.904550 224.889264 0.012978 -0.001660
851158.514084 624.316055 377.759032 -0.016458 -0.012920
279214.015361 533.147708 211.750304 -0.018182 0.005625
622537.959657 541.250739 84.862402 0.010263 -0.016716
543551.074594 112.301560 439.375198 0.012728 -0.017351
1125283.938425 670.365463 515.211932 0.008426 0.006534
255944.995329 357.693584 187.201229 0.000113 -0.008833
1549879.616848 742.649262 35.405365 -0.003804 -0.019302
474171.187949 435.866612 410.446324 0.003571 0.003650
648167.413030 720.783484 160.437334 -0.001354 0.006307
697835.028496 589.984711 478.486603 -0.016726 0.001913
1725670.433475 515.925623 231.163958 0.008669 -0.005412
99429.388577 679.218227 481.589278 -0.005522 -0.005942
163663.104253 109.363709 168.315604 -0.007946 0.000288
594763.153510 303.532026 52.617935 0.019270 0.018787
1355525.087265 244.777617 522.022495 0.017889 0.010920
1053977.892294 234.852341 305.673552 -0.007017 -0.004941
115031.983757 149.713127 12.666559 -0.002317 0.016317
752375.869431 393.861004 454.968978 -0.012783 0.014192
219437.964363 208.627660 595.038158 -0.004391 -0.003931
1068114.026016 550.208898 469.020192 0.004832 0.006860
1499866.051366 239.076795 584.296929 0.004741 -0.010281
1491842.997955 116.925166 322.389383 -0.009729 -0.001134
1826279.228472 250.948019 395.118401 0.017309 0.010249
1133058.067007 247.588494 149.326599 -0.007040 -0.000439
207507.431604 346.694911 450.190878 -0.016174 0.012958
304737.184339 504.230050 306.770314 0.017353 -0.010005
361247.467977 546.595967 329.388400 -0.013809 -0.007884
1585793.637478 720.481702 269.437868 -0.006767 -0.013814
1841064.114050 194.805912 281.379365 0.003179 -0.012862
451362.950938 116.085147 291.958479 -0.001002 -0.001228
1950936.490647 462.891772 542.133971 0.008114 0.007888
1454702.783122 701.790222 182.551463 -0.010454 0.012483
1108684.254395 335.340091 297.111105 -0.015856 0.002984
1596490.624173 716.960513 284.971451 -0.012046 -0.010548
1263706.185512 134.336755 282.401314 -0.015932 0.009881
1294332.516982 261.267244 535.638344 -0.014663 0.012050
723046.520130 87.180054 228.341779 -0.009396 0.013363
107937.715067 793.531087 426.965116 -0.005731 -0.010817
1046872.077066 729.100070 390.013085 -0.019343 -0.019467
450965.188654 653.600361 546.889560 0.008018 -0.017424
278162.196408 266.328886 139.789874 0.004373 -0.002628
1960316.196066 205.578464 456.617376 0.014895 -0.004394
1125740.257616 187.572944 299.749025 0.017720 -0.000065
668170.334151 796.974363 294.286370 -0.018180 -0.005835
1443825.863043 455.549570 159.995836 -0.005091 0.003546
564375.188464 478.295523 242.685389 -0.012222 -0.008030
938961.728913 267.029760 379.640644 0.008080 0.017696
132214.712972 546.539367 119.646930 0.013272 0.002219
1179224.623916 311.724724 473.208553 -0.016473 -0.006662
575213.267736 338.918701 197.889356 0.011032 -0.001201
1368718.602401 400.680358 23.829007 0.018035 0.014943
1254302.726711 185.945935 282.714438 -0.018664 -0.002902
1541011.519516 401.066223 456.291608 -0.003916 -0.011864
1407684.757098 375.280352 531.851919 0.016147 -0.008177
883750.411162 393.931835 411.745082 -0.010633 0.003297
38293.802197 414.605782 2.933669 -0.006036 -0.008097
949396.727117 26.715288 478.744285 0.000592 0.019420
1340193.529306 112.345876 130.027439 -0.014305 -0.013064
1289556.392138 729.436696 404.413091 -0.003810 -0.007432
1756783.113702 87.983268 469.250296 0.010533 -0.019662
157687.638028 165.918446 303.266829 0.010629 -0.002493
175039.783202 626.839209 573.424331 -0.016269 -0.014665
506304.289450 453.496791 99.444258 -0.017956 -0.016723
301433.914481 576.099941 133.659544 -0.005346 0.014527
790027.673724 9.771881 464.096276 -0.017198 -0.003253
176035.711624 758.596159 317.145677 0.014809 0.008523
1081972.172988 759.365942 552.212428 -0.018225 0.008663
715741.816310 107.051977 299.013001 -0.007411 -0.010926
1263880.632475 454.217657 476.700256 0.011932 0.004698
1751026.801649 758.882109 202.535763 -0.016149 -0.007302
399196.095951 394.625370 198.020204 0.019042 0.002398
1496994.359185 48.766547 306.320516 -0.008908 0.017282
445396.929255 653.768587 529.601550 -0.014300 0.014550
1193553.106484 400.006900 599.303448 -0.016134 0.012552
450224.472419 581.534093 229.314728 -0.019241 0.001037
1999453.321099 715.785719 285.585834 -0.004805 0.019473
1584501.028799 429.365427 291.138269 -0.015108 0.000406
94458.571679 696.599226 342.643861 0.002270 -0.014108
1007827.074736 623.638950 579.479657 -0.004562 0.016865
1658558.308919 786.520312 253.302076 0.013089 -0.016896
475365.567242 42.262635 483.079099 0.004433 -0.016997
663714.367274 495.968250 580.682800 0.012236 0.018201
1919117.403179 479.315031 296.855994 -0.002178 0.008829
9624.167350 393.681221 354.762662 0.003061 -0.018038
1478876.057770 64.549236 497.184501 0.007884 -0.001375
1502145.321808 426.672813 269.300587 -0.013027 -0.005538
1054818.871922 329.159602 247.911313 -0.006669 -0.018737
972186.690649 532.071013 390.602291 -0.001891 -0.001124
1216433.286302 329.701349 43.178379 -0.015874 0.014306
1585452.240699 85.797077 209.846260 -0.004615 0.007176
796849.675848 99.093872 458.943399 -0.011059 0.013092
461377.134761 782.748617 217.129518 0.007156 -0.013906
1447663.852688 165.358203 338.356271 -0.014476 0.001611
1190708.408687 498.881220 122.924281 -0.010150 -0.017006
1355477.244293 683.963228 294.293381 0.009989 0.018266
694211.989964 433.646809 39.217662 0.007894 0.017093
1497031.391364 75.977022 30.304833 0.000515 -0.007102
1759090.904966 594.551877 180.085865 -0.010326 -0.003076
904928.793621 772.186482 377.865694 -0.019364 -0.015856
341892.055395 489.208773 436.972047 -0.004950 0.014347
1609370.418642 43.227921 427.944640 -0.008189 0.012132
1339833.364515 513.427947 206.934960 0.009415 -0.006423
543533.833951 386.245695 260.298993 -0.007100 0.019795
1510075.678821 161.236532 443.590499 -0.017784 -0.002231
325429.097901 406.534864 246.054854 0.011717 0.000970
1027532.088117 771.034553 81.297074 -0.010381 -0.006348
1987715.010526 37.103511 236.837365 0.008281 -0.006369
396776.620483 301.230311 588.756568 0.001751 -0.015590
639902.701899 652.533111 356.045518 0.010140 -0.014498
1179865.857204 406.176528 204.099381 -0.006855 0.002537
1568458.621189 393.327164 42.399343 -0.012226 -0.008579
1190290.628555 566.679700 150.109326 0.009234 0.017978
1180185.991889 580.336052 597.269046 0.019391 -0.002788
672088.553511 146.599340 484.933396 -0.007365 0.009071
1837656.663655 510.368433 325.316729 0.000515 -0.004373
1360614.323691 81.739690 539.207511 -0.019204 -0.002743
924125.776125 643.707183 555.060883 0.001313 0.019935
418950.309241 102.556808 424.526601 -0.001759 0.014281
1312754.557148 39.326593 349.877349 0.006063 -0.018675
30587.249450 790.735275 130.325892 0.012898 -0.007753
1889215.610870 593.541140 566.096785 -0.000539 -0.009829
669560.509114 133.559814 214.247510 -0.010653 -0.012488
1579576.984783 556.740972 595.064406 0.008584 -0.010900
1982244.182370 738.998016 214.076720 0.007923 -0.004709
432350.935616 283.846953 258.261617 0.011983 -0.019765
930735.730068 652.530179 596.757391 0.007307 0.005521
600671.720971 501.752007 227.880086 -0.010183 -0.015428
1270601.892504 463.756637 169.426007 0.019706 0.012518
938976.299455 626.134947 304.956089 -0.001544 -0.000145
1474031.937064 361.861212 251.759859 -0.016251 -0.013949
1605130.416157 247.872953 302.773936 -0.010661 -0.015579
1023340.410098 559.398807 555.320067 0.000249 -0.004728
1128556.229700 645.556433 5.337349 0.017749 -0.017950
248420.950141 463.944908 377.873124 -0.003991 0.002686
884577.235619 700.895493 213.252740 0.018005 -0.006586
1704879.713107 549.816025 474.374656 -0.009091 0.011196
1882055.445519 60.119098 54.867785 -0.002176 -0.007609
404206.608610 766.012679 4.962118 -0.014897 -0.001424
780987.060993 553.592113 162.378168 -0.004046 0.005506
642018.800900 419.990594 130.620169 0.018034 0.017212
1579863.075903 313.994851 483.404352 -0.014215 -0.006291
286431.929230 798.923837 18.411098 0.017334 -0.009130
1625355.291937 699.926441 207.384963 0.016181 -0.007128
1310099.705732 85.424244 166.951021 0.006576 -0.010591
1485499.756171 42.586324 555.870339 -0.019451 -0.001832
1126826.147142 267.614611 586.841779 0.011210 -0.008635
1817754.082297 456.455917 406.899702 0.008593 0.008651
42605.713030 685.964802 428.711958 -0.017629 0.011535
1969490.396776 691.876370 399.742352 -0.006758 0.010785
1972945.507603 788.352763 525.813523 -0.009414 0.005963
221002.463354 5.864004 421.300210 -0.018494 -0.019155
314139.836614 479.970869 213.010266 -0.014576 -0.004775
1280098.799281 35.325018 570.925223 -0.007258 0.010330
1334025.561499 271.183547 370.246323 -0.004779 -0.004324
817314.073824 292.163163 154.166919 -0.016996 0.007870
52254.755074 49.139157 409.148676 0.016107 -0.006932
662711.798522 9.684493 199.939103 -0.018608 -0.017998
710212.109941 153.372790 389.936808 0.008413 -0.006921
61999.699130 280.816956 222.990978 0.019304 0.006755
261157.692532 519.540848 3.915704 0.009909 -0.018768
797766.605764 125.367983 237.246771 0.006228 -0.010773
184709.901076 545.577724 175.176763 0.010993 0.003314
1235796.007903 85.223980 357.549327 0.018104 -0.014398
1292608.929469 245.408627 198.531135 -0.008135 -0.019322
1317389.029692 261.506133 220.446536 -0.018785 -0.007605
71927.786838 128.018755 575.644600 -0.018265 0.016302
1977614.946653 353.638789 38.561915 -0.004652 -0.016058
591803.305127 381.731911 467.312106 0.003522 -0.009937
726241.200569 164.977823 214.171103 0.018396 -0.013694
995710.504705 485.128744 279.166755 0.013152 0.016103
963862.695249 390.999668 138.009711 0.013994 0.000724
1079147.418532 708.512524 407.832617 0.000001 0.017202
1174876.041326 389.816618 223.090613 0.006100 0.014866
937689.950195 758.388000 209.324312 -0.010091 0.001393
1200871.358253 489.490420 445.063959 0.018304 0.002827
1798372.363578 364.533112 105.915296 -0.005460 -0.008563
158766.744732 676.347192 464.442858 -0.007569 0.007853
584123.108808 679.651206 348.441332 0.018820 -0.006108
1019930.488905 447.173640 500.256972 0.015240 -0.011568
1412068.961846 279.506346 95.623272 -0.017820 0.003961
1390465.348675 524.158318 125.739884 -0.002531 0.004553
1560588.704217 269.337765 41.683844 0.018292 0.008021
709118.110458 28.871839 327.139631 -0.014846 -0.006255
481739.437432 336.617314 116.819079 0.012830 -0.004334
1084185.081108 265.341054 569.596499 -0.004950 -0.011498
321427.933090 65.725447 337.381124 -0.007428 -0.014396
322096.383349 11.979164 475.464783 -0.005151 -0.001928
811598.476400 120.540514 472.440761 -0.000995 -0.015690
975828.599639 663.088704 87.177545 -0.018663 0.018328
980873.326296 219.628703 226.438509 0.007422 -0.016144
1538962.265262 182.167992 256.913206 0.008819 0.004166
1281944.833362 703.710879 411.391026 -0.011780 -0.012049
1646853.441208 292.090762 129.301121 0.004643 0.009424
1334224.681991 17.354601 531.646172 -0.001766 -0.000140
1987979.200663 754.113208 196.194823 -0.014454 0.019116
567825.405192 503.304004 150.302562 0.006567 -0.007388
693992.653253 345.495143 324.625799 0.011095 -0.014001
290886.182473 333.130224 18.636224 0.013265 0.004821
461579.700216 523.984102 590.664600 -0.002176 -0.009192
1440439.939238 90.503685 175.726222 0.004272 0.002721
1578856.275221 479.827138 307.040508 -0.015375 0.009510
975708.803616 319.844938 220.146736 0.009549 -0.017516
1363849.989774 68.252897 296.191687 -0.011053 0.014433
1287670.666020 295.407232 165.677483 0.006991 -0.011979
1793086.186886 724.782472 513.265683 0.015254 -0.005942
253419.465503 481.203533 278.294150 -0.003093 -0.011658
65064.939701 167.162213 484.736746 0.001754 -0.007021
1093948.624606 25.799908 434.663787 0.016618 0.010812
1570950.974510 477.031769 513.980218 -0.008911 0.012849
1433502.711092 738.383433 113.621087 0.019689 0.003932
779698.448619 711.691664 301.778254 -0.010212 0.010889
1707668.152502 297.618440 224.078767 -0.007291 0.011697
1161722.038482 280.446924 0.793093 -0.004407 0.015805
650195.260835 748.354925 556.122364 -0.017993 0.014026
1393276.303724 667.684511 267.959464 0.002113 -0.015477
534900.189626 215.520204 20.962215 -0.001727 -0.009463
1264731.390059 676.809859 91.259189 -0.014608 -0.016302
1848317.172308 790.732163 278.383579 -0.008141 -0.007736
512088.236637 702.117391 394.290748 -0.009748 -0.009284
1104225.446984 465.390797 121.982865 -0.000859 0.005243
107543.810321 140.002930 279.459338 0.000009 0.009139
1156781.673039 614.923246 598.008562 0.004538 -0.011024
520065.349769 196.797094 42.861460 -0.003469 -0.004751
327390.441823 269.742575 221.929374 0.005096 0.005374
1353004.063178 707.067916 306.871008 -0.006550 -0.014398
1558240.596931 709.451434 433.349766 0.019291 -0.005452
706633.334377 29.110513 323.766841 0.012776 0.001589
534505.464385 317.406950 182.796487 -0.009440 -0.019546
1061346.780072 419.670599 154.620405 0.004153 0.017559
1275778.349152 612.289936 164.474604 -0.019707 -0.004262
1816858.008419 547.145263 166.335311 -0.003176 -0.019287
837596.447597 159.328108 542.228392 -0.014388 -0.012778
537634.699856 396.009662 130.479846 0.012326 -0.007451
1509630.032587 59.971809 426.011717 -0.022297 -0.009748
1442342.147903 473.315885 518.365694 0.019157 -0.012319
1603574.954720 492.341931 575.737843 -0.016940 0.004954
706735.606634 787.761370 184.435261 0.005227 -0.003787
651319.147391 39.907916 362.480418 -0.010785 -0.012367
1573016.600485 398.477112 411.476434 -0.019895 -0.007686
1998835.487291 607.516899 229.975014 0.008381 0.012770
1445522.677826 344.847061 246.184985 0.003482 -0.003642
1207599.107738 311.293905 14.981918 0.002532 -0.001350
1297106.122271 733.691609 269.847452 0.018174 0.001910
1709409.523620 225.374698 358.930950 -0.001618 0.000457
1579454.636005 196.688057 6.012647 -0.000959 -0.009974
635151.660366 380.435148 5.255465 0.008021 -0.012580
1657542.871152 338.176573 369.078358 -0.010414 -0.019598
50074.195513 673.955694 239.508150 -0.017992 -0.003739
1728956.987955 558.699444 193.780809 -0.007453 0.006126
1741304.677791 135.042546 562.038128 -0.001258 0.005084
896425.988943 206.818394 524.719926 -0.001642 0.009356
248631.410417 620.612062 125.805496 -0.014677 -0.000942
789536.960791 769.403018 539.456091 -0.019592 -0.011932
1819863.026878 28.438474 26.370796 -0.007621 -0.016552
901731.744829 139.294004 470.680335 0.010947 -0.000473
878442.611954 515.240131 393.634160 -0.004974 -0.015493
569936.175165 658.790425 222.755370 -0.013647 -0.008689
212161.644461 226.528190 35.231098 -0.007364 -0.003272
1070836.321949 568.384265 227.895497 -0.002616 0.008851
1162154.364009 276.108794 454.441262 0.005038 0.006165
1685995.778854 61.438515 497.172065 0.005388 0.014020
631794.399876 53.866488 296.580288 0.018919 -0.002285
