120102.793966 630.631912 121.820100 -0.006062 -0.005536
269277.329682 300.705649 155.650267 -0.018232 0.015179
1260731.205931 301.765447 191.825860 0.013109 -0.002992
973263.179405 632.588295 573.139810 0.008545 -0.005920
1683880.506867 289.840487 229.763236 -0.016857 -0.013038
1760997.696668 174.973784 581.164010 0.011708 -0.019856
354965.669268 682.147316 475.047990 -0.004779 -0.011957
306862.422408 412.138682 346.351680 -0.003489 0.002378
913598.742761 34.536523 562.046606 0.011069 0.014840
723511.401901 210.500031 397.074822 -0.007318 0.019075
27418.055584 127.157367 203.538151 -0.004130 -0.010498
1026719.971107 221.780162 273.603785 -0.000716 -0.017204
919235.655535 527.621981 553.484923 -0.009942 -0.018397
247720.705461 323.927028 333.237116 0.008045 0.012702
229642.751734 126.250363 516.510838 -0.017943 0.017359
1463437.116455 330.566404 118.585789 -0.004263 0.009207
349002.480669 325.681387 533.577888 0.000603 0.012098
253345.397419 21.738489 48.635790 0.003310 0.000369
301882.374241 33.859656 101.262924 -0.017057 -0.008246
417897.793659 157.953542 419.289431 0.010570 0.015940
1032678.423930 703.249921 33.897683 -0.004917 0.017225
1981626.739717 86.992927 206.272060 -0.012474 0.000121
148080.320166 290.389661 545.630215 0.018531 0.015066
1426235.401736 71.990874 542.338885 0.011770 0.006908
826207.458426 756.105329 429.002536 0.003275 -0.019254
17939.873048 632.732147 129.632339 0.008304 0.002208
229060.592236 179.170082 260.550719 -0.013148 0.004030
729567.630556 129.416692 425.920976 0.008349 -0.006001
424191.899795 626.030936 427.854875 -0.015144 0.009827
1179453.697605 667.601104 501.501563 -0.000264 0.005146
1017047.714916 725.306519 344.274588 -0.011055 -0.000456
1184883.571782 186.141813 167.759504 0.012336 0.017618
1669257.284919 738.374785 98.536146 -0.009254 -0.016280
1530870.404807 506.906884 153.373226 -0.000994 -0.006317
1211583.405366 549.922384 74.937583 -0.007248 0.012356
1741377.547263 726.869723 385.980051 0.008262 -0.003905
544004.606336 172.065156 185.279761 0.013835 -0.002453
1594854.852927 350.526502 402.732440 -0.016923 -0.010133
1223177.906695 729.277210 101.790829 0.011029 -0.012810
527324.168257 433.085565 488.349392 0.000772 -0.019334
312490.830343 100.059247 422.470493 -0.008833 -0.002271
1025907.483430 121.350115 211.545112 -0.013747 0.014332
1509229.653286 342.558643 43.922484 -0.017489 -0.009062
1023852.793045 688.638018 427.454940 -0.012672 0.017510
1918069.081343 635.783816 509.601229 -0.014846 0.002826
59433.087734 313.994641 67.304861 0.013746 0.016469
257531.464220 800.049568 22.087655 0.013312 -0.008760
961609.428265 276.731224 259.689531 0.013335 0.000083
582120.371322 470.303220 558.268996 -0.005428 0.006049
408974.288222 701.061017 307.248564 0.016683 -0.017625
899929.745542 700.638897 512.480185 -0.008029 -0.019818
849952.291162 263.204811 238.169418 0.001484 -0.013090
617567.269419 532.627179 103.650981 -0.006174 -0.000049
907629.657959 661.223295 506.761087 0.015468 0.006384
693382.430213 142.118661 148.596695 -0.008915 0.001680
1797970.130014 385.257512 250.940193 -0.003550 -0.004066
955435.349120 688.887997 164.484997 -0.006720 -0.013582
557659.864685 605.588188 293.622823 0.007033 -0.008241
1324351.926951 787.766457 575.861893 0.013393 -0.006791
917046.023028 230.964480 94.002555 -0.007876 -0.012978
1632997.046985 519.754919 211.902405 -0.017439 0.017080
1790149.784549 770.479187 245.060650 -0.007460 -0.005021
1613713.184192 632.778203 141.214727 -0.016760 -0.015078
791753.703166 287.989016 527.917804 0.015412 -0.018571
347958.385175 437.925536 12.234124 -0.014649 -0.004696
701432.257286 473.852904 402.747665 0.000301 0.015817
1693039.169392 259.128424 327.088269 -0.012018 -0.004476
944105.254926 75.783661 210.736413 0.015231 -0.003681
1451122.988691 549.969750 119.466717 0.018439 0.010741
644142.737912 285.467868 76.984583 -0.011916 -0.010311
328294.663843 300.776749 473.801728 -0.012572 0.000395
344141.964030 428.278366 61.213049 0.013727 -0.018290
1995072.262359 551.796222 220.090212 0.001707 0.015573
1509670.835691 11.751772 590.446374 -0.015754 0.015809
783939.521193 665.331644 349.638898 0.003631 0.011709
702233.533702 730.464740 89.673529 -0.000821 -0.015376
783487.379916 514.861191 294.749274 -0.012739 0.013122
1976.599918 282.725505 218.046370 -0.015873 -0.012128
812477.567611 80.570140 531.883608 0.010920 0.005740
1551513.418346 422.273835 394.902155 0.010388 0.005356
1106838.468046 121.308567 279.352605 -0.014553 0.009710
516376.429478 389.741164 393.551974 -0.003701 0.018671
1541877.001311 639.551722 366.264388 -0.009515 0.019235
877046.727052 210.520030 200.606026 0.012082 -0.005351
1062152.807164 166.586781 280.200208 -0.003298 0.019254
220503.739184 154.656280 305.468490 0.010739 0.018119
285758.867062 257.462495 62.818780 0.004329 -0.001714
1694852.848395 693.275927 567.013122 0.000140 -0.009044
1823523.613542 219.337332 44.297259 0.000887 0.001453
109429.840049 768.467154 479.658820 -0.004438 0.010503
331166.874772 736.154669 582.493986 0.005299 -0.006497
1904142.131984 594.165807 318.572316 -0.001559 0.000443
967910.745632 483.173949 499.703042 0.003544 -0.011505
581591.096978 348.832484 47.436912 -0.010573 0.017565
706572.319710 118.097815 128.117784 -0.002924 0.006796
1499518.371885 385.463987 378.249424 0.001965 0.014839
785875.055374 571.745799 474.625542 -0.005450 -0.006113
257524.722376 252.722308 53.972986 0.006395 0.011088
1201976.699383 114.925072 228.571904 -0.002642 0.009292
1186503.038363 579.781691 101.123463 0.006882 0.018421
215485.423904 20.364011 64.915793 -0.007148 -0.001897
1555844.913030 56.777211 560.667268 -0.003673 0.004803
1610655.802121 640.960461 200.842212 0.003855 -0.013400
1363983.919548 580.178044 288.496717 0.010875 -0.004604
515601.680854 298.313410 317.178391 0.005549 0.012269
521772.659627 185.547017 318.936585 -0.002827 0.016162
984056.433190 429.656864 557.836969 0.003949 0.014258
764465.851134 302.496803 557.605688 -0.007333 0.011454
1098768.237559 97.638628 352.582684 0.015261 0.008746
1505133.839094 452.917643 266.109305 -0.010670 -0.006481
1656881.889169 392.958093 426.508272 -0.005713 -0.014805
1035409.796534 494.236593 217.052026 -0.018031 -0.018112
532033.862794 432.908036 350.491508 -0.012174 -0.014342
885049.308131 462.291263 311.808239 -0.005126 0.015780
611963.250959 737.003030 9.953580 0.015739 0.012216
1469794.933437 516.856658 223.006757 -0.012826 0.015232
1419313.830053 5.503747 222.447282 -0.003173 -0.005444
1001399.715897 750.696323 589.135481 0.014501 0.019494
57920.523946 102.884328 317.168704 0.004531 -0.007030
1340168.589419 44.535264 541.265645 -0.012410 -0.002900
1593328.125585 396.564937 209.204844 0.012528 -0.004433
308175.125303 438.463071 21.239969 0.001017 0.009066
1829796.170737 188.229088 440.076962 -0.008572 0.006237
194622.977727 629.038599 356.558032 -0.016835 0.005959
1163384.351490 86.374536 466.550735 -0.015569 0.008882
203536.384834 624.273279 466.254262 -0.019844 0.018804
408990.508136 640.455987 279.465825 0.002152 0.004559
1709918.606891 565.887259 97.045991 0.015623 -0.010676
1776676.395804 644.178638 280.907507 0.004863 -0.016368
248411.979642 575.290623 526.398459 0.008738 0.011926
1052401.075630 240.069654 543.703543 -0.007849 -0.003577
1254879.329007 324.383624 114.532427 -0.003815 -0.003619
322021.593490 487.144566 125.920780 0.004930 -0.013617
1647379.426121 385.447535 521.614934 0.019420 -0.005119
204691.412954 699.081354 106.331604 0.002822 -0.000175
536197.156895 555.813505 128.789531 -0.014187 -0.003469
25648.950611 537.307127 428.105580 0.016750 0.019005
247729.502734 437.139421 228.537108 -0.007408 0.018035
1580350.309415 380.553124 335.806943 -0.019996 -0.015899
1443766.372951 659.068286 350.603924 0.003654 0.012374
1912564.341869 554.840133 409.858437 -0.014661 -0.009430
357511.299829 321.264845 575.455605 -0.004278 0.001875
744693.135258 324.938416 131.079892 -0.016569 -0.006992
387589.365424 167.692134 523.041628 0.002983 0.000973
1645202.005117 291.783545 0.076638 -0.004706 -0.005401
205411.871060 83.438132 113.248415 0.007481 0.007823
1996032.971887 514.627548 233.534797 0.007282 0.010997
1306804.762830 687.960035 106.975175 0.004500 -0.009865
1450619.077985 787.930828 395.699194 0.017750 -0.017178
1969754.747101 110.145272 168.132498 0.014125 0.008544
1609086.544071 543.412620 46.099494 0.012189 -0.017534
883645.576836 725.948496 99.524154 0.005259 0.003763
1722771.757153 502.792314 142.548750 -0.009978 -0.007606
28763.775727 723.108527 101.786115 -0.012260 0.000640
845989.907554 734.373336 300.808573 -0.016700 0.014469
1143645.596292 54.036313 599.752027 0.014081 0.016960
1423342.375748 525.270215 361.970897 0.011539 -0.001552
1329764.171191 184.399292 221.244005 0.013231 0.014439
1926056.274178 553.649108 293.763882 -0.011976 0.017708
1598411.507718 172.102049 507.947623 0.018755 -0.003690
726058.746095 313.527093 195.488390 0.014570 -0.001022
375371.614646 348.839812 325.120460 -0.012523 -0.008488
932014.105344 719.004665 566.807528 -0.017219 0.007455
811741.037672 587.388405 550.742431 0.010981 0.002600
1557690.799962 590.003344 154.286257 -0.009266 0.017526
399385.155365 53.968564 91.876572 -0.018147 -0.018545
1122038.441301 327.517995 256.904810 0.015475 -0.009061
1805346.826001 59.612732 425.795961 -0.001818 -0.009352
1995636.369100 728.547754 96.389472 0.017698 0.019215
1695958.700821 278.696850 428.395038 0.010636 -0.015087
558004.577904 435.775413 516.280354 0.001443 0.012520
1597187.265566 588.650925 528.402128 0.018075 0.011281
1833981.536251 410.262308 114.793721 -0.006190 -0.004010
929917.220459 198.267528 284.562317 -0.013031 0.007688
1471826.909795 138.056718 361.796631 0.015859 -0.015402
1165988.196230 595.506300 277.962001 -0.008122 0.000412
1172216.120722 460.858298 32.941889 -0.002145 -0.015512
1736107.381869 196.109699 508.662602 0.009947 -0.012127
1259741.624473 532.563467 425.797278 0.012849 -0.019566
218963.730251 228.954644 155.251267 0.003350 -0.001570
1902503.935575 255.702177 379.968087 0.002174 -0.011356
1496596.111682 109.826307 576.278366 -0.011539 -0.002627
941537.357374 638.142718 6.261976 0.001035 -0.010229
245239.558744 315.129447 293.502249 0.018818 -0.014300
1372376.816986 480.254567 484.860030 -0.004162 -0.003137
1637971.852737 404.300599 424.578563 -0.016903 -0.016427
337179.376901 23.245465 245.278727 0.012083 0.003335
1249672.392965 440.204306 432.447717 0.003410 0.010470
310196.676436 44.817799 335.699331 -0.013375 0.003276
1607296.809371 230.544019 585.370232 -0.008279 -0.009657
236307.595035 783.342041 515.395513 0.017050 -0.004994
561161.337682 596.281276 528.364424 0.019525 0.012920
1939371.158341 125.505345 511.273599 -0.004861 0.018355
870700.636353 2.587049 305.464459 -0.013756 0.003545
541779.813609 248.953072 386.816892 0.013219 -0.000926
453110.709066 507.168344 459.032855 -0.011912 0.017076
47266.968548 256.367273 543.575250 0.015305 -0.010138
562186.379247 130.539406 595.099404 -0.013535 -0.013942
1629854.769274 105.069116 185.076037 0.006678 0.000390
534606.907766 81.869678 307.803179 0.011056 -0.009667
203362.833803 37.859977 341.723796 0.009852 0.015116
92345.910190 778.396889 306.948963 0.012443 -0.012993
877177.283576 667.779613 297.367280 -0.006215 0.008695
1484435.888699 500.598783 528.432954 0.009365 0.011492
64404.659935 439.228219 551.134256 -0.006368 -0.011367
856791.879449 486.437329 190.953502 0.017657 -0.004625
1153201.109335 34.461327 259.022002 -0.014164 0.011589
618554.387530 153.822957 457.402814 0.012838 -0.019868
1875266.974734 207.613224 502.871110 -0.002675 0.004167
1111007.126566 140.317477 137.968555 -0.002553 0.016385
34336.430968 374.751067 275.208989 0.017921 0.009922
1349224.196444 291.428537 250.157801 0.019714 -0.007775
1602661.077679 455.557766 209.311413 -0.010679 0.008616
276647.354605 433.851104 544.635900 0.016055 -0.005478
1822198.850020 670.773686 373.590254 0.009965 -0.009134
453696.245539 243.749719 268.248319 -0.001729 0.009640
713133.517985 379.136293 125.508421 0.012607 -0.003613
36437.158490 391.822961 464.307625 -0.002622 -0.000685
159010.190591 189.211318 31.306751 -0.002866 -0.001219
1535456.720523 453.328029 7.031245 0.007018 -0.001299
749811.288319 469.346054 183.475423 0.019900 -0.006565
1154889.427663 179.497544 384.312793 -0.019019 0.007243
762647.938338 304.838791 92.963303 0.003621 -0.012150
1129345.827331 486.972397 411.531949 -0.006465 -0.018249
337378.635228 334.380583 168.334725 -0.011166 0.013854
1499918.929068 790.922084 247.799920 0.010458 0.006570
1760744.261444 109.226272 150.353554 -0.012552 -0.014635
1172923.453698 610.879193 215.243779 -0.010926 0.011526
79642.974809 486.563122 101.442490 -0.012206 -0.012047
730713.756164 607.540010 484.460236 -0.017946 -0.016079
1702955.846536 175.982464 309.627866 -0.014719 -0.002365
724785.897287 705.568081 257.737074 0.011017 0.005746
187236.443249 524.555427 468.163541 -0.006228 0.013676
1828784.213322 744.574674 363.296390 -0.009105 -0.013653
787390.226865 250.314081 459.577258 0.002510 0.000302
1929498.061505 742.599887 160.408651 0.010864 0.019187
730520.102536 499.066964 119.801185 0.015252 0.010256
1281053.293162 194.906565 382.498594 -0.017198 -0.019239
562426.321470 130.870248 404.874886 -0.017540 0.000314
1033437.869061 780.576472 263.200836 -0.015109 -0.010050
1192859.900739 412.774437 336.975564 -0.005504 -0.016845
138898.690296 261.686683 4.160104 -0.006531 -0.016020
1973181.982512 561.501859 433.923436 -0.012553 0.003329
957790.512106 661.319636 496.243189 -0.015338 0.015871
1692076.045876 318.184772 36.260672 0.000833 -0.001634
1136829.509929 29.962812 260.899827 -0.019697 -0.013609
1367539.427880 482.822349 405.573924 -0.010181 0.018641
1509350.044424 252.000219 175.886026 0.010462 0.006070
785056.476847 598.582218 212.203918 -0.015371 0.017381
1873643.585422 475.726434 456.762281 0.010551 0.008444
1315983.134935 487.898579 65.253791 0.008743 -0.014768
1135951.929323 229.405831 100.892485 -0.019881 -0.008242
656102.584980 549.256563 538.609011 -0.019844 0.017286
1727078.126616 606.800702 148.273134 -0.013736 0.000814
1797488.349396 439.300649 161.169992 -0.009905 0.006596
406141.346510 151.373967 155.764654 0.018572 0.018117
1941231.998588 497.760231 337.629480 -0.016821 -0.006373
1386830.762674 518.007498 376.562863 0.014464 0.006012
1843128.023596 151.786270 202.153770 0.012767 -0.012256
538331.757550 546.143312 571.328546 0.000652 0.013569
944807.663069 332.057769 233.120957 0.009605 0.006680
106756.882792 755.211498 513.940504 -0.007491 0.016335
1618777.323337 226.771334 318.349773 -0.005112 -0.005457
1742666.514471 52.447763 6.301249 -0.000043 0.017090
1321460.731012 336.446494 70.073038 0.019907 -0.010414
620834.287545 213.481180 553.409110 -0.009496 0.011324
1523195.320518 587.907103 118.919827 -0.013998 -0.000961
1731081.362688 162.808697 251.989617 0.008883 0.000654
656632.629529 425.169479 479.958622 0.014357 0.016140
325566.043298 584.164214 581.418273 -0.013073 -0.010836
1792559.657149 667.052943 389.828862 -0.019476 0.013261
1778465.217808 258.887678 59.133808 0.012453 0.003453
1763427.173609 458.422520 192.661857 -0.016881 0.008980
1593951.392730 756.325311 556.025519 -0.011321 0.006691
886016.743670 436.177651 119.301338 -0.010296 -0.003830
204796.643092 324.432082 80.694565 -0.017144 0.003136
727276.621725 774.147899 247.696523 -0.019487 0.019226
488690.041233 721.978126 182.709073 -0.006283 0.008561
1781116.410057 179.631107 172.242363 -0.011530 -0.007820
20635.784613 6.930506 149.942169 0.017481 -0.010978
1834876.302553 303.936795 462.501886 -0.015347 0.004917
350019.654422 174.928150 17.039678 -0.007620 -0.008391
1214501.650638 538.423007 154.809986 -0.019202 0.007459
477760.385944 211.448517 353.350943 0.001737 0.004286
605806.972182 347.133338 499.087204 0.003600 0.005818
272576.070518 480.255756 392.456874 -0.004551 0.001496
1759240.741729 242.981758 550.379624 0.006014 -0.003208
1080301.612187 660.358978 383.160562 0.002749 -0.014602
1857771.559552 140.635841 484.775741 -0.012521 -0.012169
988850.145130 340.525700 276.139044 -0.016668 0.018762
134591.829094 309.036101 241.858007 0.015966 0.019047
96963.198901 28.318095 345.938724 0.008119 -0.003136
227820.812831 465.679148 435.150973 -0.018752 -0.010697
290631.014058 457.147463 34.775102 0.011371 -0.014409
385931.693197 570.239921 189.562900 -0.019966 0.015991
1023297.854244 396.412785 195.303082 0.018867 0.003160
589125.026292 31.276705 579.044022 0.007906 0.017518
1882412.602139 596.819495 584.085821 0.000709 -0.002060
790218.714061 505.303491 18.489817 -0.015183 0.006521
526777.357108 212.568051 140.519030 -0.007140 -0.018008
748590.766801 411.551571 457.589947 0.007604 0.000614
1324791.236466 161.499174 6.450257 0.019516 -0.013056
1179151.767483 225.962978 127.634379 0.002183 0.019202
301466.356172 396.539607 435.528903 -0.015027 -0.019462
349183.755158 415.421018 387.163238 -0.011783 0.005594
616335.581344 375.011158 543.346071 0.001701 0.011602
1910511.639859 733.452714 182.774506 0.008714 0.004277
1640005.631205 304.287919 485.193937 0.013238 -0.005279
1964468.728734 336.282934 390.444771 -0.012205 0.018998
1261209.360911 276.434982 282.412862 -0.005737 -0.001205
968463.258337 424.904424 593.510760 -0.014822 0.009459
1257770.379660 350.114230 123.266625 0.001366 0.019210
1991034.577596 391.685696 538.090175 -0.007996 -0.011702
1007596.648767 96.065844 352.774529 -0.007381 0.018024
1912045.142572 235.794033 222.816802 0.004266 -0.000417
692628.538559 189.846089 501.092214 0.012146 0.003538
609848.141023 240.962195 75.024377 -0.008236 -0.002771
1723251.459991 738.282142 521.001425 -0.017325 -0.001707
1696924.347289 50.010326 568.160173 0.009815 -0.005504
309029.791648 199.357380 289.628429 0.009689 0.002452
867302.640745 558.751335 513.787477 0.012198 -0.007801
691843.061099 121.015488 325.435730 -0.012769 0.018724
272265.500516 388.745087 161.790917 -0.009552 0.011201
1400582.436193 98.263629 421.729172 0.002769 -0.012403
320566.674844 333.620599 151.288556 -0.015710 -0.013502
1229627.376064 209.352423 246.887297 -0.016095 -0.019837
1946485.269790 424.978436 421.474921 0.011931 -0.009029
15066.369444 140.428056 292.483408 0.001994 -0.005739
911695.870064 548.786869 505.600119 0.009020 0.017884
1245159.992597 340.549937 42.043706 -0.006944 0.019810
519428.529087 388.660416 246.888717 0.000467 0.003736
1147820.552414 101.481621 512.863152 0.019420 -0.011031
1717933.562453 767.014454 453.305290 0.002462 0.011527
183230.377819 455.217629 578.274233 0.003165 -0.015252
640928.558372 27.926392 482.893160 -0.013477 0.010406
1503776.668340 628.527510 111.613823 0.012871 -0.015552
360957.489517 65.254674 358.191265 0.003680 0.003738
380073.533570 132.608728 432.102292 -0.018207 -0.013952
1889061.825298 723.106036 66.065009 0.008000 -0.001383
1796955.322752 633.320613 20.576004 0.014494 -0.005171
306282.549308 146.331679 243.383281 0.018320 -0.006168
332156.324914 567.806559 78.872134 -0.005914 0.001270
485168.456326 426.193328 367.847649 0.013526 -0.015008
413343.113108 23.730772 174.212384 0.017079 -0.017020
883643.182406 697.176368 586.994244 0.002077 0.002853
887249.075289 360.329716 217.777938 -0.000884 -0.007484
1467432.667253 504.818922 297.378505 -0.014423 0.003560
1682910.725327 244.449034 179.289096 0.018921 0.006308
1660796.624450 172.379632 114.142144 -0.002255 -0.017796
629926.086697 520.210844 50.780209 0.004214 0.003089
318150.466456 37.741922 269.195416 -0.014432 0.003965
40123.955365 464.786794 29.693819 -0.004682 -0.017630
724761.667999 93.484917 413.991774 0.014321 -0.009758
558074.092752 559.567466 337.018767 0.003112 0.006892
438651.350531 326.554967 532.751627 -0.003660 0.014109
1885724.248311 579.638718 301.190341 -0.018901 -0.006800
158400.153815 149.245503 226.357762 0.001116 -0.007037
1952982.963972 438.245401 543.027966 -0.018955 0.017242
1927788.328346 310.801562 28.615972 0.006162 -0.010137
607879.136041 746.438242 567.545746 0.014625 0.000434
1236504.919471 67.936797 551.400521 0.000244 -0.000221
1541570.438790 359.122006 131.535557 -0.009090 -0.000945
1098586.873663 281.673933 397.841348 0.017063 0.015193
1973812.054831 722.532827 256.710160 0.015673 0.017189
717421.361579 684.576606 190.595720 -0.003740 0.000388
1128238.588166 568.327343 265.606888 0.000401 0.003041
1906900.824936 102.679093 396.573064 0.014899 0.005376
311031.282093 514.571406 50.047123 -0.005006 0.016645
1119457.958787 739.190982 160.889919 -0.011053 0.014021
295815.608602 167.698123 452.180072 0.003024 -0.015945
1365835.790227 747.413224 574.290581 -0.019979 -0.006373
933742.419320 451.817234 30.677281 0.016384 -0.017007
1254474.420685 690.352551 121.834950 -0.008474 0.009416
1674721.783807 355.002807 227.250760 0.016826 0.012737
589441.845468 384.327156 445.508211 0.002516 0.008123
1186208.380939 568.529220 547.592462 -0.006127 -0.008546
28320.921598 23.875764 132.349857 0.018856 -0.018786
1123059.363627 350.595146 356.992071 0.004498 -0.006086
1339490.994503 192.058365 126.444402 0.014911 0.001129
1892333.765464 568.057878 583.120942 -0.007023 0.005240
1580513.963280 495.652113 66.654450 0.001303 -0.012703
1628540.167412 100.693275 535.815081 0.009079 -0.001096
358744.990248 592.895620 301.482541 -0.004001 0.008499
1065496.480589 769.226540 90.438749 -0.014893 0.002971
996930.964755 638.046612 488.648578 0.008368 0.006811
685065.261407 524.264703 228.293716 -0.007445 0.019203
22284.613001 83.643012 359.878410 -0.015074 0.005437
1564209.169505 749.292841 457.925663 0.007002 0.006543
471659.941818 683.643229 242.782566 0.009529 -0.009814
234378.384535 216.761522 129.696454 -0.009279 -0.004047
1581110.075852 613.109616 117.768984 0.004196 -0.000975
1733102.233956 757.929117 78.523401 -0.010125 -0.009524
222272.466972 206.481581 219.853161 0.008438 -0.004783
7593.072023 394.443338 190.124833 0.010683 -0.013262
1961038.188991 2.218527 13.626079 -0.004589 0.009643
554464.627316 401.925099 7.263546 -0.000263 0.010817
821613.773155 227.194962 322.064636 0.004258 0.015553
24485.756655 378.862780 501.848808 -0.014272 0.008821
196372.594776 203.443736 587.246904 -0.001415 0.018602
718005.964867 374.774380 274.888922 0.007015 -0.010469
1252709.545778 525.206665 142.847537 0.005959 -0.018330
1958473.456073 741.063403 326.451632 0.019648 -0.003215
628831.249023 321.718202 422.103133 0.014044 -0.019634
1185057.482303 690.657337 289.618716 -0.002847 -0.019737
406775.272641 421.611382 156.567092 -0.012735 0.019649
452064.211691 432.842579 276.045733 0.007368 -0.011324
1391094.198167 248.546429 524.145243 0.017338 0.018377
1830316.959801 730.376506 531.566263 -0.001629 0.016166
610994.441719 618.870213 183.819515 -0.019637 0.004990
631021.334152 481.368705 292.793806 0.011922 -0.018755
989235.750860 1.414773 334.522372 0.010221 -0.012651
1098658.789461 785.103191 434.877551 -0.019625 0.006629
1883467.686308 564.066720 585.812464 0.012624 0.005538
1871849.530317 584.330279 330.999445 0.012871 -0.012418
911993.535660 101.850876 577.923479 0.010500 -0.014549
1176139.691461 62.209576 442.883534 -0.016951 0.015044
1537174.407177 456.610092 526.710677 -0.006951 -0.006949
123261.179832 700.470006 184.681838 0.011479 0.015365
1946848.674653 582.562804 354.027019 0.017989 0.001730
457599.283409 708.577011 164.230002 0.011221 0.008297
926562.791190 189.221869 500.895205 -0.002531 0.020122
1942178.605097 11.750369 45.966283 0.008369 -0.016366
1905775.863633 382.226824 397.018716 0.013235 0.012157
1975712.466974 713.899803 407.702138 -0.008190 0.007153
1128937.655654 215.137377 244.107668 -0.013827 -0.011247
1900458.380534 306.600422 62.588578 -0.011046 -0.013444
1623668.112617 549.762178 240.173486 0.005860 -0.015452
798515.523224 494.094510 77.015203 -0.000963 -0.006931
438456.544857 343.144710 482.650323 0.015223 -0.009635
1216805.763178 694.932725 91.182448 -0.008487 -0.013426
1661706.700764 681.824667 259.878825 -0.010490 -0.019725
1303971.794110 150.438202 234.068238 0.010257 -0.003524
1107963.914568 454.643598 59.397850 0.018174 -0.011409
425643.800956 282.876726 499.474722 -0.006417 0.013228
318262.858465 448.431901 155.064892 0.018546 -0.002341
1036196.117772 457.635309 186.059164 0.006809 0.014413
948553.069005 400.866786 427.358289 0.016311 0.009537
1438074.149861 447.555294 556.037882 -0.015632 -0.007383
677338.477540 530.514538 530.490550 -0.002491 0.004700
197747.041563 520.512510 582.763719 0.017247 0.019669
1601492.672973 72.237306 331.274219 -0.017633 -0.017838
1987075.958395 461.810860 375.562478 -0.007854 -0.010097
971748.938305 622.212479 449.104236 -0.012077 0.007413
974474.447302 733.679299 146.851918 -0.003440 -0.018945
1121549.802423 602.137786 413.619217 -0.002204 -0.012384
613932.794246 434.982346 504.583820 -0.008873 -0.001000
1665525.531241 63.072198 339.184125 -0.004589 -0.014483
1238773.710671 302.790866 429.246542 -0.010184 0.007284
1925637.924078 585.041716 276.007902 0.008451 0.017176
290519.337305 158.796728 507.890525 -0.004392 0.004500
1745488.432117 760.734897 219.111857 0.002484 -0.004171
1111265.337612 695.307446 563.690578 -0.004149 -0.014087
829182.160473 183.572242 135.696061 0.019203 0.004575
728391.627189 479.437226 595.798003 -0.016824 0.013779
1349985.243450 33.848823 345.653863 -0.014595 0.010149
1010733.056353 224.103615 571.331242 -0.005926 0.006810
1129411.861826 179.718202 372.761095 0.017199 0.011472
33999.050983 388.510027 393.602435 0.018334 0.015288
1606354.705806 296.859818 66.900331 -0.018823 -0.005954
1451822.744427 314.836625 570.312993 0.008754 -0.001070
1590584.168020 315.031772 309.271509 -0.005147 0.001148
538209.161040 701.305600 485.280583 -0.011150 -0.010860
958317.440449 628.728830 271.876783 -0.015986 0.008638
479655.517489 93.943413 120.809455 0.015832 -0.017040
167238.956395 559.084440 267.088817 -0.012191 0.009129
1592486.357127 736.892305 73.056857 0.009869 0.005599
1189583.299304 433.592128 20.284907 -0.015585 0.016540
1124831.962923 303.453787 474.054960 -0.005154 0.004023
37146.621401 680.350886 232.033099 -0.001134 0.018034
205026.889315 569.150197 40.908374 -0.007846 0.004291
284161.461650 310.084490 183.686578 0.003487 0.003314
68690.410847 306.679731 302.233476 -0.013756 -0.014792
287411.349028 600.641789 403.404370 -0.012904 0.014446
1171263.018237 591.841920 144.206259 -0.004973 -0.015551
1682127.158941 315.375801 576.988223 -0.010892 0.014625
1824708.168313 264.220884 346.455940 0.019220 0.005365
369206.509725 98.069374 13.078253 -0.000371 0.008392
1208981.916871 419.998441 55.931957 -0.015666 0.007248
446720.970071 201.669378 259.193223 0.015822 -0.002824
586212.983628 384.998489 101.602562 0.001341 0.014280
560717.814863 299.650353 150.741870 -0.010326 0.004096
234257.601311 123.443785 559.426356 0.007782 -0.014610
1133248.557864 703.313242 154.398906 0.003535 -0.005203
1934248.125150 154.221300 536.924124 -0.017586 -0.007952
1152133.833222 226.852891 331.858431 -0.019678 -0.012843
1965200.129880 240.891371 396.357090 -0.013917 0.013387
1034901.121182 345.805997 125.629991 0.010757 0.006957
1623246.405098 708.668887 497.045385 0.009762 0.003212
1926329.093951 248.531108 275.722172 -0.011179 0.015963
1658576.383096 150.156114 55.128829 0.008970 -0.010080
786221.519479 240.290258 318.937182 0.017845 -0.007669
1421758.733421 743.091780 365.655774 -0.005116 -0.016820
888519.625593 711.095853 307.789904 0.006121 0.006288
374128.679919 372.104930 325.931479 -0.019382 -0.011625
247207.860577 782.906656 311.973491 0.003318 -0.012036
838233.393076 329.864697 232.024764 0.000477 -0.014519
1269501.125100 723.287315 262.144493 -0.013409 0.014101
1490342.234955 701.770157 467.572064 -0.005814 -0.010055
1720173.599068 639.151089 82.475654 -0.005085 -0.001894
1589947.016719 448.051379 550.682263 -0.006471 0.003028
254199.274003 369.517945 332.430632 0.005887 -0.018205
1506623.924480 52.943947 274.354996 -0.014397 0.003092
1187558.641279 619.818615 288.955491 -0.018777 0.017649
663885.182079 620.556964 491.021838 -0.015548 -0.014781
134186.233456 777.058918 557.637739 -0.011822 -0.006224
763995.101100 799.600154 542.678231 -0.008012 -0.006489
960104.740672 341.435268 479.739760 -0.018627 -0.017032
1689167.128731 629.993980 84.221070 -0.007923 0.017108
1435140.350571 716.436000 421.566067 -0.012038 0.017048
1287450.956780 424.793005 421.210318 0.000377 0.009435
1664884.491668 423.464561 368.235038 0.010491 0.009352
1916152.068375 115.154820 440.021709 0.014490 -0.002256
142374.806172 274.162302 522.305054 0.014834 -0.004927
1889104.925044 572.292816 98.555550 -0.016613 -0.019307
184043.514628 641.951266 547.645907 0.011781 -0.019940
1678137.485719 350.606310 319.518133 0.001639 0.016022
349432.717240 298.828069 257.776707 0.011533 -0.014589
327130.583267 597.226816 167.556534 0.015877 0.004362
1445781.852792 774.523206 571.054423 0.003735 0.013558
657045.848974 430.385158 332.683446 -0.000284 0.004913
1143416.638087 467.937941 255.089606 -0.000617 -0.004821
853229.746620 258.985773 490.675126 0.018362 0.014584
1436276.935710 106.955448 142.962579 -0.014081 0.016893
747046.145027 249.161711 401.117148 0.006109 -0.011681
555282.349025 300.477124 105.976007 -0.010827 0.018764
31011.744417 446.279530 304.168547 0.002799 -0.017971
259713.421697 113.332878 381.418131 0.002202 0.005051
30230.289339 785.371214 569.993448 0.013310 0.017633
1629124.594680 440.695526 44.703802 -0.017892 0.007952
1993199.337271 341.025039 6.077561 0.006607 -0.016835
437214.899080 754.258422 272.743009 -0.004199 -0.013114
847463.854052 328.562623 438.067918 0.017230 0.019223
1561464.248021 48.506757 73.352530 -0.003342 0.004625
1496915.452879 345.239866 358.366532 0.007942 -0.009427
1076064.875850 410.335573 489.178793 0.004500 0.002622
1028186.607653 487.274415 595.091199 0.000969 -0.009034
141764.248787 594.352563 130.225128 0.001019 -0.014476
778578.041484 759.357092 329.261789 -0.015233 0.015202
1058486.954802 720.033596 564.398294 0.006038 -0.007314
1112790.978101 319.888811 448.693252 -0.013851 -0.016070
24501.685065 553.461228 366.666776 0.013100 -0.007831
353571.678676 273.250506 548.060399 -0.013255 0.014635
375264.103699 191.620359 365.373988 -0.003809 0.010604
1493884.026769 635.212336 428.671094 -0.008178 0.016532
1188817.119779 659.892941 488.005716 0.001405 -0.000943
259519.063057 73.268165 525.714255 0.015111 -0.010188
1949033.547169 711.959741 562.239435 0.003431 0.008700
482529.103981 609.918389 35.519948 -0.013817 0.017247
1850091.109914 273.795984 102.437977 0.001361 0.009879
1871495.037280 224.724715 324.646017 0.006021 0.003043
908785.677938 195.568110 240.854104 -0.009289 0.011188
1755362.652128 318.039259 522.647892 0.010157 -0.008993
232765.271437 582.694628 99.042384 -0.017890 -0.007419
1765166.354256 235.793224 45.948169 0.017668 -0.002026
15434.920795 693.327629 474.886983 -0.012866 -0.003977
1077013.659792 91.242810 408.959845 -0.016818 0.010573
516053.778360 427.189797 5.284829 0.006376 0.012073
1576709.125925 429.673182 119.488459 0.006384 -0.008358
948767.654108 620.719905 11.719569 0.005582 0.013174
667159.362075 417.653919 74.349797 -0.003593 -0.001448
1146380.339352 334.291733 198.302051 -0.005406 0.003852
1462269.868451 722.547044 426.317819 -0.003502 0.019305
949273.004639 536.553569 310.007440 -0.000664 -0.006801
636841.273232 217.381230 520.346993 0.000704 0.017248
316267.470045 793.554902 424.272477 -0.012901 0.005264
1072709.865436 408.954753 92.217565 0.006412 0.016856
1234697.917120 186.844015 203.550472 0.017915 0.003928
1871003.135047 543.192494 300.756960 0.005837 -0.016335
968257.898916 96.361801 457.411536 -0.019948 0.004165
184803.100389 255.486454 525.433780 0.018373 0.013475
1613704.762242 94.139561 497.306999 0.000558 -0.008188
920804.219749 40.253281 483.882896 0.004593 0.008416
1455508.939668 185.007482 566.379144 -0.017320 -0.012833
1084419.887087 1.916832 514.901763 -0.018254 0.005935
1899527.167855 422.194563 461.367319 0.008481 0.001140
745706.753221 643.555258 508.735065 -0.010067 0.010560
1369434.811813 44.277255 529.031321 0.000547 0.002773
353913.564400 779.285738 371.760747 0.019330 0.003522
660308.989072 568.869765 491.651433 -0.009034 0.011124
1997036.600484 653.182117 468.409822 0.014266 0.014400
857968.969670 645.085747 232.615490 -0.012084 0.000740
1832483.595159 456.660984 193.845493 0.010648 0.012720
174050.590104 359.098398 524.836871 0.018751 0.018494
887791.815627 116.480943 561.792703 -0.017458 -0.014840
1048845.100705 314.880028 504.138513 -0.006249 0.006711
1236598.032171 273.816713 290.498742 -0.004043 -0.012047
688449.854352 662.335788 3.141271 0.009274 -0.018965
1047717.716101 518.575991 357.931792 0.013878 -0.003508
831685.772553 747.072231 516.664539 -0.008389 0.016106
1646809.537731 587.519703 29.018996 0.010392 0.011916
354697.854423 227.320631 114.892405 -0.019297 0.005123
1718570.137265 508.645658 582.111828 -0.006261 -0.018614
338487.908402 550.151137 517.550329 -0.013014 -0.003217
1776805.868268 558.763748 40.697406 -0.000602 0.001816
960078.654327 720.632639 287.468512 -0.006397 -0.012367
763596.911339 131.549773 555.439757 -0.002792 0.016975
1446903.674606 486.012646 125.125764 0.016631 0.005025
1673049.761761 619.399925 156.429295 0.012268 -0.015290
591079.477496 780.806203 483.227908 -0.013677 -0.013974
450261.526019 37.206177 509.481816 -0.008279 0.001260
788880.985598 618.446537 259.349138 0.014944 -0.015437
1247242.441982 204.352112 167.118226 0.001974 0.007421
405506.701397 218.146025 175.726982 -0.003547 -0.012484
1835863.754077 198.183248 577.011751 -0.012851 -0.017818
159031.381905 379.484697 18.434107 0.015400 0.005300
362722.217274 88.020525 407.369709 -0.018756 -0.003865
420997.232395 339.965613 105.599785 0.005729 -0.008032
580167.091722 213.182735 332.443592 0.002749 0.012625
479025.265425 617.061387 52.999402 0.001298 -0.012695
552036.800679 360.281516 258.244501 -0.010485 0.005156
969986.005207 253.868295 62.011933 0.000644 -0.011912
1471710.388303 557.622597 187.492318 -0.003406 0.009112
1430984.936390 500.321217 91.443350 0.015660 -0.009272
902052.609670 145.226300 320.820187 -0.019797 0.010007
700700.571156 195.616515 312.950265 -0.002450 0.011078
1408199.004553 571.769521 136.510108 -0.014620 0.018105
1713095.736556 495.643461 161.902878 0.018401 -0.014596
944491.339356 556.707892 499.258287 0.011386 -0.015573
1119457.834922 400.166479 441.576384 0.008487 -0.004335
8319.607940 130.581143 343.952139 0.001553 -0.013271
647061.014849 711.370053 247.636562 0.013803 -0.006878
379545.065751 439.302793 25.642168 -0.003316 0.007342
1990576.603445 218.943301 181.811546 -0.009391 -0.010655
876473.971119 589.936451 557.721676 -0.009183 0.000886
80381.552726 664.170448 13.390921 0.011045 0.001695
828036.629980 624.344325 423.316444 0.019497 -0.007230
1747623.103553 248.676458 124.917963 -0.008536 -0.013761
1072386.123739 381.095878 423.104127 0.003162 0.015741
777386.485961 459.366643 100.403564 0.007667 0.013578
801906.589792 103.987580 346.097507 -0.006784 -0.003979
197987.358178 296.482552 138.312393 -0.015149 -0.014127
1545926.498969 428.252481 556.318552 -0.000813 0.000946
492654.834172 281.871405 500.157303 -0.001757 0.005515
1978982.283724 792.672247 69.181554 0.007780 0.002791
17631.095842 66.558280 86.357256 -0.012957 0.011001
1966499.848276 461.627540 543.094134 0.002546 0.016147
611006.784537 527.283699 166.951049 0.001446 0.011215
850069.038966 247.238593 189.474547 -0.005912 0.011504
1676786.882652 478.868907 83.908530 0.006880 -0.017872
1557780.060711 529.215704 26.358995 0.015767 -0.005756
1227310.625476 722.431468 263.498274 0.010357 -0.016929
428616.731627 592.554418 393.619652 -0.015226 -0.007965
1127178.874392 339.944886 576.049616 0.013669 0.018436
1480731.590409 213.377158 162.051348 -0.017757 0.004765
115335.758829 715.536620 130.561119 -0.012095 0.002658
541498.807511 781.186305 136.782276 -0.007414 0.014828
1167776.423119 742.626108 464.238174 -0.019072 0.007431
1705487.274428 189.974539 255.969778 0.000349 -0.005725
1455042.508177 57.961026 469.080349 0.007502 0.016568
1485351.840726 342.209505 108.592631 -0.019497 -0.000643
1600046.444498 56.246752 227.014593 -0.019294 -0.009278
1889695.885540 230.636840 146.742606 -0.013090 0.004125
230475.999522 605.349383 318.910792 0.015551 0.011189
434670.210087 593.353879 10.305183 0.005759 -0.009977
748135.628527 297.155007 193.677985 -0.013756 -0.017644
474188.291689 718.739747 292.172293 -0.003280 0.016423
1941577.332067 174.464550 588.902772 -0.006030 -0.010582
499196.726130 235.241194 314.440166 -0.000237 -0.001326
254300.674542 487.529091 134.034425 0.006346 -0.000072
6325.354803 700.674081 143.983921 -0.019184 0.000800
980919.682878 315.622124 534.865054 0.012537 0.002004
1900851.625903 40.359762 269.198993 -0.002519 -0.001260
719689.197242 326.428040 412.032780 -0.006343 0.010291
1844748.197982 472.803180 30.730739 -0.002146 -0.016590
1036199.990211 458.916219 416.682959 0.009658 -0.010717
385683.919483 595.712915 64.918459 -0.002689 0.010605
1256102.471266 738.618898 95.749661 0.000765 0.009519
1419511.694191 375.873411 472.320809 -0.013658 0.016283
511292.832210 414.685426 189.202749 0.017692 0.014389
145034.134456 691.684920 270.393393 -0.015047 -0.007555
1071721.370831 513.510741 530.818139 -0.010786 -0.004664
233847.819378 338.551791 76.904272 -0.011002 0.014237
1786277.592083 682.417215 467.573816 -0.017895 -0.005095
1031918.257955 609.904463 505.558984 -0.007878 0.016833
1499349.890975 446.897957 263.472058 -0.017395 0.000044
597617.807145 109.989225 219.374746 0.009984 -0.009547
1353622.215499 228.307485 541.933202 0.002462 0.000631
573296.933702 542.756125 563.469300 -0.003410 0.016140
1590131.532210 246.308443 453.952046 0.002979 -0.005576
258416.177825 72.348486 73.754585 0.018868 -0.004265
87595.200207 577.097819 571.308728 -0.000684 0.011452
906233.425674 625.429175 554.247119 0.012751 0.001249
370032.188655 396.427811 489.899852 -0.016469 -0.017717
664767.085884 299.871583 441.410302 -0.009143 0.011583
1278253.811075 53.154935 58.513350 -0.004165 0.005633
916040.443311 419.977660 438.717960 0.003237 -0.000137
249204.321880 499.751275 130.760507 -0.016933 -0.015694
8661.484350 423.927069 533.624782 0.017126 -0.006055
841302.204338 90.427703 506.500024 -0.010506 -0.011951
1802783.200425 455.737304 345.772012 0.005480 0.013642
731632.451868 220.898078 544.529931 -0.001462 0.006872
1096714.972098 737.025354 118.101326 -0.008818 0.000073
1386984.768969 323.387783 76.235253 0.016462 -0.000763
469499.863903 732.628075 6.469839 -0.015030 0.013763
718651.906922 435.806260 574.247506 -0.011857 0.011277
316653.122342 84.003028 211.069477 0.009446 0.009625
385530.231700 80.214637 10.864507 -0.015989 0.002549
1379939.433830 518.961772 291.046642 0.015466 0.017133
1974529.288697 464.179486 199.403533 -0.015435 -0.000334
1626419.535664 279.311393 244.602972 0.012959 -0.001070
503204.831157 146.541851 10.815631 -0.011651 -0.004525
1600260.999799 293.497241 294.995530 -0.013927 -0.015942
467442.890847 275.656460 121.076721 -0.009926 -0.002204
1530910.291491 753.388459 56.160653 -0.009985 0.013147
43405.273949 190.129835 245.308392 -0.005834 -0.005916
1801413.789299 133.774044 420.731818 -0.007667 0.019649
348673.859774 447.943711 104.675909 -0.012302 0.010745
1122384.702378 793.950085 81.267658 -0.017886 -0.014227
474000.488629 229.329369 293.400774 -0.002446 0.001542
1867761.544822 163.339717 288.154466 -0.018899 -0.001816
617712.498930 39.314342 415.412654 0.008714 -0.003871
88793.583256 494.795201 342.304077 0.009829 0.017059
1123119.018564 735.899495 292.033825 0.009431 -0.015511
510837.786138 237.698870 62.823340 -0.004359 -0.005995
498234.962345 502.399681 381.996144 0.009525 -0.017330
350510.791107 537.615361 162.646349 0.006224 0.007973
1451432.125387 771.492013 449.122040 -0.003288 0.007292
303273.376219 370.026808 180.297302 0.008882 -0.011679
454803.713809 226.908882 76.616171 0.008572 -0.019216
480071.545802 775.689626 189.993947 -0.006213 -0.005574
1333575.176696 475.087587 593.104916 -0.007850 -0.006720
110627.538576 383.023534 2.342116 -0.006952 -0.014616
1406769.050940 41.638299 59.225654 -0.001920 -0.001193
1561676.394922 482.746524 559.559710 -0.016746 -0.006980
281255.947557 247.012257 365.414413 -0.009261 -0.019078
1257382.930842 406.849762 595.656956 0.017812 0.014130
706537.016996 489.712676 268.354993 -0.006329 0.016631
1558318.719993 317.748913 236.757524 0.011328 0.008939
1057752.200895 389.250734 465.384476 0.005105 0.017533
491364.625511 326.696438 325.154605 -0.012866 -0.000407
1734950.389590 255.159423 479.201605 -0.000934 0.003496
1643357.573842 84.295949 57.456784 0.012573 -0.017971
1898263.090243 134.080382 397.720086 -0.004149 0.000380
1157183.811607 140.427130 544.012236 0.018927 0.018343
1260090.642264 401.591889 267.027399 -0.003778 -0.014817
767107.214205 521.070739 322.868890 0.017015 0.013183
55740.578126 634.413827 89.087753 0.013057 -0.009227
1471867.368311 518.607148 224.925601 0.013233 -0.001528
851158.514084 624.689525 378.052096 -0.016462 -0.012912
279214.015361 533.559979 211.622856 -0.018157 0.005609
622537.959657 541.017935 85.241796 0.010257 -0.016726
543551.074594 112.015977 439.769276 0.012442 -0.017380
1125283.938425 670.174064 515.063342 0.008444 0.006563
255944.995329 357.691011 187.401744 0.000114 -0.008842
1549879.616848 742.735496 35.843554 -0.003797 -0.019322
474171.187949 435.785401 410.363647 0.003587 0.003638
648167.413030 720.814165 160.294323 -0.001350 0.006299
697835.028496 590.364180 478.443197 -0.016722 0.001914
1725670.433475 515.727377 231.289928 0.008817 -0.005708
99429.388577 679.343458 481.723869 -0.005517 -0.005921
163663.104253 109.586291 168.305375 -0.012657 0.001025
594763.153510 303.094958 52.192109 0.019255 0.018748
1355525.087265 244.372623 521.775247 0.017809 0.010873
1053977.892294 235.011630 305.785931 -0.007024 -0.004965
115031.983757 149.765358 12.296128 -0.002285 0.016335
752375.869431 394.151571 454.646929 -0.012829 0.014194
219437.964363 208.727290 595.127007 -0.004391 -0.003900
1068114.026016 550.099193 468.865535 0.004837 0.006771
1499866.051366 238.968856 584.529974 0.004774 -0.010261
1491842.997955 117.146362 322.415424 -0.009769 -0.001161
1826279.228472 250.554966 394.885897 0.017337 0.010246
1133058.067007 247.748166 149.336637 -0.007034 -0.000446
207507.431604 347.061900 449.896789 -0.016174 0.012964
304737.184339 503.836324 306.997022 0.017351 -0.009979
361247.467977 546.909241 329.567173 -0.013804 -0.007874
1585793.637478 720.635481 269.750600 -0.006787 -0.013753
1841064.114050 194.734102 281.671813 0.003150 -0.012915
451362.950938 116.108030 291.986332 -0.001015 -0.001227
1950936.490647 462.699621 541.963428 0.008860 0.007111
1454702.783122 702.027261 182.268519 -0.010440 0.012458
1108684.254395 335.699837 297.043402 -0.015854 0.002984
1596490.624173 717.215104 285.217193 -0.010357 -0.010952
1263706.185512 134.698367 282.177101 -0.015943 0.009882
1294332.516982 261.599792 535.364777 -0.014649 0.012064
723046.520130 87.393387 228.038410 -0.009408 0.013378
107937.715067 793.660745 427.209887 -0.005698 -0.010761
1046872.077066 729.538140 390.453797 -0.019272 -0.019384
450965.188654 653.418252 547.284813 0.008034 -0.017415
278162.196408 266.229672 139.849560 0.004373 -0.002633
1960316.196066 205.240501 456.717022 0.014894 -0.004389
1125740.257616 187.170930 299.750403 0.017715 -0.000056
668170.334151 797.386611 294.418627 -0.018157 -0.005822
1443825.863043 455.665059 159.915587 -0.005089 0.003527
564375.188464 478.572848 242.867608 -0.012222 -0.008032
938961.728913 266.846202 379.238949 0.008100 0.017711
132214.712972 546.239941 119.596755 0.013119 0.002205
1179224.623916 312.098089 473.359876 -0.016438 -0.006676
575213.267736 338.667439 197.916807 0.011118 -0.001219
1368718.602401 400.271143 23.490160 0.018035 0.014925
1254302.726711 186.369955 282.780268 -0.018712 -0.002901
1541011.519516 401.154940 456.560553 -0.003904 -0.011842
1407684.757098 374.914173 532.037329 0.016129 -0.008166
883750.411162 394.174421 411.670433 -0.010748 0.003282
38293.802197 414.742775 3.117694 -0.006039 -0.008124
949396.727117 26.702263 478.304155 0.000556 0.019376
1340193.529306 112.670825 130.324066 -0.014338 -0.013082
1289556.392138 729.522738 404.581660 -0.003774 -0.007426
1756783.113702 87.743425 469.694734 0.010600 -0.019513
157687.638028 165.677576 303.323309 0.010602 -0.002485
175039.783202 627.208539 573.757184 -0.016286 -0.014674
506304.289450 453.904539 99.823985 -0.017986 -0.016747
301433.914481 576.220613 133.330479 -0.005290 0.014477
790027.673724 10.162376 464.170120 -0.017222 -0.003256
176035.711624 758.259852 316.952354 0.014834 0.008518
1081972.172988 759.778625 552.016592 -0.018151 0.008600
715741.816310 107.220331 299.260925 -0.007428 -0.010927
1263880.632475 453.946872 476.593602 0.011936 0.004703
1751026.801649 759.247985 202.701557 -0.016102 -0.007312
399196.095951 394.194403 197.964989 0.018945 0.002469
1496994.359185 48.968907 305.928325 -0.008929 0.017288
445396.929255 654.092982 529.271233 -0.014294 0.014566
1193553.106484 400.373374 599.018276 -0.016169 0.012585
450224.472419 581.970497 229.291181 -0.019226 0.001039
1999453.321099 715.910924 285.139565 -0.006260 0.019733
1584501.028799 429.708281 291.128950 -0.015112 0.000416
94458.571679 696.547624 342.963942 0.002279 -0.014106
1007827.074736 623.742460 579.096707 -0.004562 0.016890
1658558.308919 786.223198 253.685148 0.013100 -0.016871
475365.567242 42.158800 483.466121 0.004735 -0.017106
663714.367274 495.690215 580.269026 0.012272 0.018273
1919117.403179 479.364729 296.655443 -0.002204 0.008851
9624.167350 393.611772 355.171962 0.003060 -0.018040
1478876.057770 64.367484 497.215509 0.008137 -0.001352
1502145.321808 426.968522 269.426331 -0.013039 -0.005545
1054818.871922 329.310915 248.336487 -0.006668 -0.018740
972186.690649 532.113783 390.627705 -0.001878 -0.001116
1216433.286302 330.061754 42.853861 -0.015893 0.014298
1585452.240699 85.901656 209.681758 -0.004607 0.007328
796849.675848 99.343459 458.645805 -0.010937 0.013140
461377.134761 782.585915 217.445105 0.007186 -0.013912
1447663.852688 165.686759 338.319641 -0.014485 0.001618
1190708.408687 499.111525 123.309196 -0.010146 -0.016928
1355477.244293 683.736825 293.878699 0.009967 0.018285
694211.989964 433.468021 38.830114 0.007866 0.017068
1497031.391364 75.965349 30.466122 0.000514 -0.007115
1759090.904966 594.786101 180.155580 -0.010319 -0.003069
904928.793621 772.625695 378.225420 -0.019350 -0.015852
341892.055395 489.320966 436.646750 -0.004939 0.014326
1609370.418642 43.414088 427.669338 -0.008220 0.012135
1339833.364515 513.214643 207.081261 0.009386 -0.006472
543533.833951 386.406770 259.849465 -0.007097 0.019829
1510075.678821 161.640081 443.641139 -0.017787 -0.002233
325429.097901 406.268905 246.032906 0.011726 0.000965
1027532.088117 771.269727 81.441337 -0.010349 -0.006368
1987715.010526 36.915789 236.981990 0.008265 -0.006379
396776.620483 301.190668 589.110015 0.001744 -0.015564
639902.701899 652.303276 356.374324 0.010119 -0.014485
1179865.857204 406.331785 204.041884 -0.006830 0.002531
1568458.621189 393.604598 42.594112 -0.012228 -0.008588
1190290.628555 566.470154 149.701396 0.009236 0.017979
1180185.991889 579.895948 597.331901 0.019402 -0.002752
672088.553511 146.765636 484.727451 -0.007293 0.009081
1837656.663655 510.356744 325.415878 0.000515 -0.004367
1360614.323691 82.175246 539.269469 -0.019188 -0.002718
924125.776125 643.677285 554.608369 0.001323 0.019952
418950.309241 102.595675 424.201732 -0.001663 0.014355
1312754.557148 39.188872 350.300731 0.006076 -0.018643
30587.249450 790.442361 130.501885 0.012921 -0.007760
1889215.610870 593.553184 566.319592 -0.000523 -0.009810
669560.509114 133.801571 214.530920 -0.010656 -0.012493
1579576.984783 556.546435 595.311235 0.008564 -0.010857
1982244.182370 738.818258 214.183531 0.007922 -0.004706
432350.935616 283.574851 258.709903 0.012002 -0.019748
930735.730068 652.364282 596.631921 0.007315 0.005539
600671.720971 501.983505 228.230065 -0.010223 -0.015420
1270601.892504 463.309404 169.142107 0.019716 0.012507
938976.299455 626.169844 304.959235 -0.001532 -0.000133
1474031.937064 362.229833 252.076505 -0.016241 -0.013962
1605130.416157 248.114699 303.127506 -0.010647 -0.015586
1023340.410098 559.393238 555.427208 0.000242 -0.004716
1128556.229700 645.153318 5.744881 0.017784 -0.017972
248420.950141 464.033317 377.809986 -0.003795 0.002884
884577.235619 700.486790 213.401433 0.018020 -0.006520
1704879.713107 550.022338 474.119974 -0.009094 0.011254
1882055.445519 60.168188 55.040698 -0.002151 -0.007632
404206.608610 766.350590 4.994569 -0.014888 -0.001437
780987.060993 553.683384 162.253532 -0.004000 0.005480
642018.800900 419.581467 130.229580 0.018028 0.017216
1579863.075903 314.316980 483.546783 -0.014180 -0.006264
286431.929230 798.530525 18.618650 0.017334 -0.009165
1625355.291937 699.559319 207.547120 0.016179 -0.007165
1310099.705732 85.275425 167.191648 0.006541 -0.010619
1485499.756171 43.027899 555.911960 -0.019471 -0.001837
1126826.147142 267.360219 587.037442 0.011214 -0.008611
1817754.082297 456.260944 406.703550 0.008593 0.008639
42605.713030 686.367473 428.449112 -0.017865 0.011637
1969490.396776 692.029839 399.497673 -0.006770 0.010782
1972945.507603 788.566154 525.678198 -0.009395 0.005965
221002.463354 6.283872 421.734851 -0.018515 -0.019156
314139.836614 480.301631 213.118537 -0.014579 -0.004769
1280098.799281 35.489980 570.690449 -0.007283 0.010364
1334025.561499 271.291794 370.344571 -0.004762 -0.004337
817314.073824 292.549068 153.988454 -0.017019 0.007860
52254.755074 48.773866 409.306202 0.016091 -0.006953
662711.798522 10.106883 200.347599 -0.018623 -0.018008
710212.109941 153.181890 390.093851 0.008413 -0.006922
61999.699130 280.379154 222.837973 0.019286 0.006732
261157.692532 519.315959 4.341816 0.009913 -0.018791
797766.605764 125.226752 237.491117 0.006221 -0.010765
184709.901076 545.328386 175.101198 0.010985 0.003347
1235796.007903 84.813472 357.875907 0.018081 -0.014389
1292608.929469 245.593261 198.969387 -0.008139 -0.019308
1317389.029692 261.932488 220.619204 -0.018796 -0.007615
71927.786838 128.433215 575.274353 -0.018267 0.016334
1977614.946653 353.743967 38.926603 -0.004618 -0.016088
591803.305127 381.652145 467.537548 0.003510 -0.009935
726241.200569 164.560506 214.481861 0.018388 -0.013698
995710.504705 484.830033 278.801411 0.013179 0.016100
963862.695249 390.682216 137.993187 0.013988 0.000732
1079147.418532 708.513197 407.442717 -0.000060 0.017165
1174876.041326 389.678242 222.753266 0.006097 0.014870
937689.950195 758.616801 209.292242 -0.010077 0.001434
1200871.358253 489.074943 444.999714 0.018318 0.002836
1798372.363578 364.656902 106.109779 -0.005451 -0.008580
158766.744732 676.519500 464.265050 -0.007618 0.007820
584123.108808 679.223971 348.579957 0.018838 -0.006111
1019930.488905 446.827802 500.519419 0.015244 -0.011565
1412068.961846 279.910551 95.533759 -0.017808 0.003929
1390465.348675 524.215692 125.636786 -0.002526 0.004534
1560588.704217 268.922763 41.502121 0.018288 0.007997
709118.110458 29.208959 327.280627 -0.014867 -0.006174
481739.437432 336.325791 116.917516 0.012868 -0.004343
1084185.081108 265.453330 569.857226 -0.004946 -0.011484
321427.933090 65.891781 337.708891 -0.007235 -0.014494
322096.383349 12.096359 475.508440 -0.005179 -0.001920
811598.476400 120.563168 472.796702 -0.001002 -0.015685
975828.599639 663.512171 86.761848 -0.018663 0.018313
980873.326296 219.460380 226.804912 0.007414 -0.016152
1538962.265262 181.968345 256.818811 0.008779 0.004154
1281944.833362 703.978807 411.663970 -0.011835 -0.012009
1646853.441208 291.985457 129.087380 0.004639 0.009416
1334224.681991 17.394924 531.649279 -0.001788 -0.000134
1987979.200663 754.441255 195.761622 -0.014460 0.019069
567825.405192 503.155836 150.470621 0.006493 -0.007425
693992.653253 345.244391 324.943151 0.011012 -0.013972
290886.182473 332.829233 18.527079 0.013265 0.004799
461579.700216 524.033364 590.872847 -0.002166 -0.009164
1440439.939238 90.406944 175.664412 0.004255 0.002727
1578856.275221 480.176022 306.824328 -0.015377 0.009545
975708.803616 319.628285 220.544407 0.009548 -0.017536
1363849.989774 68.503727 295.864254 -0.011056 0.014428
1287670.666020 295.248636 165.949237 0.006988 -0.011975
1793086.186886 724.436342 513.400543 0.015255 -0.005945
253419.465503 481.274885 278.558958 -0.003201 -0.011681
65064.939701 167.122410 484.896050 0.001754 -0.007021
1093948.624606 25.423156 434.418423 0.016591 0.010815
1570950.974510 477.233435 513.689118 -0.008867 0.012812
1433502.711092 737.936201 113.532365 0.019730 0.003888
779698.448619 711.923035 301.531542 -0.010182 0.010858
1707668.152502 297.783688 223.813629 -0.007275 0.011673
1161722.038482 280.547213 0.434703 -0.004433 0.015785
650195.260835 748.763613 555.804100 -0.018031 0.014028
1393276.303724 667.636610 268.310655 0.002109 -0.015479
534900.189626 215.559455 21.177143 -0.001733 -0.009482
1264731.390059 677.141299 91.629245 -0.014606 -0.016316
1848317.172308 790.916641 278.559011 -0.008119 -0.007727
512088.236637 702.338424 394.501739 -0.009735 -0.009314
1104225.446984 465.410344 121.863993 -0.000864 0.005235
107543.810321 140.002419 279.252267 0.000037 0.009113
1156781.673039 614.820164 598.258399 0.004548 -0.010998
520065.349769 196.875974 42.969361 -0.003484 -0.004760
327390.441823 269.626722 221.807534 0.005116 0.005366
1353004.063178 707.217337 307.197444 -0.006624 -0.014375
1558240.596931 709.013752 433.473145 0.019288 -0.005423
706633.334377 28.820860 323.731867 0.012753 0.001495
534505.464385 317.620975 183.240200 -0.009426 -0.019564
1061346.780072 419.576959 154.222669 0.004101 0.017501
1275778.349152 612.736999 164.571095 -0.019700 -0.004243
1816858.008419 547.217361 166.772819 -0.003179 -0.019277
837596.447597 159.654191 542.517832 -0.014354 -0.012734
537634.699856 395.729905 130.649074 0.012333 -0.007466
1509630.032587 60.423840 426.188291 -0.018060 -0.006613
1442342.147903 472.881567 518.644661 0.019128 -0.012273
1603574.954720 492.726449 575.625547 -0.016954 0.004943
706735.606634 787.642471 184.521297 0.005253 -0.003797
651319.147391 40.152797 362.760746 -0.010800 -0.012343
1573016.600485 398.927864 411.651120 -0.019837 -0.007711
1998835.487291 607.326634 229.685184 0.008390 0.012777
1445522.677826 344.767982 246.267591 0.003489 -0.003639
1207599.107738 311.236518 15.012980 0.002527 -0.001388
1297106.122271 733.278566 269.804038 0.018234 0.001917
1709409.523620 225.411478 358.920465 -0.001624 0.000467
1579454.636005 196.709879 6.239129 -0.000965 -0.009990
635151.660366 380.253238 5.541079 0.008013 -0.012595
1657542.871152 338.413028 369.522940 -0.010428 -0.019589
50074.195513 674.363987 239.593122 -0.017997 -0.003751
1728956.987955 558.868380 193.641195 -0.007437 0.006180
1741304.677791 135.070972 561.922327 -0.001248 0.005123
896425.988943 206.855760 524.507430 -0.001651 0.009374
248631.410417 620.944862 125.826823 -0.014658 -0.000938
789536.960791 769.847346 539.726850 -0.019573 -0.011934
1819863.026878 28.611470 26.746486 -0.007628 -0.016563
901731.744829 139.045656 470.691176 0.010943 -0.000483
878442.611954 515.352964 393.985541 -0.004971 -0.015480
569936.175165 659.099977 222.952585 -0.013638 -0.008695
212161.644461 226.695315 35.305796 -0.007367 -0.003312
1070836.321949 568.443451 227.694643 -0.002601 0.008853
1162154.364009 275.994550 454.301334 0.005031 0.006169
1685995.778854 61.319063 496.853994 0.005141 0.014012
631794.399876 53.437349 296.632302 0.018907 -0.002300
