120102.793966 630.518095 121.716280 -0.006082 -0.005541
269277.329682 300.363664 155.934646 -0.018256 0.015163
1260731.205931 302.010960 191.769953 0.013086 -0.002974
973263.179405 632.748262 573.028768 0.008523 -0.005928
1683880.506867 289.524653 229.518830 -0.016840 -0.013039
1760997.696668 175.193308 580.792000 0.011714 -0.019836
354965.669268 682.057687 474.823476 -0.004784 -0.011998
306862.422408 412.073321 346.396140 -0.003485 0.002366
913598.742761 34.744372 562.324804 0.011107 0.014842
723511.401901 210.362902 397.432311 -0.007313 0.019067
27418.055584 127.079960 203.341551 -0.004128 -0.010479
1026719.971107 221.766740 273.281317 -0.000716 -0.017201
919235.655535 527.435605 553.139999 -0.009943 -0.018405
247720.705461 324.077909 333.475106 0.008053 0.012690
229642.751734 125.913934 516.835372 -0.017951 0.017267
1463437.116455 330.486540 118.758231 -0.004258 0.009192
349002.480669 325.695181 533.801915 0.000876 0.011796
253345.397419 21.800474 48.642687 0.003303 0.000366
301882.374241 33.540034 101.108337 -0.017045 -0.008247
417897.793659 158.151653 419.588219 0.010567 0.015939
1032678.423930 703.157729 34.220684 -0.004919 0.017238
1981626.739717 86.758692 206.275845 -0.012516 0.000283
148080.320166 290.737029 545.912511 0.018532 0.015054
1426235.401736 72.211629 542.468364 0.011784 0.006906
826207.458426 756.166589 428.641641 0.003262 -0.019252
17939.873048 632.887639 129.673867 0.008286 0.002223
229060.592236 178.924297 260.625624 -0.013076 0.003964
729567.630556 129.573527 425.808206 0.008385 -0.006032
424191.899795 625.747100 428.038696 -0.015139 0.009786
1179453.697605 667.595840 501.597963 -0.000298 0.005140
1017047.714916 725.099254 344.266015 -0.011059 -0.000459
1184883.571782 186.372928 168.090004 0.012322 0.017644
1669257.284919 738.201006 98.228969 -0.009282 -0.016508
1530870.404807 506.887921 153.254570 -0.001030 -0.006343
1211583.405366 549.786495 75.169358 -0.007251 0.012373
1741377.547263 727.024726 385.907320 0.008276 -0.003853
544004.606336 172.324630 185.233775 0.013850 -0.002453
1594854.852927 350.209275 402.542445 -0.016923 -0.010139
1223177.906695 729.483596 101.549452 0.010990 -0.012948
527324.168257 433.100015 487.986893 0.000769 -0.019343
312490.830343 99.890021 422.426216 -0.009229 -0.002469
1025907.483430 121.092490 211.813848 -0.013740 0.014341
1509229.653286 342.229262 43.751292 -0.017671 -0.009211
1023852.793045 688.400478 427.783105 -0.012673 0.017504
1918069.081343 635.505657 509.654092 -0.014832 0.002814
59433.087734 314.252147 67.613548 0.013729 0.016466
257531.464220 800.298929 21.923303 0.013293 -0.008775
961609.428265 276.981365 259.690986 0.013353 0.000072
582120.371322 470.201463 558.382148 -0.005429 0.006024
408974.288222 701.374311 306.918005 0.016745 -0.017643
899929.745542 700.488391 512.108578 -0.008029 -0.019830
849952.291162 263.232745 237.924041 0.001496 -0.013090
617567.269419 532.511449 103.650200 -0.006174 -0.000035
907629.657959 661.513360 506.880481 0.015481 0.006354
693382.430213 141.951588 148.628180 -0.008911 0.001679
1797970.130014 385.191078 250.863883 -0.003538 -0.004076
955435.349120 688.762070 164.230456 -0.006716 -0.013576
557659.864685 605.719937 293.468302 0.007024 -0.008246
1324351.926951 788.017298 575.734459 0.013371 -0.006805
917046.023028 230.816873 93.759608 -0.007873 -0.012943
1632997.046985 519.427766 212.222773 -0.017466 0.017102
1790149.784549 770.339609 244.966816 -0.007433 -0.004990
1613713.184192 632.463867 140.932156 -0.016778 -0.015071
791753.703166 288.277917 527.569602 0.015412 -0.018580
347958.385175 437.650909 12.146460 -0.014652 -0.004658
701432.257286 473.858633 403.044219 0.000311 0.015824
1693039.169392 258.903081 327.004348 -0.012025 -0.004478
944105.254926 76.069669 210.667398 0.015285 -0.003683
1451122.988691 550.315290 119.668195 0.018429 0.010755
644142.737912 285.244614 76.791359 -0.011904 -0.010305
328294.663843 300.543092 473.809267 -0.012361 0.000409
344141.964030 428.535590 60.870168 0.013718 -0.018293
1995072.262359 551.828145 220.382170 0.001699 0.015577
1509670.835691 11.456592 590.742606 -0.015740 0.015797
783939.521193 665.399252 349.858497 0.003583 0.011721
702233.533702 730.449373 89.386109 -0.000818 -0.015291
783487.379916 514.622609 294.994979 -0.012717 0.013095
1976.599918 282.428055 217.819244 -0.015863 -0.012105
812477.567611 80.774883 531.991471 0.010925 0.005768
1551513.418346 422.468509 395.002595 0.010382 0.005360
1106838.468046 121.035929 279.534685 -0.014536 0.009717
516376.429478 389.671208 393.902167 -0.003769 0.018692
1541877.001311 639.373383 366.624925 -0.009513 0.019232
877046.727052 210.746570 200.505724 0.012089 -0.005351
1062152.807164 166.525010 280.561390 -0.003293 0.019282
220503.739184 154.857739 305.808080 0.010756 0.018113
285758.867062 257.543373 62.785273 0.004302 -0.001861
1694852.848395 693.279047 566.842753 0.000192 -0.009133
1823523.613542 219.354109 44.324591 0.000903 0.001463
109429.840049 768.383856 479.855629 -0.004449 0.010495
331166.874772 736.254035 582.371969 0.005303 -0.006521
1904142.131984 594.136467 318.580589 -0.001571 0.000439
967910.745632 483.240271 499.487379 0.003532 -0.011505
581591.096978 348.633900 47.765834 -0.010614 0.017529
706572.319710 118.042626 128.245511 -0.002964 0.006831
1499518.371885 385.500849 378.527688 0.001968 0.014850
785875.055374 571.643572 474.510959 -0.005458 -0.006112
257524.722376 252.842488 54.181323 0.006428 0.011141
1201976.699383 114.875650 228.746017 -0.002631 0.009285
1186503.038363 579.910421 101.468647 0.006854 0.018408
215485.423904 20.230153 64.880184 -0.007134 -0.001902
1555844.913030 56.708258 560.757241 -0.003685 0.004797
1610655.802121 641.032637 200.591062 0.003846 -0.013396
1363983.919548 580.381916 288.410414 0.010877 -0.004604
515601.680854 298.417453 317.408285 0.005552 0.012260
521772.659627 185.494086 319.239359 -0.002821 0.016142
984056.433190 429.728438 558.101089 0.003700 0.013931
764465.851134 302.359397 557.820328 -0.007328 0.011447
1098768.237559 97.920758 352.747122 0.014874 0.008798
1505133.839094 452.717281 265.987666 -0.010707 -0.006497
1656881.889169 392.851359 426.230686 -0.005676 -0.014812
1035409.796534 493.898717 216.712561 -0.018019 -0.018108
532033.862794 432.679813 350.222689 -0.012176 -0.014339
885049.308131 462.195265 312.103979 -0.005116 0.015774
611963.250959 737.297877 10.182593 0.015720 0.012219
1469794.933437 516.618000 223.294353 -0.012635 0.015444
1419313.830053 5.444410 222.345278 -0.003158 -0.005440
1001399.715897 750.968052 589.500657 0.014491 0.019469
57920.523946 102.969408 317.036963 0.004546 -0.007026
1340168.589419 44.302766 541.211266 -0.012396 -0.002902
1593328.125585 396.799853 209.121689 0.012536 -0.004440
308175.125303 438.481696 21.410180 0.000971 0.009095
1829796.170737 188.068416 440.193876 -0.008570 0.006237
194622.977727 628.723076 356.669778 -0.016829 0.005964
1163384.351490 86.083659 466.718784 -0.015457 0.009049
203536.384834 623.901299 466.606714 -0.019844 0.018801
408990.508136 640.497461 279.551712 0.002275 0.004602
1709918.606891 566.180649 96.846124 0.015682 -0.010648
1776676.395804 644.269444 280.600580 0.004825 -0.016379
248411.979642 575.454468 526.622007 0.008743 0.011925
1052401.075630 239.922581 543.636694 -0.007842 -0.003556
1254879.329007 324.312481 114.464820 -0.003776 -0.003594
322021.593490 487.228122 125.659901 0.003846 -0.014260
1647379.426121 385.811561 521.519011 0.019420 -0.005116
204691.412954 699.134118 106.328341 0.002807 -0.000173
536197.156895 555.547517 128.724487 -0.014193 -0.003471
25648.950611 537.620674 428.461551 0.016705 0.018975
247729.502734 437.000592 228.875152 -0.007404 0.018033
1580350.309415 380.178248 335.508910 -0.020001 -0.015900
1443766.372951 659.136901 350.835944 0.003667 0.012381
1912564.341869 554.565256 409.681666 -0.014667 -0.009430
357511.299829 321.183972 575.490593 -0.004350 0.001858
744693.135258 324.627932 130.948701 -0.016558 -0.007005
387589.365424 167.748073 523.059772 0.002985 0.000963
1645202.005117 291.695295 -0.024423 -0.004710 -0.005382
205411.871060 83.578491 113.395156 0.007494 0.007833
1996032.971887 514.765467 233.737765 0.007427 0.010669
1306804.762830 688.044389 106.790296 0.004501 -0.009861
1450619.077985 788.263393 395.377177 0.017733 -0.017180
1969754.747101 110.406166 168.293542 0.013775 0.008610
1609086.544071 543.641112 45.770906 0.012190 -0.017524
883645.576836 726.048963 99.594098 0.005464 0.003700
1722771.757153 502.605313 142.406401 -0.009974 -0.007581
28763.775727 722.880076 101.797398 -0.012116 0.000566
845989.907554 734.060074 301.079537 -0.016723 0.014442
1143645.596292 54.300298 600.069783 0.014085 0.016943
1423342.375748 525.486273 361.941707 0.011513 -0.001562
1329764.171191 184.647377 221.514704 0.013239 0.014443
1926056.274178 553.424500 294.095884 -0.011989 0.017715
1598411.507718 172.453695 507.878414 0.018763 -0.003694
726058.746095 313.800121 195.469230 0.014561 -0.001022
375371.614646 348.604578 324.960760 -0.012577 -0.008553
932014.105344 718.682258 566.945482 -0.017182 0.007273
811741.037672 587.594252 550.791330 0.010982 0.002617
1557690.799962 589.829669 154.614697 -0.009264 0.017517
399385.155365 53.628458 91.528887 -0.018141 -0.018551
1122038.441301 327.808126 256.734728 0.015480 -0.009086
1805346.826001 59.601792 425.634293 0.000916 -0.007532
1995636.369100 728.879512 96.750596 0.017698 0.019317
1695958.700821 278.896272 428.112222 0.010641 -0.015088
558004.577904 435.802539 516.514973 0.001451 0.012512
1597187.265566 588.989784 528.613566 0.018080 0.011279
1833981.536251 410.146320 114.718646 -0.006185 -0.004000
929917.220459 198.022433 284.705881 -0.013117 0.007628
1471826.909795 138.354042 361.507913 0.015864 -0.015403
1165988.196230 595.353771 277.969761 -0.008152 0.000416
1172216.120722 460.817858 32.651269 -0.002170 -0.015495
1736107.381869 196.296165 508.435065 0.009948 -0.012150
1259741.624473 532.804316 425.430458 0.012849 -0.019571
218963.730251 229.017495 155.221667 0.003356 -0.001589
1902503.935575 255.742967 379.755309 0.002178 -0.011347
1496596.111682 109.609931 576.228974 -0.011548 -0.002643
941537.357374 638.162284 6.070409 0.001053 -0.010210
245239.558744 315.482188 293.234248 0.018817 -0.014294
1372376.816986 480.176483 484.801231 -0.004169 -0.003136
1637971.852737 403.983185 424.270973 -0.016963 -0.016389
337179.376901 23.472219 245.341305 0.012110 0.003342
1249672.392965 440.268072 432.643857 0.003394 0.010457
310196.676436 44.567158 335.760835 -0.013367 0.003286
1607296.809371 230.389047 585.188973 -0.008256 -0.009682
236307.595035 783.661580 515.302037 0.017043 -0.004979
561161.337682 596.646904 528.606575 0.019486 0.012916
1939371.158341 125.414258 511.617695 -0.004858 0.018359
870700.636353 2.329351 305.530933 -0.013740 0.003547
541779.813609 249.201063 386.799736 0.013240 -0.000905
453110.709066 506.944975 459.352893 -0.011920 0.017070
47266.968548 256.654106 543.384978 0.015299 -0.010163
562186.379247 130.285728 594.837892 -0.013531 -0.013960
1629854.769274 105.194336 185.083322 0.006682 0.000387
534606.907766 82.076962 307.621987 0.011060 -0.009665
203362.833803 38.044491 342.007620 0.009835 0.015166
92345.910190 778.630025 306.705402 0.012432 -0.012993
877177.283576 667.663162 297.530197 -0.006210 0.008688
1484435.888699 500.774316 528.648331 0.009363 0.011488
64404.659935 439.109083 550.920847 -0.006343 -0.011403
856791.879449 486.768220 190.866845 0.017648 -0.004621
1153201.109335 34.195517 259.239596 -0.014197 0.011626
618554.387530 154.063647 457.030321 0.012842 -0.019875
1875266.974734 207.562953 502.949266 -0.002689 0.004172
1111007.126566 140.269660 138.275863 -0.002549 0.016403
34336.430968 375.085285 275.343615 0.017575 0.005579
1349224.196444 291.797989 250.012028 0.019705 -0.007778
1602661.077679 455.357738 209.472646 -0.010663 0.008587
276647.354605 434.153280 544.532934 0.016194 -0.005510
1822198.850020 670.960380 373.419101 0.009954 -0.009127
453696.245539 243.717472 268.429281 -0.001712 0.009668
713133.517985 379.372588 125.440754 0.012605 -0.003607
36437.158490 391.772455 464.295195 -0.002765 -0.000638
159010.190591 189.157688 31.284000 -0.002856 -0.001209
1535456.720523 453.459535 7.007134 0.007013 -0.001274
749811.288319 469.718844 183.352538 0.019875 -0.006547
1154889.427663 179.141127 384.448433 -0.019008 0.007229
762647.938338 304.906691 92.735608 0.003623 -0.012144
1129345.827331 486.850930 411.189569 -0.006496 -0.018282
337378.635228 334.171259 168.594471 -0.011168 0.013859
1499918.929068 791.117643 247.923389 0.010407 0.006604
1760744.261444 108.990991 150.079071 -0.012552 -0.014652
1172923.453698 610.674252 215.459930 -0.010941 0.011536
79642.974809 486.334346 101.216734 -0.012203 -0.012040
730713.756164 607.203627 484.158850 -0.017945 -0.016078
1702955.846536 175.706695 309.583436 -0.014704 -0.002375
724785.897287 705.774760 257.844873 0.011034 0.005756
187236.443249 524.438673 468.419870 -0.006229 0.013673
1828784.213322 744.402711 363.042317 -0.009244 -0.013452
787390.226865 250.360984 459.582613 0.002494 0.000269
1929498.061505 742.802344 160.768498 0.010741 0.019206
730520.102536 499.352740 119.994865 0.015235 0.010416
1281053.293162 194.584163 382.137904 -0.017200 -0.019245
562426.321470 130.541626 404.880540 -0.017522 0.000290
1033437.869061 780.293200 263.012255 -0.015114 -0.010070
1192859.900739 412.671291 336.659862 -0.005501 -0.016839
138898.690296 261.564360 3.859947 -0.006520 -0.016005
1973181.982512 561.266489 433.985792 -0.012559 0.003324
957790.512106 661.032182 496.540679 -0.015331 0.015870
1692076.045876 318.200367 36.230083 0.000831 -0.001630
1136829.509929 29.594376 260.644601 -0.019612 -0.013621
1367539.427880 482.631494 405.923498 -0.010182 0.018657
1509350.044424 252.196048 176.000014 0.010431 0.006092
785056.476847 598.294109 212.529797 -0.015369 0.017388
1873643.585422 475.924190 456.920496 0.010548 0.008437
1315983.134935 488.062751 64.977198 0.008773 -0.014743
1135951.929323 229.033283 100.737901 -0.019867 -0.008251
656102.584980 548.884587 538.933006 -0.019844 0.017283
1727078.126616 606.543122 148.288502 -0.013746 0.000826
1797488.349396 439.115079 161.293683 -0.009894 0.006601
406141.346510 151.722115 156.104294 0.018574 0.018120
1941231.998588 497.444950 337.509965 -0.016818 -0.006379
1386830.762674 518.278608 376.675495 0.014462 0.006005
1843128.023596 152.025683 201.924122 0.012777 -0.012247
538331.757550 546.155555 571.582740 0.000654 0.013552
944807.663069 332.236420 233.245558 0.009464 0.006616
106756.882792 755.070781 514.246761 -0.007522 0.016341
1618777.323337 226.675612 318.248560 -0.005100 -0.005344
1742666.514471 52.446991 6.621707 -0.000039 0.017102
1321460.731012 336.819574 69.877946 0.019898 -0.010402
620834.287545 213.303305 553.621243 -0.009483 0.011309
1523195.320518 587.644620 118.901910 -0.014007 -0.000951
1731081.362688 162.975363 252.001915 0.008899 0.000658
656632.629529 425.438585 480.261076 0.014355 0.016131
325566.043298 583.919129 581.215049 -0.013076 -0.010847
1792559.657149 666.687778 390.077259 -0.019485 0.013241
1778465.217808 259.120746 59.198939 0.012414 0.003496
1763427.173609 458.102046 192.833385 -0.017329 0.009362
1593951.392730 756.113164 556.150564 -0.011314 0.006651
886016.743670 435.984207 119.229628 -0.010345 -0.003821
204796.643092 324.110602 80.752619 -0.017155 0.003057
727276.621725 773.781821 248.056371 -0.019570 0.019167
488690.041233 721.860433 182.869560 -0.006274 0.008562
1781116.410057 179.415258 172.095742 -0.011500 -0.007823
20635.784613 7.258292 149.736430 0.017492 -0.010973
1834876.302553 303.649194 462.594199 -0.015339 0.004933
350019.654422 174.785351 16.882442 -0.007616 -0.008385
1214501.650638 538.063067 154.949988 -0.019202 0.007478
477760.385944 211.481217 353.431241 0.001752 0.004281
605806.972182 347.200803 499.196138 0.003598 0.005805
272576.070518 480.170367 392.485037 -0.004559 0.001509
1759240.741729 243.094364 550.319137 0.006000 -0.003246
1080301.612187 660.410709 382.886888 0.002770 -0.014597
1857771.559552 140.401345 484.547544 -0.012498 -0.012178
988850.145130 340.213247 276.490691 -0.016669 0.018757
134591.829094 309.335510 242.214942 0.015980 0.019036
96963.198901 28.471112 345.879893 0.008208 -0.003140
227820.812831 465.327589 434.950388 -0.018758 -0.010704
290631.014058 457.361144 34.504598 0.011429 -0.014454
385931.693197 569.865380 189.862670 -0.019996 0.015993
1023297.854244 396.766274 195.362804 0.018849 0.003212
589125.026292 31.425122 579.372089 0.007929 0.017484
1882412.602139 596.832681 584.047020 0.000698 -0.002079
790218.714061 505.018868 18.612203 -0.015185 0.006537
526777.357108 212.434357 140.181575 -0.007125 -0.017997
748590.766801 411.694039 457.601355 0.007597 0.000603
1324791.236466 161.865046 6.205635 0.019521 -0.013044
1179151.767483 226.003961 127.994449 0.002190 0.019216
301466.356172 396.258145 435.163881 -0.015004 -0.019484
349183.755158 415.200232 387.268236 -0.011773 0.005609
616335.581344 375.043149 543.563268 0.001712 0.011572
1910511.639859 733.615976 182.854696 0.008705 0.004279
1640005.631205 304.536283 485.094691 0.013261 -0.005310
1964468.728734 336.054225 390.800866 -0.012197 0.018996
1261209.360911 276.327398 282.390445 -0.005742 -0.001187
968463.258337 424.626573 593.687898 -0.014824 0.009441
1257770.379660 350.139384 123.626981 0.001317 0.019238
1991034.577596 391.535764 537.870666 -0.008001 -0.011719
1007596.648767 95.931904 353.111745 -0.006947 0.017956
1912045.142572 235.874008 222.809008 0.004267 -0.000415
692628.538559 190.052703 501.155048 0.010089 0.003347
609848.141023 240.807879 74.972444 -0.008228 -0.002770
1723251.459991 737.957258 520.969409 -0.017339 -0.001709
1696924.347289 50.194386 568.056658 0.009823 -0.005541
309029.791648 199.538731 289.673791 0.009660 0.002388
867302.640745 558.979892 513.641148 0.012187 -0.007812
691843.061099 120.775654 325.786269 -0.012819 0.018677
272265.500516 388.566066 162.000910 -0.009549 0.011204
1400582.436193 98.316631 421.497073 0.002887 -0.012358
320566.674844 333.326112 151.035445 -0.015710 -0.013503
1229627.376064 209.050960 246.515362 -0.016070 -0.019846
1946485.269790 425.011897 421.268501 -0.009180 0.000546
15066.369444 140.465510 292.375730 0.002002 -0.005750
911695.870064 548.956062 505.935312 0.009032 0.017879
1245159.992597 340.421729 42.416909 -0.006715 0.020018
519428.529087 388.668657 246.959358 0.000412 0.003801
1147820.552414 101.845638 512.656272 0.019419 -0.011042
1717933.562453 767.060762 453.521020 0.002478 0.011490
183230.377819 455.276969 577.988106 0.003166 -0.015276
640928.558372 27.673877 483.087702 -0.013465 0.010350
1503776.668340 628.768641 111.322411 0.012857 -0.015540
360957.489517 65.323774 358.261228 0.003693 0.003727
380073.533570 132.267339 431.840429 -0.018217 -0.013988
1889061.825298 723.256057 66.039277 0.008006 -0.001362
1796955.322752 633.592248 20.479076 0.014488 -0.005170
306282.549308 146.675280 243.267554 0.018340 -0.006179
332156.324914 567.695636 78.896161 -0.005921 0.001294
485168.456326 426.444428 367.566799 0.013271 -0.014951
413343.113108 24.051031 173.893394 0.017091 -0.017014
883643.182406 697.215287 587.047505 0.002075 0.002830
887249.075289 360.313050 217.637845 -0.000894 -0.007463
1467432.667253 504.548637 297.445231 -0.014415 0.003560
1682910.725327 244.803948 179.407380 0.018946 0.006313
1660796.624450 172.337460 113.808683 -0.002245 -0.017782
629926.086697 520.289722 50.838214 0.004202 0.003100
318150.466456 37.474572 269.269551 -0.014102 0.003944
40123.955365 464.698773 29.363872 -0.004709 -0.017573
724761.667999 93.753389 413.808644 0.014323 -0.009781
558074.092752 559.625783 337.147886 0.003110 0.006884
438651.350531 326.484048 533.017972 -0.003912 0.014316
1885724.248311 579.284417 301.062750 -0.018901 -0.006813
158400.153815 149.266545 226.226103 0.001129 -0.007010
1952982.963972 437.890123 543.351320 -0.018952 0.017259
1927788.328346 310.917246 28.426177 0.006181 -0.010113
607879.136041 746.712406 567.554022 0.014627 0.000449
1236504.919471 67.941424 551.396153 0.000250 -0.000245
1541570.438790 358.951475 131.517731 -0.009105 -0.000957
1098586.873663 281.993740 398.126100 0.017059 0.015189
1973812.054831 722.826535 257.033391 0.015663 0.017300
717421.361579 684.506532 190.603023 -0.003736 0.000391
1128238.588166 568.334841 265.663963 0.000399 0.003048
1906900.824936 102.958433 396.673935 0.014905 0.005386
311031.282093 514.477756 50.359300 -0.004986 0.016662
1119457.958787 738.985406 161.152555 -0.010887 0.014004
295815.608602 167.754727 451.881025 0.003015 -0.015961
1365835.790227 747.038646 574.170829 -0.019986 -0.006404
933742.419320 452.124489 30.358703 0.016399 -0.016984
1254474.420685 690.193681 122.011424 -0.008476 0.009412
1674721.783807 355.318209 227.489536 0.016825 0.012739
589441.845468 384.374539 445.660407 0.002539 0.008116
1186208.380939 568.414318 547.432269 -0.006132 -0.008545
28320.921598 24.229317 131.997741 0.018866 -0.018783
1123059.363627 350.678890 356.878157 0.004436 -0.006068
1339490.994503 192.337905 126.465717 0.014915 0.001145
1892333.765464 567.925419 583.219641 -0.007111 0.005293
1580513.963280 495.676238 66.416516 0.001271 -0.012684
1628540.167412 100.863440 535.794451 0.009077 -0.001105
358744.990248 592.820452 301.641817 -0.004019 0.008495
1065496.480589 768.947202 90.494299 -0.014911 0.002955
996930.964755 638.203497 488.776266 0.008371 0.006813
685065.261407 524.124194 228.653425 -0.007547 0.019176
22284.613001 83.361853 359.978286 -0.014931 0.005238
1564209.169505 749.423949 458.048346 0.006986 0.006546
471659.941818 683.821841 242.598711 0.009527 -0.009802
234378.384535 216.587808 129.620731 -0.009255 -0.004033
1581110.075852 613.188250 117.750815 0.004193 -0.000963
1733102.233956 757.739215 78.344987 -0.010136 -0.009511
222272.466972 206.639817 219.763570 0.008445 -0.004775
7593.072023 394.643771 189.876770 0.010702 -0.013206
1961038.188991 2.132599 13.806928 -0.004579 0.009652
554464.627316 401.920165 7.466518 -0.000263 0.010839
821613.773155 227.273504 322.356228 0.004118 0.015565
24485.756655 378.595291 502.014104 -0.014268 0.008815
196372.594776 203.417168 587.595322 -0.001419 0.018572
718005.964867 374.905955 274.695030 0.007031 -0.010272
1252709.545778 525.318307 142.504005 0.005953 -0.018323
1958473.456073 741.431598 326.391335 0.019636 -0.003219
628831.249023 321.981498 421.735061 0.014048 -0.019638
1185057.482303 690.603832 289.248838 -0.002861 -0.019726
406775.272641 421.371901 156.934432 -0.012816 0.019540
452064.211691 432.980600 275.833314 0.007358 -0.011340
1391094.198167 248.870894 524.489416 0.017281 0.018344
1830316.959801 730.345961 531.869137 -0.001630 0.016149
610994.441719 618.501989 183.913029 -0.019650 0.004987
631021.334152 481.591715 292.443237 0.011874 -0.018654
989235.750860 1.606533 334.285216 0.010239 -0.012652
1098658.789461 784.735156 435.001805 -0.019643 0.006629
1883467.686308 564.304119 585.915667 0.012707 0.005471
1871849.530317 584.571535 330.766564 0.012870 -0.012430
911993.535660 102.048027 577.650539 0.010536 -0.014572
1176139.691461 61.891921 443.165425 -0.016941 0.015032
1537174.407177 456.479862 526.580516 -0.006944 -0.006939
123261.179832 700.686234 184.968061 0.011589 0.015167
1946848.674653 582.899969 354.059362 0.017985 0.001720
457599.283409 708.787298 164.385526 0.011216 0.008296
926562.791190 189.190474 501.275253 -0.000960 0.020292
1942178.605097 11.907387 45.659514 0.008384 -0.016364
1905775.863633 382.475089 397.246605 0.013254 0.012157
1975712.466974 713.745706 407.836300 -0.008252 0.007161
1128937.655654 214.877872 243.896998 -0.013861 -0.011230
1900458.380534 306.393283 62.336674 -0.011055 -0.013433
1623668.112617 549.871965 239.883762 0.005854 -0.015460
798515.523224 494.076397 76.885241 -0.000970 -0.006936
438456.544857 343.429545 482.468895 0.015168 -0.009718
1216805.763178 694.773599 90.930917 -0.008491 -0.013411
1661706.700764 681.628015 259.509147 -0.010492 -0.019718
1303971.794110 150.630562 234.002225 0.010267 -0.003520
1107963.914568 454.984253 59.184014 0.018172 -0.011406
425643.800956 282.752926 499.724907 -0.006814 0.013473
318262.858465 448.779638 155.021312 0.018556 -0.002308
1036196.117772 457.763089 186.330222 0.006824 0.014508
948553.069005 401.172999 427.536349 0.016359 0.009458
1438074.149861 447.262301 555.898577 -0.015628 -0.007481
677338.477540 530.467791 530.578622 -0.002496 0.004697
197747.041563 520.835668 583.132335 0.017233 0.019660
1601492.672973 71.906737 330.939977 -0.017637 -0.017824
1987075.958395 461.663792 375.373421 -0.007838 -0.010075
971748.938305 621.986102 449.243154 -0.012076 0.007409
974474.447302 733.614757 146.496947 -0.003446 -0.018929
1121549.802423 602.096450 413.387018 -0.002206 -0.012390
613932.794246 434.816101 504.565016 -0.008864 -0.001006
1665525.531241 62.986665 338.912403 -0.004536 -0.014509
1238773.710671 302.599981 429.383133 -0.010182 0.007289
1925637.924078 585.200151 276.330008 0.008453 0.017191
290519.337305 158.714524 507.974849 -0.004379 0.004497
1745488.432117 760.781279 219.033506 0.002465 -0.004188
1111265.337612 695.229095 563.427538 -0.004210 -0.013978
829182.160473 183.932344 135.781851 0.019218 0.004578
728391.627189 479.121580 596.055744 -0.016854 0.013720
1349985.243450 33.575642 345.844193 -0.014551 0.010158
1010733.056353 223.992591 571.458815 -0.005920 0.006801
1129411.861826 180.040694 372.976213 0.017209 0.011480
33999.050983 388.858449 393.889132 0.018930 0.015306
1606354.705806 296.507198 66.788744 -0.018800 -0.005952
1451822.744427 315.000789 570.293255 0.008761 -0.001036
1590584.168020 314.935285 309.292983 -0.005147 0.001144
538209.161040 701.096548 485.076996 -0.011155 -0.010862
958317.440449 628.429136 272.038756 -0.015989 0.008644
479655.517489 94.240314 120.490150 0.015846 -0.017028
167238.956395 558.856047 267.259949 -0.012177 0.009130
1592486.357127 737.077195 73.161988 0.009858 0.005618
1189583.299304 433.300244 20.595148 -0.015558 0.016561
1124831.962923 303.356943 474.130299 -0.005177 0.004015
37146.621401 680.329612 232.371242 -0.001135 0.018044
205026.889315 569.002901 40.988915 -0.007870 0.004303
284161.461650 310.149889 183.748876 0.003490 0.003333
68690.410847 306.421930 301.956233 -0.013750 -0.014789
287411.349028 600.399885 403.675230 -0.012906 0.014454
1171263.018237 591.748660 143.914967 -0.004977 -0.015529
1682127.158941 315.171716 577.261836 -0.010883 0.014569
1824708.168313 264.581119 346.556476 0.019216 0.005361
369206.509725 98.062416 13.235665 -0.000371 0.008403
1208981.916871 419.704851 56.067904 -0.015658 0.007257
446720.970071 201.965874 259.140229 0.015812 -0.002830
586212.983628 385.023605 101.870358 0.001338 0.014292
560717.814863 299.456671 150.818895 -0.010339 0.004122
234257.601311 123.589759 559.152419 0.007793 -0.014617
1133248.557864 703.379495 154.301485 0.003534 -0.005191
1934248.125150 153.891739 536.775118 -0.017576 -0.007946
1152133.833222 226.483954 331.617050 -0.019685 -0.012913
1965200.129880 240.630874 396.607923 -0.013877 0.013376
1034901.121182 346.008161 125.760054 0.010814 0.006919
1623246.405098 708.851792 497.105565 0.009753 0.003209
1926329.093951 248.321543 276.021386 -0.011180 0.015962
1658576.383096 150.324310 54.939940 0.008976 -0.010073
786221.519479 240.624488 318.793293 0.017815 -0.007683
1421758.733421 742.997235 365.338108 -0.004970 -0.017077
888519.625593 711.209581 307.907205 0.006016 0.006226
374128.679919 371.741600 325.713715 -0.019383 -0.011610
247207.860577 782.968692 311.747819 0.003301 -0.012042
838233.393076 329.875047 231.753520 0.000619 -0.014423
1269501.125100 723.031589 262.415325 -0.013977 0.014997
1490342.234955 701.661045 467.383565 -0.005827 -0.010057
1720173.599068 639.055513 82.440319 -0.005113 -0.001876
1589947.016719 447.930009 550.739350 -0.006479 0.003063
254199.274003 369.628414 332.089336 0.005899 -0.018210
1506623.924480 52.674037 274.412935 -0.014401 0.003090
1187558.641279 619.466564 289.286304 -0.018785 0.017647
663885.182079 620.265507 490.744756 -0.015549 -0.014782
134186.233456 776.837117 557.521077 -0.011843 -0.006224
763995.101100 799.449791 542.556514 -0.008031 -0.006497
960104.740672 341.086291 479.420787 -0.018607 -0.017003
1689167.128731 629.845637 84.541844 -0.007904 0.017117
1435140.350571 716.210371 421.885617 -0.012036 0.017047
1287450.956780 425.087418 421.443396 0.032273 -0.005039
1664884.491668 423.661929 368.410244 0.010565 0.009339
1916152.068375 115.425844 439.979290 0.014427 -0.002271
142374.806172 274.440349 522.212660 0.014832 -0.004931
1889104.925044 571.981104 98.193730 -0.016648 -0.019298
184043.514628 642.172113 547.272245 0.011782 -0.019929
1678137.485719 350.636871 319.818697 0.001622 0.016047
349432.717240 299.044121 257.503081 0.011519 -0.014606
327130.583267 597.524381 167.638289 0.015872 0.004361
1445781.852792 774.593129 571.308451 0.003725 0.013546
657045.848974 430.379814 332.775583 -0.000286 0.004918
1143416.638087 467.926352 254.999266 -0.000619 -0.004818
853229.746620 259.329962 490.948336 0.018361 0.014566
1436276.935710 106.691740 143.279625 -0.014055 0.016935
747046.145027 249.276200 400.897410 0.006107 -0.011764
555282.349025 300.274201 106.327754 -0.010824 0.018766
31011.744417 446.332028 303.831638 0.002803 -0.017975
259713.421697 113.374205 381.512871 0.002207 0.005058
30230.289339 785.620580 570.324265 0.013297 0.017664
1629124.594680 440.360113 44.852869 -0.017895 0.007952
1993199.337271 341.148870 5.762192 0.006605 -0.016813
437214.899080 754.179510 272.497151 -0.004220 -0.013117
847463.854052 328.885547 438.428255 0.017224 0.019223
1561464.248021 48.444193 73.439102 -0.003333 0.004612
1496915.452879 345.389118 358.189794 0.007983 -0.009430
1076064.875850 410.419944 489.227819 0.004502 0.002609
1028186.607653 487.292378 594.921621 0.000948 -0.009059
141764.248787 594.371546 129.953866 0.001006 -0.014466
778578.041484 759.071334 329.546699 -0.015256 0.015197
1058486.954802 720.145812 564.262322 0.005936 -0.007201
1112790.978101 319.629143 448.391985 -0.013854 -0.016073
24501.685065 553.706728 366.519936 0.013093 -0.007836
353571.678676 273.001985 548.334605 -0.013261 0.014621
375264.103699 191.548973 365.572814 -0.003808 0.010610
1493884.026769 635.058888 428.980948 -0.008194 0.016527
1188817.119779 659.919262 487.988187 0.001404 -0.000927
259519.063057 73.551593 525.523384 0.015129 -0.010177
1949033.547169 712.024256 562.402558 0.003452 0.008705
482529.103981 609.659356 35.843329 -0.013821 0.017256
1850091.109914 273.821686 102.623089 0.001381 0.009871
1871495.037280 224.838392 324.702259 0.006109 0.002958
908785.677938 195.394064 241.063988 -0.009281 0.011205
1755362.652128 318.229661 522.479288 0.010157 -0.008996
232765.271437 582.358116 98.904142 -0.018012 -0.007328
1765166.354256 236.124444 45.910330 0.017672 -0.002011
15434.920795 693.086376 474.812300 -0.012874 -0.003991
1077013.659792 90.927588 409.158197 -0.016814 0.010590
516053.778360 427.309382 5.511384 0.006383 0.012099
1576709.125925 429.793050 119.331857 0.006406 -0.008350
948767.654108 620.824601 11.966674 0.005589 0.013191
667159.362075 417.586590 74.322704 -0.003591 -0.001442
1146380.339352 334.190693 198.374304 -0.005376 0.003857
1462269.868451 722.480982 426.679410 -0.003546 0.019276
949273.004639 536.541154 309.879781 -0.000660 -0.006820
636841.273232 217.394360 520.670266 0.000697 0.017244
316267.470045 793.312892 424.371340 -0.012920 0.005285
1072709.865436 409.074954 92.533645 0.006413 0.016868
1234697.917120 187.179889 203.624179 0.017921 0.003936
1871003.135047 543.301925 300.450721 0.005839 -0.016339
968257.898916 95.988651 457.490016 -0.019867 0.004208
184803.100389 255.830477 525.686333 0.018332 0.013471
1613704.762242 94.150038 497.153575 0.000560 -0.008181
920804.219749 40.340820 484.040233 0.004742 0.008366
1455508.939668 184.682868 566.138583 -0.017315 -0.012833
1084419.887087 1.574832 515.013004 -0.018236 0.005934
1899527.167855 422.353397 461.388562 0.008466 0.001127
745706.753221 643.366229 508.932932 -0.010101 0.010552
1369434.811813 44.287645 529.083387 0.000561 0.002782
353913.564400 779.647843 371.826862 0.019305 0.003532
660308.989072 568.700328 491.859920 -0.009044 0.011121
1997036.600484 653.449529 468.679791 0.014266 0.014404
857968.969670 644.859186 232.629383 -0.012089 0.000742
1832483.595159 456.864969 194.080824 0.011134 0.012349
174050.590104 359.449962 525.183476 0.018759 0.018487
887791.815627 116.153817 561.514442 -0.017445 -0.014849
1048845.100705 314.762873 504.264193 -0.006250 0.006699
1236598.032171 273.740999 290.272717 -0.004035 -0.012069
688449.854352 662.509519 2.785892 0.009262 -0.018952
1047717.716101 518.836313 357.866153 0.013897 -0.003495
831685.772553 746.914668 516.966538 -0.008423 0.016115
1646809.537731 587.714471 29.242474 0.010389 0.011928
354697.854423 226.959007 114.988567 -0.019287 0.005137
1718570.137265 508.528173 581.762755 -0.006274 -0.018630
338487.908402 549.907267 517.489877 -0.013006 -0.003233
1776805.868268 558.752378 40.731589 -0.000611 0.001831
960078.654327 720.510874 287.235851 -0.006596 -0.012455
763596.911339 131.497624 555.758154 -0.002771 0.016997
1446903.674606 486.326553 125.221346 0.016892 0.005183
1673049.761761 619.629632 156.142739 0.012241 -0.015284
591079.477496 780.549677 482.965909 -0.013693 -0.013980
450261.526019 37.051156 509.505419 -0.008261 0.001258
788880.985598 618.726630 259.059830 0.014940 -0.015430
1247242.441982 204.389333 167.257363 0.001997 0.007424
405506.701397 218.079616 175.493537 -0.003538 -0.012424
1835863.754077 197.942333 576.677611 -0.012854 -0.017833
159031.381905 379.773388 18.533564 0.015402 0.005312
362722.217274 87.670031 407.297817 -0.018642 -0.003805
420997.232395 340.073683 105.450485 0.005800 -0.007894
580167.091722 213.234531 332.680099 0.002778 0.012609
479025.265425 617.085665 52.761536 0.001293 -0.012684
552036.800679 360.085058 258.340724 -0.010476 0.005111
969986.005207 253.881164 61.788437 0.000728 -0.011933
1471710.388303 557.558812 187.663611 -0.003400 0.009165
1430984.936390 500.614696 91.269603 0.015652 -0.009266
902052.609670 144.855280 321.007745 -0.019788 0.010004
700700.571156 195.570590 313.157842 -0.002450 0.011069
1408199.004553 571.495525 136.849533 -0.014614 0.018110
1713095.736556 495.988474 161.629207 0.018410 -0.014604
944491.339356 556.921249 498.966407 0.011379 -0.015569
1119457.834922 400.325555 441.494952 0.008485 -0.004353
8319.607940 130.610303 343.703370 0.001558 -0.013272
647061.014849 711.628835 247.507903 0.013808 -0.006849
379545.065751 439.240523 25.779668 -0.003328 0.007328
1990576.603445 218.767307 181.611708 -0.009387 -0.010667
876473.971119 589.764276 557.738296 -0.009186 0.000887
80381.552726 664.377370 13.422707 0.011033 0.001697
828036.629980 624.709936 423.181150 0.019511 -0.007205
1747623.103553 248.516457 124.660109 -0.008535 -0.013751
1072386.123739 381.155447 423.399164 0.003194 0.015738
777386.485961 459.510187 100.658162 0.007649 0.013586
801906.589792 103.860285 346.023098 -0.006798 -0.003960
197987.358178 296.198537 138.047530 -0.015154 -0.014133
1545926.498969 428.239122 556.337966 -0.000620 0.001119
492654.834172 281.841579 500.258605 -0.001406 0.005286
1978982.283724 792.817930 69.234037 0.007764 0.002809
17631.095842 66.315413 86.563441 -0.012956 0.010998
1966499.848276 461.681143 543.390344 0.003147 0.015481
611006.784537 527.310867 167.161228 0.001453 0.011210
850069.038966 247.127723 189.690150 -0.005917 0.011500
1676786.882652 478.997929 83.573577 0.006886 -0.017866
1557780.060711 529.511230 26.251268 0.015765 -0.005738
1227310.625476 722.629706 263.173890 0.010900 -0.017892
428616.731627 592.269003 393.470347 -0.015227 -0.007965
1127178.874392 340.201060 576.395073 0.013663 0.018422
1480731.590409 213.044295 162.140832 -0.017758 0.004783
115335.758829 715.309875 130.610949 -0.012097 0.002659
541498.807511 781.047178 137.060261 -0.007430 0.014831
1167776.423119 742.268675 464.377264 -0.019064 0.007410
1705487.274428 189.980918 255.862519 0.000331 -0.005718
1455042.508177 58.101775 469.390918 0.007515 0.016568
1485351.840726 341.843775 108.580516 -0.019524 -0.000650
1600046.444498 55.885188 226.840726 -0.019283 -0.009273
1889695.885540 230.391506 146.820037 -0.013086 0.004136
230475.999522 605.640629 319.120465 0.015523 0.011182
434670.210087 593.461813 10.118344 0.005757 -0.009958
748135.628527 296.897745 193.347109 -0.013694 -0.017658
474188.291689 718.678083 292.479054 -0.003300 0.016309
1941577.332067 174.351608 588.703899 -0.006020 -0.010636
499196.726130 235.236641 314.415463 -0.000249 -0.001310
254300.674542 487.648154 134.032893 0.006357 -0.000092
6325.354803 700.314484 143.999077 -0.019183 0.000817
980919.682878 315.857209 534.902396 0.012546 0.001980
1900851.625903 40.312125 269.175303 -0.002562 -0.001267
719689.197242 326.309165 412.225705 -0.006341 0.010293
1844748.197982 472.762777 30.419907 -0.002165 -0.016574
1036199.990211 459.097150 416.481845 0.009647 -0.010741
385683.919483 595.662467 65.117359 -0.002694 0.010617
1256102.471266 738.632400 95.930971 0.000668 0.009845
1419511.694191 375.617578 472.625833 -0.013638 0.016262
511292.832210 415.017036 189.472565 0.017689 0.014398
145034.134456 691.402859 270.251784 -0.015048 -0.007554
1071721.370831 513.308436 530.730651 -0.010799 -0.004670
233847.819378 338.345378 77.170936 -0.011021 0.014215
1786277.592083 682.081710 467.478351 -0.017902 -0.005090
1031918.257955 609.756804 505.874449 -0.007877 0.016826
1499349.890975 446.572245 263.473069 -0.017357 0.000063
597617.807145 110.176531 219.195853 0.010001 -0.009540
1353622.215499 228.353669 541.945015 0.002466 0.000630
573296.933702 542.692269 563.771821 -0.003404 0.016137
1590131.532210 246.364457 453.847673 0.002997 -0.005561
258416.177825 72.702160 73.674598 0.018867 -0.004269
87595.200207 577.084986 571.523387 -0.000686 0.011451
906233.425674 625.668173 554.270484 0.012748 0.001244
370032.188655 396.119170 489.567613 -0.016461 -0.017731
664767.085884 299.700258 441.627379 -0.009137 0.011578
1278253.811075 53.077105 58.618885 -0.004140 0.005627
916040.443311 420.038241 438.715254 0.003227 -0.000152
249204.321880 499.433802 130.466215 -0.016940 -0.015705
8661.484350 424.248248 533.511297 0.017142 -0.006053
841302.204338 90.230942 506.275832 -0.010488 -0.011969
1802783.200425 455.840006 346.027737 0.005478 0.013643
731632.451868 220.870970 544.658614 -0.001431 0.006858
1096714.972098 736.860118 118.101818 -0.008811 -0.000020
1386984.768969 323.696421 76.221080 0.016468 -0.000749
469499.863903 732.346459 6.728076 -0.015017 0.013789
718651.906922 435.584036 574.458634 -0.011853 0.011249
316653.122342 84.183223 211.247160 0.009784 0.009320
385530.231700 79.914930 10.912412 -0.015988 0.002563
1379939.433830 519.251397 291.368046 0.015436 0.017158
1974529.288697 463.889734 199.396919 -0.015480 -0.000372
1626419.535664 279.554422 244.582963 0.012971 -0.001065
503204.831157 146.323654 10.730917 -0.011630 -0.004513
1600260.999799 293.236153 294.696660 -0.013930 -0.015946
467442.890847 275.470460 121.035423 -0.009919 -0.002202
1530910.291491 753.201165 56.407260 -0.009998 0.013165
43405.273949 190.020694 245.197653 -0.005811 -0.005899
1801413.789299 133.630189 421.100276 -0.007682 0.019664
348673.859774 447.713226 104.877370 -0.012290 0.010750
1122384.702378 793.614624 81.000866 -0.017906 -0.014238
474000.488629 229.283592 293.429768 -0.002438 0.001552
1867761.544822 162.985660 288.120287 -0.018876 -0.001831
617712.498930 39.477912 415.340252 0.008738 -0.003854
88793.583256 494.979834 342.623157 0.009869 0.016985
1123119.018564 736.075957 291.743071 0.009396 -0.015511
510837.786138 237.617314 62.711022 -0.004343 -0.005989
498234.962345 502.578265 381.671265 0.009529 -0.017333
350510.791107 537.732180 162.795706 0.006240 0.007962
1451432.125387 771.429853 449.259041 -0.003344 0.007326
303273.376219 370.193297 180.078441 0.008882 -0.011672
454803.713809 227.069723 76.256045 0.008589 -0.019207
480071.545802 775.572960 189.889545 -0.006234 -0.005565
1333575.176696 474.940817 592.978930 -0.007810 -0.006722
110627.538576 382.892965 2.068634 -0.006979 -0.014562
1406769.050940 41.602563 59.203358 -0.001893 -0.001186
1561676.394922 482.432535 559.428774 -0.016755 -0.006990
281255.947557 246.838732 365.056840 -0.009253 -0.019073
1257382.930842 407.183487 595.921780 0.017796 0.014125
706537.016996 489.593979 268.666856 -0.006336 0.016643
1558318.719993 317.961357 236.925072 0.011339 0.008938
1057752.200895 389.346457 465.712937 0.005108 0.017512
491364.625511 326.455285 325.146949 -0.012863 -0.000410
1734950.389590 255.141972 479.267116 -0.000928 0.003494
1643357.573842 84.531607 57.119953 0.012570 -0.017967
1898263.090243 134.002598 397.727348 -0.004150 0.000394
1157183.811607 140.781997 544.356024 0.018936 0.018337
1260090.642264 401.521050 266.749596 -0.003781 -0.014823
767107.214205 521.389490 323.115962 0.016994 0.013179
55740.578126 634.658379 88.914343 0.013035 -0.009275
1471867.368311 518.853262 224.895780 0.013023 -0.001643
851158.514084 624.380981 377.809997 -0.016458 -0.012918
279214.015361 533.219429 211.728120 -0.018178 0.005622
622537.959657 541.210252 84.928348 0.010262 -0.016717
543551.074594 112.251445 439.443661 0.012679 -0.017358
1125283.938425 670.332214 515.186145 0.008430 0.006539
255944.995329 357.693139 187.236077 0.000113 -0.008834
1549879.616848 742.664266 35.481519 -0.003803 -0.019306
474171.187949 435.852520 410.431930 0.003574 0.003648
648167.413030 720.788824 160.412456 -0.001353 0.006306
697835.028496 590.050694 478.479058 -0.016726 0.001913
1725670.433475 515.891385 231.185396 0.008690 -0.005457
99429.388577 679.240009 481.612713 -0.005521 -0.005939
163663.104253 109.395969 168.314468 -0.008421 0.000290
594763.153510 303.456010 52.543834 0.019268 0.018780
1355525.087265 244.707074 521.979430 0.017875 0.010912
1053977.892294 234.880024 305.693051 -0.007018 -0.004945
115031.983757 149.722257 12.602184 -0.002312 0.016320
752375.869431 393.911449 454.912989 -0.012791 0.014193
219437.964363 208.644981 595.053656 -0.004391 -0.003926
1068114.026016 550.189833 468.993158 0.004833 0.006845
1499866.051366 239.058082 584.337481 0.004746 -0.010277
1491842.997955 116.963560 322.393867 -0.009736 -0.001139
1826279.228472 250.879726 395.077972 0.017314 0.010248
1133058.067007 247.616266 149.328332 -0.007039 -0.000440
207507.431604 346.758718 450.139756 -0.016174 0.012959
304737.184339 504.161592 306.809774 0.017353 -0.010000
361247.467977 546.650441 329.419498 -0.013808 -0.007882
1585793.637478 720.508406 269.492341 -0.006771 -0.013803
1841064.114050 194.793379 281.430125 0.003174 -0.012872
451362.950938 116.089105 291.963323 -0.001004 -0.001228
1950936.490647 462.859539 542.103092 0.008229 0.007766
1454702.783122 701.831457 182.502227 -0.010451 0.012478
1108684.254395 335.402642 297.099334 -0.015856 0.002984
1596490.624173 717.007513 285.013337 -0.011779 -0.010683
1263706.185512 134.399608 282.362333 -0.015933 0.009881
1294332.516982 261.325084 535.590803 -0.014661 0.012052
723046.520130 87.217126 228.289058 -0.009398 0.013365
107937.715067 793.553684 427.007768 -0.005725 -0.010806
1046872.077066 729.176351 390.089849 -0.019330 -0.019451
450965.188654 653.568724 546.958294 0.008021 -0.017423
278162.196408 266.311636 139.800243 0.004373 -0.002629
1960316.196066 205.519703 456.634710 0.014895 -0.004393
1125740.257616 187.503039 299.749280 0.017719 -0.000064
668170.334151 797.046075 294.309386 -0.018176 -0.005833
1443825.863043 455.569653 159.981853 -0.005091 0.003543
564375.188464 478.343740 242.717066 -0.012222 -0.008030
938961.728913 266.997879 379.570828 0.008083 0.017699
132214.712972 546.487061 119.638183 0.013246 0.002216
1179224.623916 311.789696 473.234840 -0.016466 -0.006665
575213.267736 338.875153 197.894099 0.011046 -0.001204
1368718.602401 400.609209 23.770065 0.018035 0.014940
1254302.726711 186.019578 282.725886 -0.018672 -0.002902
1541011.519516 401.081668 456.338403 -0.003914 -0.011860
1407684.757098 375.216657 531.884173 0.016144 -0.008175
883750.411162 393.973823 411.732079 -0.010654 0.003295
38293.802197 414.629596 2.965620 -0.006037 -0.008102
949396.727117 26.712966 478.667690 0.000586 0.019412
1340193.529306 112.402318 130.078982 -0.014310 -0.013067
1289556.392138 729.451713 404.442410 -0.003804 -0.007431
1756783.113702 87.941687 469.327813 0.010548 -0.019637
157687.638028 165.876523 303.276660 0.010625 -0.002492
175039.783202 626.903394 573.482187 -0.016272 -0.014666
506304.289450 453.567636 99.510238 -0.017961 -0.016727
301433.914481 576.121013 133.602250 -0.005337 0.014519
790027.673724 9.839736 464.109108 -0.017202 -0.003253
176035.711624 758.537729 317.112058 0.014814 0.008522
1081972.172988 759.437815 552.178276 -0.018212 0.008651
715741.816310 107.081220 299.056105 -0.007414 -0.010926
1263880.632475 454.170584 476.681719 0.011933 0.004699
1751026.801649 758.945798 202.564574 -0.016140 -0.007304
399196.095951 394.550282 198.010720 0.019025 0.002410
1496994.359185 48.801697 306.252338 -0.008912 0.017283
445396.929255 653.824996 529.544147 -0.014299 0.014552
1193553.106484 400.070560 599.253920 -0.016140 0.012558
450224.472419 581.609991 229.310637 -0.019238 0.001037
1999453.321099 715.805128 285.508815 -0.005037 0.019571
1584501.028799 429.425030 291.136666 -0.015109 0.000407
94458.571679 696.590269 342.699515 0.002271 -0.014107
1007827.074736 623.656947 579.413118 -0.004562 0.016869
1658558.308919 786.468672 253.368720 0.013091 -0.016891
475365.567242 42.245058 483.146197 0.004479 -0.017020
663714.367274 495.919967 580.610974 0.012242 0.018213
1919117.403179 479.323630 296.821159 -0.002182 0.008832
9624.167350 393.669145 354.833822 0.003061 -0.018038
1478876.057770 64.518048 497.189924 0.007928 -0.001374
1502145.321808 426.724207 269.322438 -0.013029 -0.005540
1054818.871922 329.185911 247.985232 -0.006669 -0.018738
972186.690649 532.078470 390.606721 -0.001889 -0.001122
1216433.286302 329.763980 43.121945 -0.015878 0.014305
1585452.240699 85.815278 209.817902 -0.004612 0.007201
796849.675848 99.137461 458.891737 -0.011039 0.013100
461377.134761 782.720378 217.184377 0.007161 -0.013907
1447663.852688 165.415312 338.349913 -0.014477 0.001612
1190708.408687 498.921265 122.991336 -0.010151 -0.016990
1355477.244293 683.923829 294.221314 0.009985 0.018270
694211.989964 433.615678 39.150239 0.007889 0.017088
1497031.391364 75.974991 30.332854 0.000515 -0.007104
1759090.904966 594.592611 180.097997 -0.010325 -0.003075
904928.793621 772.262869 377.928243 -0.019362 -0.015855
341892.055395 489.228296 436.915456 -0.004948 0.014343
1609370.418642 43.260239 427.896780 -0.008195 0.012132
1339833.364515 513.390814 206.960316 0.009410 -0.006432
543533.833951 386.273705 260.220892 -0.007100 0.019800
1510075.678821 161.306689 443.599301 -0.017784 -0.002231
325429.097901 406.488638 246.051030 0.011718 0.000969
1027532.088117 771.075494 81.322122 -0.010375 -0.006351
1987715.010526 37.070846 236.862493 0.008279 -0.006371
396776.620483 301.223407 588.818062 0.001749 -0.015586
639902.701899 652.493116 356.102705 0.010136 -0.014495
1179865.857204 406.203563 204.089376 -0.006851 0.002536
1568458.621189 393.375395 42.433192 -0.012226 -0.008581
1190290.628555 566.643271 150.038403 0.009234 0.017978
1180185.991889 580.259553 597.280032 0.019393 -0.002782
672088.553511 146.628370 484.897607 -0.007353 0.009073
1837656.663655 510.366400 325.333977 0.000515 -0.004372
1360614.323691 81.815443 539.218325 -0.019201 -0.002739
924125.776125 643.702001 554.982235 0.001314 0.019938
418950.309241 102.563717 424.470239 -0.001744 0.014294
1312754.557148 39.302671 349.951012 0.006065 -0.018670
30587.249450 790.684385 130.356481 0.012902 -0.007754
1889215.610870 593.543260 566.135554 -0.000536 -0.009826
669560.509114 133.601842 214.296777 -0.010654 -0.012489
1579576.984783 556.707116 595.107390 0.008580 -0.010892
1982244.182370 738.966760 214.095294 0.007923 -0.004708
432350.935616 283.799675 258.339585 0.011986 -0.019762
930735.730068 652.501349 596.735605 0.007309 0.005524
600671.720971 501.792191 227.940947 -0.010190 -0.015427
1270601.892504 463.678895 169.376628 0.019707 0.012516
938976.299455 626.141033 304.956655 -0.001542 -0.000142
1474031.937064 361.925318 251.814892 -0.016249 -0.013951
1605130.416157 247.915006 302.835398 -0.010659 -0.015580
1023340.410098 559.397828 555.338716 0.000248 -0.004726
1128556.229700 645.486403 5.408169 0.017755 -0.017954
248420.950141 463.960590 377.862465 -0.003960 0.002718
884577.235619 700.824459 213.278699 0.018008 -0.006575
1704879.713107 549.851891 474.330471 -0.009092 0.011205
1882055.445519 60.127674 54.897809 -0.002172 -0.007613
404206.608610 766.071445 4.967739 -0.014896 -0.001426
780987.060993 553.608058 162.356455 -0.004038 0.005502
642018.800900 419.919452 130.552267 0.018033 0.017213
1579863.075903 314.050915 483.429159 -0.014208 -0.006286
286431.929230 798.855454 18.447126 0.017334 -0.009136
1625355.291937 699.862608 207.413096 0.016181 -0.007134
1310099.705732 85.398313 166.992812 0.006570 -0.010596
1485499.756171 42.663066 555.877567 -0.019455 -0.001833
1126826.147142 267.570388 586.875837 0.011210 -0.008631
1817754.082297 456.422019 406.865579 0.008593 0.008649
42605.713030 686.034429 428.666421 -0.017670 0.011551
1969490.396776 691.903032 399.699806 -0.006760 0.010785
1972945.507603 788.389894 525.789998 -0.009411 0.005963
221002.463354 5.936969 421.375775 -0.018498 -0.019155
314139.836614 480.028372 213.029100 -0.014577 -0.004774
1280098.799281 35.353658 570.884459 -0.007262 0.010336
1334025.561499 271.202395 370.263383 -0.004776 -0.004326
817314.073824 292.230219 154.135874 -0.017000 0.007869
52254.755074 49.075621 409.176029 0.016104 -0.006936
662711.798522 9.757907 200.010109 -0.018611 -0.018000
710212.109941 153.339599 389.964111 0.008413 -0.006921
61999.699130 280.740808 222.964339 0.019301 0.006751
261157.692532 519.501754 3.989752 0.009910 -0.018772
797766.605764 125.343416 237.289268 0.006227 -0.010772
184709.901076 545.534361 175.163679 0.010991 0.003319
1235796.007903 85.152569 357.606121 0.018100 -0.014396
1292608.929469 245.440721 198.607356 -0.008136 -0.019320
1317389.029692 261.580243 220.476541 -0.018787 -0.007607
71927.786838 128.090812 575.580279 -0.018266 0.016307
1977614.946653 353.657131 38.625272 -0.004647 -0.016063
591803.305127 381.718022 467.351305 0.003520 -0.009936
726241.200569 164.905254 214.225126 0.018395 -0.013694
995710.504705 485.076850 279.103231 0.013156 0.016102
963862.695249 390.944466 138.006851 0.013993 0.000726
1079147.418532 708.512543 407.764769 -0.000010 0.017196
1174876.041326 389.792555 223.031968 0.006099 0.014866
937689.950195 758.427804 209.318803 -0.010088 0.001400
1200871.358253 489.418205 445.052803 0.018307 0.002829
1798372.363578 364.554649 105.949082 -0.005459 -0.008566
158766.744732 676.377069 464.411889 -0.007578 0.007847
584123.108808 679.576954 348.465428 0.018823 -0.006108
1019930.488905 447.113519 500.302607 0.015240 -0.011568
1412068.961846 279.576642 95.607657 -0.017818 0.003955
1390465.348675 524.168303 125.721928 -0.002530 0.004550
1560588.704217 269.265606 41.652209 0.018291 0.008017
709118.110458 28.930415 327.164279 -0.014851 -0.006241
481739.437432 336.566689 116.836179 0.012836 -0.004335
1084185.081108 265.360582 569.641853 -0.004950 -0.011495
321427.933090 65.754682 337.437949 -0.007394 -0.014413
322096.383349 11.999495 475.472386 -0.005156 -0.001927
811598.476400 120.544441 472.502654 -0.000996 -0.015689
975828.599639 663.162329 87.105246 -0.018663 0.018326
980873.326296 219.599425 226.502201 0.007421 -0.016146
1538962.265262 182.133216 256.896775 0.008812 0.004164
1281944.833362 703.757372 411.438546 -0.011790 -0.012042
1646853.441208 292.072446 129.263946 0.004642 0.009423
1334224.681991 17.361575 531.646722 -0.001770 -0.000139
1987979.200663 754.170233 196.119428 -0.014456 0.019107
567825.405192 503.278123 150.331719 0.006554 -0.007394
693992.653253 345.451407 324.681022 0.011078 -0.013996
290886.182473 333.077892 18.617211 0.013265 0.004818
461579.700216 523.992682 590.700851 -0.002174 -0.009187
1440439.939238 90.486837 175.715484 0.004269 0.002722
1578856.275221 479.887793 307.002978 -0.015376 0.009516
975708.803616 319.807267 220.215844 0.009549 -0.017520
1363849.989774 68.296503 296.134750 -0.011054 0.014432
1287670.666020 295.379652 165.724739 0.006991 -0.011978
1793086.186886 724.722295 513.289124 0.015254 -0.005942
253419.465503 481.215768 278.340151 -0.003110 -0.011663
65064.939701 167.155292 484.764443 0.001754 -0.007021
1093948.624606 25.734361 434.621132 0.016613 0.010813
1570950.974510 477.066905 513.929543 -0.008902 0.012842
1433502.711092 738.305745 113.605591 0.019697 0.003924
779698.448619 711.731940 301.735309 -0.010207 0.010883
1707668.152502 297.647196 224.032630 -0.007288 0.011693
1161722.038482 280.464318 0.730751 -0.004411 0.015801
650195.260835 748.425919 556.067033 -0.017999 0.014026
1393276.303724 667.676176 268.020521 0.002113 -0.015477
534900.189626 215.527018 20.999551 -0.001728 -0.009466
1264731.390059 676.867488 91.323507 -0.014608 -0.016305
1848317.172308 790.764273 278.414095 -0.008138 -0.007735
512088.236637 702.155840 394.327384 -0.009745 -0.009289
1104225.446984 465.394186 121.962183 -0.000860 0.005242
107543.810321 140.002886 279.423295 0.000013 0.009134
1156781.673039 614.905340 598.052040 0.004540 -0.011019
520065.349769 196.810785 42.880205 -0.003472 -0.004752
327390.441823 269.722465 221.908178 0.005099 0.005372
1353004.063178 707.093778 306.927800 -0.006561 -0.014394
1558240.596931 709.375332 433.371265 0.019291 -0.005447
706633.334377 29.060118 323.760605 0.012773 0.001572
534505.464385 317.444184 182.873603 -0.009437 -0.019549
1061346.780072 419.654235 154.551155 0.004144 0.017548
1275778.349152 612.367676 164.491412 -0.019705 -0.004259
1816858.008419 547.157793 166.411392 -0.003176 -0.019285
837596.447597 159.384858 542.278786 -0.014382 -0.012771
537634.699856 395.961034 130.509244 0.012327 -0.007453
1509630.032587 60.057786 426.048154 -0.021313 -0.008777
1442342.147903 473.240324 518.414273 0.019151 -0.012310
1603574.954720 492.408762 575.718303 -0.016942 0.004952
706735.606634 787.740741 184.450204 0.005232 -0.003789
651319.147391 39.950467 362.529195 -0.010787 -0.012362
1573016.600485 398.555577 411.506763 -0.019885 -0.007690
1998835.487291 607.483833 229.924635 0.008383 0.012771
1445522.677826 344.833323 246.199353 0.003483 -0.003642
1207599.107738 311.283920 14.987255 0.002531 -0.001356
1297106.122271 733.619894 269.839916 0.018184 0.001911
1709409.523620 225.381084 358.929143 -0.001619 0.000459
1579454.636005 196.691842 6.051998 -0.000960 -0.009976
635151.660366 380.403508 5.305098 0.008020 -0.012583
1657542.871152 338.217661 369.155670 -0.010416 -0.019597
50074.195513 674.026674 239.522905 -0.017993 -0.003741
1728956.987955 558.728842 193.756625 -0.007451 0.006135
1741304.677791 135.047505 562.018058 -0.001256 0.005091
896425.988943 206.824875 524.683010 -0.001644 0.009359
248631.410417 620.669954 125.809210 -0.014673 -0.000941
789536.960791 769.480302 539.503163 -0.019589 -0.011932
1819863.026878 28.468540 26.436096 -0.007622 -0.016554
901731.744829 139.250819 470.682204 0.010946 -0.000475
878442.611954 515.259753 393.695273 -0.004974 -0.015490
569936.175165 658.844260 222.789649 -0.013646 -0.008690
212161.644461 226.557241 35.244021 -0.007364 -0.003279
1070836.321949 568.394580 227.860578 -0.002613 0.008852
1162154.364009 276.088919 454.416941 0.005037 0.006166
1685995.778854 61.417345 497.116756 0.005345 0.014020
631794.399876 53.791857 296.589307 0.018917 -0.002288
