120102.793966 630.576768 121.769766 -0.006072 -0.005538
269277.329682 300.539872 155.788202 -0.018244 0.015171
1260731.205931 301.884552 191.798709 0.013098 -0.002983
973263.179405 632.665918 573.085983 0.008534 -0.005924
1683880.506867 289.687297 229.644724 -0.016849 -0.013038
1760997.696668 175.080218 580.983573 0.011711 -0.019846
354965.669268 682.103866 474.939216 -0.004781 -0.011977
306862.422408 412.106978 346.373266 -0.003487 0.002372
913598.742761 34.637220 562.181500 0.011088 0.014841
723511.401901 210.433525 397.248190 -0.007316 0.019071
27418.055584 127.119827 203.442773 -0.004129 -0.010488
1026719.971107 221.773652 273.447411 -0.000716 -0.017203
919235.655535 527.531607 553.317686 -0.009943 -0.018401
247720.705461 324.000174 333.352549 0.008049 0.012696
229642.751734 126.087245 516.668422 -0.017948 0.017315
1463437.116455 330.527665 118.669444 -0.004261 0.009200
349002.480669 325.687437 533.687227 0.000730 0.011958
253345.397419 21.768562 48.639141 0.003307 0.000368
301882.374241 33.704643 101.187965 -0.017051 -0.008247
417897.793659 158.049614 419.434316 0.010569 0.015939
1032678.423930 703.205221 34.054280 -0.004918 0.017231
1981626.739717 86.879444 206.273516 -0.012496 0.000200
148080.320166 290.558100 545.767130 0.018531 0.015060
1426235.401736 72.097887 542.401676 0.011776 0.006907
826207.458426 756.135065 428.827530 0.003268 -0.019253
17939.873048 632.807588 129.652442 0.008295 0.002215
229060.592236 179.050729 260.587195 -0.013113 0.003996
729567.630556 129.492659 425.866367 0.008366 -0.006015
424191.899795 625.893288 427.944107 -0.015142 0.009807
1179453.697605 667.598632 501.548322 -0.000280 0.005143
1017047.714916 725.206025 344.270437 -0.011057 -0.000457
1184883.571782 186.253916 167.919705 0.012330 0.017631
1669257.284919 738.290584 98.387725 -0.009272 -0.016380
1530870.404807 506.897774 153.315751 -0.001011 -0.006330
1211583.405366 549.856498 75.049933 -0.007249 0.012364
1741377.547263 726.944853 385.944660 0.008269 -0.003881
544004.606336 172.190943 185.257462 0.013842 -0.002453
1594854.852927 350.372676 402.640325 -0.016923 -0.010136
1223177.906695 729.377381 101.674106 0.011011 -0.012874
527324.168257 433.092580 488.173634 0.000771 -0.019338
312490.830343 99.978116 422.449483 -0.009020 -0.002355
1025907.483430 121.225173 211.675402 -0.013744 0.014336
1509229.653286 342.399345 43.839819 -0.017565 -0.009128
1023852.793045 688.522835 427.614085 -0.012672 0.017507
1918069.081343 635.648900 509.626891 -0.014839 0.002820
59433.087734 314.119548 67.454553 0.013737 0.016468
257531.464220 800.170529 22.007994 0.013303 -0.008768
961609.428265 276.852477 259.690262 0.013344 0.000078
582120.371322 470.253881 558.323922 -0.005428 0.006037
408974.288222 701.212793 307.088315 0.016712 -0.017634
899929.745542 700.565917 512.300018 -0.008029 -0.019824
849952.291162 263.218329 238.050434 0.001490 -0.013090
617567.269419 532.571061 103.650569 -0.006174 -0.000042
907629.657959 661.363920 506.819051 0.015474 0.006370
693382.430213 142.037636 148.611966 -0.008913 0.001680
1797970.130014 385.225267 250.903212 -0.003544 -0.004071
955435.349120 688.826924 164.361555 -0.006718 -0.013579
557659.864685 605.652094 293.547905 0.007029 -0.008243
1324351.926951 787.888143 575.800133 0.013382 -0.006798
917046.023028 230.892897 93.884667 -0.007874 -0.012961
1632997.046985 519.596342 212.057703 -0.017452 0.017090
1790149.784549 770.411439 245.015075 -0.007446 -0.005006
1613713.184192 632.625820 141.077691 -0.016769 -0.015074
791753.703166 288.129106 527.748980 0.015412 -0.018575
347958.385175 437.792374 12.191526 -0.014651 -0.004677
701432.257286 473.855659 402.891452 0.000305 0.015820
1693039.169392 259.019169 327.047580 -0.012021 -0.004477
944105.254926 75.922223 210.702952 0.015257 -0.003682
1451122.988691 550.137328 119.564382 0.018434 0.010748
644142.737912 285.359583 76.890872 -0.011910 -0.010308
328294.663843 300.662951 473.805352 -0.012467 0.000402
344141.964030 428.403117 61.046788 0.013722 -0.018292
1995072.262359 551.811720 220.231777 0.001703 0.015575
1509670.835691 11.608605 590.590046 -0.015747 0.015803
783939.521193 665.364541 349.745354 0.003607 0.011715
702233.533702 730.457283 89.533956 -0.000820 -0.015334
783487.379916 514.745450 294.868482 -0.012728 0.013108
1976.599918 282.581246 217.936183 -0.015868 -0.012117
812477.567611 80.669409 531.935846 0.010922 0.005754
1551513.418346 422.368247 394.950849 0.010385 0.005358
1106838.468046 121.176321 279.440881 -0.014545 0.009713
516376.429478 389.707400 393.721736 -0.003729 0.018682
1541877.001311 639.465238 366.439222 -0.009514 0.019234
877046.727052 210.629865 200.557387 0.012085 -0.005351
1062152.807164 166.556815 280.375281 -0.003295 0.019268
220503.739184 154.753930 305.633173 0.010747 0.018116
285758.867062 257.501777 62.802877 0.004314 -0.001785
1694852.848395 693.277318 566.930716 0.000166 -0.009087
1823523.613542 219.345428 44.310489 0.000895 0.001458
109429.840049 768.426787 479.754272 -0.004444 0.010499
331166.874772 736.202844 582.434875 0.005301 -0.006509
1904142.131984 594.151607 318.576337 -0.001565 0.000441
967910.745632 483.206137 499.598463 0.003538 -0.011505
581591.096978 348.736284 47.596493 -0.010593 0.017548
706572.319710 118.071148 128.179638 -0.002944 0.006814
1499518.371885 385.481856 378.384329 0.001966 0.014844
785875.055374 571.696247 474.569978 -0.005453 -0.006113
257524.722376 252.780508 54.073887 0.006411 0.011113
1201976.699383 114.901081 228.656349 -0.002637 0.009289
1186503.038363 579.844179 101.290875 0.006868 0.018415
215485.423904 20.299069 64.898537 -0.007141 -0.001900
1555844.913030 56.743803 560.710911 -0.003678 0.004800
1610655.802121 640.995480 200.720419 0.003850 -0.013398
1363983.919548 580.276900 288.454867 0.010876 -0.004604
515601.680854 298.363853 317.289890 0.005550 0.012264
521772.659627 185.521337 319.083449 -0.002824 0.016152
984056.433190 429.692154 557.965809 0.003819 0.014093
764465.851134 302.430161 557.709787 -0.007330 0.011451
1098768.237559 97.776336 352.662300 0.015048 0.008772
1505133.839094 452.820571 266.050360 -0.010688 -0.006489
1656881.889169 392.906251 426.373686 -0.005694 -0.014808
1035409.796534 494.072726 216.887407 -0.018025 -0.018110
532033.862794 432.797373 350.361148 -0.012175 -0.014341
885049.308131 462.244689 311.951661 -0.005121 0.015777
611963.250959 737.146047 10.064622 0.015729 0.012217
1469794.933437 516.740481 223.145717 -0.012735 0.015342
1419313.830053 5.474939 222.397810 -0.003166 -0.005442
1001399.715897 750.828109 589.312616 0.014496 0.019481
57920.523946 102.925549 317.104813 0.004539 -0.007028
1340168.589419 44.422489 541.239283 -0.012403 -0.002901
1593328.125585 396.678832 209.164538 0.012532 -0.004436
308175.125303 438.472209 21.322439 0.000994 0.009080
1829796.170737 188.151172 440.133654 -0.008571 0.006237
194622.977727 628.885584 356.612207 -0.016832 0.005961
1163384.351490 86.233226 466.631832 -0.015521 0.008962
203536.384834 624.092903 466.425174 -0.019844 0.018802
408990.508136 640.475809 279.507372 0.002210 0.004582
1709918.606891 566.029387 96.949008 0.015650 -0.010663
1776676.395804 644.222760 280.758703 0.004845 -0.016374
248411.979642 575.370061 526.506861 0.008741 0.011926
1052401.075630 239.998320 543.671079 -0.007846 -0.003566
1254879.329007 324.349033 114.499585 -0.003796 -0.003607
322021.593490 487.187569 125.795775 0.004508 -0.013897
1647379.426121 385.624055 521.568413 0.019420 -0.005117
204691.412954 699.106974 106.330016 0.002815 -0.000174
536197.156895 555.684539 128.757994 -0.014190 -0.003470
25648.950611 537.459275 428.278266 0.016727 0.018991
247729.502734 437.072092 228.701032 -0.007406 0.018034
1580350.309415 380.371356 335.662427 -0.019999 -0.015899
1443766.372951 659.101527 350.716416 0.003660 0.012378
1912564.341869 554.706856 409.772720 -0.014664 -0.009430
357511.299829 321.225799 575.472610 -0.004313 0.001867
744693.135258 324.787836 131.016308 -0.016564 -0.006998
387589.365424 167.719255 523.050449 0.002984 0.000968
1645202.005117 291.740762 0.027587 -0.004708 -0.005392
205411.871060 83.506163 113.319548 0.007488 0.007828
1996032.971887 514.694087 233.633985 0.007357 0.010830
1306804.762830 688.000937 106.885516 0.004500 -0.009863
1450619.077985 788.092130 395.543050 0.017742 -0.017179
1969754.747101 110.272579 168.210453 0.013907 0.008597
1609086.544071 543.523413 45.940134 0.012189 -0.017529
883645.576836 725.996735 99.558217 0.005356 0.003732
1722771.757153 502.701628 142.479665 -0.009976 -0.007594
28763.775727 722.997411 101.791762 -0.012189 0.000603
845989.907554 734.221485 300.940029 -0.016711 0.014455
1143645.596292 54.164311 599.906149 0.014083 0.016952
1423342.375748 525.375045 361.956765 0.011527 -0.001557
1329764.171191 184.519572 221.375260 0.013235 0.014441
1926056.274178 553.540223 293.924855 -0.011982 0.017711
1598411.507718 172.272546 507.914073 0.018759 -0.003692
726058.746095 313.659507 195.479099 0.014565 -0.001022
375371.614646 348.725872 325.043172 -0.012548 -0.008518
932014.105344 718.848238 566.874847 -0.017200 0.007360
811741.037672 587.488220 550.766102 0.010981 0.002608
1557690.799962 589.919123 154.445542 -0.009265 0.017521
399385.155365 53.803629 91.707989 -0.018144 -0.018548
1122038.441301 327.658669 256.822396 0.015478 -0.009073
1805346.826001 59.601122 425.713509 -0.000691 -0.008739
1995636.369100 728.708627 96.564346 0.017699 0.019263
1695958.700821 278.793539 428.257902 0.010639 -0.015087
558004.577904 435.788548 516.394142 0.001447 0.012516
1597187.265566 588.815228 528.504660 0.018077 0.011280
1833981.536251 410.206053 114.757293 -0.006188 -0.004005
929917.220459 198.148881 284.632074 -0.013074 0.007660
1471826.909795 138.200880 361.656630 0.015861 -0.015402
1165988.196230 595.432406 277.965755 -0.008136 0.000414
1172216.120722 460.838748 32.800926 -0.002157 -0.015504
1736107.381869 196.200114 508.552320 0.009947 -0.012138
1259741.624473 532.680257 425.619416 0.012849 -0.019569
218963.730251 228.985105 155.236959 0.003353 -0.001579
1902503.935575 255.721949 379.864887 0.002176 -0.011351
1496596.111682 109.721405 576.254455 -0.011543 -0.002635
941537.357374 638.152164 6.169039 0.001044 -0.010220
245239.558744 315.300497 293.372280 0.018818 -0.014297
1372376.816986 480.216718 484.831514 -0.004165 -0.003137
1637971.852737 404.146824 424.429321 -0.016932 -0.016410
337179.376901 23.355356 245.309056 0.012096 0.003338
1249672.392965 440.235263 432.542856 0.003402 0.010464
310196.676436 44.696244 335.729131 -0.013371 0.003281
1607296.809371 230.468818 585.282395 -0.008268 -0.009669
236307.595035 783.497003 515.350150 0.017047 -0.004987
561161.337682 596.458663 528.481853 0.019506 0.012918
1939371.158341 125.461169 511.440445 -0.004859 0.018357
870700.636353 2.462051 305.496688 -0.013748 0.003546
541779.813609 249.073275 386.808523 0.013229 -0.000915
453110.709066 507.060049 459.188057 -0.011916 0.017073
47266.968548 256.506375 543.483044 0.015302 -0.010150
562186.379247 130.416388 594.972638 -0.013533 -0.013951
1629854.769274 105.129827 185.079577 0.006680 0.000389
534606.907766 81.970184 307.715313 0.011058 -0.009666
203362.833803 37.949488 341.861309 0.009844 0.015141
92345.910190 778.509964 306.830859 0.012437 -0.012993
877177.283576 667.723134 297.446297 -0.006212 0.008691
1484435.888699 500.683905 528.537403 0.009364 0.011490
64404.659935 439.170390 551.030857 -0.006356 -0.011384
856791.879449 486.597802 190.911471 0.017652 -0.004623
1153201.109335 34.332509 259.127428 -0.014180 0.011608
618554.387530 153.939661 457.222206 0.012840 -0.019871
1875266.974734 207.588879 502.908996 -0.002682 0.004169
1111007.126566 140.294280 138.117531 -0.002551 0.016394
34336.430968 374.914200 275.283772 0.017867 0.006969
1349224.196444 291.607709 250.087123 0.019709 -0.007777
1602661.077679 455.460736 209.389665 -0.010671 0.008602
276647.354605 433.997307 544.586045 0.016116 -0.005492
1822198.850020 670.864243 373.507244 0.009960 -0.009131
453696.245539 243.734042 268.336003 -0.001720 0.009653
713133.517985 379.250879 125.475596 0.012606 -0.003610
36437.158490 391.798804 464.301486 -0.002693 -0.000665
159010.190591 189.185290 31.295696 -0.002861 -0.001214
1535456.720523 453.391810 7.019496 0.007016 -0.001287
749811.288319 469.526880 183.415792 0.019888 -0.006556
1154889.427663 179.324689 384.378600 -0.019014 0.007236
762647.938338 304.871712 92.852876 0.003622 -0.012147
1129345.827331 486.913570 411.366004 -0.006479 -0.018264
337378.635228 334.279086 168.460667 -0.011167 0.013857
1499918.929068 791.017030 247.859713 0.010433 0.006586
1760744.261444 109.112183 150.220495 -0.012551 -0.014642
1172923.453698 610.779850 215.348571 -0.010933 0.011531
79642.974809 486.452180 101.333002 -0.012205 -0.012044
730713.756164 607.376894 484.314089 -0.017945 -0.016078
1702955.846536 175.848707 309.606345 -0.014712 -0.002370
724785.897287 705.668262 257.789323 0.011025 0.005751
187236.443249 524.498814 468.287846 -0.006229 0.013675
1828784.213322 744.491613 363.172718 -0.009171 -0.013558
787390.226865 250.336863 459.579931 0.002502 0.000286
1929498.061505 742.698347 160.583100 0.010801 0.019197
730520.102536 499.205578 119.894729 0.015247 0.010328
1281053.293162 194.750234 382.323707 -0.017199 -0.019242
562426.321470 130.710853 404.877684 -0.017531 0.000302
1033437.869061 780.439124 263.109438 -0.015112 -0.010060
1192859.900739 412.724414 336.822462 -0.005503 -0.016842
138898.690296 261.627343 4.014520 -0.006526 -0.016013
1973181.982512 561.387740 433.953685 -0.012556 0.003327
957790.512106 661.180231 496.387447 -0.015335 0.015870
1692076.045876 318.192337 36.245828 0.000832 -0.001632
1136829.509929 29.783955 260.776095 -0.019656 -0.013616
1367539.427880 482.729805 405.743400 -0.010182 0.018649
1509350.044424 252.095251 175.941246 0.010447 0.006081
785056.476847 598.442506 212.361923 -0.015370 0.017385
1873643.585422 475.822334 456.839016 0.010550 0.008440
1315983.134935 487.978117 65.119608 0.008758 -0.014756
1135951.929323 229.225147 100.817547 -0.019875 -0.008247
656102.584980 549.076187 538.766126 -0.019844 0.017284
1727078.126616 606.675823 148.280557 -0.013741 0.000820
1797488.349396 439.210638 161.229960 -0.009900 0.006598
406141.346510 151.542783 155.929341 0.018573 0.018119
1941231.998588 497.607342 337.571541 -0.016819 -0.006376
1386830.762674 518.138968 376.617495 0.014463 0.006009
1843128.023596 151.902341 202.042391 0.012772 -0.012251
538331.757550 546.149242 571.451848 0.000653 0.013561
944807.663069 332.144730 233.181528 0.009531 0.006648
106756.882792 755.143336 514.088995 -0.007506 0.016338
1618777.323337 226.724890 318.300429 -0.005107 -0.005400
1742666.514471 52.447379 6.456614 -0.000041 0.017095
1321460.731012 336.627425 69.978409 0.019903 -0.010408
620834.287545 213.394897 553.512010 -0.009489 0.011317
1523195.320518 587.779844 118.911115 -0.014003 -0.000956
1731081.362688 162.889478 251.995573 0.008891 0.000656
656632.629529 425.299974 480.105305 0.014356 0.016135
325566.043298 584.045376 581.319755 -0.013075 -0.010841
1792559.657149 666.875890 389.949359 -0.019480 0.013252
1778465.217808 259.000785 59.165289 0.012434 0.003474
1763427.173609 458.268169 192.744148 -0.017085 0.009134
1593951.392730 756.222423 556.086249 -0.011318 0.006671
886016.743670 436.083963 119.266544 -0.010319 -0.003826
204796.643092 324.276220 80.722902 -0.017150 0.003098
727276.621725 773.970578 247.871153 -0.019529 0.019198
488690.041233 721.921035 182.786891 -0.006279 0.008562
1781116.410057 179.526370 172.171272 -0.011515 -0.007822
20635.784613 7.089429 149.842395 0.017486 -0.010976
1834876.302553 303.797316 462.546611 -0.015343 0.004924
350019.654422 174.858896 16.963419 -0.007618 -0.008388
1214501.650638 538.248469 154.877831 -0.019202 0.007468
477760.385944 211.464338 353.389892 0.001744 0.004284
605806.972182 347.166058 499.140057 0.003599 0.005811
272576.070518 480.214369 392.470499 -0.004555 0.001502
1759240.741729 243.036395 550.350382 0.006007 -0.003226
1080301.612187 660.384012 383.027842 0.002759 -0.014600
1857771.559552 140.522079 484.665106 -0.012510 -0.012174
988850.145130 340.374193 276.309573 -0.016669 0.018759
134591.829094 309.181255 242.031115 0.015972 0.019042
96963.198901 28.392086 345.910206 0.008161 -0.003138
227820.812831 465.508687 435.053725 -0.018755 -0.010701
290631.014058 457.250944 34.644038 0.011398 -0.014430
385931.693197 570.058373 189.708255 -0.019980 0.015992
1023297.854244 396.584237 195.331920 0.018858 0.003185
589125.026292 31.348620 579.203184 0.007917 0.017502
1882412.602139 596.825916 584.067051 0.000704 -0.002070
790218.714061 505.165478 18.549124 -0.015184 0.006529
526777.357108 212.503188 140.355370 -0.007132 -0.018002
748590.766801 411.620671 457.595504 0.007600 0.000609
1324791.236466 161.676578 6.331610 0.019518 -0.013050
1179151.767483 225.982835 127.808949 0.002186 0.019209
301466.356172 396.403071 435.351952 -0.015016 -0.019472
349183.755158 415.313934 387.214117 -0.011778 0.005601
616335.581344 375.026645 543.451461 0.001706 0.011587
1910511.639859 733.531902 182.813385 0.008710 0.004278
1640005.631205 304.408298 485.145885 0.013249 -0.005294
1964468.728734 336.172013 390.617448 -0.012201 0.018997
1261209.360911 276.382826 282.401950 -0.005739 -0.001196
968463.258337 424.769697 593.596698 -0.014823 0.009450
1257770.379660 350.126543 123.441298 0.001343 0.019223
1991034.577596 391.613003 537.983774 -0.007998 -0.011710
1007596.648767 95.999884 352.938208 -0.007142 0.017990
1912045.142572 235.832811 222.813017 0.004266 -0.000416
692628.538559 189.951109 501.123061 0.011003 0.003308
609848.141023 240.887347 74.999190 -0.008232 -0.002771
1723251.459991 738.124635 520.985903 -0.017331 -0.001708
1696924.347289 50.099561 568.110063 0.009819 -0.005522
309029.791648 199.445386 289.650576 0.009675 0.002421
867302.640745 558.862190 513.716545 0.012193 -0.007806
691843.061099 120.899307 325.605821 -0.012794 0.018701
272265.500516 388.658271 161.892739 -0.009550 0.011203
1400582.436193 98.289054 421.616520 0.002826 -0.012383
320566.674844 333.477800 151.165824 -0.015710 -0.013503
1229627.376064 209.206183 246.706965 -0.016083 -0.019842
1946485.269790 425.058561 421.365471 0.003989 -0.014695
15066.369444 140.446199 292.431219 0.001998 -0.005744
911695.870064 548.868883 505.762669 0.009026 0.017882
1245159.992597 340.487236 42.224191 -0.006848 0.019904
519428.529087 388.664542 246.922820 0.000441 0.003768
1147820.552414 101.658140 512.762858 0.019419 -0.011036
1717933.562453 767.036871 453.409986 0.002470 0.011509
183230.377819 455.246401 578.135543 0.003166 -0.015264
640928.558372 27.803917 482.987625 -0.013471 0.010379
1503776.668340 628.644469 111.472487 0.012864 -0.015546
360957.489517 65.288152 358.225216 0.003686 0.003733
380073.533570 132.443210 431.975396 -0.018212 -0.013969
1889061.825298 723.178768 66.052483 0.008003 -0.001373
1796955.322752 633.452343 20.529000 0.014491 -0.005171
306282.549308 146.498246 243.327190 0.018330 -0.006174
332156.324914 567.752789 78.883728 -0.005917 0.001281
485168.456326 426.315688 367.711328 0.013398 -0.014985
413343.113108 23.886042 174.057689 0.017085 -0.017017
883643.182406 697.195245 587.020123 0.002076 0.002842
887249.075289 360.321658 217.709955 -0.000889 -0.007474
1467432.667253 504.687841 297.410860 -0.014419 0.003560
1682910.725327 244.621075 179.346442 0.018933 0.006310
1660796.624450 172.359158 113.980415 -0.002250 -0.017789
629926.086697 520.249123 50.808311 0.004208 0.003094
318150.466456 37.611510 269.231414 -0.014265 0.003956
40123.955365 464.744174 29.533691 -0.004695 -0.017603
724761.667999 93.615096 413.903027 0.014322 -0.009769
558074.092752 559.595749 337.081397 0.003111 0.006888
438651.350531 326.521166 532.880296 -0.003778 0.014204
1885724.248311 579.466915 301.128501 -0.018901 -0.006806
158400.153815 149.255676 226.293856 0.001122 -0.007024
1952982.963972 438.073117 543.184724 -0.018953 0.017250
1927788.328346 310.857612 28.523884 0.006171 -0.010125
607879.136041 746.571182 567.549725 0.014626 0.000441
1236504.919471 67.939029 551.398459 0.000247 -0.000233
1541570.438790 359.039347 131.526939 -0.009097 -0.000951
1098586.873663 281.829021 397.979437 0.017061 0.015191
1973812.054831 722.675270 256.866636 0.015669 0.017241
717421.361579 684.542616 190.599253 -0.003738 0.000390
1128238.588166 568.330983 265.634549 0.000400 0.003045
1906900.824936 102.814534 396.621955 0.014902 0.005381
311031.282093 514.525948 50.198462 -0.004996 0.016654
1119457.958787 739.090908 161.017313 -0.010968 0.014011
295815.608602 167.725592 452.035100 0.003020 -0.015953
1365835.790227 747.231606 574.232585 -0.019983 -0.006388
933742.419320 451.966190 30.522747 0.016391 -0.016996
1254474.420685 690.275519 121.920534 -0.008475 0.009414
1674721.783807 355.155752 227.366540 0.016826 0.012738
589441.845468 384.350078 445.582028 0.002527 0.008119
1186208.380939 568.473514 547.514781 -0.006130 -0.008546
28320.921598 24.047182 132.179105 0.018861 -0.018785
1123059.363627 350.635899 356.936790 0.004469 -0.006077
1339490.994503 192.193906 126.454702 0.014913 0.001137
1892333.765464 567.993853 583.168679 -0.007065 0.005264
1580513.963280 495.663885 66.539030 0.001288 -0.012693
1628540.167412 100.775794 535.805101 0.009078 -0.001100
358744.990248 592.859213 301.559785 -0.004010 0.008497
1065496.480589 769.091130 90.465723 -0.014902 0.002964
996930.964755 638.122682 488.710490 0.008369 0.006812
685065.261407 524.196806 228.468206 -0.007494 0.019190
22284.613001 83.506342 359.927305 -0.014999 0.005326
1564209.169505 749.356453 457.985146 0.006994 0.006545
471659.941818 683.729845 242.693385 0.009528 -0.009808
234378.384535 216.677231 129.659702 -0.009268 -0.004040
1581110.075852 613.147754 117.760147 0.004195 -0.000969
1733102.233956 757.837057 78.436857 -0.010131 -0.009518
222272.466972 206.558292 219.809699 0.008441 -0.004780
7593.072023 394.540484 190.004412 0.010692 -0.013234
1961038.188991 2.176835 13.713754 -0.004584 0.009648
554464.627316 401.922706 7.361916 -0.000263 0.010828
821613.773155 227.233376 322.206005 0.004193 0.015554
24485.756655 378.733062 501.928977 -0.014270 0.008818
196372.594776 203.430861 587.415925 -0.001417 0.018588
718005.964867 374.838132 274.794472 0.007017 -0.010333
1252709.545778 525.260815 142.680937 0.005956 -0.018327
1958473.456073 741.241973 326.422403 0.019642 -0.003217
628831.249023 321.845868 421.924662 0.014046 -0.019636
1185057.482303 690.631424 289.439333 -0.002854 -0.019732
406775.272641 421.495444 156.745472 -0.012774 0.019599
452064.211691 432.909529 275.942766 0.007363 -0.011332
1391094.198167 248.703897 524.312214 0.017310 0.018361
1830316.959801 730.361695 531.713172 -0.001630 0.016158
610994.441719 618.691688 183.864868 -0.019644 0.004989
631021.334152 481.476956 292.623577 0.011897 -0.018702
989235.750860 1.507718 334.407377 0.010230 -0.012652
1098658.789461 784.924770 434.937803 -0.019633 0.006629
1883467.686308 564.181642 585.862666 0.012663 0.005507
1871849.530317 584.447267 330.886547 0.012870 -0.012423
911993.535660 101.946393 577.791182 0.010517 -0.014560
1176139.691461 62.055519 443.020255 -0.016946 0.015038
1537174.407177 456.546928 526.647538 -0.006947 -0.006944
123261.179832 700.574599 184.821094 0.011534 0.015274
1946848.674653 582.726308 354.042726 0.017987 0.001726
457599.283409 708.678992 164.305419 0.011218 0.008297
926562.791190 189.202957 501.079147 -0.001661 0.020307
1942178.605097 11.826471 45.817522 0.008376 -0.016365
1905775.863633 382.347166 397.129220 0.013244 0.012157
1975712.466974 713.825227 407.767176 -0.008220 0.007157
1128937.655654 215.011621 244.005472 -0.013843 -0.011239
1900458.380534 306.499999 62.466403 -0.011050 -0.013439
1623668.112617 549.815430 240.033017 0.005857 -0.015456
798515.523224 494.085744 76.952195 -0.000966 -0.006933
438456.544857 343.282957 482.562542 0.015196 -0.009679
1216805.763178 694.855575 91.060442 -0.008489 -0.013419
1661706.700764 681.729314 259.699547 -0.010491 -0.019721
1303971.794110 150.531457 234.036219 0.010262 -0.003522
1107963.914568 454.808790 59.294151 0.018173 -0.011408
425643.800956 282.817619 499.595466 -0.006593 0.013341
318262.858465 448.600499 155.043682 0.018551 -0.002325
1036196.117772 457.697237 186.190382 0.006817 0.014459
948553.069005 401.015160 427.444818 0.016335 0.009501
1438074.149861 447.413208 555.970561 -0.015631 -0.007430
677338.477540 530.491881 530.533265 -0.002494 0.004698
197747.041563 520.669245 582.942486 0.017240 0.019665
1601492.672973 72.077021 331.112110 -0.017635 -0.017831
1987075.958395 461.739507 375.470750 -0.007846 -0.010086
971748.938305 622.102706 449.171609 -0.012077 0.007411
974474.447302 733.648015 146.679752 -0.003443 -0.018937
1121549.802423 602.117745 413.506635 -0.002205 -0.012387
613932.794246 434.901711 504.574715 -0.008869 -0.001003
1665525.531241 63.030598 339.052426 -0.004564 -0.014495
1238773.710671 302.698300 429.312764 -0.010183 0.007287
1925637.924078 585.118539 276.164060 0.008452 0.017183
290519.337305 158.756836 507.931423 -0.004386 0.004499
1745488.432117 760.757433 219.073904 0.002475 -0.004180
1111265.337612 695.269597 563.562772 -0.004179 -0.014034
829182.160473 183.746822 135.737655 0.019210 0.004577
728391.627189 479.284237 595.923123 -0.016839 0.013751
1349985.243450 33.716252 345.746132 -0.014574 0.010154
1010733.056353 224.049764 571.393123 -0.005923 0.006806
1129411.861826 179.874557 372.865388 0.017204 0.011476
33999.050983 388.677625 393.741420 0.018557 0.015293
1606354.705806 296.688775 66.846218 -0.018812 -0.005953
1451822.744427 314.916215 570.303343 0.008758 -0.001053
1590584.168020 314.984985 309.281931 -0.005147 0.001146
538209.161040 701.204241 485.181866 -0.011152 -0.010861
958317.440449 628.583513 271.955310 -0.015988 0.008641
479655.517489 94.087351 120.654592 0.015839 -0.017034
167238.956395 558.973659 267.171799 -0.012184 0.009129
1592486.357127 736.981985 73.107793 0.009864 0.005608
1189583.299304 433.450528 20.435295 -0.015572 0.016550
1124831.962923 303.406881 474.091512 -0.005166 0.004019
37146.621401 680.340573 232.197043 -0.001135 0.018039
205026.889315 569.078828 40.947402 -0.007857 0.004296
284161.461650 310.116196 183.716742 0.003489 0.003323
68690.410847 306.554708 302.099031 -0.013753 -0.014790
287411.349028 600.524491 403.535692 -0.012905 0.014450
1171263.018237 591.796708 144.064957 -0.004975 -0.015540
1682127.158941 315.276818 577.121033 -0.010888 0.014597
1824708.168313 264.395575 346.504700 0.019218 0.005363
369206.509725 98.066001 13.154560 -0.000371 0.008397
1208981.916871 419.856058 55.997857 -0.015662 0.007252
446720.970071 201.813175 259.167539 0.015817 -0.002827
586212.983628 385.010675 101.732390 0.001340 0.014286
560717.814863 299.556465 150.779161 -0.010332 0.004109
234257.601311 123.514545 559.293538 0.007787 -0.014614
1133248.557864 703.345370 154.351637 0.003534 -0.005197
1934248.125150 154.061470 536.851855 -0.017581 -0.007949
1152133.833222 226.674005 331.741547 -0.019682 -0.012876
1965200.129880 240.764959 396.478747 -0.013897 0.013381
1034901.121182 345.903894 125.693149 0.010784 0.006939
1623246.405098 708.757600 497.074573 0.009758 0.003211
1926329.093951 248.429491 275.867267 -0.011180 0.015962
1658576.383096 150.237659 55.037217 0.008973 -0.010077
786221.519479 240.452399 318.867442 0.017831 -0.007676
1421758.733421 743.045593 365.502336 -0.005046 -0.016942
888519.625593 711.151247 307.846931 0.006068 0.006259
374128.679919 371.928751 325.825849 -0.019383 -0.011617
247207.860577 782.936778 311.864077 0.003310 -0.012039
838233.393076 329.869385 231.893011 0.000552 -0.014471
1269501.125100 723.164583 262.273854 -0.013610 0.014388
1490342.234955 701.717278 467.480663 -0.005821 -0.010056
1720173.599068 639.104809 82.458478 -0.005098 -0.001885
1589947.016719 447.992546 550.709863 -0.006475 0.003045
254199.274003 369.571485 332.265147 0.005893 -0.018207
1506623.924480 52.813077 274.383096 -0.014399 0.003091
1187558.641279 619.647919 289.115908 -0.018781 0.017648
663885.182079 620.415635 490.887480 -0.015548 -0.014782
134186.233456 776.951415 557.581169 -0.011832 -0.006224
763995.101100 799.527284 542.619228 -0.008021 -0.006493
960104.740672 341.266000 479.585019 -0.018617 -0.017016
1689167.128731 629.922003 84.376594 -0.007914 0.017112
1435140.350571 716.326587 421.721022 -0.012037 0.017047
1287450.956780 424.839210 421.337481 0.012375 0.018002
1664884.491668 423.560093 368.320027 0.010528 0.009347
1916152.068375 115.286389 440.001175 0.014459 -0.002262
142374.806172 274.297134 522.260262 0.014833 -0.004929
1889104.925044 572.141745 98.380078 -0.016628 -0.019302
184043.514628 642.058356 547.464689 0.011782 -0.019934
1678137.485719 350.621169 319.663821 0.001631 0.016034
349432.717240 298.932866 257.644062 0.011526 -0.014597
327130.583267 597.371120 167.596178 0.015874 0.004361
1445781.852792 774.557135 571.177631 0.003730 0.013552
657045.848974 430.382571 332.728113 -0.000285 0.004915
1143416.638087 467.932326 255.045791 -0.000618 -0.004819
853229.746620 259.152674 490.807649 0.018362 0.014575
1436276.935710 106.827514 143.116221 -0.014069 0.016913
747046.145027 249.217234 401.010790 0.006108 -0.011721
555282.349025 300.378718 106.146566 -0.010825 0.018765
31011.744417 446.304977 304.005186 0.002801 -0.017973
259713.421697 113.352907 381.464055 0.002205 0.005054
30230.289339 785.492163 570.153793 0.013303 0.017647
1629124.594680 440.532890 44.776087 -0.017893 0.007952
1993199.337271 341.085093 5.924584 0.006606 -0.016824
437214.899080 754.220205 272.623797 -0.004209 -0.013116
847463.854052 328.719227 438.242648 0.017227 0.019223
1561464.248021 48.476398 73.394540 -0.003338 0.004619
1496915.452879 345.312143 358.280835 0.007961 -0.009428
1076064.875850 410.376480 489.202598 0.004501 0.002616
1028186.607653 487.283174 595.009029 0.000959 -0.009046
141764.248787 594.361797 130.093568 0.001013 -0.014471
778578.041484 759.218578 329.399955 -0.015244 0.015199
1058486.954802 720.088248 564.332095 0.005988 -0.007253
1112790.978101 319.762902 448.547173 -0.013853 -0.016072
24501.685065 553.580288 366.595584 0.013097 -0.007833
353571.678676 273.130011 548.193397 -0.013258 0.014628
375264.103699 191.585740 365.470388 -0.003808 0.010607
1493884.026769 635.137963 428.821357 -0.008186 0.016530
1188817.119779 659.905707 487.997178 0.001404 -0.000935
259519.063057 73.405559 525.621675 0.015120 -0.010183
1949033.547169 711.990975 562.318523 0.003441 0.008702
482529.103981 609.792792 35.676736 -0.013819 0.017251
1850091.109914 273.808402 102.527756 0.001371 0.009875
1871495.037280 224.779631 324.673488 0.006063 0.003002
908785.677938 195.483695 240.955838 -0.009285 0.011196
1755362.652128 318.131586 522.566141 0.010157 -0.008994
232765.271437 582.531737 98.975136 -0.017951 -0.007377
1765166.354256 235.953826 45.929784 0.017670 -0.002019
15434.920795 693.210662 474.850803 -0.012870 -0.003984
1077013.659792 91.089947 409.055987 -0.016817 0.010581
516053.778360 427.247770 5.394627 0.006379 0.012086
1576709.125925 429.731255 119.412502 0.006394 -0.008354
948767.654108 620.770656 11.839353 0.005585 0.013182
667159.362075 417.621266 74.336645 -0.003592 -0.001445
1146380.339352 334.242667 198.337076 -0.005390 0.003854
1462269.868451 722.515113 426.493225 -0.003524 0.019290
949273.004639 536.547539 309.945581 -0.000662 -0.006810
636841.273232 217.387611 520.503760 0.000701 0.017246
316267.470045 793.437595 424.320368 -0.012910 0.005274
1072709.865436 409.013036 92.370806 0.006412 0.016862
1234697.917120 187.006867 203.586195 0.017918 0.003932
1871003.135047 543.245552 300.608470 0.005838 -0.016337
968257.898916 96.180668 457.449492 -0.019907 0.004186
184803.100389 255.653370 525.556253 0.018353 0.013473
1613704.762242 94.144637 497.232585 0.000559 -0.008185
920804.219749 40.295381 483.959308 0.004669 0.008395
1455508.939668 184.850062 566.262494 -0.017317 -0.012833
1084419.887087 1.750952 514.955709 -0.018245 0.005934
1899527.167855 422.271617 461.377649 0.008474 0.001133
745706.753221 643.463675 508.831031 -0.010084 0.010556
1369434.811813 44.282261 529.056547 0.000554 0.002777
353913.564400 779.461385 371.792785 0.019318 0.003527
660308.989072 568.787627 491.752537 -0.009039 0.011122
1997036.600484 653.311788 468.540723 0.014266 0.014402
857968.969670 644.975897 232.622223 -0.012086 0.000741
1832483.595159 456.758760 193.960464 0.010870 0.012570
174050.590104 359.268855 525.004962 0.018755 0.018491
887791.815627 116.322284 561.657794 -0.017451 -0.014844
1048845.100705 314.823221 504.199485 -0.006250 0.006705
1236598.032171 273.779981 290.389193 -0.004039 -0.012057
688449.854352 662.420060 2.968913 0.009268 -0.018959
1047717.716101 518.702179 357.899931 0.013887 -0.003502
831685.772553 746.995907 516.810959 -0.008405 0.016111
1646809.537731 587.614156 29.127333 0.010390 0.011922
354697.854423 227.145254 114.939003 -0.019292 0.005130
1718570.137265 508.588717 581.942597 -0.006267 -0.018622
338487.908402 550.032862 517.521054 -0.013010 -0.003225
1776805.868268 558.758254 40.713945 -0.000606 0.001823
960078.654327 720.574060 287.355900 -0.006492 -0.012411
763596.911339 131.524437 555.594100 -0.002782 0.016985
1446903.674606 486.164264 125.171744 0.016734 0.005094
1673049.761761 619.511374 156.290328 0.012255 -0.015287
591079.477496 780.681847 483.100876 -0.013685 -0.013977
450261.526019 37.130966 509.493268 -0.008270 0.001259
788880.985598 618.582367 259.208834 0.014942 -0.015434
1247242.441982 204.370108 167.185689 0.001985 0.007423
405506.701397 218.113802 175.613643 -0.003543 -0.012455
1835863.754077 198.066433 576.849758 -0.012852 -0.017825
159031.381905 379.624681 18.482306 0.015401 0.005306
362722.217274 87.850300 407.334706 -0.018699 -0.003836
420997.232395 340.017850 105.527066 0.005765 -0.007968
580167.091722 213.207783 332.558315 0.002763 0.012617
479025.265425 617.073172 52.884035 0.001295 -0.012690
552036.800679 360.186231 258.291267 -0.010481 0.005134
969986.005207 253.874338 61.903607 0.000685 -0.011923
1471710.388303 557.591653 187.575256 -0.003403 0.009137
1430984.936390 500.463545 91.359084 0.015656 -0.009269
902052.609670 145.046368 320.911142 -0.019793 0.010006
700700.571156 195.594247 313.050942 -0.002450 0.011074
1408199.004553 571.636645 136.674686 -0.014617 0.018107
1713095.736556 495.810739 161.770192 0.018405 -0.014599
944491.339356 556.811367 499.116744 0.011382 -0.015571
1119457.834922 400.243621 441.536938 0.008486 -0.004344
8319.607940 130.595271 343.831511 0.001556 -0.013271
647061.014849 711.495528 247.574108 0.013805 -0.006864
379545.065751 439.272628 25.708875 -0.003322 0.007335
1990576.603445 218.857952 181.714673 -0.009389 -0.010661
876473.971119 589.852968 557.729732 -0.009185 0.000887
80381.552726 664.270814 13.406329 0.011039 0.001696
828036.629980 624.521581 423.250781 0.019504 -0.007218
1747623.103553 248.598869 124.792904 -0.008536 -0.013756
1072386.123739 381.124688 423.247199 0.003177 0.015739
777386.485961 459.436291 100.527000 0.007658 0.013582
801906.589792 103.925887 346.061383 -0.006791 -0.003970
197987.358178 296.344843 138.183973 -0.015151 -0.014129
1545926.498969 428.245550 556.327562 -0.000714 0.001035
492654.834172 281.856125 500.206961 -0.001601 0.005409
1978982.283724 792.742927 69.206962 0.007772 0.002800
17631.095842 66.440509 86.457244 -0.012956 0.010999
1966499.848276 461.652129 543.239326 0.002857 0.015806
611006.784537 527.296857 167.052978 0.001449 0.011213
850069.038966 247.184844 189.579102 -0.005915 0.011502
1676786.882652 478.931455 83.746093 0.006883 -0.017869
1557780.060711 529.359012 26.306715 0.015766 -0.005747
1227310.625476 722.526383 263.343099 0.010542 -0.017241
428616.731627 592.416020 393.547252 -0.015226 -0.007965
1127178.874392 340.069122 576.217164 0.013666 0.018429
1480731.590409 213.215753 162.094697 -0.017757 0.004773
115335.758829 715.426674 130.585279 -0.012096 0.002658
541498.807511 781.118877 136.917066 -0.007422 0.014830
1167776.423119 742.452768 464.305670 -0.019068 0.007420
1705487.274428 189.977675 255.917751 0.000341 -0.005722
1455042.508177 58.029246 469.230945 0.007508 0.016568
1485351.840726 342.032225 108.586773 -0.019510 -0.000646
1600046.444498 56.071403 226.930271 -0.019289 -0.009275
1889695.885540 230.517865 146.780127 -0.013088 0.004131
230475.999522 605.490675 319.012483 0.015538 0.011186
434670.210087 593.406222 10.214540 0.005758 -0.009968
748135.628527 297.030112 193.517573 -0.013725 -0.017651
474188.291689 718.709892 292.321309 -0.003289 0.016366
1941577.332067 174.409760 588.806462 -0.006025 -0.010609
499196.726130 235.239015 314.428151 -0.000243 -0.001318
254300.674542 487.586799 134.033729 0.006352 -0.000081
6325.354803 700.499708 143.991231 -0.019184 0.000808
980919.682878 315.736097 534.883218 0.012541 0.001992
1900851.625903 40.336764 269.187523 -0.002541 -0.001264
719689.197242 326.370391 412.126326 -0.006342 0.010292
1844748.197982 472.783633 30.579975 -0.002155 -0.016582
1036199.990211 459.003979 416.585494 0.009652 -0.010728
385683.919483 595.688465 65.014878 -0.002691 0.010611
1256102.471266 738.625669 95.836822 0.000724 0.009663
1419511.694191 375.749308 472.468767 -0.013648 0.016272
511292.832210 414.846232 189.333564 0.017691 0.014394
145034.134456 691.548149 270.324724 -0.015047 -0.007554
1071721.370831 513.412670 530.775730 -0.010792 -0.004667
233847.819378 338.451744 77.033633 -0.011011 0.014226
1786277.592083 682.254542 467.527511 -0.017898 -0.005093
1031918.257955 609.832860 505.711971 -0.007877 0.016829
1499349.890975 446.739926 263.472504 -0.017376 0.000054
597617.807145 110.080012 219.287982 0.009992 -0.009544
1353622.215499 228.329872 541.938933 0.002464 0.000630
573296.933702 542.725147 563.616001 -0.003407 0.016139
1590131.532210 246.335562 453.901399 0.002988 -0.005568
258416.177825 72.519987 73.715809 0.018868 -0.004267
87595.200207 577.091601 571.412819 -0.000685 0.011451
906233.425674 625.545074 554.258459 0.012750 0.001247
370032.188655 396.278131 489.738780 -0.016465 -0.017724
664767.085884 299.788492 441.515578 -0.009140 0.011581
1278253.811075 53.117135 58.564538 -0.004152 0.005630
916040.443311 420.007059 438.716683 0.003232 -0.000144
249204.321880 499.597345 130.617827 -0.016936 -0.015699
8661.484350 424.082774 533.569749 0.017134 -0.006054
841302.204338 90.332249 506.391354 -0.010497 -0.011960
1802783.200425 455.787109 345.896014 0.005479 0.013642
731632.451868 220.884861 544.592365 -0.001447 0.006865
1096714.972098 736.945214 118.101781 -0.008815 0.000027
1386984.768969 323.537432 76.228349 0.016465 -0.000756
469499.863903 732.491485 6.594999 -0.015024 0.013776
718651.906922 435.698494 574.349950 -0.011855 0.011264
316653.122342 84.089616 211.156349 0.009607 0.009487
385530.231700 80.069305 10.887704 -0.015989 0.002555
1379939.433830 519.102284 291.202435 0.015451 0.017146
1974529.288697 464.039087 199.400414 -0.015457 -0.000352
1626419.535664 279.429211 244.593260 0.012965 -0.001067
503204.831157 146.435996 10.774523 -0.011640 -0.004519
1600260.999799 293.370646 294.850614 -0.013928 -0.015944
467442.890847 275.566251 121.056691 -0.009923 -0.002203
1530910.291491 753.297667 56.280193 -0.009991 0.013156
43405.273949 190.076858 245.254655 -0.005823 -0.005908
1801413.789299 133.704322 420.910451 -0.007674 0.019656
348673.859774 447.831919 104.773587 -0.012296 0.010747
1122384.702378 793.787464 81.138315 -0.017896 -0.014232
474000.488629 229.307153 293.414809 -0.002442 0.001547
1867761.544822 163.167977 288.137929 -0.018888 -0.001823
617712.498930 39.393604 415.377507 0.008726 -0.003863
88793.583256 494.884638 342.458974 0.009850 0.017023
1123119.018564 735.985144 291.892836 0.009414 -0.015511
510837.786138 237.659286 62.768862 -0.004351 -0.005992
498234.962345 502.486269 381.838614 0.009527 -0.017331
350510.791107 537.671971 162.718800 0.006232 0.007968
1451432.125387 771.462004 449.188393 -0.003315 0.007308
303273.376219 370.107539 180.191157 0.008882 -0.011676
454803.713809 226.986836 76.441522 0.008580 -0.019212
480071.545802 775.633103 189.943299 -0.006223 -0.005570
1333575.176696 475.016325 593.043827 -0.007830 -0.006721
110627.538576 382.960284 2.209376 -0.006965 -0.014590
1406769.050940 41.620908 59.214827 -0.001907 -0.001190
1561676.394922 482.594291 559.496242 -0.016750 -0.006985
281255.947557 246.928096 365.241013 -0.009257 -0.019076
1257382.930842 407.011626 595.785382 0.017803 0.014128
706537.016996 489.655135 268.506191 -0.006332 0.016637
1558318.719993 317.851905 236.838771 0.011333 0.008938
1057752.200895 389.297142 465.543798 0.005107 0.017523
491364.625511 326.579494 325.150899 -0.012865 -0.000408
1734950.389590 255.150947 479.233375 -0.000931 0.003495
1643357.573842 84.410229 57.293441 0.012572 -0.017969
1898263.090243 134.042667 397.723574 -0.004150 0.000387
1157183.811607 140.599188 544.178955 0.018931 0.018340
1260090.642264 401.557546 266.892704 -0.003779 -0.014820
767107.214205 521.225353 322.988707 0.017005 0.013181
55740.578126 634.532463 89.003778 0.013047 -0.009250
1471867.368311 518.726983 224.911411 0.013133 -0.001592
851158.514084 624.539902 377.934715 -0.016460 -0.012915
279214.015361 533.394892 211.673869 -0.018167 0.005615
622537.959657 541.111180 85.089782 0.010260 -0.016722
543551.074594 112.129600 439.611330 0.012559 -0.017372
1125283.938425 670.250787 515.122946 0.008437 0.006552
255944.995329 357.692046 187.321393 0.000114 -0.008838
1549879.616848 742.700970 35.667963 -0.003800 -0.019314
474171.187949 435.817980 410.396734 0.003581 0.003643
648167.413030 720.801884 160.351590 -0.001352 0.006302
697835.028496 590.212177 478.460588 -0.016724 0.001913
1725670.433475 515.807204 231.238650 0.008749 -0.005577
99429.388577 679.293305 481.670010 -0.005519 -0.005930
163663.104253 109.484379 168.311268 -0.010022 0.000412
594763.153510 303.270004 52.362587 0.019261 0.018763
1355525.087265 244.534646 521.874166 0.017841 0.010892
1053977.892294 234.947800 305.740846 -0.007021 -0.004955
115031.983757 149.744521 12.444572 -0.002299 0.016327
752375.869431 394.035047 454.775947 -0.012810 0.014194
219437.964363 208.687377 595.091499 -0.004391 -0.003913
1068114.026016 550.143153 468.927248 0.004836 0.006807
1499866.051366 239.012187 584.436672 0.004760 -0.010269
1491842.997955 117.057641 322.404919 -0.009752 -0.001150
1826279.228472 250.712498 394.979031 0.017325 0.010247
1133058.067007 247.684220 149.332596 -0.007036 -0.000443
207507.431604 346.914885 450.014616 -0.016174 0.012962
304737.184339 503.994045 306.906274 0.017352 -0.009989
361247.467977 546.783755 329.495584 -0.013806 -0.007878
1585793.637478 720.573825 269.625485 -0.006779 -0.013777
1841064.114050 194.762788 281.554516 0.003162 -0.012894
451362.950938 116.098829 291.975177 -0.001010 -0.001227
1950936.490647 462.778642 542.029619 0.008534 0.007447
1454702.783122 701.932342 182.381798 -0.010445 0.012467
1108684.254395 335.555729 297.070525 -0.015855 0.002984
1596490.624173 717.117812 285.117718 -0.011056 -0.010909
1263706.185512 134.553475 282.266924 -0.015938 0.009882
1294332.516982 261.466609 535.474406 -0.014655 0.012058
723046.520130 87.307894 228.159980 -0.009403 0.013372
107937.715067 793.608893 427.111984 -0.005711 -0.010781
1046872.077066 729.362841 390.277471 -0.019299 -0.019414
450965.188654 653.491248 547.126498 0.008027 -0.017419
278162.196408 266.269417 139.825636 0.004373 -0.002631
1960316.196066 205.375887 456.677118 0.014895 -0.004391
1125740.257616 187.331962 299.749876 0.017717 -0.000060
668170.334151 797.221527 294.365680 -0.018166 -0.005828
1443825.863043 455.618800 159.947683 -0.005090 0.003535
564375.188464 478.461751 242.794604 -0.012222 -0.008031
938961.728913 266.919791 379.399908 0.008092 0.017705
132214.712972 546.359476 119.616819 0.013182 0.002210
1179224.623916 311.948614 473.299219 -0.016451 -0.006671
575213.267736 338.768330 197.905760 0.011082 -0.001212
1368718.602401 400.435073 23.625854 0.018035 0.014932
1254302.726711 186.199959 282.753900 -0.018692 -0.002901
1541011.519516 401.119435 456.452872 -0.003909 -0.011851
1407684.757098 375.060815 531.963084 0.016136 -0.008170
883750.411162 394.076929 411.700295 -0.010703 0.003289
38293.802197 414.687889 3.043901 -0.006038 -0.008113
949396.727117 26.707384 478.480353 0.000571 0.019393
1340193.529306 112.540559 130.205189 -0.014325 -0.013075
1289556.392138 729.488366 404.514149 -0.003789 -0.007429
1756783.113702 87.839686 469.517102 0.010579 -0.019572
157687.638028 165.773995 303.300703 0.010613 -0.002489
175039.783202 627.060538 573.623817 -0.016279 -0.014670
506304.289450 453.741112 99.671800 -0.017973 -0.016738
301433.914481 576.172427 133.462166 -0.005313 0.014498
790027.673724 10.005880 464.140527 -0.017212 -0.003255
176035.711624 758.394646 317.029787 0.014824 0.008520
1081972.172988 759.613508 552.094873 -0.018180 0.008625
715741.816310 107.152842 299.161605 -0.007421 -0.010927
1263880.632475 454.055359 476.636339 0.011934 0.004701
1751026.801649 759.101542 202.635113 -0.016120 -0.007308
399196.095951 394.366785 197.987301 0.018984 0.002440
1496994.359185 48.887786 306.085453 -0.008920 0.017285
445396.929255 653.963044 529.403603 -0.014296 0.014559
1193553.106484 400.226468 599.132605 -0.016155 0.012571
450224.472419 581.795712 229.300619 -0.019232 0.001038
1999453.321099 715.856727 285.318993 -0.005660 0.019725
1584501.028799 429.570923 291.132712 -0.015111 0.000412
94458.571679 696.568320 342.835724 0.002275 -0.014106
1007827.074736 623.700993 579.250188 -0.004562 0.016880
1658558.308919 786.342253 253.531757 0.013095 -0.016880
475365.567242 42.201229 483.310784 0.004603 -0.017071
663714.367274 495.801694 580.434980 0.012257 0.018242
1919117.403179 479.344747 296.735845 -0.002193 0.008840
9624.167350 393.639591 355.007992 0.003061 -0.018039
1478876.057770 64.440985 497.203153 0.008035 -0.001366
1502145.321808 426.850028 269.375939 -0.013034 -0.005542
1054818.871922 329.250301 248.166156 -0.006669 -0.018739
972186.690649 532.096685 390.617544 -0.001884 -0.001119
1216433.286302 329.917324 42.983842 -0.015886 0.014302
1585452.240699 85.859782 209.748075 -0.004607 0.007264
796849.675848 99.243807 458.765154 -0.010989 0.013120
461377.134761 782.651176 217.318664 0.007174 -0.013909
1447663.852688 165.555114 338.334333 -0.014481 0.001615
1190708.408687 499.019279 123.155206 -0.010150 -0.016955
1355477.244293 683.827462 294.044873 0.009976 0.018278
694211.989964 433.539567 38.985297 0.007877 0.017077
1497031.391364 75.970022 30.401475 0.000514 -0.007110
1759090.904966 594.692289 180.127670 -0.010322 -0.003072
904928.793621 772.449786 378.081324 -0.019356 -0.015854
341892.055395 489.276050 436.777009 -0.004944 0.014334
1609370.418642 43.339426 427.779632 -0.008208 0.012133
1339833.364515 513.300013 207.022519 0.009398 -0.006453
543533.833951 386.342252 260.029641 -0.007099 0.019815
1510075.678821 161.478411 443.620848 -0.017786 -0.002232
325429.097901 406.375474 246.041685 0.011722 0.000967
1027532.088117 771.175604 81.383489 -0.010361 -0.006360
1987715.010526 36.990946 236.924024 0.008272 -0.006375
396776.620483 301.206530 588.968495 0.001746 -0.015575
639902.701899 652.395292 356.242637 0.010127 -0.014490
1179865.857204 406.269657 204.064903 -0.006840 0.002533
1568458.621189 393.493450 42.516063 -0.012227 -0.008585
1190290.628555 566.554105 149.864815 0.009235 0.017978
1180185.991889 580.072286 597.306818 0.019397 -0.002767
672088.553511 146.699214 484.809981 -0.007322 0.009078
1837656.663655 510.361427 325.376174 0.000515 -0.004369
1360614.323691 82.000805 539.244718 -0.019194 -0.002728
924125.776125 643.689289 554.789692 0.001319 0.019945
418950.309241 102.580366 424.332076 -0.001704 0.014325
1312754.557148 39.244080 350.131212 0.006071 -0.018656
30587.249450 790.559765 130.431365 0.012912 -0.007757
1889215.610870 593.548403 566.230387 -0.000529 -0.009818
669560.509114 133.704715 214.417374 -0.010655 -0.012491
1579576.984783 556.624311 595.212471 0.008572 -0.010874
1982244.182370 738.890265 214.140749 0.007922 -0.004707
432350.935616 283.683908 258.530365 0.011994 -0.019755
930735.730068 652.430762 596.682232 0.007312 0.005531
600671.720971 501.890658 228.089884 -0.010206 -0.015424
1270601.892504 463.488593 169.255807 0.019711 0.012511
938976.299455 626.155896 304.958007 -0.001537 -0.000137
1474031.937064 362.082190 251.949622 -0.016245 -0.013956
1605130.416157 248.017893 302.985847 -0.010653 -0.015583
1023340.410098 559.395451 555.384321 0.000245 -0.004721
1128556.229700 645.314903 5.581565 0.017770 -0.017963
248420.950141 463.998436 377.835821 -0.003879 0.002801
884577.235619 700.650557 213.342045 0.018014 -0.006547
1704879.713107 549.939682 474.222159 -0.009093 0.011230
1882055.445519 60.148591 54.971364 -0.002161 -0.007623
404206.608610 766.215248 4.981534 -0.014892 -0.001431
780987.060993 553.646946 162.303389 -0.004018 0.005490
642018.800900 419.745347 130.386062 0.018031 0.017215
1579863.075903 314.188030 483.489798 -0.014193 -0.006275
286431.929230 798.688085 18.535409 0.017334 -0.009151
1625355.291937 699.706382 207.482059 0.016180 -0.007150
1310099.705732 85.334947 167.095177 0.006555 -0.010608
1485499.756171 42.850950 555.895273 -0.019463 -0.001835
1126826.147142 267.462139 586.959125 0.011212 -0.008621
1817754.082297 456.339051 406.782096 0.008593 0.008644
42605.713030 686.205520 428.554687 -0.017770 0.011594
1969490.396776 691.968326 399.595682 -0.006765 0.010783
1972945.507603 788.480719 525.732415 -0.009403 0.005964
221002.463354 6.115615 421.560728 -0.018507 -0.019156
314139.836614 480.169120 213.075179 -0.014578 -0.004771
1280098.799281 35.423829 570.784590 -0.007273 0.010350
1334025.561499 271.248477 370.305177 -0.004769 -0.004331
817314.073824 292.394410 154.059920 -0.017010 0.007864
52254.755074 48.920159 409.243039 0.016098 -0.006945
662711.798522 9.937633 200.183929 -0.018617 -0.018004
710212.109941 153.258365 390.030938 0.008413 -0.006921
61999.699130 280.554488 222.899206 0.019293 0.006741
261157.692532 519.406060 4.171052 0.009912 -0.018782
797766.605764 125.283309 237.393255 0.006224 -0.010768
184709.901076 545.428249 175.131560 0.010988 0.003334
1235796.007903 84.977858 357.745101 0.018090 -0.014392
1292608.929469 245.519285 198.793863 -0.008138 -0.019313
1317389.029692 261.761660 220.550007 -0.018791 -0.007611
71927.786838 128.267177 575.422761 -0.018266 0.016321
1977614.946653 353.701926 38.780427 -0.004632 -0.016076
591803.305127 381.684066 467.447240 0.003514 -0.009936
726241.200569 164.727662 214.357360 0.018391 -0.013696
995710.504705 484.949769 278.947761 0.013167 0.016101
963862.695249 390.809373 137.999828 0.013990 0.000729
1079147.418532 708.512763 407.598811 -0.000036 0.017180
1174876.041326 389.733668 222.888419 0.006098 0.014868
937689.950195 758.525182 209.305202 -0.010082 0.001417
1200871.358253 489.241419 445.025474 0.018312 0.002832
1798372.363578 364.607335 106.031824 -0.005455 -0.008573
158766.744732 676.450341 464.336189 -0.007599 0.007833
584123.108808 679.395170 348.524414 0.018831 -0.006110
1019930.488905 446.966358 500.414290 0.015242 -0.011566
1412068.961846 279.748659 95.569532 -0.017813 0.003942
1390465.348675 524.192723 125.678035 -0.002528 0.004542
1560588.704217 269.089004 41.574853 0.018290 0.008007
709118.110458 29.073854 327.224364 -0.014860 -0.006206
481739.437432 336.442679 116.878056 0.012851 -0.004339
1084185.081108 265.408364 569.752818 -0.004948 -0.011489
321427.933090 65.825672 337.577319 -0.007311 -0.014455
322096.383349 12.049336 475.490972 -0.005168 -0.001923
811598.476400 120.554073 472.654125 -0.000999 -0.015687
975828.599639 663.342529 86.928336 -0.018663 0.018319
980873.326296 219.527789 226.658110 0.007418 -0.016149
1538962.265262 182.048215 256.856592 0.008795 0.004159
1281944.833362 703.871327 411.554738 -0.011814 -0.012025
1646853.441208 292.027630 129.172984 0.004641 0.009419
1334224.681991 17.378710 531.648050 -0.001779 -0.000136
1987979.200663 754.309823 195.935035 -0.014458 0.019087
567825.405192 503.214991 150.403195 0.006523 -0.007411
693992.653253 345.344619 324.816098 0.011042 -0.013983
290886.182473 332.949809 18.570742 0.013265 0.004808
461579.700216 524.013655 590.789497 -0.002170 -0.009175
1440439.939238 90.445651 175.689188 0.004262 0.002725
1578856.275221 480.036255 306.911024 -0.015376 0.009531
975708.803616 319.715072 220.385046 0.009548 -0.017528
1363849.989774 68.403237 295.995410 -0.011055 0.014430
1287670.666020 295.312160 165.840385 0.006989 -0.011976
1793086.186886 724.575005 513.346508 0.015255 -0.005944
253419.465503 481.246006 278.452814 -0.003154 -0.011673
65064.939701 167.138353 484.832232 0.001754 -0.007021
1093948.624606 25.574009 434.516723 0.016602 0.010814
1570950.974510 477.152766 513.805632 -0.008883 0.012825
1433502.711092 738.115475 113.567788 0.019715 0.003906
779698.448619 711.830429 301.630292 -0.010194 0.010870
1707668.152502 297.717531 223.919779 -0.007281 0.011683
1161722.038482 280.506966 0.578221 -0.004423 0.015793
650195.260835 748.599788 555.931602 -0.018015 0.014027
1393276.303724 667.655788 268.169963 0.002111 -0.015478
534900.189626 215.543714 21.090989 -0.001731 -0.009474
1264731.390059 677.008530 91.480964 -0.014607 -0.016310
1848317.172308 790.842799 278.488757 -0.008128 -0.007731
512088.236637 702.249911 394.417135 -0.009740 -0.009302
1104225.446984 465.402497 121.911589 -0.000862 0.005238
107543.810321 140.002701 279.335150 0.000025 0.009124
1156781.673039 614.861486 598.158383 0.004544 -0.011008
520065.349769 196.844335 42.926110 -0.003478 -0.004756
327390.441823 269.673189 221.856322 0.005108 0.005369
1353004.063178 707.157276 307.066735 -0.006592 -0.014385
1558240.596931 709.189079 433.423799 0.019289 -0.005435
706633.334377 28.936829 323.745622 0.012764 0.001532
534505.464385 317.535275 183.062399 -0.009431 -0.019557
1061346.780072 419.614332 154.381843 0.004122 0.017523
1275778.349152 612.557925 164.532494 -0.019702 -0.004251
1816858.008419 547.188470 166.597578 -0.003178 -0.019281
837596.447597 159.523655 542.402002 -0.014368 -0.012752
537634.699856 395.841996 130.581239 0.012330 -0.007460
1509630.032587 60.253841 426.125163 -0.019400 -0.007339
1442342.147903 473.055477 518.533030 0.019138 -0.012290
1603574.954720 492.572373 575.670504 -0.016948 0.004948
706735.606634 787.690174 184.486805 0.005243 -0.003793
651319.147391 40.054656 362.648511 -0.010794 -0.012352
1573016.600485 398.747450 411.581071 -0.019860 -0.007701
1998835.487291 607.402877 229.801310 0.008386 0.012774
1445522.677826 344.799680 246.234509 0.003486 -0.003640
1207599.107738 311.259494 15.000431 0.002529 -0.001373
1297106.122271 733.444196 269.821449 0.018210 0.001914
1709409.523620 225.396729 358.924691 -0.001622 0.000463
1579454.636005 196.701122 6.148357 -0.000962 -0.009983
635151.660366 380.326091 5.426620 0.008016 -0.012589
1657542.871152 338.318265 369.344865 -0.010422 -0.019593
50074.195513 674.200413 239.559051 -0.017995 -0.003746
1728956.987955 558.800748 193.697274 -0.007444 0.006159
1741304.677791 135.059612 561.968822 -0.001252 0.005107
896425.988943 206.840766 524.592606 -0.001648 0.009367
248631.410417 620.811593 125.818288 -0.014665 -0.000940
789536.960791 769.669401 539.618378 -0.019581 -0.011933
1819863.026878 28.542149 26.595952 -0.007625 -0.016559
901731.744829 139.145134 470.686806 0.010945 -0.000479
878442.611954 515.307770 393.844813 -0.004973 -0.015485
569936.175165 658.975995 222.873565 -0.013642 -0.008692
212161.644461 226.628354 35.275763 -0.007366 -0.003296
1070836.321949 568.419782 227.775110 -0.002607 0.008852
1162154.364009 276.040297 454.357401 0.005034 0.006167
1685995.778854 61.366242 496.981388 0.005240 0.014018
631794.399876 53.609230 296.611425 0.018912 -0.002294
