120102.793966 630.463267 121.666363 -0.006091 -0.005542
269277.329682 300.199173 156.071204 -0.018267 0.015157
1260731.205931 302.128796 191.743194 0.013077 -0.002967
973263.179405 632.824984 572.975355 0.008512 -0.005932
1683880.506867 289.372997 229.401377 -0.016832 -0.013039
1760997.696668 175.298839 580.613358 0.011717 -0.019828
354965.669268 682.014578 474.715315 -0.004787 -0.012018
306862.422408 412.041941 346.417429 -0.003483 0.002361
913598.742761 34.844507 562.458505 0.011126 0.014843
723511.401901 210.297040 397.604046 -0.007311 0.019063
27418.055584 127.042779 203.247203 -0.004127 -0.010470
1026719.971107 221.760292 273.126375 -0.000716 -0.017200
919235.655535 527.346040 552.974192 -0.009943 -0.018409
247720.705461 324.150461 333.589388 0.008056 0.012684
229642.751734 125.752219 516.990707 -0.017954 0.017222
1463437.116455 330.448193 118.840994 -0.004256 0.009184
349002.480669 325.703723 533.907429 0.001023 0.011629
253345.397419 21.830215 48.645980 0.003300 0.000365
301882.374241 33.386516 101.034046 -0.017040 -0.008248
417897.793659 158.246836 419.731798 0.010566 0.015939
1032678.423930 703.113413 34.375984 -0.004920 0.017244
1981626.739717 86.645870 206.278735 -0.012533 0.000359
148080.320166 290.903961 546.048089 0.018532 0.015049
1426235.401736 72.317808 542.530566 0.011791 0.006905
826207.458426 756.195941 428.468229 0.003255 -0.019251
17939.873048 632.962239 129.693921 0.008277 0.002230
229060.592236 178.806668 260.661203 -0.013042 0.003936
729567.630556 129.649147 425.753791 0.008405 -0.006050
424191.899795 625.610756 428.126761 -0.015134 0.009767
1179453.697605 667.593080 501.644251 -0.000315 0.005138
1017047.714916 724.999627 344.261878 -0.011061 -0.000460
1184883.571782 186.483892 168.248991 0.012315 0.017656
1669257.284919 738.117394 98.079642 -0.009280 -0.016651
1530870.404807 506.878564 153.197374 -0.001048 -0.006356
1211583.405366 549.721174 75.280849 -0.007252 0.012381
1741377.547263 727.099310 385.872746 0.008284 -0.003823
544004.606336 172.449417 185.211677 0.013857 -0.002453
1594854.852927 350.056835 402.451101 -0.016923 -0.010142
1223177.906695 729.582498 101.432491 0.010969 -0.013022
527324.168257 433.106935 487.812635 0.000767 -0.019347
312490.830343 99.805999 422.403410 -0.009427 -0.002599
1025907.483430 120.968740 211.943049 -0.013736 0.014346
1509229.653286 342.069522 43.667941 -0.017802 -0.009297
1023852.793045 688.286323 427.940760 -0.012673 0.017501
1918069.081343 635.372088 509.679415 -0.014825 0.002808
59433.087734 314.375786 67.761869 0.013723 0.016465
257531.464220 800.418633 21.844225 0.013285 -0.008782
961609.428265 277.101687 259.691611 0.013362 0.000067
582120.371322 470.152554 558.436358 -0.005430 0.006012
408974.288222 701.525290 306.759039 0.016777 -0.017652
899929.745542 700.416062 511.929927 -0.008030 -0.019836
849952.291162 263.246246 237.806123 0.001502 -0.013091
617567.269419 532.455836 103.649918 -0.006174 -0.000028
907629.657959 661.652835 506.937655 0.015487 0.006340
693382.430213 141.871331 148.643299 -0.008909 0.001678
1797970.130014 385.159242 250.827148 -0.003531 -0.004081
955435.349120 688.701584 164.108177 -0.006714 -0.013574
557659.864685 605.783193 293.394018 0.007021 -0.008248
1324351.926951 788.137690 575.673128 0.013360 -0.006812
917046.023028 230.745962 93.643090 -0.007872 -0.012927
1632997.046985 519.270383 212.376869 -0.017478 0.017112
1790149.784549 770.272711 244.921940 -0.007421 -0.004974
1613713.184192 632.312698 140.796414 -0.016786 -0.015068
791753.703166 288.416748 527.402213 0.015412 -0.018585
347958.385175 437.518919 12.104586 -0.014653 -0.004640
701432.257286 473.861455 403.186770 0.000316 0.015827
1693039.169392 258.794749 326.964005 -0.012028 -0.004479
944105.254926 76.207473 210.634217 0.015312 -0.003684
1451122.988691 550.481274 119.765109 0.018425 0.010762
644142.737912 285.137408 76.698546 -0.011899 -0.010302
328294.663843 300.432179 473.812982 -0.012266 0.000416
344141.964030 428.659136 60.705385 0.013713 -0.018294
1995072.262359 551.843434 220.522491 0.001695 0.015579
1509670.835691 11.314835 590.884881 -0.015734 0.015792
783939.521193 665.431418 349.964105 0.003559 0.011727
702233.533702 730.442015 89.248548 -0.000815 -0.015252
783487.379916 514.508100 295.112885 -0.012708 0.013084
1976.599918 282.285182 217.710249 -0.015859 -0.012095
812477.567611 80.873304 532.043496 0.010927 0.005783
1551513.418346 422.562020 395.050891 0.010380 0.005363
1106838.468046 120.905034 279.622229 -0.014527 0.009720
516376.429478 389.637027 394.070585 -0.003824 0.018701
1541877.001311 639.287701 366.798158 -0.009511 0.019231
877046.727052 210.855478 200.457529 0.012092 -0.005350
1062152.807164 166.495357 280.735146 -0.003291 0.019297
220503.739184 154.954659 305.971228 0.010764 0.018111
285758.867062 257.582087 62.768183 0.004294 -0.001933
1694852.848395 693.280888 566.760293 0.000216 -0.009175
1823523.613542 219.362282 44.337793 0.000911 0.001468
109429.840049 768.343759 479.950152 -0.004454 0.010492
331166.874772 736.301807 582.313176 0.005304 -0.006533
1904142.131984 594.122289 318.584540 -0.001577 0.000438
967910.745632 483.272061 499.383748 0.003526 -0.011505
581591.096978 348.538205 47.923662 -0.010633 0.017513
706572.319710 118.015835 128.307114 -0.002984 0.006846
1499518.371885 385.518577 378.661483 0.001969 0.014856
785875.055374 571.594394 474.455902 -0.005461 -0.006112
257524.722376 252.900458 54.281791 0.006444 0.011166
1201976.699383 114.851974 228.829640 -0.002626 0.009282
1186503.038363 579.972101 101.634429 0.006841 0.018401
215485.423904 20.165922 64.863041 -0.007127 -0.001904
1555844.913030 56.675042 560.800437 -0.003690 0.004794
1610655.802121 641.067263 200.470398 0.003842 -0.013395
1363983.919548 580.479894 288.368943 0.010877 -0.004604
515601.680854 298.467474 317.518698 0.005554 0.012255
521772.659627 185.468690 319.384726 -0.002818 0.016133
984056.433190 429.761324 558.225944 0.003603 0.013792
764465.851134 302.293404 557.923418 -0.007325 0.011443
1098768.237559 98.054141 352.826469 0.014745 0.008819
1505133.839094 452.620756 265.929104 -0.010724 -0.006505
1656881.889169 392.800310 426.097244 -0.005659 -0.014816
1035409.796534 493.736433 216.549460 -0.018013 -0.018106
532033.862794 432.570130 350.093532 -0.012177 -0.014338
885049.308131 462.149200 312.246051 -0.005112 0.015771
611963.250959 737.439443 10.292672 0.015712 0.012222
1469794.933437 516.504616 223.433846 -0.012540 0.015526
1419313.830053 5.415996 222.296287 -0.003151 -0.005438
1001399.715897 751.098566 589.675975 0.014487 0.019457
57920.523946 103.010395 316.973681 0.004554 -0.007024
1340168.589419 44.191139 541.185115 -0.012389 -0.002904
1593328.125585 396.912792 209.081682 0.012540 -0.004443
308175.125303 438.490353 21.492172 0.000951 0.009110
1829796.170737 187.991220 440.250059 -0.008569 0.006237
194622.977727 628.571494 356.723510 -0.016826 0.005966
1163384.351490 85.944740 466.800646 -0.015385 0.009127
203536.384834 623.722548 466.776067 -0.019844 0.018800
408990.508136 640.518236 279.593245 0.002338 0.004619
1709918.606891 566.322060 96.750276 0.015716 -0.010633
1776676.395804 644.312822 280.453016 0.004806 -0.016384
248411.979642 575.533234 526.729427 0.008745 0.011925
1052401.075630 239.851955 543.604703 -0.007839 -0.003547
1254879.329007 324.278555 114.432500 -0.003757 -0.003582
322021.593490 487.258803 125.529711 0.002899 -0.014652
1647379.426121 385.986489 521.472937 0.019420 -0.005114
204691.412954 699.159376 106.326792 0.002800 -0.000171
536197.156895 555.419658 128.693218 -0.014196 -0.003472
25648.950611 537.771065 428.632403 0.016687 0.018960
247729.502734 436.933906 229.037587 -0.007402 0.018032
1580350.309415 379.998068 335.365683 -0.020004 -0.015901
1443766.372951 659.169959 350.947487 0.003673 0.012385
1912564.341869 554.433127 409.596719 -0.014670 -0.009431
357511.299829 321.144634 575.507293 -0.004384 0.001850
744693.135258 324.478801 130.885568 -0.016553 -0.007012
387589.365424 167.774966 523.068424 0.002986 0.000958
1645202.005117 291.652859 -0.072857 -0.004712 -0.005372
205411.871060 83.646026 113.465736 0.007501 0.007838
1996032.971887 514.832625 233.833235 0.007484 0.010530
1306804.762830 688.084931 106.701481 0.004501 -0.009859
1450619.077985 788.423097 395.222422 0.017726 -0.017181
1969754.747101 110.529858 168.371113 0.013693 0.008612
1609086.544071 543.750924 45.613074 0.012191 -0.017519
883645.576836 726.098650 99.627296 0.005569 0.003671
1722771.757153 502.515476 142.338164 -0.009972 -0.007569
28763.775727 722.771239 101.802348 -0.012050 0.000534
845989.907554 733.909390 301.209571 -0.016734 0.014430
1143645.596292 54.427185 600.222364 0.014088 0.016935
1423342.375748 525.589923 361.927616 0.011500 -0.001567
1329764.171191 184.766645 221.644812 0.013242 0.014445
1926056.274178 553.316478 294.255474 -0.011996 0.017719
1598411.507718 172.622730 507.845127 0.018767 -0.003696
726058.746095 313.931266 195.460026 0.014557 -0.001022
375371.614646 348.491147 324.883561 -0.012609 -0.008588
932014.105344 718.527556 567.010669 -0.017167 0.007202
811741.037672 587.693174 550.814948 0.010982 0.002626
1557690.799962 589.746221 154.772467 -0.009264 0.017513
399385.155365 53.465066 91.361773 -0.018138 -0.018554
1122038.441301 327.947582 256.652826 0.015483 -0.009098
1805346.826001 59.618840 425.575758 0.002967 -0.005147
1995636.369100 729.038929 96.924837 0.017697 0.019371
1695958.700821 278.992141 427.976307 0.010644 -0.015089
558004.577904 435.815628 516.627665 0.001455 0.012509
1597187.265566 589.152655 528.715159 0.018082 0.011278
1833981.536251 410.090616 114.682634 -0.006183 -0.003995
929917.220459 197.904107 284.774448 -0.013154 0.007596
1471826.909795 138.496955 361.369170 0.015867 -0.015403
1165988.196230 595.280274 277.973515 -0.008167 0.000418
1172216.120722 460.798250 32.511728 -0.002183 -0.015487
1736107.381869 196.385780 508.325574 0.009949 -0.012161
1259741.624473 532.920053 425.254152 0.012848 -0.019574
218963.730251 229.047740 155.207309 0.003359 -0.001599
1902503.935575 255.762593 379.653122 0.002180 -0.011342
1496596.111682 109.505889 576.205129 -0.011553 -0.002651
941537.357374 638.171800 5.978482 0.001060 -0.010201
245239.558744 315.651688 293.105498 0.018817 -0.014292
1372376.816986 480.138919 484.772985 -0.004172 -0.003135
1637971.852737 403.830264 424.123440 -0.016990 -0.016368
337179.376901 23.581364 245.371424 0.012123 0.003345
1249672.392965 440.298610 432.738028 0.003387 0.010451
310196.676436 44.446762 335.790457 -0.013364 0.003291
1607296.809371 230.314725 585.101707 -0.008246 -0.009694
236307.595035 783.815087 515.257220 0.017040 -0.004972
561161.337682 596.822345 528.722917 0.019467 0.012915
1939371.158341 125.370506 511.783075 -0.004857 0.018361
870700.636353 2.205623 305.562892 -0.013732 0.003548
541779.813609 249.320374 386.791627 0.013250 -0.000896
453110.709066 506.837585 459.506648 -0.011924 0.017068
47266.968548 256.791905 543.293373 0.015297 -0.010176
562186.379247 130.163846 594.712100 -0.013530 -0.013969
1629854.769274 105.254536 185.086803 0.006684 0.000386
534606.907766 82.176592 307.534929 0.011061 -0.009664
203362.833803 38.133053 342.144335 0.009828 0.015189
92345.910190 778.741984 306.588361 0.012427 -0.012993
877177.283576 667.607233 297.608436 -0.006208 0.008684
1484435.888699 500.858657 528.751799 0.009363 0.011485
64404.659935 439.051999 550.818045 -0.006331 -0.011422
856791.879449 486.927168 190.825232 0.017644 -0.004619
1153201.109335 34.067563 259.344395 -0.014213 0.011642
618554.387530 154.179333 456.851271 0.012844 -0.019879
1875266.974734 207.538702 502.986860 -0.002696 0.004175
1111007.126566 140.246711 138.423655 -0.002547 0.016411
34336.430968 375.242518 275.390229 0.017344 0.004825
1349224.196444 291.975463 249.941953 0.019700 -0.007780
1602661.077679 455.261716 209.549930 -0.010656 0.008573
276647.354605 434.299534 544.483221 0.016281 -0.005528
1822198.850020 671.050016 373.336900 0.009948 -0.009124
453696.245539 243.702088 268.516432 -0.001704 0.009682
713133.517985 379.486124 125.408273 0.012604 -0.003605
36437.158490 391.747263 464.289579 -0.002828 -0.000609
159010.190591 189.131981 31.273131 -0.002851 -0.001204
1535456.720523 453.522691 6.995711 0.007010 -0.001262
749811.288319 469.897826 183.293606 0.019864 -0.006538
1154889.427663 178.969927 384.513515 -0.019003 0.007222
762647.938338 304.939333 92.626235 0.003624 -0.012141
1129345.827331 486.792340 411.024813 -0.006513 -0.018299
337378.635228 334.070652 168.719324 -0.011170 0.013862
1499918.929068 791.211271 247.982949 0.010381 0.006621
1760744.261444 108.877922 149.947045 -0.012553 -0.014662
1172923.453698 610.575670 215.563863 -0.010948 0.011540
79642.974809 486.224428 101.108296 -0.012202 -0.012037
730713.756164 607.041986 484.014026 -0.017945 -0.016077
1702955.846536 175.574275 309.562018 -0.014697 -0.002380
724785.897287 705.874189 257.896743 0.011042 0.005761
187236.443249 524.382562 468.543021 -0.006229 0.013671
1828784.213322 744.319135 362.921601 -0.009313 -0.013350
787390.226865 250.383417 459.584969 0.002487 0.000254
1929498.061505 742.898866 160.941530 0.010690 0.019213
730520.102536 499.489890 120.089093 0.015215 0.010507
1281053.293162 194.429221 381.964534 -0.017201 -0.019248
562426.321470 130.383834 404.883098 -0.017513 0.000278
1033437.869061 780.157040 262.921501 -0.015117 -0.010080
1192859.900739 412.621743 336.508197 -0.005500 -0.016836
138898.690296 261.505649 3.715808 -0.006515 -0.015998
1973181.982512 561.153345 434.015722 -0.012562 0.003321
957790.512106 660.894099 496.683629 -0.015327 0.015870
1692076.045876 318.207852 36.215414 0.000831 -0.001627
1136829.509929 29.417901 260.521883 -0.019570 -0.013626
1367539.427880 482.539778 406.091589 -0.010181 0.018665
1509350.044424 252.289944 176.054943 0.010416 0.006104
785056.476847 598.155676 212.686442 -0.015368 0.017392
1873643.585422 476.019202 456.996482 0.010547 0.008434
1315983.134935 488.141842 64.844457 0.008788 -0.014730
1135951.929323 228.854354 100.663559 -0.019860 -0.008255
656102.584980 548.705841 539.088676 -0.019843 0.017281
1727078.126616 606.419278 148.295969 -0.013751 0.000832
1797488.349396 439.025980 161.353152 -0.009889 0.006603
406141.346510 151.889429 156.267525 0.018575 0.018122
1941231.998588 497.293465 337.452491 -0.016816 -0.006382
1386830.762674 518.408869 376.729575 0.014460 0.006002
1843128.023596 152.140793 201.813827 0.012781 -0.012242
538331.757550 546.161455 571.704774 0.000656 0.013543
944807.663069 332.321416 233.305022 0.009409 0.006588
106756.882792 755.002955 514.393972 -0.007537 0.016344
1618777.323337 226.629697 318.200646 -0.005094 -0.005295
1742666.514471 52.446648 6.775779 -0.000037 0.017107
1321460.731012 336.998792 69.784274 0.019894 -0.010396
620834.287545 213.217912 553.723084 -0.009477 0.011302
1523195.320518 587.518425 118.893367 -0.014012 -0.000946
1731081.362688 163.055558 252.007848 0.008907 0.000659
656632.629529 425.567892 480.406361 0.014355 0.016127
325566.043298 583.801336 581.117316 -0.013078 -0.010853
1792559.657149 666.512250 390.196488 -0.019488 0.013231
1778465.217808 259.232484 59.230519 0.012395 0.003516
1763427.173609 457.944852 192.918958 -0.017574 0.009651
1593951.392730 756.011264 556.210382 -0.011311 0.006631
886016.743670 435.890913 119.195226 -0.010370 -0.003817
204796.643092 323.956068 80.779983 -0.017156 0.003019
727276.621725 773.605379 248.228890 -0.019605 0.019137
488690.041233 721.803932 182.946690 -0.006271 0.008563
1781116.410057 179.311733 172.025271 -0.011486 -0.007824
20635.784613 7.415874 149.637593 0.017496 -0.010971
1834876.302553 303.511042 462.638669 -0.015335 0.004941
350019.654422 174.716757 16.806923 -0.007614 -0.008382
1214501.650638 537.890104 155.017390 -0.019201 0.007487
477760.385944 211.497033 353.469793 0.001760 0.004279
605806.972182 347.233205 499.248401 0.003597 0.005799
272576.070518 480.129281 392.498658 -0.004563 0.001515
1759240.741729 243.148382 550.289822 0.005993 -0.003263
1080301.612187 660.435709 382.755415 0.002780 -0.014594
1857771.559552 140.288810 484.437833 -0.012488 -0.012181
988850.145130 340.063089 276.659637 -0.016670 0.018754
134591.829094 309.479482 242.386386 0.015986 0.019030
96963.198901 28.545261 345.851601 0.008255 -0.003141
227820.812831 465.158613 434.853948 -0.018760 -0.010708
290631.014058 457.464230 34.374290 0.011460 -0.014479
385931.693197 569.685194 190.006739 -0.020011 0.015995
1023297.854244 396.936019 195.391850 0.018840 0.003237
589125.026292 31.496591 579.529510 0.007940 0.017468
1882412.602139 596.838941 584.028248 0.000692 -0.002089
790218.714061 504.882084 18.671125 -0.015185 0.006545
526777.357108 212.370210 140.019485 -0.007118 -0.017992
748590.766801 411.762456 457.606763 0.007594 0.000598
1324791.236466 162.040893 6.088163 0.019523 -0.013038
1179151.767483 226.023700 128.167568 0.002193 0.019222
301466.356172 396.123042 434.988316 -0.014993 -0.019496
349183.755158 415.094200 387.318793 -0.011769 0.005616
616335.581344 375.058594 543.667444 0.001717 0.011558
1910511.639859 733.694371 182.893246 0.008701 0.004280
1640005.631205 304.655791 485.046788 0.013273 -0.005326
1964468.728734 335.944374 390.971974 -0.012193 0.018995
1261209.360911 276.275662 282.379796 -0.005745 -0.001178
968463.258337 424.493040 593.772898 -0.014825 0.009432
1257770.379660 350.151131 123.800341 0.001291 0.019253
1991034.577596 391.463686 537.765066 -0.008003 -0.011727
1007596.648767 95.870008 353.273353 -0.006801 0.017926
1912045.142572 235.912446 222.805279 0.004267 -0.000413
692628.538559 190.140612 501.185786 0.009460 0.003486
609848.141023 240.733778 74.947499 -0.008224 -0.002769
1723251.459991 737.801047 520.954016 -0.017345 -0.001709
1696924.347289 50.282886 568.006671 0.009827 -0.005558
309029.791648 199.625680 289.695168 0.009645 0.002358
867302.640745 559.089649 513.570761 0.012182 -0.007817
691843.061099 120.660087 325.954402 -0.012840 0.018654
272265.500516 388.480058 162.101836 -0.009547 0.011205
1400582.436193 98.342891 421.385886 0.002944 -0.012328
320566.674844 333.184598 150.913806 -0.015710 -0.013504
1229627.376064 208.906262 246.336571 -0.016058 -0.019851
1946485.269790 424.976267 421.321929 0.000850 0.008030
15066.369444 140.483561 292.323914 0.002006 -0.005755
911695.870064 549.037447 506.096354 0.009038 0.017877
1245159.992597 340.361943 42.597747 -0.006552 0.020136
519428.529087 388.672240 246.993735 0.000384 0.003832
1147820.552414 102.020554 512.556789 0.019418 -0.011047
1717933.562453 767.083121 453.624439 0.002486 0.011472
183230.377819 455.305490 577.850451 0.003167 -0.015288
640928.558372 27.552614 483.180803 -0.013459 0.010321
1503776.668340 628.884423 111.182455 0.012850 -0.015535
360957.489517 65.357063 358.294778 0.003699 0.003722
380073.533570 132.103220 431.714347 -0.018222 -0.014006
1889061.825298 723.328191 66.027050 0.008009 -0.001352
1796955.322752 633.722745 20.432508 0.014486 -0.005169
306282.549308 146.840530 243.211870 0.018350 -0.006184
332156.324914 567.642283 78.907868 -0.005925 0.001306
485168.456326 426.563471 367.432289 0.013162 -0.014913
413343.113108 24.205003 173.740148 0.017096 -0.017011
883643.182406 697.233978 587.072949 0.002074 0.002819
887249.075289 360.304977 217.570668 -0.000898 -0.007452
1467432.667253 504.418803 297.477299 -0.014412 0.003560
1682910.725327 244.974669 179.464252 0.018959 0.006315
1660796.624450 172.317265 113.648532 -0.002240 -0.017776
629926.086697 520.327541 50.866161 0.004196 0.003105
318150.466456 37.348187 269.305015 -0.013961 0.003930
40123.955365 464.656295 29.205704 -0.004722 -0.017545
724761.667999 93.882404 413.720495 0.014322 -0.009791
558074.092752 559.653794 337.209879 0.003109 0.006880
438651.350531 326.448217 533.147443 -0.004045 0.014432
1885724.248311 579.114161 301.001350 -0.018901 -0.006819
158400.153815 149.276745 226.163015 0.001136 -0.006997
1952982.963972 437.719398 543.506821 -0.018954 0.017267
1927788.328346 310.972965 28.335128 0.006190 -0.010102
607879.136041 746.844159 567.558098 0.014626 0.000456
1236504.919471 67.943685 551.393894 0.000252 -0.000257
1541570.438790 358.869429 131.509087 -0.009112 -0.000962
1098586.873663 282.147392 398.262905 0.017057 0.015187
1973812.054831 722.967597 257.189485 0.015657 0.017358
717421.361579 684.472889 190.606555 -0.003734 0.000393
1128238.588166 568.338434 265.691435 0.000399 0.003051
1906900.824936 103.092705 396.722472 0.014908 0.005391
311031.282093 514.432881 50.509421 -0.004977 0.016670
1119457.958787 738.887646 161.278675 -0.010820 0.013999
295815.608602 167.781866 451.737214 0.003010 -0.015969
1365835.790227 746.858598 574.113072 -0.019990 -0.006420
933742.419320 452.272240 30.205765 0.016407 -0.016973
1254474.420685 690.117322 122.096200 -0.008478 0.009411
1674721.783807 355.469762 227.604289 0.016824 0.012740
589441.845468 384.397463 445.733499 0.002551 0.008113
1186208.380939 568.359071 547.355296 -0.006134 -0.008545
28320.921598 24.399281 131.828557 0.018871 -0.018781
1123059.363627 350.718713 356.823538 0.004406 -0.006059
1339490.994503 192.472265 126.476061 0.014917 0.001152
1892333.765464 567.861161 583.267449 -0.007157 0.005323
1580513.963280 495.687621 66.302302 0.001256 -0.012675
1628540.167412 100.945200 535.784472 0.009076 -0.001110
358744.990248 592.784209 301.718331 -0.004028 0.008493
1065496.480589 768.812847 90.520888 -0.014920 0.002948
996930.964755 638.278902 488.837638 0.008372 0.006814
685065.261407 524.055992 228.826090 -0.007596 0.019161
22284.613001 83.227608 360.025167 -0.014876 0.005173
1564209.169505 749.486849 458.107317 0.006979 0.006547
471659.941818 683.907657 242.510441 0.009526 -0.009796
234378.384535 216.504488 129.584438 -0.009244 -0.004025
1581110.075852 613.226017 117.742162 0.004192 -0.000958
1733102.233956 757.647887 78.259338 -0.010142 -0.009505
222272.466972 206.715908 219.720571 0.008449 -0.004772
7593.072023 394.740214 189.757933 0.010711 -0.013180
1961038.188991 2.091378 13.893892 -0.004574 0.009656
554464.627316 401.917796 7.564203 -0.000263 0.010850
821613.773155 227.310261 322.496510 0.004042 0.015583
24485.756655 378.466782 502.093492 -0.014265 0.008812
196372.594776 203.404379 587.762555 -0.001420 0.018559
718005.964867 374.969341 274.602653 0.007042 -0.010241
1252709.545778 525.371914 142.338975 0.005950 -0.018319
1958473.456073 741.608449 326.362332 0.019630 -0.003221
628831.249023 322.108048 421.558155 0.014050 -0.019641
1185057.482303 690.578037 289.071175 -0.002866 -0.019720
406775.272641 421.256287 157.110182 -0.012854 0.019481
452064.211691 433.046861 275.731136 0.007354 -0.011347
1391094.198167 249.026441 524.654579 0.017255 0.018327
1830316.959801 730.331280 532.014561 -0.001630 0.016140
610994.441719 618.324959 183.957946 -0.019656 0.004986
631021.334152 481.698590 292.275391 0.011856 -0.018614
989235.750860 1.698799 334.171243 0.010247 -0.012653
1098658.789461 784.558178 435.061515 -0.019652 0.006629
1883467.686308 564.418773 585.964782 0.012750 0.005434
1871849.530317 584.687467 330.654575 0.012870 -0.012435
911993.535660 102.143011 577.519226 0.010554 -0.014583
1176139.691461 61.739340 443.300802 -0.016936 0.015026
1537174.407177 456.417322 526.518031 -0.006941 -0.006935
123261.179832 700.790833 185.104197 0.011634 0.015058
1946848.674653 583.061964 354.074837 0.017983 0.001716
457599.283409 708.888318 164.460257 0.011214 0.008296
926562.791190 189.184116 501.457658 -0.000474 0.020201
1942178.605097 11.982946 45.512116 0.008392 -0.016363
1905775.863633 382.594517 397.356118 0.013263 0.012158
1975712.466974 713.671231 407.900823 -0.008284 0.007165
1128937.655654 214.752937 243.795875 -0.013878 -0.011222
1900458.380534 306.293688 62.215692 -0.011059 -0.013429
1623668.112617 549.924681 239.744479 0.005851 -0.015465
798515.523224 494.067645 76.822758 -0.000973 -0.006938
438456.544857 343.566067 482.381211 0.015144 -0.009750
1216805.763178 694.697099 90.810148 -0.008494 -0.013403
1661706.700764 681.533500 259.331552 -0.010493 -0.019714
1303971.794110 150.723062 233.970529 0.010271 -0.003518
1107963.914568 455.147935 59.081281 0.018171 -0.011404
425643.800956 282.690468 499.846869 -0.007061 0.013608
318262.858465 448.946809 155.000593 0.018561 -0.002292
1036196.117772 457.824579 186.461112 0.006829 0.014554
948553.069005 401.320446 427.621344 0.016378 0.009413
1438074.149861 447.121543 555.830975 -0.015625 -0.007529
677338.477540 530.445296 530.620920 -0.002498 0.004695
197747.041563 520.990868 583.309410 0.017227 0.019656
1601492.672973 71.747855 330.779452 -0.017639 -0.017817
1987075.958395 461.593223 375.282716 -0.007831 -0.010065
971748.938305 621.877322 449.309879 -0.012076 0.007406
974474.447302 733.583703 146.326476 -0.003449 -0.018921
1121549.802423 602.076575 413.275398 -0.002207 -0.012393
613932.794246 434.736275 504.555943 -0.008860 -0.001009
1665525.531241 62.945920 338.781651 -0.004510 -0.014522
1238773.710671 302.508263 429.448804 -0.010182 0.007292
1925637.924078 585.276298 276.484889 0.008454 0.017198
290519.337305 158.675107 508.015344 -0.004373 0.004495
1745488.432117 760.803440 218.995742 0.002455 -0.004196
1111265.337612 695.191044 563.301866 -0.004238 -0.013925
829182.160473 184.105491 135.823093 0.019226 0.004579
728391.627189 478.969705 596.179196 -0.016867 0.013690
1349985.243450 33.444663 345.935717 -0.014530 0.010163
1010733.056353 223.939281 571.520063 -0.005917 0.006797
1129411.861826 180.195733 373.079641 0.017214 0.011484
33999.050983 389.031388 394.027136 0.019523 0.015343
1606354.705806 296.337901 66.735132 -0.018789 -0.005951
1451822.744427 315.079712 570.283989 0.008763 -0.001021
1590584.168020 314.888919 309.303275 -0.005147 0.001142
538209.161040 700.996055 484.979151 -0.011158 -0.010863
958317.440449 628.285101 272.116632 -0.015991 0.008647
479655.517489 94.383078 120.336797 0.015852 -0.017021
167238.956395 558.746383 267.342190 -0.012171 0.009130
1592486.357127 737.165972 73.212630 0.009853 0.005627
1189583.299304 433.160158 20.744373 -0.015546 0.016571
1124831.962923 303.310267 474.166446 -0.005186 0.004011
37146.621401 680.319381 232.533803 -0.001136 0.018049
205026.889315 568.931959 41.027697 -0.007882 0.004308
284161.461650 310.181337 183.778938 0.003492 0.003342
68690.410847 306.298081 301.823028 -0.013748 -0.014787
287411.349028 600.283631 403.805450 -0.012906 0.014459
1171263.018237 591.703815 143.775133 -0.004979 -0.015519
1682127.158941 315.073705 577.392949 -0.010878 0.014543
1824708.168313 264.754200 346.604761 0.019214 0.005360
369206.509725 98.059070 13.311376 -0.000372 0.008408
1208981.916871 419.563822 56.133294 -0.015655 0.007261
446720.970071 202.108286 259.114726 0.015808 -0.002833
586212.983628 385.035656 101.999127 0.001337 0.014298
560717.814863 299.363513 150.856075 -0.010345 0.004133
234257.601311 123.659982 559.020732 0.007799 -0.014621
1133248.557864 703.411328 154.254751 0.003534 -0.005185
1934248.125150 153.733437 536.703557 -0.017572 -0.007943
1152133.833222 226.306627 331.500574 -0.019687 -0.012949
1965200.129880 240.505961 396.728385 -0.013858 0.013371
1034901.121182 346.105709 125.822299 0.010845 0.006901
1623246.405098 708.939627 497.134467 0.009749 0.003208
1926329.093951 248.220830 276.165160 -0.011181 0.015961
1658576.383096 150.405176 54.849221 0.008979 -0.010069
786221.519479 240.784902 318.724055 0.017802 -0.007690
1421758.733421 742.952793 365.183697 -0.004897 -0.017208
888519.625593 711.263567 307.963141 0.005971 0.006194
374128.679919 371.566997 325.609170 -0.019384 -0.011602
247207.860577 782.998388 311.639329 0.003293 -0.012046
838233.393076 329.880863 231.623798 0.000671 -0.014380
1269501.125100 722.902930 262.555877 -0.014684 0.016483
1490342.234955 701.608528 467.292973 -0.005833 -0.010057
1720173.599068 639.009400 82.423462 -0.005126 -0.001867
1589947.016719 447.871621 550.767026 -0.006485 0.003082
254199.274003 369.681578 331.925293 0.005905 -0.018213
1506623.924480 52.544301 274.440762 -0.014404 0.003089
1187558.641279 619.297339 289.445265 -0.018788 0.017647
663885.182079 620.125448 490.611603 -0.015549 -0.014782
134186.233456 776.730391 557.465015 -0.011853 -0.006224
763995.101100 799.377414 542.497973 -0.008039 -0.006501
960104.740672 340.918721 479.267676 -0.018599 -0.016993
1689167.128731 629.774477 84.696051 -0.007895 0.017122
1435140.350571 716.101956 422.039168 -0.012036 0.017046
1287450.956780 425.306930 421.324662 0.017098 -0.016354
1664884.491668 423.757241 368.494331 0.010597 0.009330
1916152.068375 115.555673 439.958794 0.014399 -0.002280
142374.806172 274.573951 522.168231 0.014831 -0.004933
1889104.925044 571.831048 98.019919 -0.016670 -0.019294
184043.514628 642.278238 547.092753 0.011781 -0.019924
1678137.485719 350.651435 319.963300 0.001612 0.016060
349432.717240 299.147851 257.371481 0.011512 -0.014614
327130.583267 597.667337 167.677575 0.015869 0.004361
1445781.852792 774.626663 571.430445 0.003720 0.013540
657045.848974 430.377234 332.819891 -0.000287 0.004920
1143416.638087 467.920770 254.955878 -0.000620 -0.004816
853229.746620 259.495356 491.079511 0.018361 0.014558
1436276.935710 106.565196 143.432267 -0.014042 0.016957
747046.145027 249.331210 400.791254 0.006107 -0.011806
555282.349025 300.176707 106.496802 -0.010823 0.018768
31011.744417 446.357281 303.669713 0.002804 -0.017977
259713.421697 113.394095 381.558445 0.002209 0.005061
30230.289339 785.740338 570.483451 0.013293 0.017680
1629124.594680 440.198906 44.924498 -0.017898 0.007952
1993199.337271 341.208357 5.610793 0.006603 -0.016802
437214.899080 754.141452 272.378987 -0.004230 -0.013119
847463.854052 329.040679 438.601413 0.017220 0.019223
1561464.248021 48.414190 73.480618 -0.003329 0.004606
1496915.452879 345.461117 358.104848 0.008003 -0.009431
1076064.875850 410.460502 489.251287 0.004503 0.002602
1028186.607653 487.300876 594.839960 0.000939 -0.009072
141764.248787 594.380584 129.823577 0.001000 -0.014462
778578.041484 758.933866 329.683579 -0.015267 0.015195
1058486.954802 720.199076 564.197644 0.005890 -0.007161
1112790.978101 319.504345 448.247192 -0.013855 -0.016075
24501.685065 553.824657 366.449339 0.013090 -0.007839
353571.678676 272.882517 548.466278 -0.013264 0.014614
375264.103699 191.514678 365.668396 -0.003807 0.010612
1493884.026769 634.985049 429.129809 -0.008201 0.016525
1188817.119779 659.931901 487.979870 0.001403 -0.000920
259519.063057 73.687911 525.431736 0.015138 -0.010172
1949033.547169 712.055403 562.480981 0.003463 0.008707
482529.103981 609.534851 35.998790 -0.013823 0.017261
1850091.109914 273.834167 102.711991 0.001390 0.009868
1871495.037280 224.893622 324.728719 0.006154 0.002917
908785.677938 195.310479 241.164960 -0.009277 0.011214
1755362.652128 318.321155 522.398247 0.010157 -0.008998
232765.271437 582.195624 98.838353 -0.018065 -0.007279
1765166.354256 236.283636 45.892252 0.017674 -0.002003
15434.920795 692.970389 474.776314 -0.012878 -0.003998
1077013.659792 90.776153 409.253626 -0.016809 0.010598
516053.778360 427.366889 5.620425 0.006386 0.012112
1576709.125925 429.850807 119.256660 0.006418 -0.008346
948767.654108 620.874962 12.085529 0.005593 0.013199
667159.362075 417.554247 74.309725 -0.003590 -0.001439
1146380.339352 334.142328 198.409059 -0.005363 0.003859
1462269.868451 722.448942 426.852980 -0.003567 0.019262
949273.004639 536.535214 309.818310 -0.000658 -0.006829
636841.273232 217.400627 520.825586 0.000694 0.017242
316267.470045 793.196469 424.418995 -0.012929 0.005296
1072709.865436 409.132728 92.685617 0.006414 0.016874
1234697.917120 187.341336 203.659651 0.017925 0.003940
1871003.135047 543.354534 300.303535 0.005841 -0.016341
968257.898916 95.809850 457.528010 -0.019832 0.004228
184803.100389 255.995519 525.807676 0.018312 0.013470
1613704.762242 94.155084 497.079896 0.000561 -0.008178
920804.219749 40.383805 484.115460 0.004801 0.008336
1455508.939668 184.526910 566.022985 -0.017313 -0.012833
1084419.887087 1.410603 515.066448 -0.018228 0.005933
1899527.167855 422.429627 461.398685 0.008459 0.001121
745706.753221 643.275169 509.027960 -0.010117 0.010547
1369434.811813 44.292730 529.108467 0.000568 0.002786
353913.564400 779.821681 371.858692 0.019293 0.003536
660308.989072 568.618837 491.960086 -0.009049 0.011119
1997036.600484 653.578030 468.809549 0.014265 0.014406
857968.969670 644.750283 232.636068 -0.012091 0.000743
1832483.595159 456.966439 194.190870 0.011397 0.012071
174050.590104 359.618961 525.349982 0.018764 0.018483
887791.815627 115.996709 561.380664 -0.017438 -0.014854
1048845.100705 314.706568 504.324508 -0.006251 0.006693
1236598.032171 273.704667 290.163952 -0.004031 -0.012080
688449.854352 662.592924 2.615208 0.009256 -0.018945
1047717.716101 518.961534 357.834701 0.013906 -0.003488
831685.772553 746.838724 517.111720 -0.008439 0.016119
1646809.537731 587.808042 29.349950 0.010387 0.011935
354697.854423 226.785298 115.034867 -0.019282 0.005143
1718570.137265 508.471632 581.594906 -0.006280 -0.018638
338487.908402 549.790133 517.460717 -0.013002 -0.003241
1776805.868268 558.746859 40.748121 -0.000615 0.001839
960078.654327 720.451016 287.123474 -0.006695 -0.012495
763596.911339 131.472706 555.911304 -0.002761 0.017007
1446903.674606 486.479637 125.268452 0.017112 0.005277
1673049.761761 619.739839 156.005074 0.012228 -0.015282
591079.477496 780.426303 482.839971 -0.013700 -0.013982
450261.526019 36.976776 509.516744 -0.008253 0.001257
788880.985598 618.861197 258.920850 0.014938 -0.015427
1247242.441982 204.407373 167.324238 0.002008 0.007425
405506.701397 218.047760 175.381755 -0.003535 -0.012395
1835863.754077 197.826545 576.516945 -0.012855 -0.017840
159031.381905 379.912130 18.581440 0.015403 0.005318
362722.217274 87.502343 407.263674 -0.018590 -0.003776
420997.232395 340.126069 105.379700 0.005831 -0.007822
580167.091722 213.259617 332.793640 0.002792 0.012601
479025.265425 617.097297 52.647300 0.001290 -0.012680
552036.800679 359.990707 258.386667 -0.010473 0.005090
969986.005207 253.887906 61.680908 0.000768 -0.011942
1471710.388303 557.528198 187.746280 -0.003397 0.009190
1430984.936390 500.755673 91.186152 0.015649 -0.009263
902052.609670 144.677049 321.097856 -0.019784 0.010003
700700.571156 195.548518 313.257531 -0.002450 0.011065
1408199.004553 571.363895 137.012677 -0.014612 0.018113
1713095.736556 496.154330 161.497640 0.018415 -0.014608
944491.339356 557.023734 498.826169 0.011376 -0.015568
1119457.834922 400.401984 441.455704 0.008484 -0.004361
8319.607940 130.624350 343.583819 0.001561 -0.013272
647061.014849 711.753223 247.446267 0.013810 -0.006836
379545.065751 439.210514 25.845652 -0.003335 0.007322
1990576.603445 218.682758 181.515594 -0.009385 -0.010673
876473.971119 589.681523 557.746290 -0.009187 0.000888
80381.552726 664.476725 13.437999 0.011027 0.001698
828036.629980 624.885710 423.116301 0.019516 -0.007193
1747623.103553 248.439581 124.536265 -0.008534 -0.013746
1072386.123739 381.184291 423.540921 0.003210 0.015736
777386.485961 459.579055 100.780564 0.007642 0.013590
801906.589792 103.799022 345.987464 -0.006804 -0.003951
197987.358178 296.062019 137.920205 -0.015157 -0.014137
1545926.498969 428.233896 556.348372 -0.000542 0.001190
492654.834172 281.829863 500.305666 -0.001189 0.005161
1978982.283724 792.887832 69.259377 0.007756 0.002817
17631.095842 66.198714 86.662501 -0.012955 0.010996
1966499.848276 461.710596 543.528533 0.003389 0.015204
611006.784537 527.323969 167.262193 0.001456 0.011207
850069.038966 247.074411 189.793741 -0.005920 0.011500
1676786.882652 479.059975 83.412661 0.006890 -0.017863
1557780.060711 529.653229 26.199620 0.015764 -0.005729
1227310.625476 722.730656 263.006966 0.011612 -0.019453
428616.731627 592.131843 393.398602 -0.015227 -0.007965
1127178.874392 340.324119 576.560984 0.013660 0.018415
1480731.590409 212.884331 162.183956 -0.017759 0.004792
115335.758829 715.200901 130.634904 -0.012098 0.002660
541498.807511 780.980220 137.193863 -0.007437 0.014833
1167776.423119 742.096964 464.443964 -0.019061 0.007400
1705487.274428 189.983857 255.811024 0.000322 -0.005715
1455042.508177 58.169498 469.540165 0.007521 0.016569
1485351.840726 341.667847 108.574637 -0.019537 -0.000655
1600046.444498 55.711510 226.757211 -0.019279 -0.009270
1889695.885540 230.273642 146.857319 -0.013084 0.004142
230475.999522 605.780402 319.221169 0.015511 0.011178
434670.210087 593.513666 10.028683 0.005756 -0.009949
748135.628527 296.774521 193.188034 -0.013666 -0.017662
474188.291689 718.648307 292.625736 -0.003311 0.016259
1941577.332067 174.297404 588.607980 -0.006015 -0.010661
499196.726130 235.234370 314.403690 -0.000255 -0.001304
254300.674542 487.705447 134.032025 0.006363 -0.000101
6325.354803 700.141688 144.006471 -0.019183 0.000825
980919.682878 315.970240 534.920178 0.012550 0.001968
1900851.625903 40.288963 269.163874 -0.002580 -0.001270
719689.197242 326.252055 412.318429 -0.006340 0.010294
1844748.197982 472.743235 30.270650 -0.002174 -0.016566
1036199.990211 459.184023 416.385036 0.009642 -0.010753
385683.919483 595.638189 65.213021 -0.002696 0.010623
1256102.471266 738.638118 96.020534 0.000599 0.010046
1419511.694191 375.494773 472.772270 -0.013629 0.016252
511292.832210 415.176371 189.602282 0.017688 0.014403
145034.134456 691.267309 270.183740 -0.015048 -0.007554
1071721.370831 513.211136 530.688568 -0.010805 -0.004673
233847.819378 338.246070 77.298933 -0.011029 0.014204
1786277.592083 681.920438 467.432513 -0.017905 -0.005087
1031918.257955 609.685853 506.026001 -0.007877 0.016823
1499349.890975 446.415984 263.473680 -0.017338 0.000072
597617.807145 110.266652 219.109936 0.010009 -0.009536
1353622.215499 228.375888 541.950685 0.002468 0.000629
573296.933702 542.661624 563.917175 -0.003401 0.016136
1590131.532210 246.391492 453.797617 0.003006 -0.005553
258416.177825 72.872111 73.636131 0.018867 -0.004271
87595.200207 577.078806 571.626536 -0.000687 0.011451
906233.425674 625.783001 554.281683 0.012747 0.001242
370032.188655 395.970905 489.407863 -0.016458 -0.017738
664767.085884 299.617970 441.731655 -0.009134 0.011575
1278253.811075 53.039868 58.669559 -0.004128 0.005624
916040.443311 420.067286 438.713852 0.003222 -0.000159
249204.321880 499.281197 130.324722 -0.016943 -0.015711
8661.484350 424.402695 533.456771 0.017150 -0.006053
841302.204338 90.136511 506.167977 -0.010479 -0.011978
1802783.200425 455.889346 346.150628 0.005477 0.013643
731632.451868 220.858147 544.720353 -0.001416 0.006850
1096714.972098 736.780778 118.101448 -0.008805 -0.000062
1386984.768969 323.844767 76.214358 0.016470 -0.000743
469499.863903 732.211219 6.852340 -0.015011 0.013801
718651.906922 435.477270 574.559900 -0.011852 0.011235
316653.122342 84.272112 211.330347 0.009953 0.009146
385530.231700 79.770914 10.935525 -0.015988 0.002569
1379939.433830 519.390379 291.522652 0.015422 0.017169
1974529.288697 463.750192 199.393485 -0.015503 -0.000391
1626419.535664 279.671292 244.573375 0.012977 -0.001064
503204.831157 146.218936 10.690291 -0.011621 -0.004507
1600260.999799 293.110666 294.553017 -0.013932 -0.015947
467442.890847 275.381126 121.015590 -0.009916 -0.002201
1530910.291491 753.111080 56.525883 -0.010004 0.013173
43405.273949 189.968408 245.144546 -0.005799 -0.005892
1801413.789299 133.560957 421.277443 -0.007690 0.019673
348673.859774 447.602544 104.974215 -0.012285 0.010753
1122384.702378 793.453290 80.872586 -0.017915 -0.014244
474000.488629 229.261649 293.443772 -0.002434 0.001557
1867761.544822 162.815678 288.103756 -0.018865 -0.001839
617712.498930 39.556669 415.305571 0.008749 -0.003846
88793.583256 495.068802 342.775996 0.009884 0.016950
1123119.018564 736.160523 291.603347 0.009380 -0.015512
510837.786138 237.578227 62.657090 -0.004336 -0.005986
498234.962345 502.664108 381.515130 0.009531 -0.017334
350510.791107 537.788423 162.867401 0.006248 0.007957
1451432.125387 771.399606 449.325106 -0.003371 0.007343
303273.376219 370.273305 179.973316 0.008882 -0.011669
454803.713809 227.147124 76.083049 0.008597 -0.019203
480071.545802 775.516755 189.839438 -0.006245 -0.005560
1333575.176696 474.870544 592.918383 -0.007793 -0.006722
110627.538576 382.830038 1.937585 -0.006992 -0.014535
1406769.050940 41.585567 59.192687 -0.001880 -0.001183
1561676.394922 482.281584 559.365785 -0.016760 -0.006995
281255.947557 246.755396 364.885040 -0.009250 -0.019071
1257382.930842 407.343755 596.049003 0.017789 0.014122
706537.016996 489.536894 268.816796 -0.006339 0.016649
1558318.719993 318.063515 237.005581 0.011344 0.008938
1057752.200895 389.392479 465.870636 0.005110 0.017502
491364.625511 326.339422 325.143250 -0.012862 -0.000411
1734950.389590 255.133627 479.298585 -0.000925 0.003493
1643357.573842 84.644829 56.958123 0.012569 -0.017965
1898263.090243 133.965209 397.730929 -0.004151 0.000401
1157183.811607 140.952583 544.521188 0.018940 0.018334
1260090.642264 401.486988 266.616061 -0.003782 -0.014826
767107.214205 521.542527 323.234661 0.016985 0.013176
55740.578126 634.775746 88.830689 0.013024 -0.009298
1471867.368311 518.970111 224.880816 0.012921 -0.001677
851158.514084 624.232735 377.693618 -0.016457 -0.012921
279214.015361 533.055639 211.778790 -0.018188 0.005628
622537.959657 541.302703 84.777780 0.010265 -0.016713
543551.074594 112.366153 439.287378 0.012789 -0.017341
1125283.938425 670.408114 515.244998 0.008423 0.006528
255944.995329 357.694153 187.156517 0.000112 -0.008831
1549879.616848 742.629998 35.307651 -0.003806 -0.019298
474171.187949 435.884680 410.464809 0.003567 0.003653
648167.413030 720.776626 160.469270 -0.001355 0.006309
697835.028496 589.900026 478.496285 -0.016727 0.001912
1725670.433475 515.969447 231.136696 0.008644 -0.005358
99429.388577 679.190267 481.559180 -0.005523 -0.005947
163663.104253 109.324814 168.317092 -0.007434 0.000302
594763.153510 303.629597 52.713077 0.019274 0.018797
1355525.087265 244.868227 522.077810 0.017906 0.010931
1053977.892294 234.816821 305.648551 -0.007015 -0.004936
115031.983757 149.701382 12.749158 -0.002322 0.016313
752375.869431 393.796310 455.040828 -0.012773 0.014191
219437.964363 208.605430 595.018237 -0.004391 -0.003938
1068114.026016 550.233358 469.054972 0.004831 0.006880
1499866.051366 239.100778 584.244867 0.004734 -0.010286
1491842.997955 116.875932 322.383655 -0.009721 -0.001128
1826279.228472 251.035637 395.170291 0.017303 0.010250
1133058.067007 247.552846 149.324382 -0.007042 -0.000437
207507.431604 346.613023 450.256480 -0.016174 0.012957
304737.184339 504.317908 306.719646 0.017354 -0.010011
361247.467977 546.526053 329.348479 -0.013810 -0.007886
1585793.637478 720.447452 269.367897 -0.006763 -0.013828
1841064.114050 194.822024 281.314277 0.003185 -0.012850
451362.950938 116.080080 291.952261 -0.000999 -0.001228
1950936.490647 462.932489 542.174288 0.007972 0.008038
1454702.783122 701.737289 182.614678 -0.010457 0.012489
1108684.254395 335.259814 297.126209 -0.015857 0.002983
1596490.624173 716.898730 284.918541 -0.012355 -0.010350
1263706.185512 134.256102 282.451339 -0.015929 0.009881
1294332.516982 261.193000 535.699341 -0.014666 0.012046
723046.520130 87.132490 228.409423 -0.009394 0.013359
107937.715067 793.502051 426.910313 -0.005739 -0.010832
1046872.077066 729.002101 389.914470 -0.019359 -0.019490
450965.188654 653.640946 546.801340 0.008015 -0.017426
278162.196408 266.351025 139.776572 0.004373 -0.002627
1960316.196066 205.653876 456.595126 0.014895 -0.004395
1125740.257616 187.662661 299.748689 0.017722 -0.000068
668170.334151 796.882306 294.256821 -0.018185 -0.005838
1443825.863043 455.523793 160.013799 -0.005092 0.003550
564375.188464 478.233645 242.644738 -0.012222 -0.008029
938961.728913 267.070653 379.730227 0.008075 0.017693
132214.712972 546.606642 119.658174 0.013304 0.002223
1179224.623916 311.641307 473.174832 -0.016481 -0.006659
575213.267736 338.974508 197.883288 0.011014 -0.001197
1368718.602401 400.771667 23.904669 0.018035 0.014947
1254302.726711 185.851471 282.699746 -0.018653 -0.002902
1541011.519516 401.046388 456.231534 -0.003919 -0.011868
1407684.757098 375.362113 531.810514 0.016152 -0.008179
883750.411162 393.878070 411.761782 -0.010606 0.003300
38293.802197 414.575222 2.892690 -0.006036 -0.008091
949396.727117 26.718303 478.842629 0.000599 0.019430
1340193.529306 112.273473 129.961310 -0.014297 -0.013060
1289556.392138 729.417389 404.375459 -0.003817 -0.007434
1756783.113702 88.036539 469.150665 0.010511 -0.019695
157687.638028 165.972276 303.254205 0.010635 -0.002494
175039.783202 626.756852 573.350091 -0.016265 -0.014663
506304.289450 453.405898 99.359607 -0.017950 -0.016717
301433.914481 576.072843 133.733120 -0.005358 0.014538
790027.673724 9.684822 464.079811 -0.017193 -0.003252
176035.711624 758.671120 317.188828 0.014803 0.008524
1081972.172988 759.273628 552.256322 -0.018242 0.008677
715741.816310 107.014465 298.957683 -0.007407 -0.010926
1263880.632475 454.278065 476.724041 0.011931 0.004698
1751026.801649 758.800323 202.498796 -0.016160 -0.007301
399196.095951 394.721832 198.032306 0.019064 0.002382
1496994.359185 48.721458 306.408009 -0.008904 0.017281
445396.929255 653.696187 529.675202 -0.014301 0.014546
1193553.106484 399.925234 599.366980 -0.016127 0.012545
450224.472419 581.436673 229.319977 -0.019244 0.001037
1999453.321099 715.762091 285.684062 -0.004534 0.019328
1584501.028799 429.288938 291.140317 -0.015108 0.000403
94458.571679 696.610713 342.572435 0.002268 -0.014108
1007827.074736 623.615852 579.565025 -0.004562 0.016859
1658558.308919 786.586577 253.216522 0.013088 -0.016902
475365.567242 42.284939 482.993126 0.004379 -0.016966
663714.367274 496.030181 580.774914 0.012229 0.018187
1919117.403179 479.304018 296.900683 -0.002173 0.008825
9624.167350 393.696720 354.671340 0.003061 -0.018038
1478876.057770 64.589010 497.177534 0.007828 -0.001376
1502145.321808 426.606869 269.272551 -0.013024 -0.005537
1054818.871922 329.125839 247.816451 -0.006669 -0.018737
972186.690649 532.061430 390.596598 -0.001894 -0.001125
1216433.286302 329.620990 43.250812 -0.015870 0.014308
1585452.240699 85.773697 209.882517 -0.004621 0.007147
796849.675848 99.037819 459.009655 -0.011084 0.013082
461377.134761 782.784827 217.059120 0.007149 -0.013904
1447663.852688 165.284921 338.364423 -0.014474 0.001610
1190708.408687 498.829839 122.838128 -0.010147 -0.017028
1355477.244293 684.013812 294.385848 0.009994 0.018262
694211.989964 433.686791 39.304216 0.007901 0.017099
1497031.391364 75.979630 30.268883 0.000515 -0.007099
1759090.904966 594.499595 180.070288 -0.010328 -0.003077
904928.793621 772.088435 377.785418 -0.019368 -0.015857
341892.055395 489.183708 437.044695 -0.004952 0.014352
1609370.418642 43.186477 428.006059 -0.008183 0.012131
1339833.364515 513.475631 206.902470 0.009422 -0.006412
543533.833951 386.209746 260.399192 -0.007101 0.019788
1510075.678821 161.146497 443.579206 -0.017783 -0.002230
325429.097901 406.594178 246.059767 0.011715 0.000971
1027532.088117 770.981979 81.264948 -0.010388 -0.006343
1987715.010526 37.145448 236.805127 0.008285 -0.006366
396776.620483 301.239179 588.677622 0.001752 -0.015596
639902.701899 652.584461 355.972112 0.010145 -0.014501
1179865.857204 406.141806 204.112227 -0.006861 0.002538
1568458.621189 393.265269 42.355912 -0.012225 -0.008577
1190290.628555 566.726447 150.200345 0.009233 0.017978
1180185.991889 580.434216 597.254910 0.019388 -0.002796
672088.553511 146.562014 484.979312 -0.007380 0.009068
1837656.663655 510.371040 325.294589 0.000515 -0.004374
1360614.323691 81.642456 539.193607 -0.019207 -0.002749
924125.776125 643.713823 555.161801 0.001310 0.019931
418950.309241 102.547858 424.598860 -0.001777 0.014264
1312754.557148 39.357278 349.782783 0.006059 -0.018682
30587.249450 790.800563 130.286642 0.012893 -0.007752
1889215.610870 593.538403 566.047011 -0.000543 -0.009833
669560.509114 133.505880 214.184288 -0.010653 -0.012487
1579576.984783 556.784443 595.009198 0.008589 -0.010909
1982244.182370 739.038131 214.052880 0.007924 -0.004709
432350.935616 283.907608 258.161541 0.011978 -0.019769
930735.730068 652.567171 596.785333 0.007306 0.005517
600671.720971 501.700474 227.801972 -0.010174 -0.015430
1270601.892504 463.856397 169.489388 0.019704 0.012520
938976.299455 626.127125 304.955351 -0.001546 -0.000147
1474031.937064 361.778932 251.689243 -0.016253 -0.013947
1605130.416157 247.818970 302.695066 -0.010664 -0.015578
1023340.410098 559.400071 555.296122 0.000250 -0.004731
1128556.229700 645.646272 5.246483 0.017741 -0.017945
248420.950141 463.924606 377.886618 -0.004029 0.002645
884577.235619 700.986641 213.219359 0.018002 -0.006601
1704879.713107 549.770002 474.431306 -0.009090 0.011183
1882055.445519 60.108068 54.829275 -0.002181 -0.007604
404206.608610 765.937252 4.954918 -0.014899 -0.001421
780987.060993 553.571603 162.406060 -0.004057 0.005512
642018.800900 420.081901 130.707307 0.018035 0.017211
1579863.075903 313.922864 483.372488 -0.014223 -0.006297
286431.929230 799.011597 18.364897 0.017334 -0.009122
1625355.291937 700.008364 207.348896 0.016182 -0.007120
1310099.705732 85.457557 166.897416 0.006584 -0.010585
1485499.756171 42.487858 555.861068 -0.019447 -0.001831
1126826.147142 267.671362 586.798046 0.011209 -0.008641
1817754.082297 456.499422 406.943507 0.008593 0.008654
42605.713030 685.875680 428.770307 -0.017577 0.011515
1969490.396776 691.842164 399.796958 -0.006755 0.010786
1972945.507603 788.305092 525.843712 -0.009418 0.005963
221002.463354 5.770385 421.203234 -0.018489 -0.019154
314139.836614 479.897074 212.986090 -0.014576 -0.004776
1280098.799281 35.288286 570.977505 -0.007252 0.010323
1334025.561499 271.159342 370.224441 -0.004783 -0.004321
817314.073824 292.077129 154.206771 -0.016991 0.007873
52254.755074 49.220712 409.113593 0.016111 -0.006927
662711.798522 9.590291 199.847985 -0.018605 -0.017996
710212.109941 153.415386 389.901769 0.008414 -0.006921
61999.699130 280.914702 223.025190 0.019309 0.006760
261157.692532 519.591016 3.820699 0.009909 -0.018763
797766.605764 125.399519 237.192224 0.006230 -0.010775
184709.901076 545.633382 175.193523 0.010994 0.003307
1235796.007903 85.315651 357.476430 0.018110 -0.014400
1292608.929469 245.367443 198.433301 -0.008134 -0.019326
1317389.029692 261.411035 220.408039 -0.018783 -0.007603
71927.786838 127.926283 575.727115 -0.018265 0.016295
1977614.946653 353.615216 38.480635 -0.004660 -0.016051
591803.305127 381.749753 467.261797 0.003526 -0.009937
726241.200569 165.070963 214.101777 0.018398 -0.013693
995710.504705 485.195318 279.248280 0.013147 0.016103
963862.695249 391.070518 138.013375 0.013995 0.000723
1079147.418532 708.512561 407.919724 0.000014 0.017209
1174876.041326 389.847502 223.165873 0.006100 0.014865
937689.950195 758.336902 209.331341 -0.010094 0.001384
1200871.358253 489.583084 445.078266 0.018301 0.002825
1798372.363578 364.505464 105.871953 -0.005462 -0.008559
158766.744732 676.308900 464.482638 -0.007557 0.007861
584123.108808 679.746480 348.410412 0.018817 -0.006107
1019930.488905 447.250792 500.198404 0.015239 -0.011569
1412068.961846 279.416119 95.643345 -0.017823 0.003968
1390465.348675 524.145498 125.762948 -0.002533 0.004558
1560588.704217 269.430373 41.724466 0.018292 0.008026
709118.110458 28.796693 327.107912 -0.014839 -0.006275
481739.437432 336.682252 116.797141 0.012823 -0.004332
1084185.081108 265.315989 569.538279 -0.004951 -0.011501
321427.933090 65.687731 337.308299 -0.007472 -0.014373
322096.383349 11.953099 475.455019 -0.005145 -0.001929
811598.476400 120.535481 472.361325 -0.000993 -0.015691
975828.599639 662.994217 87.270345 -0.018663 0.018331
980873.326296 219.666285 226.356778 0.007424 -0.016143
1538962.265262 182.212665 256.934303 0.008828 0.004168
1281944.833362 703.651269 411.330002 -0.011768 -0.012058
1646853.441208 292.114272 129.348837 0.004644 0.009426
1334224.681991 17.345671 531.645462 -0.001761 -0.000141
1987979.200663 754.040033 196.291630 -0.014453 0.019127
567825.405192 503.337294 150.265183 0.006584 -0.007378
693992.653253 345.551369 324.554899 0.011117 -0.014007
290886.182473 333.197384 18.660647 0.013265 0.004826
461579.700216 523.973082 590.618049 -0.002178 -0.009198
1440439.939238 90.525325 175.739997 0.004276 0.002720
1578856.275221 479.749297 307.088636 -0.015375 0.009502
975708.803616 319.893284 220.058064 0.009550 -0.017512
1363849.989774 68.196938 296.264763 -0.011053 0.014434
1287670.666020 295.442629 165.616832 0.006992 -0.011980
1793086.186886 724.859701 513.235603 0.015254 -0.005941
253419.465503 481.187925 278.235142 -0.003073 -0.011652
65064.939701 167.171096 484.701201 0.001755 -0.007021
1093948.624606 25.884057 434.718526 0.016624 0.010812
1570950.974510 476.986628 514.045298 -0.008922 0.012860
1433502.711092 738.483087 113.641015 0.019678 0.003941
779698.448619 711.639943 301.833403 -0.010220 0.010897
1707668.152502 297.581520 224.138000 -0.007294 0.011702
1161722.038482 280.424628 0.873119 -0.004401 0.015809
650195.260835 748.263853 556.193371 -0.017984 0.014025
1393276.303724 667.695213 267.881108 0.002114 -0.015477
534900.189626 215.511465 20.914319 -0.001725 -0.009458
1264731.390059 676.735899 91.176661 -0.014609 -0.016299
1848317.172308 790.690933 278.344408 -0.008146 -0.007738
512088.236637 702.068034 394.243761 -0.009750 -0.009278
1104225.446984 465.386453 122.009416 -0.000857 0.005245
107543.810321 140.002959 279.505619 0.000003 0.009144
1156781.673039 614.946216 597.952737 0.004536 -0.011029
520065.349769 196.779537 42.837413 -0.003466 -0.004749
327390.441823 269.768366 221.956584 0.005092 0.005375
1353004.063178 707.034792 306.798102 -0.006535 -0.014403
1558240.596931 709.549105 433.322144 0.019292 -0.005459
706633.334377 29.175204 323.774943 0.012779 0.001611
534505.464385 317.359151 182.697538 -0.009443 -0.019542
1061346.780072 419.691651 154.709342 0.004164 0.017574
1275778.349152 612.190160 164.453016 -0.019709 -0.004266
1816858.008419 547.129187 166.237661 -0.003175 -0.019289
837596.447597 159.255242 542.163673 -0.014396 -0.012788
537634.699856 396.072062 130.442134 0.012324 -0.007447
1509630.032587 59.855312 425.957986 -0.023760 -0.011623
1442342.147903 473.412893 518.303295 0.019165 -0.012331
1603574.954720 492.256175 575.762927 -0.016937 0.004955
706735.606634 787.787819 184.416093 0.005221 -0.003785
651319.147391 39.853324 362.417794 -0.010781 -0.012372
1573016.600485 398.376352 411.437539 -0.019909 -0.007679
1998835.487291 607.559327 230.039661 0.008379 0.012768
1445522.677826 344.864685 246.166542 0.003480 -0.003643
1207599.107738 311.306726 14.975107 0.002533 -0.001341
1297106.122271 733.783586 269.857116 0.018160 0.001908
1709409.523620 225.366508 358.933261 -0.001617 0.000455
1579454.636005 196.683206 5.962161 -0.000958 -0.009970
635151.660366 380.475760 5.191782 0.008023 -0.012577
1657542.871152 338.123857 368.979129 -0.010411 -0.019601
50074.195513 673.864604 239.489226 -0.017991 -0.003737
1728956.987955 558.661699 193.811790 -0.007457 0.006113
1741304.677791 135.036170 562.063845 -0.001261 0.005075
896425.988943 206.810086 524.767282 -0.001640 0.009352
248631.410417 620.537746 125.800727 -0.014681 -0.000942
789536.960791 769.303815 539.395683 -0.019597 -0.011932
1819863.026878 28.399895 26.287005 -0.007619 -0.016549
901731.744829 139.349429 470.677947 0.010948 -0.000471
878442.611954 515.214947 393.555715 -0.004975 -0.015496
569936.175165 658.721326 222.711384 -0.013649 -0.008688
212161.644461 226.490912 35.214553 -0.007363 -0.003264
1070836.321949 568.371012 227.940308 -0.002619 0.008851
1162154.364009 276.134306 454.472471 0.005040 0.006164
1685995.778854 61.465929 497.243042 0.005442 0.014018
631794.399876 53.962279 296.568726 0.018922 -0.002282
