120102.793966 630.483450 121.684731 -0.006088 -0.005542
269277.329682 300.259707 156.020966 -0.018263 0.015159
1260731.205931 302.085449 191.753032 0.013080 -0.002970
973263.179405 632.796765 572.995012 0.008516 -0.005930
1683880.506867 289.428788 229.444593 -0.016835 -0.013039
1760997.696668 175.260007 580.679079 0.011716 -0.019831
354965.669268 682.030443 474.755132 -0.004786 -0.012010
306862.422408 412.053485 346.409601 -0.003483 0.002363
913598.742761 34.807644 562.409310 0.011119 0.014843
723511.401901 210.321271 397.540862 -0.007311 0.019065
27418.055584 127.056458 203.281908 -0.004128 -0.010473
1026719.971107 221.762664 273.183383 -0.000716 -0.017201
919235.655535 527.378995 553.035203 -0.009943 -0.018408
247720.705461 324.123763 333.547345 0.008055 0.012686
229642.751734 125.811723 516.933600 -0.017953 0.017239
1463437.116455 330.462300 118.810550 -0.004257 0.009187
349002.480669 325.700426 533.868781 0.000967 0.011692
253345.397419 21.819275 48.644770 0.003301 0.000365
301882.374241 33.442996 101.061381 -0.017042 -0.008247
417897.793659 158.211816 419.678969 0.010567 0.015939
1032678.423930 703.129720 34.318837 -0.004920 0.017241
1981626.739717 86.687400 206.277591 -0.012527 0.000331
148080.320166 290.842540 545.998210 0.018532 0.015050
1426235.401736 72.278733 542.507681 0.011788 0.006905
826207.458426 756.185148 428.532033 0.003258 -0.019251
17939.873048 632.934800 129.686534 0.008281 0.002227
229060.592236 178.849913 260.648141 -0.013054 0.003946
729567.630556 129.621303 425.773831 0.008398 -0.006043
424191.899795 625.660917 428.094379 -0.015136 0.009774
1179453.697605 667.594113 501.627222 -0.000309 0.005138
1017047.714916 725.036286 344.263401 -0.011060 -0.000459
1184883.571782 186.443071 168.190481 0.012318 0.017652
1669257.284919 738.148156 98.134736 -0.009282 -0.016596
1530870.404807 506.882026 153.218432 -0.001041 -0.006351
1211583.405366 549.745210 75.239818 -0.007252 0.012378
1741377.547263 727.071859 385.885436 0.008281 -0.003834
544004.606336 172.403496 185.219808 0.013854 -0.002453
1594854.852927 350.112924 402.484713 -0.016923 -0.010141
1223177.906695 729.546130 101.475604 0.010977 -0.012994
527324.168257 433.104391 487.876756 0.000768 -0.019346
312490.830343 99.837123 422.411938 -0.009354 -0.002548
1025907.483430 121.014269 211.895506 -0.013738 0.014344
1509229.653286 342.128436 43.698701 -0.017750 -0.009264
1023852.793045 688.328326 427.882756 -0.012673 0.017502
1918069.081343 635.421226 509.670104 -0.014827 0.002810
59433.087734 314.330301 67.707297 0.013725 0.016466
257531.464220 800.374599 21.873329 0.013288 -0.008780
961609.428265 277.057407 259.691386 0.013359 0.000069
582120.371322 470.170550 558.416425 -0.005430 0.006017
408974.288222 701.469704 306.817538 0.016765 -0.017649
899929.745542 700.442675 511.995666 -0.008030 -0.019834
849952.291162 263.241273 237.849510 0.001500 -0.013091
617567.269419 532.476298 103.650015 -0.006174 -0.000030
907629.657959 661.601510 506.916634 0.015485 0.006345
693382.430213 141.900858 148.637738 -0.008910 0.001678
1797970.130014 385.170949 250.840669 -0.003533 -0.004079
955435.349120 688.723837 164.153166 -0.006715 -0.013575
557659.864685 605.759923 293.421352 0.007022 -0.008247
1324351.926951 788.093404 575.695701 0.013364 -0.006810
917046.023028 230.772052 93.685945 -0.007872 -0.012933
1632997.046985 519.328304 212.320160 -0.017474 0.017108
1790149.784549 770.297313 244.938435 -0.007425 -0.004980
1613713.184192 632.368328 140.846355 -0.016783 -0.015069
791753.703166 288.365666 527.463807 0.015412 -0.018583
347958.385175 437.567485 12.119974 -0.014653 -0.004646
701432.257286 473.860412 403.134316 0.000314 0.015826
1693039.169392 258.834612 326.978850 -0.012027 -0.004479
944105.254926 76.156741 210.646427 0.015302 -0.003684
1451122.988691 550.420207 119.729443 0.018426 0.010760
644142.737912 285.176848 76.732693 -0.011901 -0.010303
328294.663843 300.472889 473.811608 -0.012300 0.000413
344141.964030 428.613683 60.766016 0.013715 -0.018294
1995072.262359 551.837813 220.470859 0.001697 0.015578
1509670.835691 11.366986 590.832538 -0.015736 0.015794
783939.521193 665.419607 349.925241 0.003568 0.011725
702233.533702 730.444719 89.299121 -0.000817 -0.015266
783487.379916 514.550223 295.069514 -0.012711 0.013088
1976.599918 282.337746 217.750341 -0.015860 -0.012099
812477.567611 80.837089 532.024339 0.010926 0.005778
1551513.418346 422.527616 395.033119 0.010381 0.005362
1106838.468046 120.953186 279.590015 -0.014530 0.009719
516376.429478 389.649661 394.008608 -0.003801 0.018698
1541877.001311 639.319226 366.734420 -0.009512 0.019231
877046.727052 210.815403 200.475262 0.012091 -0.005350
1062152.807164 166.506266 280.671199 -0.003292 0.019291
220503.739184 154.918990 305.911203 0.010761 0.018112
285758.867062 257.567851 62.774546 0.004297 -0.001907
1694852.848395 693.280186 566.790678 0.000208 -0.009160
1823523.613542 219.359267 44.332930 0.000908 0.001466
109429.840049 768.358517 479.915377 -0.004452 0.010493
331166.874772 736.284228 582.334821 0.005304 -0.006528
1904142.131984 594.127511 318.583088 -0.001575 0.000438
967910.745632 483.260370 499.421878 0.003528 -0.011505
581591.096978 348.573435 47.865608 -0.010626 0.017519
706572.319710 118.025713 128.284432 -0.002977 0.006841
1499518.371885 385.512053 378.612248 0.001968 0.014854
785875.055374 571.612492 474.476159 -0.005460 -0.006112
257524.722376 252.879112 54.244798 0.006438 0.011157
1201976.699383 114.860680 228.798875 -0.002628 0.009283
1186503.038363 579.949419 101.573439 0.006846 0.018403
215485.423904 20.189548 64.869351 -0.007130 -0.001903
1555844.913030 56.687269 560.784546 -0.003688 0.004795
1610655.802121 641.054527 200.514793 0.003844 -0.013395
1363983.919548 580.443843 288.384202 0.010877 -0.004604
515601.680854 298.449068 317.478077 0.005553 0.012257
521772.659627 185.478032 319.331249 -0.002819 0.016137
984056.433190 429.749324 558.180151 0.003638 0.013842
764465.851134 302.317682 557.885491 -0.007326 0.011444
1098768.237559 98.005199 352.797252 0.014790 0.008812
1505133.839094 452.656290 265.950659 -0.010718 -0.006502
1656881.889169 392.819075 426.146346 -0.005665 -0.014815
1035409.796534 493.796138 216.609469 -0.018015 -0.018106
532033.862794 432.610488 350.141052 -0.012177 -0.014338
885049.308131 462.166144 312.193780 -0.005113 0.015772
611963.250959 737.387364 10.252167 0.015715 0.012221
1469794.933437 516.546236 223.382436 -0.012575 0.015497
1419313.830053 5.426443 222.314310 -0.003153 -0.005438
1001399.715897 751.050549 589.611481 0.014488 0.019461
57920.523946 102.995307 316.996963 0.004551 -0.007025
1340168.589419 44.232204 541.194738 -0.012391 -0.002903
1593328.125585 396.871233 209.096406 0.012539 -0.004442
308175.125303 438.487188 21.461988 0.000958 0.009104
1829796.170737 188.019622 440.229387 -0.008570 0.006237
194622.977727 628.627264 356.703738 -0.016827 0.005965
1163384.351490 85.995778 466.770444 -0.015413 0.009098
203536.384834 623.788318 466.713757 -0.019844 0.018801
408990.508136 640.510527 279.577946 0.002315 0.004613
1709918.606891 566.269994 96.785527 0.015703 -0.010639
1776676.395804 644.296882 280.507315 0.004813 -0.016382
248411.979642 575.504251 526.689903 0.008745 0.011925
1052401.075630 239.877937 543.616464 -0.007840 -0.003550
1254879.329007 324.291019 114.444379 -0.003764 -0.003586
322021.593490 487.248520 125.578026 0.003296 -0.014504
1647379.426121 385.922126 521.489888 0.019420 -0.005115
204691.412954 699.150090 106.327361 0.002803 -0.000172
536197.156895 555.466706 128.704724 -0.014195 -0.003471
25648.950611 537.715749 428.569556 0.016693 0.018965
247729.502734 436.958441 228.977821 -0.007403 0.018033
1580350.309415 380.064366 335.418382 -0.020003 -0.015901
1443766.372951 659.157789 350.906442 0.003671 0.012383
1912564.341869 554.481745 409.627974 -0.014669 -0.009430
357511.299829 321.159143 575.501157 -0.004372 0.001853
744693.135258 324.533667 130.908804 -0.016555 -0.007010
387589.365424 167.765070 523.065245 0.002986 0.000960
1645202.005117 291.668475 -0.055046 -0.004711 -0.005376
205411.871060 83.621170 113.439762 0.007498 0.007836
1996032.971887 514.807856 233.798253 0.007463 0.010580
1306804.762830 688.070014 106.734158 0.004501 -0.009859
1450619.077985 788.364344 395.279363 0.017729 -0.017180
1969754.747101 110.484430 168.342570 0.013720 0.008612
1609086.544071 543.710519 45.671142 0.012191 -0.017521
883645.576836 726.080258 99.615112 0.005530 0.003682
1722771.757153 502.548529 142.363258 -0.009973 -0.007574
28763.775727 722.811215 101.800560 -0.012074 0.000545
845989.907554 733.964843 301.161739 -0.016730 0.014434
1143645.596292 54.380496 600.166232 0.014087 0.016938
1423342.375748 525.551799 361.932805 0.011505 -0.001565
1329764.171191 184.722757 221.596938 0.013241 0.014444
1926056.274178 553.356230 294.196751 -0.011993 0.017717
1598411.507718 172.560531 507.857377 0.018766 -0.003696
726058.746095 313.883017 195.463412 0.014558 -0.001022
375371.614646 348.532915 324.912003 -0.012597 -0.008575
932014.105344 718.584462 566.986759 -0.017172 0.007227
811741.037672 587.656776 550.806248 0.010982 0.002623
1557690.799962 589.776924 154.714421 -0.009264 0.017514
399385.155365 53.525181 91.423264 -0.018139 -0.018553
1122038.441301 327.896268 256.682974 0.015482 -0.009094
1805346.826001 59.610390 425.594747 0.002143 -0.006259
1995636.369100 728.980274 96.860671 0.017698 0.019350
1695958.700821 278.956864 428.026316 0.010643 -0.015089
558004.577904 435.810808 516.586205 0.001454 0.012510
1597187.265566 589.092726 528.677780 0.018081 0.011278
1833981.536251 410.111109 114.695879 -0.006184 -0.003997
929917.220459 197.947683 284.749252 -0.013141 0.007608
1471826.909795 138.444369 361.420219 0.015866 -0.015403
1165988.196230 595.307332 277.972132 -0.008161 0.000417
1172216.120722 460.805479 32.563061 -0.002178 -0.015490
1736107.381869 196.352807 508.365872 0.009949 -0.012157
1259741.624473 532.877469 425.319025 0.012849 -0.019573
218963.730251 229.036609 155.212602 0.003358 -0.001595
1902503.935575 255.755370 379.690716 0.002179 -0.011344
1496596.111682 109.544176 576.213911 -0.011551 -0.002648
941537.357374 638.168291 6.012296 0.001058 -0.010204
245239.558744 315.589322 293.152867 0.018817 -0.014293
1372376.816986 480.152744 484.783377 -0.004171 -0.003136
1637971.852737 403.886558 424.177700 -0.016980 -0.016376
337179.376901 23.541191 245.360338 0.012118 0.003344
1249672.392965 440.287382 432.703385 0.003389 0.010454
310196.676436 44.491056 335.779553 -0.013365 0.003289
1607296.809371 230.342060 585.133828 -0.008250 -0.009689
236307.595035 783.758609 515.273702 0.017041 -0.004974
561161.337682 596.757813 528.680112 0.019474 0.012915
1939371.158341 125.386603 511.722223 -0.004857 0.018360
870700.636353 2.251139 305.551132 -0.013735 0.003548
541779.813609 249.276464 386.794601 0.013247 -0.000899
453110.709066 506.877102 459.450078 -0.011922 0.017069
47266.968548 256.741206 543.327092 0.015297 -0.010171
562186.379247 130.208690 594.758393 -0.013531 -0.013966
1629854.769274 105.232384 185.085524 0.006683 0.000386
534606.907766 82.139933 307.566960 0.011061 -0.009665
203362.833803 38.100475 342.094008 0.009831 0.015181
92345.910190 778.700795 306.631425 0.012428 -0.012993
877177.283576 667.627809 297.579653 -0.006209 0.008685
1484435.888699 500.827625 528.713731 0.009363 0.011486
64404.659935 439.072991 550.855889 -0.006336 -0.011415
856791.879449 486.868689 190.840541 0.017645 -0.004619
1153201.109335 34.114660 259.305818 -0.014207 0.011636
618554.387530 154.136766 456.917155 0.012843 -0.019878
1875266.974734 207.547632 502.973025 -0.002693 0.004174
1111007.126566 140.255153 138.369267 -0.002547 0.016408
34336.430968 375.184905 275.373848 0.017423 0.005066
1349224.196444 291.910168 249.967738 0.019702 -0.007780
1602661.077679 455.297039 209.521509 -0.010659 0.008578
276647.354605 434.245630 544.501532 0.016247 -0.005521
1822198.850020 671.017041 373.367142 0.009950 -0.009125
453696.245539 243.707740 268.484351 -0.001707 0.009677
713133.517985 379.444350 125.420221 0.012604 -0.003606
36437.158490 391.756598 464.291615 -0.002805 -0.000620
159010.190591 189.141435 31.277125 -0.002853 -0.001206
1535456.720523 453.499456 6.999902 0.007011 -0.001267
749811.288319 469.831983 183.315281 0.019868 -0.006541
1154889.427663 179.032913 384.489576 -0.019005 0.007224
762647.938338 304.927322 92.666475 0.003624 -0.012142
1129345.827331 486.813916 411.085451 -0.006507 -0.018293
337378.635228 334.107671 168.673383 -0.011169 0.013861
1499918.929068 791.176848 247.961017 0.010391 0.006614
1760744.261444 108.919525 149.995633 -0.012553 -0.014658
1172923.453698 610.611950 215.525617 -0.010945 0.011539
79642.974809 486.264870 101.148191 -0.012202 -0.012038
730713.756164 607.101460 484.067312 -0.017945 -0.016078
1702955.846536 175.622990 309.569903 -0.014700 -0.002378
724785.897287 705.837597 257.877652 0.011039 0.005759
187236.443249 524.403208 468.497710 -0.006229 0.013671
1828784.213322 744.349959 362.965909 -0.009287 -0.013388
787390.226865 250.375171 459.584118 0.002489 0.000260
1929498.061505 742.863405 160.877857 0.010708 0.019210
730520.102536 499.439448 120.054326 0.015223 0.010473
1281053.293162 194.486232 382.028327 -0.017201 -0.019247
562426.321470 130.441883 404.882168 -0.017516 0.000283
1033437.869061 780.207142 262.954903 -0.015116 -0.010076
1192859.900739 412.639972 336.563997 -0.005500 -0.016837
138898.690296 261.527246 3.768835 -0.006517 -0.016001
1973181.982512 561.194978 434.004712 -0.012561 0.003322
957790.512106 660.944901 496.631032 -0.015329 0.015870
1692076.045876 318.205098 36.220809 0.000831 -0.001628
1136829.509929 29.482790 260.567040 -0.019586 -0.013624
1367539.427880 482.573523 406.029733 -0.010182 0.018662
1509350.044424 252.255412 176.034721 0.010422 0.006099
785056.476847 598.206610 212.628803 -0.015368 0.017390
1873643.585422 475.984245 456.968527 0.010547 0.008435
1315983.134935 488.112726 64.893284 0.008782 -0.014735
1135951.929323 228.920182 100.690916 -0.019863 -0.008254
656102.584980 548.771609 539.031401 -0.019843 0.017282
1727078.126616 606.464850 148.293215 -0.013749 0.000830
1797488.349396 439.058758 161.331268 -0.009891 0.006602
406141.346510 151.827866 156.207464 0.018575 0.018121
1941231.998588 497.349201 337.473641 -0.016817 -0.006381
1386830.762674 518.360942 376.709680 0.014461 0.006003
1843128.023596 152.098435 201.854405 0.012780 -0.012244
538331.757550 546.159283 571.659882 0.000655 0.013547
944807.663069 332.290199 233.283172 0.009428 0.006598
106756.882792 755.027927 514.339804 -0.007532 0.016343
1618777.323337 226.646584 318.218224 -0.005097 -0.005313
1742666.514471 52.446772 6.719084 -0.000038 0.017105
1321460.731012 336.932855 69.818734 0.019895 -0.010398
620834.287545 213.249325 553.685620 -0.009479 0.011305
1523195.320518 587.564862 118.896505 -0.014010 -0.000948
1731081.362688 163.026043 252.005664 0.008904 0.000659
656632.629529 425.520315 480.352909 0.014355 0.016128
325566.043298 583.844678 581.153281 -0.013077 -0.010851
1792559.657149 666.576838 390.152629 -0.019487 0.013235
1778465.217808 259.191391 59.218878 0.012402 0.003509
1763427.173609 458.002947 192.887167 -0.017483 0.009535
1593951.392730 756.048753 556.188393 -0.011312 0.006638
886016.743670 435.925266 119.207879 -0.010360 -0.003819
204796.643092 324.012928 80.769955 -0.017156 0.003033
727276.621725 773.670336 248.165445 -0.019592 0.019148
488690.041233 721.824717 182.918310 -0.006272 0.008563
1781116.410057 179.349809 172.051201 -0.011491 -0.007823
20635.784613 7.357888 149.673957 0.017495 -0.010972
1834876.302553 303.561869 462.622299 -0.015336 0.004938
350019.654422 174.741994 16.834707 -0.007615 -0.008383
1214501.650638 537.953744 154.992581 -0.019201 0.007484
477760.385944 211.491206 353.455610 0.001757 0.004280
605806.972182 347.221284 499.229178 0.003597 0.005801
272576.070518 480.144402 392.493639 -0.004562 0.001513
1759240.741729 243.128514 550.300627 0.005996 -0.003257
1080301.612187 660.426500 382.803786 0.002777 -0.014595
1857771.559552 140.330205 484.478204 -0.012492 -0.012180
988850.145130 340.118339 276.597478 -0.016670 0.018755
134591.829094 309.426502 242.323311 0.015984 0.019032
96963.198901 28.517930 345.862012 0.008238 -0.003141
227820.812831 465.220789 434.889436 -0.018759 -0.010707
290631.014058 457.426268 34.422262 0.011448 -0.014469
385931.693197 569.751507 189.953729 -0.020005 0.015994
1023297.854244 396.873572 195.381136 0.018843 0.003228
589125.026292 31.470284 579.471606 0.007936 0.017474
1882412.602139 596.836644 584.035165 0.000694 -0.002085
790218.714061 504.932413 18.649437 -0.015185 0.006542
526777.357108 212.393805 140.079119 -0.007120 -0.017994
748590.766801 411.737286 457.604779 0.007595 0.000600
1324791.236466 161.976190 6.131380 0.019522 -0.013040
1179151.767483 226.016434 128.103864 0.002192 0.019220
301466.356172 396.172740 435.052926 -0.014997 -0.019492
349183.755158 415.133209 387.300184 -0.011771 0.005613
616335.581344 375.052906 543.629128 0.001715 0.011563
1910511.639859 733.665531 182.879061 0.008702 0.004280
1640005.631205 304.611807 485.064430 0.013269 -0.005320
1964468.728734 335.984788 390.909017 -0.012195 0.018996
1261209.360911 276.294701 282.383705 -0.005744 -0.001181
968463.258337 424.542173 593.741632 -0.014824 0.009435
1257770.379660 350.146836 123.736539 0.001301 0.019248
1991034.577596 391.490209 537.803929 -0.008002 -0.011724
1007596.648767 95.892630 353.213922 -0.006851 0.017937
1912045.142572 235.898303 222.806649 0.004267 -0.000414
692628.538559 190.108915 501.174327 0.009670 0.003429
609848.141023 240.761039 74.956676 -0.008226 -0.002769
1723251.459991 737.858530 520.959680 -0.017343 -0.001709
1696924.347289 50.250320 568.025082 0.009825 -0.005552
309029.791648 199.593704 289.687334 0.009651 0.002369
867302.640745 559.049270 513.596664 0.012184 -0.007815
691843.061099 120.702631 325.892563 -0.012833 0.018662
272265.500516 388.511702 162.064700 -0.009548 0.011204
1400582.436193 98.333169 421.426765 0.002923 -0.012340
320566.674844 333.236667 150.958562 -0.015710 -0.013504
1229627.376064 208.959490 246.402359 -0.016062 -0.019849
1946485.269790 424.978564 421.296125 -0.002377 0.007366
15066.369444 140.476916 292.342985 0.002004 -0.005753
911695.870064 549.007497 506.037103 0.009036 0.017878
1245159.992597 340.383769 42.531085 -0.006617 0.020091
519428.529087 388.670951 246.981054 0.000394 0.003820
1147820.552414 101.956196 512.593398 0.019418 -0.011045
1717933.562453 767.074886 453.586406 0.002483 0.011479
183230.377819 455.294996 577.901112 0.003166 -0.015283
640928.558372 27.597225 483.146578 -0.013461 0.010332
1503776.668340 628.841829 111.233944 0.012853 -0.015537
360957.489517 65.344808 358.282439 0.003696 0.003724
380073.533570 132.163611 431.760757 -0.018220 -0.013999
1889061.825298 723.301647 66.031538 0.008008 -0.001356
1796955.322752 633.674732 20.449641 0.014487 -0.005170
306282.549308 146.779718 243.232364 0.018347 -0.006183
332156.324914 567.661917 78.903548 -0.005924 0.001301
485168.456326 426.519784 367.481741 0.013201 -0.014928
413343.113108 24.148345 173.796530 0.017094 -0.017012
883643.182406 697.227102 587.063598 0.002075 0.002823
887249.075289 360.307952 217.595374 -0.000897 -0.007456
1467432.667253 504.466570 297.465499 -0.014413 0.003560
1682910.725327 244.911841 179.443324 0.018954 0.006314
1660796.624450 172.324690 113.707451 -0.002241 -0.017778
629926.086697 520.313632 50.855872 0.004198 0.003103
318150.466456 37.394542 269.291980 -0.014012 0.003935
40123.955365 464.671938 29.263871 -0.004717 -0.017555
724761.667999 93.834935 413.752939 0.014323 -0.009787
558074.092752 559.643489 337.187074 0.003109 0.006882
438651.350531 326.461541 533.099683 -0.003995 0.014388
1885724.248311 579.176805 301.023948 -0.018901 -0.006817
158400.153815 149.272986 226.186214 0.001133 -0.007002
1952982.963972 437.782216 543.449597 -0.018953 0.017264
1927788.328346 310.952454 28.368617 0.006187 -0.010106
607879.136041 746.795682 567.556591 0.014627 0.000454
1236504.919471 67.942850 551.394737 0.000251 -0.000252
1541570.438790 358.899625 131.512273 -0.009109 -0.000960
1098586.873663 282.090860 398.212571 0.017057 0.015187
1973812.054831 722.915702 257.131991 0.015659 0.017336
717421.361579 684.485266 190.605254 -0.003735 0.000392
1128238.588166 568.337113 265.681323 0.000399 0.003050
1906900.824936 103.043298 396.704608 0.014907 0.005389
311031.282093 514.449383 50.454178 -0.004981 0.016667
1119457.958787 738.923545 161.232275 -0.010844 0.014001
295815.608602 167.771885 451.790136 0.003012 -0.015966
1365835.790227 746.924848 574.134340 -0.019989 -0.006414
933742.419320 452.217868 30.262025 0.016404 -0.016977
1254474.420685 690.145418 122.065010 -0.008477 0.009411
1674721.783807 355.414000 227.562066 0.016825 0.012740
589441.845468 384.389017 445.706609 0.002546 0.008114
1186208.380939 568.379401 547.383617 -0.006133 -0.008545
28320.921598 24.336740 131.890805 0.018869 -0.018782
1123059.363627 350.704093 356.843626 0.004417 -0.006062
1339490.994503 192.422826 126.472247 0.014916 0.001149
1892333.765464 567.884852 583.249827 -0.007140 0.005311
1580513.963280 495.683449 66.344317 0.001262 -0.012678
1628540.167412 100.915118 535.788149 0.009077 -0.001109
358744.990248 592.797553 301.690180 -0.004025 0.008494
1065496.480589 768.862291 90.511112 -0.014917 0.002951
996930.964755 638.251156 488.815056 0.008371 0.006813
685065.261407 524.081139 228.762575 -0.007578 0.019167
22284.613001 83.276945 360.007985 -0.014896 0.005196
1564209.169505 749.463713 458.085618 0.006982 0.006547
471659.941818 683.876083 242.542913 0.009527 -0.009798
234378.384535 216.535133 129.597784 -0.009248 -0.004028
1581110.075852 613.212123 117.745340 0.004192 -0.000960
1733102.233956 757.681496 78.290845 -0.010140 -0.009508
222272.466972 206.687907 219.736388 0.008448 -0.004773
7593.072023 394.704719 189.801631 0.010708 -0.013189
1961038.188991 2.106539 13.861890 -0.004576 0.009655
554464.627316 401.918667 7.528250 -0.000263 0.010846
821613.773155 227.296816 322.444875 0.004071 0.015576
24485.756655 378.514064 502.064285 -0.014266 0.008813
196372.594776 203.409086 587.701038 -0.001420 0.018564
718005.964867 374.946007 274.636611 0.007038 -0.010251
1252709.545778 525.352193 142.399692 0.005951 -0.018320
1958473.456073 741.543385 326.373005 0.019632 -0.003220
628831.249023 322.061483 421.623248 0.014049 -0.019640
1185057.482303 690.587534 289.136538 -0.002864 -0.019723
406775.272641 421.298866 157.045579 -0.012840 0.019503
452064.211691 433.022485 275.768739 0.007355 -0.011344
1391094.198167 248.969236 524.593826 0.017265 0.018333
1830316.959801 730.336682 531.961063 -0.001630 0.016143
610994.441719 618.390102 183.941421 -0.019654 0.004986
631021.334152 481.659286 292.337107 0.011862 -0.018628
989235.750860 1.664842 334.213179 0.010244 -0.012653
1098658.789461 784.623305 435.039545 -0.019648 0.006629
1883467.686308 564.376542 585.946750 0.012734 0.005448
1871849.530317 584.644811 330.695787 0.012870 -0.012433
911993.535660 102.108044 577.567553 0.010547 -0.014579
1176139.691461 61.795476 443.250998 -0.016938 0.015028
1537174.407177 456.440330 526.541017 -0.006942 -0.006936
123261.179832 700.752299 185.054221 0.011618 0.015099
1946848.674653 583.002362 354.069148 0.017984 0.001717
457599.283409 708.851151 164.432760 0.011215 0.008296
926562.791190 189.185953 501.390641 -0.000637 0.020239
1942178.605097 11.955137 45.566349 0.008389 -0.016363
1905775.863633 382.550565 397.315824 0.013260 0.012158
1975712.466974 713.698666 407.877078 -0.008272 0.007164
1128937.655654 214.798923 243.833074 -0.013872 -0.011225
1900458.380534 306.330337 62.260201 -0.011057 -0.013430
1623668.112617 549.905288 239.795731 0.005852 -0.015463
798515.523224 494.070869 76.845750 -0.000972 -0.006937
438456.544857 343.515860 482.413506 0.015153 -0.009739
1216805.763178 694.725249 90.854576 -0.008493 -0.013406
1661706.700764 681.568277 259.396892 -0.010493 -0.019715
1303971.794110 150.689023 233.982189 0.010269 -0.003518
1107963.914568 455.087711 59.119079 0.018171 -0.011405
425643.800956 282.713709 499.801852 -0.006965 0.013557
318262.858465 448.885294 155.008199 0.018559 -0.002298
1036196.117772 457.801949 186.412904 0.006827 0.014537
948553.069005 401.266174 427.590117 0.016372 0.009430
1438074.149861 447.173330 555.855899 -0.015626 -0.007511
677338.477540 530.453575 530.605359 -0.002498 0.004696
197747.041563 520.933770 583.244261 0.017229 0.019657
1601492.672973 71.806317 330.838509 -0.017639 -0.017820
1987075.958395 461.619181 375.316080 -0.007833 -0.010068
971748.938305 621.917346 449.285330 -0.012076 0.007407
974474.447302 733.595132 146.389191 -0.003448 -0.018924
1121549.802423 602.083888 413.316471 -0.002206 -0.012392
613932.794246 434.765642 504.559284 -0.008861 -0.001008
1665525.531241 62.960885 338.829773 -0.004520 -0.014517
1238773.710671 302.542009 429.424638 -0.010182 0.007291
1925637.924078 585.248279 276.427894 0.008454 0.017195
290519.337305 158.689604 508.000446 -0.004375 0.004495
1745488.432117 760.795296 219.009646 0.002459 -0.004193
1111265.337612 695.205074 563.348051 -0.004228 -0.013945
829182.160473 184.041775 135.807917 0.019223 0.004579
728391.627189 479.025600 596.133804 -0.016862 0.013701
1349985.243450 33.492833 345.902037 -0.014538 0.010161
1010733.056353 223.958893 571.497531 -0.005918 0.006799
1129411.861826 180.138683 373.041582 0.017212 0.011483
33999.050983 388.967126 393.976319 0.019265 0.015324
1606354.705806 296.400181 66.754857 -0.018793 -0.005952
1451822.744427 315.050671 570.287382 0.008762 -0.001027
1590584.168020 314.905979 309.299490 -0.005147 0.001142
538209.161040 701.033033 485.015153 -0.011157 -0.010862
958317.440449 628.338098 272.087975 -0.015990 0.008646
479655.517489 94.330543 120.393215 0.015850 -0.017024
167238.956395 558.786726 267.311930 -0.012174 0.009130
1592486.357127 737.133313 73.193988 0.009855 0.005623
1189583.299304 433.211688 20.689457 -0.015550 0.016568
1124831.962923 303.327450 474.153151 -0.005183 0.004012
37146.621401 680.323146 232.473985 -0.001136 0.018047
205026.889315 568.958074 41.013422 -0.007877 0.004306
284161.461650 310.169764 183.767868 0.003491 0.003339
68690.410847 306.343647 301.872038 -0.013749 -0.014788
287411.349028 600.326406 403.757532 -0.012906 0.014457
1171263.018237 591.720318 143.826573 -0.004979 -0.015522
1682127.158941 315.109762 577.344735 -0.010880 0.014552
1824708.168313 264.690519 346.586997 0.019214 0.005360
369206.509725 98.060301 13.283514 -0.000371 0.008406
1208981.916871 419.615708 56.109230 -0.015656 0.007260
446720.970071 202.055892 259.124112 0.015809 -0.002832
586212.983628 385.031223 101.951742 0.001338 0.014296
560717.814863 299.397796 150.842383 -0.010343 0.004129
234257.601311 123.634137 559.069189 0.007797 -0.014620
1133248.557864 703.399616 154.271940 0.003534 -0.005187
1934248.125150 153.791677 536.729884 -0.017573 -0.007944
1152133.833222 226.371875 331.543468 -0.019686 -0.012935
1965200.129880 240.551902 396.684068 -0.013865 0.013372
1034901.121182 346.069785 125.799416 0.010833 0.006908
1623246.405098 708.907314 497.123834 0.009750 0.003208
1926329.093951 248.257887 276.112261 -0.011181 0.015961
1658576.383096 150.375419 54.882597 0.008978 -0.010071
786221.519479 240.725894 318.749537 0.017807 -0.007687
1421758.733421 742.969068 365.240648 -0.004924 -0.017159
888519.625593 711.243750 307.942593 0.005987 0.006206
374128.679919 371.631241 325.647629 -0.019384 -0.011605
247207.860577 782.987470 311.679250 0.003296 -0.012045
838233.393076 329.878668 231.671483 0.000653 -0.014395
1269501.125100 722.951024 262.502582 -0.014354 0.015731
1490342.234955 701.627858 467.326306 -0.005831 -0.010057
1720173.599068 639.026381 82.429655 -0.005121 -0.001870
1589947.016719 447.893110 550.756824 -0.006483 0.003075
254199.274003 369.662011 331.985654 0.005903 -0.018212
1506623.924480 52.592039 274.430525 -0.014403 0.003089
1187558.641279 619.359607 289.386777 -0.018787 0.017647
663885.182079 620.176982 490.660595 -0.015549 -0.014782
134186.233456 776.769670 557.485643 -0.011850 -0.006224
763995.101100 799.404054 542.519516 -0.008036 -0.006500
960104.740672 340.980368 479.324001 -0.018602 -0.016996
1689167.128731 629.800651 84.639308 -0.007899 0.017120
1435140.350571 716.141845 421.982670 -0.012036 0.017046
1287450.956780 425.242521 421.377640 0.021982 -0.015350
1664884.491668 423.722139 368.463402 0.010585 0.009334
1916152.068375 115.507933 439.966345 0.014409 -0.002277
142374.806172 274.524795 522.184581 0.014832 -0.004933
1889104.925044 571.886283 98.083867 -0.016661 -0.019295
184043.514628 642.239191 547.158791 0.011781 -0.019926
1678137.485719 350.646086 319.910081 0.001616 0.016055
349432.717240 299.109691 257.419911 0.011515 -0.014611
327130.583267 597.614741 167.663120 0.015870 0.004361
1445781.852792 774.614329 571.385565 0.003722 0.013542
657045.848974 430.378184 332.803586 -0.000286 0.004919
1143416.638087 467.922825 254.971841 -0.000620 -0.004816
853229.746620 259.434501 491.031255 0.018361 0.014561
1436276.935710 106.611742 143.376081 -0.014047 0.016949
747046.145027 249.310969 400.830357 0.006107 -0.011790
555282.349025 300.212577 106.434601 -0.010823 0.018767
31011.744417 446.347987 303.729294 0.002804 -0.017976
259713.421697 113.386775 381.541673 0.002208 0.005060
30230.289339 785.696279 570.424862 0.013294 0.017674
1629124.594680 440.258223 44.898143 -0.017897 0.007952
1993199.337271 341.186470 5.666488 0.006604 -0.016806
437214.899080 754.155466 272.422466 -0.004226 -0.013118
847463.854052 328.983603 438.537701 0.017222 0.019223
1561464.248021 48.425225 73.465349 -0.003330 0.004608
1496915.452879 345.434604 358.136104 0.007996 -0.009430
1076064.875850 410.445578 489.242659 0.004503 0.002604
1028186.607653 487.297759 594.870019 0.000942 -0.009067
141764.248787 594.377265 129.871511 0.001003 -0.014463
778578.041484 758.984458 329.633218 -0.015263 0.015195
1058486.954802 720.179526 564.221400 0.005907 -0.007175
1112790.978101 319.550264 448.300469 -0.013855 -0.016074
24501.685065 553.781269 366.475317 0.013092 -0.007838
353571.678676 272.926478 548.417838 -0.013263 0.014617
375264.103699 191.527295 365.633224 -0.003807 0.010611
1493884.026769 635.012225 429.075040 -0.008198 0.016526
1188817.119779 659.927252 487.982923 0.001403 -0.000922
259519.063057 73.637745 525.465452 0.015135 -0.010174
1949033.547169 712.043931 562.452123 0.003459 0.008706
482529.103981 609.580664 35.941585 -0.013822 0.017259
1850091.109914 273.829565 102.679285 0.001387 0.009869
1871495.037280 224.873253 324.719026 0.006137 0.002932
908785.677938 195.341229 241.127800 -0.009279 0.011211
1755362.652128 318.287491 522.428067 0.010157 -0.008997
232765.271437 582.255467 98.862508 -0.018046 -0.007297
1765166.354256 236.225061 45.898896 0.017673 -0.002006
15434.920795 693.013069 474.789562 -0.012877 -0.003996
1077013.659792 90.831867 409.218506 -0.016811 0.010595
516053.778360 427.345727 5.580291 0.006385 0.012107
1576709.125925 429.829544 119.284324 0.006413 -0.008347
948767.654108 620.856428 12.041789 0.005591 0.013196
667159.362075 417.566146 74.314498 -0.003590 -0.001440
1146380.339352 334.160110 198.396269 -0.005368 0.003859
1462269.868451 722.460753 426.789131 -0.003560 0.019267
949273.004639 536.537398 309.840937 -0.000659 -0.006825
636841.273232 217.398324 520.768440 0.000695 0.017243
316267.470045 793.239315 424.401449 -0.012926 0.005292
1072709.865436 409.111470 92.629694 0.006414 0.016872
1234697.917120 187.281930 203.646595 0.017924 0.003938
1871003.135047 543.335175 300.357693 0.005841 -0.016340
968257.898916 95.875602 457.514010 -0.019845 0.004221
184803.100389 255.934814 525.763030 0.018320 0.013471
1613704.762242 94.153226 497.107002 0.000560 -0.008179
920804.219749 40.367927 484.087813 0.004780 0.008347
1455508.939668 184.584290 566.065518 -0.017313 -0.012833
1084419.887087 1.471020 515.046785 -0.018231 0.005933
1899527.167855 422.401586 461.394967 0.008462 0.001123
745706.753221 643.308690 508.993000 -0.010111 0.010549
1369434.811813 44.290852 529.099235 0.000565 0.002785
353913.564400 779.757732 371.846976 0.019297 0.003534
660308.989072 568.648826 491.923232 -0.009047 0.011120
1997036.600484 653.530750 468.761804 0.014266 0.014405
857968.969670 644.790355 232.633608 -0.012090 0.000742
1832483.595159 456.928827 194.150674 0.011299 0.012183
174050.590104 359.556775 525.288722 0.018762 0.018484
887791.815627 116.054508 561.429891 -0.017441 -0.014852
1048845.100705 314.727286 504.302322 -0.006251 0.006695
1236598.032171 273.718031 290.203982 -0.004033 -0.012076
688449.854352 662.562242 2.678003 0.009258 -0.018948
1047717.716101 518.915451 357.846267 0.013903 -0.003491
831685.772553 746.866684 517.058298 -0.008433 0.016118
1646809.537731 587.773615 29.310399 0.010388 0.011932
354697.854423 226.849208 115.017825 -0.019284 0.005141
1718570.137265 508.492442 581.656672 -0.006278 -0.018635
338487.908402 549.833227 517.471454 -0.013003 -0.003238
1776805.868268 558.748894 40.742030 -0.000613 0.001836
960078.654327 720.473143 287.164864 -0.006658 -0.012481
763596.911339 131.481863 555.854942 -0.002765 0.017003
1446903.674606 486.423077 125.251020 0.017020 0.005242
1673049.761761 619.699302 156.055724 0.012233 -0.015283
591079.477496 780.471705 482.886311 -0.013697 -0.013981
450261.526019 37.004135 509.512579 -0.008256 0.001257
788880.985598 618.811687 258.971983 0.014939 -0.015428
1247242.441982 204.400724 167.299631 0.002004 0.007424
405506.701397 218.059477 175.422854 -0.003536 -0.012406
1835863.754077 197.869150 576.576068 -0.012854 -0.017837
159031.381905 379.861080 18.563818 0.015403 0.005316
362722.217274 87.563988 407.276206 -0.018609 -0.003787
420997.232395 340.106763 105.405669 0.005820 -0.007849
580167.091722 213.250372 332.751872 0.002787 0.012604
479025.265425 617.093020 52.689327 0.001291 -0.012681
552036.800679 360.025419 258.369785 -0.010474 0.005098
969986.005207 253.885384 61.720481 0.000754 -0.011939
1471710.388303 557.539459 187.715836 -0.003398 0.009181
1430984.936390 500.703806 91.216854 0.015650 -0.009264
902052.609670 144.742623 321.064702 -0.019786 0.010003
700700.571156 195.556639 313.220856 -0.002450 0.011066
1408199.004553 571.412324 136.952647 -0.014613 0.018112
1713095.736556 496.093300 161.546053 0.018413 -0.014606
944491.339356 556.986029 498.877767 0.011377 -0.015568
1119457.834922 400.373864 441.470154 0.008485 -0.004358
8319.607940 130.619179 343.627808 0.001560 -0.013272
647061.014849 711.707453 247.468931 0.013809 -0.006841
379545.065751 439.221562 25.821381 -0.003332 0.007324
1990576.603445 218.713865 181.550964 -0.009386 -0.010671
876473.971119 589.711972 557.743349 -0.009187 0.000888
80381.552726 664.440174 13.432371 0.011029 0.001698
828036.629980 624.821030 423.140149 0.019514 -0.007198
1747623.103553 248.467866 124.581827 -0.008534 -0.013748
1072386.123739 381.173661 423.488765 0.003204 0.015737
777386.485961 459.553723 100.735523 0.007644 0.013589
801906.589792 103.821570 346.000566 -0.006802 -0.003955
197987.358178 296.112252 137.967057 -0.015156 -0.014136
1545926.498969 428.235737 556.344469 -0.000570 0.001165
492654.834172 281.833945 500.288482 -0.001273 0.005208
1978982.283724 792.862120 69.250044 0.007759 0.002814
17631.095842 66.241651 86.626054 -0.012955 0.010997
1966499.848276 461.699506 543.477977 0.003302 0.015304
611006.784537 527.319145 167.225047 0.001455 0.011208
850069.038966 247.094030 189.755626 -0.005919 0.011500
1676786.882652 479.037143 83.471865 0.006889 -0.017864
1557780.060711 529.600983 26.218615 0.015764 -0.005732
1227310.625476 722.692751 263.070043 0.011278 -0.018667
428616.731627 592.182310 393.425000 -0.015227 -0.007965
1127178.874392 340.278844 576.499946 0.013661 0.018418
1480731.590409 212.943189 162.168080 -0.017759 0.004789
115335.758829 715.240998 130.626089 -0.012098 0.002660
541498.807511 781.004864 137.144704 -0.007434 0.014832
1167776.423119 742.160140 464.419433 -0.019062 0.007403
1705487.274428 189.982785 255.829967 0.000325 -0.005716
1455042.508177 58.144574 469.485251 0.007519 0.016569
1485351.840726 341.732591 108.576806 -0.019532 -0.000653
1600046.444498 55.775408 226.787937 -0.019280 -0.009271
1889695.885540 230.317006 146.843596 -0.013084 0.004140
230475.999522 605.728988 319.184120 0.015515 0.011179
434670.210087 593.494588 10.061664 0.005756 -0.009953
748135.628527 296.819832 193.246568 -0.013676 -0.017660
474188.291689 718.659274 292.571819 -0.003307 0.016277
1941577.332067 174.317342 588.643299 -0.006017 -0.010652
499196.726130 235.235212 314.408014 -0.000253 -0.001306
254300.674542 487.684361 134.032354 0.006361 -0.000098
6325.354803 700.205266 144.003742 -0.019183 0.000822
980919.682878 315.928647 534.913648 0.012549 0.001973
1900851.625903 40.297504 269.168082 -0.002574 -0.001269
719689.197242 326.273067 412.284311 -0.006340 0.010294
1844748.197982 472.750435 30.325559 -0.002171 -0.016569
1036199.990211 459.152064 416.420669 0.009643 -0.010749
385683.919483 595.647125 65.177817 -0.002696 0.010621
1256102.471266 738.636088 95.987367 0.000626 0.009968
1419511.694191 375.539948 472.718400 -0.013632 0.016255
511292.832210 415.117747 189.554549 0.017689 0.014401
145034.134456 691.317184 270.208776 -0.015048 -0.007554
1071721.370831 513.246943 530.704055 -0.010803 -0.004672
233847.819378 338.282618 77.251848 -0.011026 0.014208
1786277.592083 681.979780 467.449376 -0.017904 -0.005088
1031918.257955 609.711958 505.970242 -0.007877 0.016824
1499349.890975 446.473459 263.473446 -0.017345 0.000069
597617.807145 110.233485 219.141545 0.010006 -0.009538
1353622.215499 228.367711 541.948600 0.002467 0.000629
573296.933702 542.672896 563.863695 -0.003402 0.016136
1590131.532210 246.381536 453.816027 0.003002 -0.005556
258416.177825 72.809580 73.650287 0.018867 -0.004271
87595.200207 577.081081 571.588583 -0.000686 0.011451
906233.425674 625.740752 554.277565 0.012747 0.001243
370032.188655 396.025454 489.466648 -0.016459 -0.017736
664767.085884 299.648244 441.693290 -0.009135 0.011576
1278253.811075 53.053557 58.650917 -0.004132 0.005625
916040.443311 420.056604 438.714375 0.003224 -0.000157
249204.321880 499.337350 130.376789 -0.016942 -0.015709
8661.484350 424.345860 533.476833 0.017147 -0.006053
841302.204338 90.171247 506.207670 -0.010482 -0.011975
1802783.200425 455.871193 346.105411 0.005477 0.013643
731632.451868 220.862850 544.697644 -0.001422 0.006853
1096714.972098 736.809964 118.101629 -0.008807 -0.000047
1386984.768969 323.790182 76.216824 0.016469 -0.000745
469499.863903 732.260973 6.806606 -0.015013 0.013797
718651.906922 435.516552 574.522655 -0.011852 0.011240
316653.122342 84.239229 211.299922 0.009890 0.009213
385530.231700 79.823903 10.927014 -0.015988 0.002567
1379939.433830 519.339256 291.465755 0.015427 0.017165
1974529.288697 463.801558 199.394769 -0.015494 -0.000384
1626419.535664 279.628284 244.576900 0.012975 -0.001064
503204.831157 146.257456 10.705233 -0.011624 -0.004509
1600260.999799 293.156839 294.605871 -0.013931 -0.015947
467442.890847 275.413992 121.022887 -0.009917 -0.002202
1530910.291491 753.144232 56.482228 -0.010002 0.013170
43405.273949 189.987633 245.164078 -0.005803 -0.005895
1801413.789299 133.586439 421.212247 -0.007687 0.019669
348673.859774 447.643263 104.938579 -0.012287 0.010752
1122384.702378 793.512661 80.919791 -0.017912 -0.014242
474000.488629 229.269719 293.438614 -0.002435 0.001555
1867761.544822 162.878209 288.109846 -0.018869 -0.001836
617712.498930 39.527679 415.318323 0.008745 -0.003849
88793.583256 495.036051 342.719797 0.009879 0.016963
1123119.018564 736.129425 291.654758 0.009386 -0.015512
510837.786138 237.592601 62.676931 -0.004338 -0.005987
498234.962345 502.632521 381.572580 0.009530 -0.017334
350510.791107 537.767721 162.841027 0.006245 0.007959
1451432.125387 771.410764 449.300780 -0.003361 0.007336
303273.376219 370.243867 180.011992 0.008882 -0.011670
454803.713809 227.118637 76.146697 0.008594 -0.019205
480071.545802 775.537446 189.857869 -0.006241 -0.005562
1333575.176696 474.896381 592.940660 -0.007799 -0.006722
110627.538576 382.853205 1.985775 -0.006988 -0.014545
1406769.050940 41.591807 59.196610 -0.001885 -0.001184
1561676.394922 482.337130 559.388966 -0.016759 -0.006993
281255.947557 246.786055 364.948250 -0.009251 -0.019072
1257382.930842 407.284793 596.002196 0.017791 0.014123
706537.016996 489.557901 268.761621 -0.006338 0.016646
1558318.719993 318.025922 236.975959 0.011342 0.008938
1057752.200895 389.375544 465.812623 0.005109 0.017506
491364.625511 326.382051 325.144613 -0.012862 -0.000411
1734950.389590 255.136694 479.287007 -0.000926 0.003493
1643357.573842 84.603172 57.017664 0.012569 -0.017965
1898263.090243 133.978966 397.729604 -0.004151 0.000398
1157183.811607 140.889813 544.460421 0.018938 0.018335
1260090.642264 401.499522 266.665197 -0.003782 -0.014825
767107.214205 521.486229 323.190989 0.016988 0.013177
55740.578126 634.732574 88.861493 0.013028 -0.009290
1471867.368311 518.927225 224.886357 0.012958 -0.001666
851158.514084 624.287279 377.736441 -0.016457 -0.012920
279214.015361 533.115915 211.760140 -0.018184 0.005626
622537.959657 541.268684 84.833176 0.010264 -0.016715
543551.074594 112.323833 439.344863 0.012749 -0.017348
1125283.938425 670.380195 515.223356 0.008425 0.006532
255944.995329 357.693780 187.185786 0.000113 -0.008832
1549879.616848 742.642610 35.371616 -0.003805 -0.019301
474171.187949 435.872854 410.452707 0.003569 0.003651
648167.413030 720.781116 160.448362 -0.001354 0.006308
697835.028496 589.955465 478.489947 -0.016727 0.001912
1725670.433475 515.940773 231.154512 0.008660 -0.005393
99429.388577 679.208572 481.578886 -0.005522 -0.005944
163663.104253 109.349980 168.316110 -0.007758 0.000291
594763.153510 303.565721 52.650788 0.019272 0.018791
1355525.087265 244.808901 522.041592 0.017895 0.010924
1053977.892294 234.840073 305.664914 -0.007016 -0.004939
115031.983757 149.709074 12.695088 -0.002319 0.016315
752375.869431 393.838655 454.993793 -0.012780 0.014192
219437.964363 208.619982 595.031282 -0.004391 -0.003934
1068114.026016 550.217346 469.032192 0.004832 0.006867
1499866.051366 239.085082 584.278952 0.004738 -0.010283
1491842.997955 116.908158 322.387401 -0.009726 -0.001132
1826279.228472 250.978282 395.136321 0.017307 0.010249
1133058.067007 247.576184 149.325832 -0.007041 -0.000438
207507.431604 346.666630 450.213535 -0.016174 0.012958
304737.184339 504.260392 306.752819 0.017353 -0.010007
361247.467977 546.571822 329.374614 -0.013809 -0.007885
1585793.637478 720.469870 269.413711 -0.006766 -0.013818
1841064.114050 194.811473 281.356879 0.003181 -0.012858
451362.950938 116.083396 291.956332 -0.001001 -0.001228
1950936.490647 462.905915 542.147808 0.008064 0.007940
1454702.783122 701.771943 182.573291 -0.010455 0.012485
1108684.254395 335.312367 297.116321 -0.015856 0.002983
1596490.624173 716.939354 284.953065 -0.012157 -0.010482
1263706.185512 134.308899 282.418591 -0.015931 0.009881
1294332.516982 261.241605 535.659411 -0.014664 0.012049
723046.520130 87.163626 228.365142 -0.009395 0.013362
107937.715067 793.521063 426.946198 -0.005734 -0.010822
1046872.077066 729.066245 389.979040 -0.019348 -0.019475
450965.188654 653.614379 546.859094 0.008017 -0.017425
278162.196408 266.336532 139.785279 0.004373 -0.002628
1960316.196066 205.604508 456.609692 0.014895 -0.004395
1125740.257616 187.603928 299.748910 0.017721 -0.000066
668170.334151 796.942573 294.276167 -0.018182 -0.005836
1443825.863043 455.540668 160.002038 -0.005091 0.003547
564375.188464 478.274153 242.671349 -0.012222 -0.008029
938961.728913 267.043886 379.671584 0.008078 0.017695
132214.712972 546.562582 119.650811 0.013283 0.002220
1179224.623916 311.695920 473.196906 -0.016475 -0.006661
575213.267736 338.937984 197.887258 0.011026 -0.001199
1368718.602401 400.711892 23.855135 0.018035 0.014944
1254302.726711 185.913305 282.709364 -0.018660 -0.002902
1541011.519516 401.059375 456.270864 -0.003917 -0.011865
1407684.757098 375.308587 531.837621 0.016149 -0.008178
883750.411162 393.913251 411.750848 -0.010624 0.003298
38293.802197 414.595228 2.919513 -0.006036 -0.008095
949396.727117 26.716325 478.778243 0.000594 0.019423
1340193.529306 112.320866 130.004598 -0.014302 -0.013062
1289556.392138 729.430033 404.400095 -0.003812 -0.007433
1756783.113702 88.001678 469.215906 0.010525 -0.019674
157687.638028 165.937033 303.262470 0.010631 -0.002493
175039.783202 626.810764 573.398691 -0.016268 -0.014664
506304.289450 453.465397 99.415020 -0.017954 -0.016721
301433.914481 576.090589 133.684948 -0.005350 0.014531
790027.673724 9.741811 464.090589 -0.017197 -0.003252
176035.711624 758.622051 317.160579 0.014807 0.008523
1081972.172988 759.334070 552.227579 -0.018231 0.008668
715741.816310 107.039020 298.993896 -0.007410 -0.010926
1263880.632475 454.238520 476.708471 0.011932 0.004698
1751026.801649 758.853869 202.522995 -0.016153 -0.007302
399196.095951 394.658671 198.024393 0.019050 0.002393
1496994.359185 48.750973 306.350733 -0.008907 0.017282
445396.929255 653.743584 529.626989 -0.014300 0.014548
1193553.106484 399.978692 599.325393 -0.016132 0.012550
450224.472419 581.500450 229.316541 -0.019242 0.001037
1999453.321099 715.777403 285.619840 -0.004708 0.019425
1584501.028799 429.339010 291.138978 -0.015108 0.000405
94458.571679 696.603195 342.619193 0.002269 -0.014108
1007827.074736 623.630973 579.509143 -0.004562 0.016863
1658558.308919 786.543198 253.272533 0.013089 -0.016898
475365.567242 42.270369 483.049390 0.004414 -0.016986
663714.367274 495.989642 580.714620 0.012234 0.018196
1919117.403179 479.311224 296.871429 -0.002176 0.008827
9624.167350 393.686574 354.731123 0.003061 -0.018038
1478876.057770 64.563004 497.182096 0.007865 -0.001376
1502145.321808 426.650037 269.290904 -0.013026 -0.005538
1054818.871922 329.147942 247.878551 -0.006669 -0.018737
972186.690649 532.067705 390.600326 -0.001892 -0.001124
1216433.286302 329.673594 43.203393 -0.015873 0.014307
1585452.240699 85.789006 209.858799 -0.004617 0.007166
796849.675848 99.074528 458.966287 -0.011068 0.013088
461377.134761 782.761126 217.105205 0.007153 -0.013905
1447663.852688 165.332893 338.359087 -0.014475 0.001610
1190708.408687 498.863474 122.894540 -0.010149 -0.017013
1355477.244293 683.980695 294.325318 0.009991 0.018265
694211.989964 433.660614 39.247551 0.007896 0.017095
1497031.391364 75.977923 30.292415 0.000515 -0.007101
1759090.904966 594.533822 180.080486 -0.010327 -0.003076
904928.793621 772.152623 377.837970 -0.019366 -0.015856
341892.055395 489.200118 436.997134 -0.004950 0.014349
1609370.418642 43.213604 427.965852 -0.008187 0.012131
1339833.364515 513.444411 206.923733 0.009417 -0.006419
543533.833951 386.233280 260.333602 -0.007101 0.019792
1510075.678821 161.205437 443.586599 -0.017784 -0.002231
325429.097901 406.555350 246.056550 0.011716 0.000970
1027532.088117 771.016400 81.285976 -0.010383 -0.006346
1987715.010526 37.117992 236.826230 0.008283 -0.006368
396776.620483 301.233373 588.729306 0.001751 -0.015592
639902.701899 652.550842 356.020168 0.010142 -0.014499
1179865.857204 406.164539 204.103817 -0.006857 0.002537
1568458.621189 393.305788 42.384342 -0.012226 -0.008579
1190290.628555 566.695845 150.140760 0.009234 0.017978
1180185.991889 580.369955 597.264168 0.019390 -0.002791
672088.553511 146.586458 484.949255 -0.007370 0.009070
1837656.663655 510.369333 325.309083 0.000515 -0.004373
1360614.323691 81.706111 539.202712 -0.019205 -0.002745
924125.776125 643.709477 555.095738 0.001312 0.019934
418950.309241 102.553728 424.551566 -0.001765 0.014275
1312754.557148 39.337192 349.844694 0.006061 -0.018678
30587.249450 790.757826 130.312336 0.012896 -0.007753
1889215.610870 593.540197 566.079598 -0.000540 -0.009831
669560.509114 133.541187 214.225675 -0.010653 -0.012488
1579576.984783 556.755983 595.045345 0.008586 -0.010903
1982244.182370 739.011870 214.068487 0.007923 -0.004709
432350.935616 283.867903 258.227057 0.011981 -0.019766
930735.730068 652.542956 596.767043 0.007307 0.005520
600671.720971 501.734205 227.853109 -0.010180 -0.015429
1270601.892504 463.791091 169.447895 0.019705 0.012519
938976.299455 626.132247 304.955836 -0.001545 -0.000145
1474031.937064 361.832797 251.735470 -0.016251 -0.013948
1605130.416157 247.854311 302.746697 -0.010662 -0.015579
1023340.410098 559.399243 555.311799 0.000249 -0.004729
1128556.229700 645.587464 5.305965 0.017746 -0.017948
248420.950141 463.937918 377.877808 -0.004004 0.002671
884577.235619 700.926974 213.241220 0.018004 -0.006591
1704879.713107 549.800130 474.394228 -0.009091 0.011191
1882055.445519 60.115292 54.854482 -0.002178 -0.007607
404206.608610 765.986630 4.959630 -0.014898 -0.001423
780987.060993 553.585036 162.387798 -0.004050 0.005508
642018.800900 420.022127 130.650263 0.018035 0.017212
1579863.075903 313.969994 483.393351 -0.014218 -0.006293
286431.929230 798.954145 18.395138 0.017334 -0.009127
1625355.291937 699.954733 207.372503 0.016181 -0.007125
1310099.705732 85.435745 166.932505 0.006579 -0.010589
1485499.756171 42.552315 555.867136 -0.019450 -0.001831
1126826.147142 267.634211 586.826678 0.011209 -0.008637
1817754.082297 456.470942 406.914829 0.008593 0.008652
42605.713030 685.933993 428.732121 -0.017611 0.011528
1969490.396776 691.864555 399.761210 -0.006757 0.010786
1972945.507603 788.336302 525.823949 -0.009415 0.005963
221002.463354 5.831669 421.266718 -0.018492 -0.019155
314139.836614 479.945383 213.001917 -0.014576 -0.004775
1280098.799281 35.312329 570.943284 -0.007256 0.010328
1334025.561499 271.175190 370.238764 -0.004780 -0.004323
817314.073824 292.133447 154.180681 -0.016994 0.007871
52254.755074 49.167321 409.136557 0.016108 -0.006930
662711.798522 9.651957 199.907633 -0.018607 -0.017998
710212.109941 153.387500 389.924707 0.008413 -0.006921
61999.699130 280.850711 223.002790 0.019306 0.006757
261157.692532 519.558175 3.882890 0.009909 -0.018766
797766.605764 125.378874 237.227934 0.006229 -0.010774
184709.901076 545.596945 175.182555 0.010993 0.003312
1235796.007903 85.255636 357.524152 0.018106 -0.014398
1292608.929469 245.394403 198.497349 -0.008135 -0.019324
1317389.029692 261.473289 220.433239 -0.018784 -0.007604
71927.786838 127.986819 575.673101 -0.018265 0.016299
1977614.946653 353.630652 38.533840 -0.004655 -0.016055
591803.305127 381.738071 467.294731 0.003523 -0.009937
726241.200569 165.009989 214.147160 0.018397 -0.013693
995710.504705 485.151739 279.194910 0.013150 0.016103
963862.695249 391.024136 138.010977 0.013994 0.000724
1079147.418532 708.512529 407.862696 0.000005 0.017204
1174876.041326 389.827284 223.116605 0.006100 0.014865
937689.950195 758.370355 209.326744 -0.010092 0.001390
1200871.358253 489.522424 445.068901 0.018303 0.002826
1798372.363578 364.523565 105.900325 -0.005461 -0.008562
158766.744732 676.333961 464.456592 -0.007565 0.007856
584123.108808 679.684112 348.430653 0.018819 -0.006107
1019930.488905 447.200286 500.236745 0.015239 -0.011568
1412068.961846 279.475187 95.630200 -0.017821 0.003964
1390465.348675 524.153891 125.747847 -0.002532 0.004555
1560588.704217 269.369748 41.697870 0.018292 0.008023
709118.110458 28.845882 327.128688 -0.014844 -0.006262
481739.437432 336.639745 116.811502 0.012827 -0.004333
1084185.081108 265.332399 569.576394 -0.004951 -0.011499
321427.933090 65.712447 337.355960 -0.007443 -0.014388
322096.383349 11.970158 475.461412 -0.005149 -0.001928
811598.476400 120.538775 472.413327 -0.000994 -0.015690
975828.599639 663.056072 87.209593 -0.018663 0.018329
980873.326296 219.641681 226.410281 0.007423 -0.016144
1538962.265262 182.183415 256.920491 0.008822 0.004167
1281944.833362 703.690285 411.369956 -0.011776 -0.012052
1646853.441208 292.098881 129.317599 0.004644 0.009425
1334224.681991 17.351514 531.645927 -0.001764 -0.000140
1987979.200663 754.087935 196.228250 -0.014454 0.019120
567825.405192 503.315492 150.289648 0.006573 -0.007384
693992.653253 345.514549 324.601316 0.011102 -0.014003
290886.182473 333.153418 18.644656 0.013265 0.004823
461579.700216 523.980297 590.648526 -0.002176 -0.009194
1440439.939238 90.511157 175.730980 0.004274 0.002721
1578856.275221 479.800255 307.057134 -0.015375 0.009508
975708.803616 319.861634 220.116110 0.009549 -0.017515
1363849.989774 68.233571 296.216924 -0.011053 0.014434
1287670.666020 295.419456 165.656537 0.006992 -0.011980
1793086.186886 724.809144 513.255294 0.015254 -0.005941
253419.465503 481.198131 278.273767 -0.003086 -0.011656
65064.939701 167.165281 484.724470 0.001755 -0.007021
1093948.624606 25.828967 434.682692 0.016620 0.010812
1570950.974510 477.016186 514.002688 -0.008914 0.012853
1433502.711092 738.417855 113.627964 0.019685 0.003935
779698.448619 711.673806 301.797296 -0.010215 0.010892
1707668.152502 297.605692 224.099221 -0.007292 0.011699
1161722.038482 280.439221 0.820728 -0.004405 0.015806
650195.260835 748.323468 556.146887 -0.017990 0.014025
1393276.303724 667.688207 267.932403 0.002114 -0.015477
534900.189626 215.517185 20.945671 -0.001726 -0.009461
1264731.390059 676.784317 91.230686 -0.014609 -0.016301
1848317.172308 790.717927 278.370052 -0.008143 -0.007737
512088.236637 702.100347 394.274517 -0.009748 -0.009282
1104225.446984 465.389296 121.992034 -0.000858 0.005244
107543.810321 140.002943 279.475319 0.000007 0.009140
1156781.673039 614.931180 597.989285 0.004537 -0.011026
520065.349769 196.791029 42.853154 -0.003468 -0.004750
327390.441823 269.751485 221.938770 0.005095 0.005374
1353004.063178 707.056468 306.845832 -0.006545 -0.014400
1558240.596931 709.485165 433.340230 0.019292 -0.005455
706633.334377 29.132853 323.769627 0.012777 0.001597
534505.464385 317.390444 182.762312 -0.009441 -0.019545
1061346.780072 419.677863 154.651111 0.004156 0.017565
1275778.349152 612.255479 164.467151 -0.019707 -0.004264
1816858.008419 547.139710 166.301588 -0.003176 -0.019287
837596.447597 159.302948 542.206046 -0.014391 -0.012782
537634.699856 396.031213 130.466820 0.012325 -0.007449
1509630.032587 59.932407 425.994203 -0.022777 -0.010296
1442342.147903 473.349383 518.344151 0.019160 -0.012323
1603574.954720 492.312312 575.746505 -0.016939 0.004954
706735.606634 787.770508 184.428640 0.005225 -0.003786
651319.147391 39.889060 362.458793 -0.010784 -0.012368
1573016.600485 398.442321 411.462997 -0.019900 -0.007684
1998835.487291 607.531553 229.997342 0.008381 0.012769
1445522.677826 344.853149 246.178616 0.003481 -0.003643
1207599.107738 311.298333 14.979561 0.002532 -0.001347
1297106.122271 733.723382 269.850790 0.018169 0.001909
1709409.523620 225.371869 358.931749 -0.001618 0.000457
1579454.636005 196.686381 5.995209 -0.000958 -0.009972
635151.660366 380.449172 5.233470 0.008021 -0.012579
1657542.871152 338.158365 369.044089 -0.010413 -0.019599
50074.195513 673.924234 239.501613 -0.017992 -0.003738
1728956.987955 558.686410 193.791516 -0.007455 0.006121
1741304.677791 135.040345 562.047014 -0.001259 0.005081
896425.988943 206.815524 524.736283 -0.001641 0.009354
248631.410417 620.586399 125.803850 -0.014678 -0.000942
789536.960791 769.368759 539.435229 -0.019594 -0.011932
1819863.026878 28.425150 26.341856 -0.007620 -0.016551
901731.744829 139.313145 470.679509 0.010947 -0.000472
878442.611954 515.231434 393.607070 -0.004974 -0.015494
569936.175165 658.766562 222.740178 -0.013648 -0.008688
212161.644461 226.515315 35.225379 -0.007363 -0.003269
1070836.321949 568.379690 227.910973 -0.002617 0.008851
1162154.364009 276.117604 454.452041 0.005039 0.006164
1685995.778854 61.447952 497.196579 0.005406 0.014020
631794.399876 53.899569 296.576293 0.018920 -0.002284
