120102.793966 630.507219 121.706373 -0.006084 -0.005541
269277.329682 300.331023 155.961755 -0.018258 0.015162
1260731.205931 302.034355 191.764637 0.013084 -0.002973
973263.179405 632.763497 573.018169 0.008520 -0.005928
1683880.506867 289.494546 229.495518 -0.016839 -0.013039
1760997.696668 175.214252 580.756536 0.011715 -0.019835
354965.669268 682.049133 474.802022 -0.004785 -0.012002
306862.422408 412.067091 346.400369 -0.003484 0.002365
913598.742761 34.764234 562.351340 0.011111 0.014843
723511.401901 210.349828 397.466400 -0.007312 0.019066
27418.055584 127.072580 203.322818 -0.004128 -0.010477
1026719.971107 221.765460 273.250563 -0.000716 -0.017201
919235.655535 527.417828 553.107092 -0.009943 -0.018406
247720.705461 324.092307 333.497794 0.008053 0.012689
229642.751734 125.881838 516.866235 -0.017952 0.017258
1463437.116455 330.478927 118.774663 -0.004258 0.009190
349002.480669 325.696772 533.822976 0.000904 0.011764
253345.397419 21.806379 48.643342 0.003303 0.000366
301882.374241 33.509560 101.093592 -0.017044 -0.008247
417897.793659 158.170546 419.616717 0.010567 0.015939
1032678.423930 703.148934 34.251504 -0.004919 0.017239
1981626.739717 86.736312 206.276364 -0.012520 0.000298
148080.320166 290.770162 545.939424 0.018532 0.015053
1426235.401736 72.232699 542.480711 0.011785 0.006906
826207.458426 756.172420 428.607221 0.003260 -0.019252
17939.873048 632.902452 129.677842 0.008284 0.002224
229060.592236 178.900925 260.632706 -0.013069 0.003958
729567.630556 129.588522 425.797418 0.008389 -0.006036
424191.899795 625.720034 428.056189 -0.015138 0.009782
1179453.697605 667.595304 501.607152 -0.000301 0.005139
1017047.714916 725.079482 344.265194 -0.011060 -0.000459
1184883.571782 186.394957 168.121552 0.012321 0.017647
1669257.284919 738.184410 98.199431 -0.009283 -0.016535
1530870.404807 506.886077 153.243227 -0.001033 -0.006346
1211583.405366 549.773531 75.191481 -0.007251 0.012375
1741377.547263 727.039524 385.900436 0.008278 -0.003847
544004.606336 172.349393 185.229389 0.013851 -0.002453
1594854.852927 350.179018 402.524317 -0.016923 -0.010140
1223177.906695 729.503241 101.526290 0.010986 -0.012962
527324.168257 433.101390 487.952309 0.000769 -0.019344
312490.830343 99.873487 422.421781 -0.009268 -0.002493
1025907.483430 121.067926 211.839489 -0.013739 0.014342
1509229.653286 342.197648 43.734810 -0.017694 -0.009227
1023852.793045 688.377820 427.814399 -0.012673 0.017503
1918069.081343 635.479141 509.659122 -0.014830 0.002813
59433.087734 314.276692 67.642988 0.013728 0.016466
257531.464220 800.322695 21.907612 0.013292 -0.008777
961609.428265 277.005240 259.691113 0.013355 0.000071
582120.371322 470.191755 558.392916 -0.005429 0.006022
408974.288222 701.404254 306.886459 0.016751 -0.017645
899929.745542 700.474035 512.073123 -0.008029 -0.019831
849952.291162 263.235421 237.900637 0.001497 -0.013091
617567.269419 532.500411 103.650139 -0.006174 -0.000033
907629.657959 661.541039 506.891840 0.015482 0.006352
693382.430213 141.935657 148.631182 -0.008910 0.001679
1797970.130014 385.184755 250.856596 -0.003536 -0.004077
955435.349120 688.750063 164.206184 -0.006715 -0.013576
557659.864685 605.732495 293.453560 0.007024 -0.008246
1324351.926951 788.041201 575.722291 0.013369 -0.006807
917046.023028 230.802798 93.736470 -0.007873 -0.012940
1632997.046985 519.396537 212.253351 -0.017468 0.017104
1790149.784549 770.326322 244.957897 -0.007430 -0.004987
1613713.184192 632.433868 140.905212 -0.016780 -0.015070
791753.703166 288.305473 527.536382 0.015412 -0.018581
347958.385175 437.624712 12.138136 -0.014652 -0.004654
701432.257286 473.859190 403.072510 0.000312 0.015824
1693039.169392 258.881581 326.996342 -0.012026 -0.004478
944105.254926 76.097002 210.660813 0.015290 -0.003683
1451122.988691 550.348238 119.687426 0.018428 0.010757
644142.737912 285.223332 76.772935 -0.011903 -0.010304
328294.663843 300.521009 473.810000 -0.012342 0.000410
344141.964030 428.560114 60.837462 0.013717 -0.018293
1995072.262359 551.831182 220.410020 0.001698 0.015577
1509670.835691 11.428451 590.770849 -0.015739 0.015796
783939.521193 665.405653 349.879454 0.003578 0.011722
702233.533702 730.447911 89.358777 -0.000818 -0.015283
783487.379916 514.599874 295.018389 -0.012715 0.013093
1976.599918 282.399694 217.797603 -0.015862 -0.012103
812477.567611 80.794417 532.001786 0.010926 0.005771
1551513.418346 422.487071 395.012179 0.010382 0.005361
1106838.468046 121.009943 279.552059 -0.014534 0.009718
516376.429478 389.664461 393.935588 -0.003779 0.018694
1541877.001311 639.356376 366.659309 -0.009512 0.019232
877046.727052 210.768184 200.496158 0.012089 -0.005350
1062152.807164 166.519123 280.595867 -0.003292 0.019285
220503.739184 154.876970 305.840464 0.010757 0.018113
285758.867062 257.551063 62.781932 0.004300 -0.001876
1694852.848395 693.279396 566.826416 0.000197 -0.009141
1823523.613542 219.355726 44.327208 0.000905 0.001464
109429.840049 768.375901 479.874393 -0.004450 0.010495
331166.874772 736.263516 582.360308 0.005303 -0.006523
1904142.131984 594.133657 318.581375 -0.001572 0.000439
967910.745632 483.246585 499.466810 0.003531 -0.011505
581591.096978 348.614920 47.797172 -0.010618 0.017526
706572.319710 118.037322 128.257727 -0.002968 0.006834
1499518.371885 385.504366 378.554240 0.001968 0.014852
785875.055374 571.633813 474.500031 -0.005458 -0.006112
257524.722376 252.853982 54.201246 0.006431 0.011146
1201976.699383 114.870947 228.762617 -0.002630 0.009284
1186503.038363 579.922673 101.501557 0.006851 0.018407
215485.423904 20.217399 64.876783 -0.007133 -0.001902
1555844.913030 56.701669 560.765816 -0.003686 0.004796
1610655.802121 641.039512 200.567111 0.003845 -0.013396
1363983.919548 580.401363 288.402183 0.010877 -0.004604
515601.680854 298.427380 317.430203 0.005553 0.012259
521772.659627 185.489044 319.268218 -0.002820 0.016141
984056.433190 429.735035 558.125971 0.003680 0.013903
764465.851134 302.346296 557.840792 -0.007327 0.011446
1098768.237559 97.947327 352.762856 0.014847 0.008802
1505133.839094 452.698135 265.976048 -0.010710 -0.006499
1656881.889169 392.841215 426.204203 -0.005672 -0.014813
1035409.796534 493.866503 216.680187 -0.018018 -0.018107
532033.862794 432.658043 350.197053 -0.012176 -0.014339
885049.308131 462.186118 312.132180 -0.005115 0.015773
611963.250959 737.325981 10.204440 0.015718 0.012220
1469794.933437 516.595427 223.321980 -0.012616 0.015461
1419313.830053 5.438765 222.335552 -0.003157 -0.005439
1001399.715897 750.993960 589.535463 0.014490 0.019467
57920.523946 102.977538 317.024402 0.004548 -0.007026
1340168.589419 44.280605 541.206076 -0.012394 -0.002903
1593328.125585 396.822266 209.113751 0.012537 -0.004440
308175.125303 438.483428 21.426443 0.000967 0.009098
1829796.170737 188.053093 440.205027 -0.008570 0.006237
194622.977727 628.692987 356.680441 -0.016829 0.005964
1163384.351490 86.056035 466.734976 -0.015444 0.009064
203536.384834 623.865820 466.640329 -0.019844 0.018801
408990.508136 640.501540 279.559944 0.002288 0.004606
1709918.606891 566.208693 96.827089 0.015689 -0.010645
1776676.395804 644.278067 280.571294 0.004821 -0.016380
248411.979642 575.470100 526.643328 0.008744 0.011925
1052401.075630 239.908560 543.630338 -0.007842 -0.003554
1254879.329007 324.305734 114.458396 -0.003772 -0.003592
322021.593490 487.234859 125.634339 0.003688 -0.014335
1647379.426121 385.846281 521.509865 0.019420 -0.005115
204691.412954 699.139137 106.328033 0.002806 -0.000172
536197.156895 555.522141 128.718281 -0.014193 -0.003471
25648.950611 537.650537 428.495473 0.016701 0.018972
247729.502734 436.987355 228.907393 -0.007404 0.018033
1580350.309415 380.142488 335.480482 -0.020002 -0.015900
1443766.372951 659.143458 350.858081 0.003668 0.012382
1912564.341869 554.539032 409.664805 -0.014667 -0.009430
357511.299829 321.176189 575.493913 -0.004357 0.001856
744693.135258 324.598329 130.936175 -0.016557 -0.007007
387589.365424 167.753411 523.061492 0.002985 0.000962
1645202.005117 291.686874 -0.034043 -0.004710 -0.005380
205411.871060 83.591891 113.409162 0.007496 0.007834
1996032.971887 514.778755 233.756815 0.007438 0.010640
1306804.762830 688.052436 106.772666 0.004501 -0.009860
1450619.077985 788.295097 395.346462 0.017732 -0.017180
1969754.747101 110.430777 168.308937 0.013756 0.008611
1609086.544071 543.662907 45.739575 0.012191 -0.017523
883645.576836 726.058750 99.600709 0.005484 0.003694
1722771.757153 502.587481 142.392849 -0.009974 -0.007579
28763.775727 722.858426 101.798404 -0.012103 0.000559
845989.907554 734.030173 301.105355 -0.016725 0.014439
1143645.596292 54.325482 600.100073 0.014086 0.016941
1423342.375748 525.506855 361.938914 0.011510 -0.001563
1329764.171191 184.671047 221.540526 0.013239 0.014443
1926056.274178 553.403064 294.127557 -0.011990 0.017716
1598411.507718 172.487242 507.871809 0.018764 -0.003695
726058.746095 313.826154 195.467403 0.014560 -0.001022
375371.614646 348.582086 324.945463 -0.012583 -0.008560
932014.105344 718.651542 566.958472 -0.017179 0.007258
811741.037672 587.613886 550.796011 0.010982 0.002619
1557690.799962 589.813105 154.646014 -0.009264 0.017516
399385.155365 53.596026 91.495720 -0.018140 -0.018551
1122038.441301 327.835804 256.718480 0.015481 -0.009089
1805346.826001 59.603749 425.621121 0.001276 -0.007196
1995636.369100 728.911154 96.785141 0.017698 0.019327
1695958.700821 278.915299 428.085246 0.010642 -0.015088
558004.577904 435.805134 516.537343 0.001452 0.012512
1597187.265566 589.022109 528.633731 0.018080 0.011279
1833981.536251 410.135262 114.711495 -0.006185 -0.003999
929917.220459 197.998974 284.719513 -0.013125 0.007622
1471826.909795 138.382406 361.480375 0.015865 -0.015403
1165988.196230 595.339193 277.970505 -0.008155 0.000416
1172216.120722 460.813976 32.623566 -0.002173 -0.015494
1736107.381869 196.313952 508.413341 0.009948 -0.012152
1259741.624473 532.827288 425.395466 0.012849 -0.019572
218963.730251 229.023496 155.218824 0.003357 -0.001591
1902503.935575 255.746861 379.735023 0.002178 -0.011346
1496596.111682 109.589284 576.224247 -0.011549 -0.002645
941537.357374 638.164167 6.052157 0.001054 -0.010208
245239.558744 315.515831 293.208691 0.018817 -0.014294
1372376.816986 480.169030 484.795624 -0.004169 -0.003136
1637971.852737 403.952853 424.241675 -0.016968 -0.016385
337179.376901 23.493873 245.347281 0.012113 0.003343
1249672.392965 440.274139 432.662552 0.003392 0.010456
310196.676436 44.543259 335.766711 -0.013367 0.003287
1607296.809371 230.374288 585.171660 -0.008254 -0.009684
236307.595035 783.692051 515.293136 0.017043 -0.004978
561161.337682 596.681740 528.629668 0.019482 0.012916
1939371.158341 125.405573 511.650519 -0.004858 0.018359
870700.636353 2.304787 305.537276 -0.013738 0.003548
541779.813609 249.224736 386.798120 0.013242 -0.000903
453110.709066 506.923663 459.383413 -0.011921 0.017070
47266.968548 256.681459 543.366805 0.015298 -0.010166
562186.379247 130.261536 594.812931 -0.013531 -0.013962
1629854.769274 105.206283 185.084014 0.006682 0.000387
534606.907766 82.096735 307.604707 0.011060 -0.009665
203362.833803 38.062074 342.034739 0.009834 0.015170
92345.910190 778.652250 306.682172 0.012431 -0.012993
877177.283576 667.652060 297.545729 -0.006210 0.008687
1484435.888699 500.791057 528.668869 0.009363 0.011487
64404.659935 439.097745 550.900455 -0.006341 -0.011407
856791.879449 486.799771 190.858584 0.017647 -0.004620
1153201.109335 34.170132 259.260385 -0.014200 0.011629
618554.387530 154.086607 456.994785 0.012842 -0.019876
1875266.974734 207.558144 502.956726 -0.002690 0.004173
1111007.126566 140.265104 138.305191 -0.002548 0.016405
34336.430968 375.116662 275.353428 0.017525 0.005401
1349224.196444 291.833218 249.998121 0.019704 -0.007779
1602661.077679 455.338674 209.487995 -0.010662 0.008584
276647.354605 434.182248 544.523080 0.016210 -0.005513
1822198.850020 670.978175 373.402783 0.009953 -0.009126
453696.245539 243.714413 268.446569 -0.001710 0.009671
713133.517985 379.395123 125.434305 0.012605 -0.003607
36437.158490 391.767500 464.294060 -0.002778 -0.000632
159010.190591 189.152582 31.281839 -0.002855 -0.001208
1535456.720523 453.472072 7.004858 0.007012 -0.001272
749811.288319 469.754377 183.340835 0.019873 -0.006545
1154889.427663 179.107143 384.461356 -0.019007 0.007227
762647.938338 304.913170 92.713897 0.003623 -0.012143
1129345.827331 486.839313 411.156880 -0.006499 -0.018285
337378.635228 334.151291 168.619251 -0.011168 0.013860
1499918.929068 791.136245 247.935198 0.010402 0.006607
1760744.261444 108.968549 150.052873 -0.012552 -0.014654
1172923.453698 610.654690 215.480556 -0.010942 0.011537
79642.974809 486.312528 101.195209 -0.012203 -0.012039
730713.756164 607.171544 484.130104 -0.017945 -0.016078
1702955.846536 175.680407 309.579188 -0.014703 -0.002376
724785.897287 705.794489 257.855164 0.011036 0.005757
187236.443249 524.427536 468.444314 -0.006229 0.013672
1828784.213322 744.386172 363.018284 -0.009257 -0.013432
787390.226865 250.365442 459.583092 0.002493 0.000266
1929498.061505 742.821539 160.802837 0.010731 0.019207
730520.102536 499.379975 120.013502 0.015232 0.010433
1281053.293162 194.553411 382.103495 -0.017201 -0.019246
562426.321470 130.510301 404.881056 -0.017520 0.000287
1033437.869061 780.266177 262.994248 -0.015115 -0.010072
1192859.900739 412.661456 336.629757 -0.005501 -0.016838
138898.690296 261.552703 3.831332 -0.006519 -0.016004
1973181.982512 561.244034 433.991735 -0.012560 0.003323
957790.512106 661.004772 496.569052 -0.015331 0.015870
1692076.045876 318.201853 36.227170 0.000831 -0.001629
1136829.509929 29.559319 260.620247 -0.019604 -0.013622
1367539.427880 482.613289 405.956856 -0.010182 0.018658
1509350.044424 252.214696 176.010908 0.010428 0.006095
785056.476847 598.266631 212.560886 -0.015368 0.017389
1873643.585422 475.943049 456.935580 0.010548 0.008437
1315983.134935 488.078438 64.950842 0.008776 -0.014740
1135951.929323 228.997764 100.723148 -0.019866 -0.008252
656102.584980 548.849109 538.963905 -0.019844 0.017282
1727078.126616 606.518545 148.289980 -0.013747 0.000827
1797488.349396 439.097391 161.305485 -0.009893 0.006601
406141.346510 151.755323 156.136691 0.018574 0.018121
1941231.998588 497.414882 337.498559 -0.016818 -0.006380
1386830.762674 518.304464 376.686231 0.014461 0.006005
1843128.023596 152.048527 201.902228 0.012778 -0.012246
538331.757550 546.156725 571.606968 0.000655 0.013550
944807.663069 332.253330 233.257381 0.009452 0.006610
106756.882792 755.057330 514.275978 -0.007525 0.016342
1618777.323337 226.666495 318.239014 -0.005099 -0.005334
1742666.514471 52.446922 6.652283 -0.000039 0.017103
1321460.731012 336.855149 69.859350 0.019897 -0.010401
620834.287545 213.286351 553.641462 -0.009482 0.011308
1523195.320518 587.619575 118.900211 -0.014008 -0.000950
1731081.362688 162.991275 252.003092 0.008901 0.000658
656632.629529 425.464250 480.289916 0.014355 0.016130
325566.043298 583.895750 581.195655 -0.013076 -0.010848
1792559.657149 666.652942 390.100931 -0.019485 0.013239
1778465.217808 259.142938 59.205192 0.012410 0.003500
1763427.173609 458.071021 192.850169 -0.017377 0.009413
1593951.392730 756.092936 556.162451 -0.011313 0.006647
886016.743670 435.965708 119.222797 -0.010349 -0.003820
204796.643092 324.079931 80.758078 -0.017155 0.003049
727276.621725 773.746826 248.090634 -0.019577 0.019161
488690.041233 721.849215 182.884868 -0.006274 0.008562
1781116.410057 179.394699 172.081755 -0.011497 -0.007823
20635.784613 7.289566 149.716811 0.017493 -0.010973
1834876.302553 303.621770 462.603020 -0.015338 0.004934
350019.654422 174.771735 16.867451 -0.007616 -0.008385
1214501.650638 538.028737 154.963360 -0.019202 0.007480
477760.385944 211.484351 353.438894 0.001754 0.004281
605806.972182 347.207235 499.206516 0.003598 0.005804
272576.070518 480.162215 392.487736 -0.004560 0.001510
1759240.741729 243.105091 550.313331 0.005999 -0.003249
1080301.612187 660.415664 382.860791 0.002772 -0.014596
1857771.559552 140.379001 484.525771 -0.012496 -0.012179
988850.145130 340.183444 276.524225 -0.016670 0.018756
134591.829094 309.364081 242.248975 0.015981 0.019035
96963.198901 28.485796 345.874278 0.008218 -0.003141
227820.812831 465.294053 434.931249 -0.018758 -0.010705
290631.014058 457.381583 34.478751 0.011435 -0.014459
385931.693197 569.829627 189.891264 -0.019999 0.015993
1023297.854244 396.799972 195.368551 0.018847 0.003217
589125.026292 31.439300 579.403346 0.007931 0.017481
1882412.602139 596.833928 584.043301 0.000697 -0.002081
790218.714061 504.991719 18.623892 -0.015185 0.006539
526777.357108 212.421620 140.149399 -0.007123 -0.017996
748590.766801 411.707621 457.602432 0.007596 0.000602
1324791.236466 161.899947 6.182315 0.019521 -0.013043
1179151.767483 226.007877 128.028806 0.002190 0.019217
301466.356172 396.231321 435.129043 -0.015002 -0.019487
349183.755158 415.179183 387.278266 -0.011773 0.005610
616335.581344 375.046211 543.583955 0.001713 0.011569
1910511.639859 733.631539 182.862346 0.008704 0.004279
1640005.631205 304.559995 485.085194 0.013264 -0.005313
1964468.728734 336.032419 390.834828 -0.012196 0.018996
1261209.360911 276.317131 282.388325 -0.005743 -0.001185
968463.258337 424.600070 593.704775 -0.014824 0.009439
1257770.379660 350.141734 123.661379 0.001312 0.019241
1991034.577596 391.521459 537.849712 -0.008001 -0.011721
1007596.648767 95.919512 353.143843 -0.006916 0.017950
1912045.142572 235.881637 222.808267 0.004267 -0.000414
692628.538559 190.070614 501.161053 0.009949 0.003370
609848.141023 240.793169 74.967492 -0.008228 -0.002770
1723251.459991 737.926258 520.966354 -0.017340 -0.001709
1696924.347289 50.211949 568.046749 0.009824 -0.005544
309029.791648 199.555999 289.678055 0.009657 0.002382
867302.640745 559.001680 513.627181 0.012186 -0.007813
691843.061099 120.752731 325.819657 -0.012823 0.018672
272265.500516 388.548994 162.020941 -0.009549 0.011204
1400582.436193 98.321802 421.474983 0.002898 -0.012352
320566.674844 333.298024 151.011302 -0.015710 -0.013504
1229627.376064 209.022232 246.479878 -0.016067 -0.019847
1946485.269790 424.997130 421.272703 -0.007231 0.003944
15066.369444 140.469090 292.365449 0.002003 -0.005751
911695.870064 548.972212 505.967278 0.009033 0.017879
1245159.992597 340.409749 42.452718 -0.006686 0.020040
519428.529087 388.669388 246.966159 0.000406 0.003807
1147820.552414 101.880357 512.636530 0.019418 -0.011043
1717933.562453 767.065194 453.541560 0.002480 0.011486
183230.377819 455.282629 577.960792 0.003166 -0.015278
640928.558372 27.649804 483.106202 -0.013464 0.010344
1503776.668340 628.791627 111.294628 0.012855 -0.015539
360957.489517 65.330377 358.267891 0.003694 0.003726
380073.533570 132.234768 431.815417 -0.018218 -0.013991
1889061.825298 723.270372 66.036843 0.008007 -0.001360
1796955.322752 633.618151 20.469833 0.014488 -0.005170
306282.549308 146.708072 243.256506 0.018342 -0.006180
332156.324914 567.685049 78.898476 -0.005922 0.001296
485168.456326 426.468135 367.540074 0.013248 -0.014944
413343.113108 24.081588 173.862975 0.017092 -0.017014
883643.182406 697.218998 587.052563 0.002075 0.002828
887249.075289 360.311451 217.624504 -0.000895 -0.007461
1467432.667253 504.522865 297.451595 -0.014415 0.003560
1682910.725327 244.837824 179.418667 0.018949 0.006313
1660796.624450 172.333448 113.776891 -0.002244 -0.017781
629926.086697 520.297232 50.843757 0.004200 0.003101
318150.466456 37.449385 269.276599 -0.014073 0.003941
40123.955365 464.690351 29.332459 -0.004712 -0.017568
724761.667999 93.778997 413.791155 0.014323 -0.009783
558074.092752 559.631344 337.160194 0.003110 0.006883
438651.350531 326.477031 533.043587 -0.003938 0.014338
1885724.248311 579.250624 301.050567 -0.018901 -0.006814
158400.153815 149.268565 226.213572 0.001130 -0.007008
1952982.963972 437.856238 543.382178 -0.018953 0.017260
1927788.328346 310.928298 28.408097 0.006183 -0.010111
607879.136041 746.738557 567.554826 0.014627 0.000450
1236504.919471 67.941871 551.395713 0.000250 -0.000247
1541570.438790 358.935195 131.516019 -0.009106 -0.000958
1098586.873663 282.024239 398.153255 0.017058 0.015188
1973812.054831 722.854538 257.064332 0.015662 0.017312
717421.361579 684.499853 190.603723 -0.003736 0.000392
1128238.588166 568.335555 265.669413 0.000399 0.003049
1906900.824936 102.985082 396.683566 0.014905 0.005387
311031.282093 514.468842 50.389091 -0.004984 0.016663
1119457.958787 738.965954 161.177591 -0.010873 0.014003
295815.608602 167.760117 451.852487 0.003014 -0.015963
1365835.790227 747.002912 574.159377 -0.019987 -0.006407
933742.419320 452.153809 30.328339 0.016400 -0.016982
1254474.420685 690.178526 122.028252 -0.008477 0.009412
1674721.783807 355.348290 227.512312 0.016825 0.012739
589441.845468 384.379081 445.674917 0.002542 0.008115
1186208.380939 568.403354 547.416991 -0.006133 -0.008545
28320.921598 24.263049 131.964160 0.018867 -0.018783
1123059.363627 350.686816 356.867310 0.004430 -0.006066
1339490.994503 192.364572 126.467765 0.014915 0.001146
1892333.765464 567.912697 583.229109 -0.007120 0.005298
1580513.963280 495.678508 66.393840 0.001268 -0.012682
1628540.167412 100.879668 535.792474 0.009077 -0.001106
358744.990248 592.813264 301.657005 -0.004021 0.008495
1065496.480589 768.920541 90.499581 -0.014913 0.002954
996930.964755 638.218463 488.788447 0.008371 0.006813
685065.261407 524.110693 228.687706 -0.007556 0.019173
22284.613001 83.335168 359.987639 -0.014920 0.005224
1564209.169505 749.436439 458.060050 0.006985 0.006546
471659.941818 683.838875 242.581186 0.009527 -0.009801
234378.384535 216.571262 129.613522 -0.009253 -0.004031
1581110.075852 613.195747 117.749094 0.004193 -0.000962
1733102.233956 757.721092 78.327983 -0.010137 -0.009510
222272.466972 206.654917 219.755033 0.008446 -0.004775
7593.072023 394.662907 189.853165 0.010704 -0.013200
1961038.188991 2.124414 13.824186 -0.004578 0.009653
554464.627316 401.919695 7.485899 -0.000263 0.010841
821613.773155 227.280854 322.384059 0.004103 0.015568
24485.756655 378.569783 502.029863 -0.014267 0.008814
196372.594776 203.414630 587.628525 -0.001419 0.018570
718005.964867 374.918528 274.676672 0.007034 -0.010265
1252709.545778 525.328949 142.471246 0.005952 -0.018322
1958473.456073 741.466704 326.385580 0.019635 -0.003219
628831.249023 322.006615 421.699950 0.014048 -0.019638
1185057.482303 690.598717 289.213571 -0.002862 -0.019725
406775.272641 421.348981 156.969358 -0.012823 0.019529
452064.211691 432.993755 275.813039 0.007357 -0.011341
1391094.198167 248.901786 524.522209 0.017276 0.018341
1830316.959801 730.343047 531.898008 -0.001630 0.016147
610994.441719 618.466856 183.921945 -0.019651 0.004987
631021.334152 481.612941 292.409894 0.011870 -0.018646
989235.750860 1.624840 334.262595 0.010240 -0.012653
1098658.789461 784.700035 435.013657 -0.019645 0.006629
1883467.686308 564.326845 585.925442 0.012715 0.005464
1871849.530317 584.594546 330.744341 0.012870 -0.012431
911993.535660 102.066867 577.624484 0.010539 -0.014574
1176139.691461 61.861633 443.192299 -0.016940 0.015031
1537174.407177 456.467447 526.568111 -0.006944 -0.006938
123261.179832 700.706962 184.995159 0.011598 0.015146
1946848.674653 582.932124 354.062437 0.017984 0.001719
457599.283409 708.807350 164.400359 0.011215 0.008296
926562.791190 189.188854 501.311520 -0.000853 0.020277
1942178.605097 11.922379 45.630258 0.008386 -0.016364
1905775.863633 382.498787 397.268341 0.013256 0.012158
1975712.466974 713.730947 407.849104 -0.008258 0.007162
1128937.655654 214.853086 243.876921 -0.013865 -0.011229
1900458.380534 306.373518 62.312658 -0.011055 -0.013432
1623668.112617 549.882431 239.856120 0.005853 -0.015461
798515.523224 494.074663 76.872841 -0.000971 -0.006936
438456.544857 343.456659 482.451514 0.015163 -0.009725
1216805.763178 694.758416 90.906941 -0.008492 -0.013409
1661706.700764 681.609256 259.473894 -0.010492 -0.019717
1303971.794110 150.648919 233.995932 0.010267 -0.003519
1107963.914568 455.016742 59.163622 0.018172 -0.011406
425643.800956 282.740703 499.749019 -0.006860 0.013499
318262.858465 448.812814 155.017188 0.018557 -0.002305
1036196.117772 457.775289 186.356168 0.006825 0.014517
948553.069005 401.202250 427.553250 0.016363 0.009449
1438074.149861 447.234361 555.885194 -0.015627 -0.007490
677338.477540 530.463328 530.587018 -0.002497 0.004696
197747.041563 520.866477 583.167485 0.017231 0.019659
1601492.672973 71.875204 330.908111 -0.017638 -0.017823
1987075.958395 461.649780 375.355411 -0.007836 -0.010073
971748.938305 621.964511 449.256399 -0.012076 0.007408
974474.447302 733.608595 146.463106 -0.003447 -0.018927
1121549.802423 602.092505 413.364866 -0.002206 -0.012391
613932.794246 434.800254 504.563217 -0.008863 -0.001006
1665525.531241 62.978559 338.886460 -0.004531 -0.014512
1238773.710671 302.581776 429.396166 -0.010182 0.007290
1925637.924078 585.215264 276.360744 0.008453 0.017192
290519.337305 158.706696 507.982888 -0.004378 0.004496
1745488.432117 760.785684 219.026017 0.002463 -0.004190
1111265.337612 695.221563 563.402556 -0.004216 -0.013967
829182.160473 183.966705 135.790036 0.019220 0.004578
728391.627189 479.091445 596.080269 -0.016856 0.013714
1349985.243450 33.549629 345.862356 -0.014547 0.010159
1010733.056353 223.982008 571.470974 -0.005919 0.006801
1129411.861826 180.071463 372.996739 0.017210 0.011481
33999.050983 388.892376 393.916501 0.019023 0.015310
1606354.705806 296.473587 66.778102 -0.018798 -0.005952
1451822.744427 315.016453 570.291405 0.008761 -0.001033
1590584.168020 314.926082 309.295027 -0.005147 0.001143
538209.161040 701.076604 485.057576 -0.011155 -0.010862
958317.440449 628.400548 272.054211 -0.015990 0.008645
479655.517489 94.268646 120.459708 0.015847 -0.017026
167238.956395 558.834276 267.276272 -0.012176 0.009130
1592486.357127 737.094819 73.172033 0.009857 0.005619
1189583.299304 433.272430 20.624759 -0.015555 0.016563
1124831.962923 303.347685 474.137477 -0.005179 0.004014
37146.621401 680.327581 232.403503 -0.001136 0.018045
205026.889315 568.988829 40.996609 -0.007872 0.004304
284161.461650 310.156130 183.754836 0.003491 0.003335
68690.410847 306.397346 301.929793 -0.013750 -0.014788
287411.349028 600.376811 403.701074 -0.012906 0.014455
1171263.018237 591.739760 143.887205 -0.004978 -0.015527
1682127.158941 315.152259 577.287879 -0.010882 0.014563
1824708.168313 264.615474 346.566061 0.019215 0.005361
369206.509725 98.061752 13.250689 -0.000371 0.008404
1208981.916871 419.676857 56.080880 -0.015658 0.007258
446720.970071 201.994144 259.135169 0.015811 -0.002830
586212.983628 385.025998 101.895912 0.001338 0.014294
560717.814863 299.438185 150.826266 -0.010340 0.004124
234257.601311 123.603692 559.126284 0.007794 -0.014618
1133248.557864 703.385813 154.292205 0.003534 -0.005190
1934248.125150 153.860315 536.760912 -0.017575 -0.007945
1152133.833222 226.448759 331.593957 -0.019685 -0.012920
1965200.129880 240.606068 396.631837 -0.013873 0.013375
1034901.121182 346.027501 125.772422 0.010820 0.006916
1623246.405098 708.869229 497.111303 0.009752 0.003209
1926329.093951 248.301553 276.049923 -0.011180 0.015961
1658576.383096 150.340358 54.921931 0.008976 -0.010072
786221.519479 240.656337 318.779555 0.017813 -0.007684
1421758.733421 742.988362 365.307553 -0.004956 -0.017102
888519.625593 711.220329 307.918330 0.006007 0.006219
374128.679919 371.706945 325.692959 -0.019383 -0.011608
247207.860577 782.974592 311.726288 0.003299 -0.012043
838233.393076 329.876163 231.727741 0.000630 -0.014414
1269501.125100 723.006513 262.442297 -0.014076 0.015180
1490342.234955 701.650626 467.365585 -0.005828 -0.010057
1720173.599068 639.046370 82.436967 -0.005115 -0.001874
1589947.016719 447.918424 550.744830 -0.006480 0.003067
254199.274003 369.638962 332.056778 0.005900 -0.018210
1506623.924480 52.648289 274.418459 -0.014402 0.003090
1187558.641279 619.432978 289.317855 -0.018785 0.017647
663885.182079 620.237708 490.718328 -0.015549 -0.014782
134186.233456 776.815941 557.509950 -0.011845 -0.006224
763995.101100 799.435432 542.544897 -0.008032 -0.006498
960104.740672 341.053025 479.390390 -0.018605 -0.017001
1689167.128731 629.831507 84.572448 -0.007902 0.017118
1435140.350571 716.188852 421.916094 -0.012036 0.017047
1287450.956780 425.142630 421.429509 0.029324 -0.010176
1664884.491668 423.680824 368.426940 0.010572 0.009338
1916152.068375 115.451633 439.975228 0.014422 -0.002273
142374.806172 274.466868 522.203843 0.014832 -0.004932
1889104.925044 571.951336 98.159229 -0.016652 -0.019297
184043.514628 642.193177 547.236616 0.011782 -0.019928
1678137.485719 350.639768 319.847389 0.001620 0.016049
349432.717240 299.064714 257.476967 0.011518 -0.014607
327130.583267 597.552757 167.646087 0.015871 0.004361
1445781.852792 774.599788 571.332669 0.003724 0.013545
657045.848974 430.379303 332.784376 -0.000286 0.004918
1143416.638087 467.925245 254.990653 -0.000619 -0.004817
853229.746620 259.362790 490.974378 0.018361 0.014565
1436276.935710 106.666614 143.309906 -0.014052 0.016939
747046.145027 249.287118 400.876370 0.006107 -0.011772
555282.349025 300.254849 106.361306 -0.010824 0.018766
31011.744417 446.337039 303.799500 0.002803 -0.017976
259713.421697 113.378152 381.521915 0.002207 0.005058
30230.289339 785.644353 570.355849 0.013296 0.017667
1629124.594680 440.328118 44.867086 -0.017896 0.007952
1993199.337271 341.160678 5.732135 0.006604 -0.016811
437214.899080 754.171963 272.473699 -0.004222 -0.013118
847463.854052 328.916340 438.462623 0.017223 0.019223
1561464.248021 48.438235 73.447347 -0.003332 0.004611
1496915.452879 345.403394 358.172934 0.007987 -0.009430
1076064.875850 410.427994 489.232482 0.004502 0.002607
1028186.607653 487.294071 594.905421 0.000946 -0.009062
141764.248787 594.373344 129.928003 0.001005 -0.014465
778578.041484 759.044057 329.573869 -0.015258 0.015196
1058486.954802 720.156417 564.249455 0.005927 -0.007192
1112790.978101 319.604373 448.363247 -0.013854 -0.016074
24501.685065 553.730137 366.505925 0.013093 -0.007837
353571.678676 272.978275 548.360745 -0.013262 0.014620
375264.103699 191.542165 365.591783 -0.003807 0.010610
1493884.026769 635.044237 429.010496 -0.008195 0.016527
1188817.119779 659.921771 487.986531 0.001403 -0.000926
259519.063057 73.578643 525.505190 0.015131 -0.010176
1949033.547169 712.030430 562.418122 0.003455 0.008705
482529.103981 609.634646 35.874182 -0.013821 0.017257
1850091.109914 273.824157 102.640737 0.001383 0.009871
1871495.037280 224.849322 324.707540 0.006118 0.002950
908785.677938 195.377471 241.084023 -0.009280 0.011207
1755362.652128 318.247821 522.463204 0.010157 -0.008996
232765.271437 582.325902 98.891049 -0.018023 -0.007318
1765166.354256 236.156040 45.906737 0.017672 -0.002009
15434.920795 693.063357 474.805162 -0.012875 -0.003993
1077013.659792 90.897528 409.177132 -0.016813 0.010592
516053.778360 427.320794 5.533017 0.006383 0.012102
1576709.125925 429.804505 119.316929 0.006408 -0.008349
948767.654108 620.834594 11.990259 0.005590 0.013192
667159.362075 417.580169 74.320126 -0.003591 -0.001442
1146380.339352 334.181084 198.381201 -0.005373 0.003858
1462269.868451 722.474638 426.713871 -0.003550 0.019273
949273.004639 536.539973 309.867586 -0.000660 -0.006821
636841.273232 217.395606 520.701096 0.000697 0.017243
316267.470045 793.289790 424.380790 -0.012922 0.005287
1072709.865436 409.086421 92.563805 0.006413 0.016869
1234697.917120 187.211931 203.631217 0.017922 0.003937
1871003.135047 543.312366 300.421508 0.005840 -0.016339
968257.898916 95.953137 457.497543 -0.019860 0.004212
184803.100389 255.863249 525.710418 0.018328 0.013471
1613704.762242 94.151039 497.138948 0.000560 -0.008181
920804.219749 40.349308 484.055186 0.004754 0.008361
1455508.939668 184.651911 566.115639 -0.017314 -0.012833
1084419.887087 1.542229 515.023613 -0.018234 0.005933
1899527.167855 422.368533 461.390575 0.008465 0.001126
745706.753221 643.348167 508.951797 -0.010104 0.010551
1369434.811813 44.288650 529.088362 0.000563 0.002783
353913.564400 779.682355 371.833177 0.019302 0.003532
660308.989072 568.684157 491.879802 -0.009045 0.011120
1997036.600484 653.475035 468.705544 0.014266 0.014405
857968.969670 644.837573 232.630709 -0.012089 0.000742
1832483.595159 456.884921 194.102860 0.011185 0.012300
174050.590104 359.483503 525.216528 0.018760 0.018486
887791.815627 116.122629 561.487893 -0.017443 -0.014850
1048845.100705 314.751698 504.276169 -0.006251 0.006698
1236598.032171 273.733785 290.251137 -0.004035 -0.012071
688449.854352 662.526078 2.752009 0.009261 -0.018950
1047717.716101 518.861160 357.859905 0.013899 -0.003494
831685.772553 746.899606 516.995351 -0.008426 0.016116
1646809.537731 587.733044 29.263802 0.010388 0.011930
354697.854423 226.924526 114.997752 -0.019286 0.005138
1718570.137265 508.516955 581.729445 -0.006275 -0.018632
338487.908402 549.884015 517.484094 -0.013005 -0.003235
1776805.868268 558.751286 40.734865 -0.000611 0.001833
960078.654327 720.499064 287.213575 -0.006615 -0.012464
763596.911339 131.492671 555.788544 -0.002769 0.016999
1446903.674606 486.356786 125.230628 0.016929 0.005201
1673049.761761 619.651515 156.115413 0.012238 -0.015284
591079.477496 780.525195 482.940914 -0.013694 -0.013980
450261.526019 37.036387 509.507668 -0.008260 0.001258
788880.985598 618.753341 259.032242 0.014940 -0.015430
1247242.441982 204.392906 167.270636 0.001999 0.007424
405506.701397 218.073291 175.471330 -0.003538 -0.012418
1835863.754077 197.919353 576.645727 -0.012854 -0.017834
159031.381905 379.800925 18.543062 0.015402 0.005313
362722.217274 87.636711 407.291020 -0.018631 -0.003799
420997.232395 340.084059 105.436384 0.005806 -0.007880
580167.091722 213.239500 332.702641 0.002781 0.012607
479025.265425 617.087976 52.738859 0.001292 -0.012683
552036.800679 360.066329 258.349858 -0.010475 0.005107
969986.005207 253.882473 61.767100 0.000736 -0.011935
1471710.388303 557.552733 187.680001 -0.003399 0.009170
1430984.936390 500.642680 91.253037 0.015652 -0.009265
902052.609670 144.819901 321.025632 -0.019788 0.010004
700700.571156 195.566209 313.177632 -0.002450 0.011068
1408199.004553 571.469397 136.881912 -0.014614 0.018111
1713095.736556 496.021390 161.603096 0.018411 -0.014605
944491.339356 556.941593 498.938572 0.011378 -0.015569
1119457.834922 400.340725 441.487168 0.008485 -0.004355
8319.607940 130.613089 343.679642 0.001559 -0.013272
647061.014849 711.653523 247.495660 0.013808 -0.006847
379545.065751 439.234572 25.792769 -0.003330 0.007327
1990576.603445 218.750525 181.592635 -0.009387 -0.010668
876473.971119 589.747851 557.739883 -0.009187 0.000887
80381.552726 664.397094 13.425741 0.011032 0.001697
828036.629980 624.744820 423.168270 0.019512 -0.007203
1747623.103553 248.501198 124.635524 -0.008535 -0.013750
1072386.123739 381.161161 423.427301 0.003197 0.015738
777386.485961 459.523861 100.682454 0.007648 0.013587
801906.589792 103.848130 346.016019 -0.006799 -0.003959
197987.358178 296.171442 138.022261 -0.015155 -0.014134
1545926.498969 428.238028 556.339980 -0.000604 0.001134
492654.834172 281.839101 500.268035 -0.001366 0.005262
1978982.283724 792.831810 69.239061 0.007762 0.002810
17631.095842 66.292250 86.583104 -0.012956 0.010998
1966499.848276 461.686814 543.417972 0.003197 0.015425
611006.784537 527.313465 167.181269 0.001453 0.011209
850069.038966 247.117144 189.710712 -0.005918 0.011500
1676786.882652 479.010242 83.541636 0.006887 -0.017865
1557780.060711 529.539415 26.241011 0.015764 -0.005736
1227310.625476 722.649280 263.141732 0.010999 -0.018086
428616.731627 592.241780 393.456107 -0.015227 -0.007965
1127178.874392 340.225487 576.428008 0.013662 0.018421
1480731.590409 213.012545 162.149385 -0.017758 0.004785
115335.758829 715.288246 130.615703 -0.012097 0.002659
541498.807511 781.033893 137.086778 -0.007431 0.014832
1167776.423119 742.234591 464.390510 -0.019064 0.007408
1705487.274428 189.981508 255.852296 0.000329 -0.005718
1455042.508177 58.115213 469.420541 0.007516 0.016569
1485351.840726 341.808865 108.579353 -0.019527 -0.000651
1600046.444498 55.850713 226.824148 -0.019282 -0.009272
1889695.885540 230.368110 146.827433 -0.013085 0.004137
230475.999522 605.668381 319.140455 0.015521 0.011181
434670.210087 593.472106 10.100542 0.005757 -0.009956
748135.628527 296.873268 193.315538 -0.013688 -0.017658
474188.291689 718.672181 292.508204 -0.003302 0.016299
1941577.332067 174.340846 588.684879 -0.006019 -0.010641
499196.726130 235.236194 314.413121 -0.000250 -0.001309
254300.674542 487.659522 134.032728 0.006359 -0.000094
6325.354803 700.280187 144.000539 -0.019183 0.000818
980919.682878 315.879641 534.905934 0.012547 0.001978
1900851.625903 40.307541 269.173037 -0.002566 -0.001268
719689.197242 326.297829 412.244108 -0.006340 0.010293
1844748.197982 472.758905 30.390276 -0.002167 -0.016572
1036199.990211 459.114397 416.462639 0.009646 -0.010744
385683.919483 595.657650 65.136342 -0.002694 0.010618
1256102.471266 738.633583 95.948606 0.000656 0.009882
1419511.694191 375.593197 472.654905 -0.013636 0.016260
511292.832210 415.048662 189.498308 0.017689 0.014399
145034.134456 691.375955 270.238278 -0.015048 -0.007554
1071721.370831 513.289128 530.722300 -0.010800 -0.004671
233847.819378 338.325673 77.196349 -0.011022 0.014213
1786277.592083 682.049702 467.469251 -0.017903 -0.005090
1031918.257955 609.742721 505.904532 -0.007877 0.016825
1499349.890975 446.541217 263.473184 -0.017353 0.000065
597617.807145 110.194413 219.178798 0.010002 -0.009539
1353622.215499 228.358078 541.946141 0.002466 0.000630
573296.933702 542.686184 563.800672 -0.003403 0.016137
1590131.532210 246.369817 453.837733 0.002999 -0.005559
258416.177825 72.735893 73.666965 0.018867 -0.004270
87595.200207 577.083760 571.543860 -0.000686 0.011451
906233.425674 625.690965 554.272708 0.012748 0.001244
370032.188655 396.089740 489.535910 -0.016461 -0.017733
664767.085884 299.683923 441.648078 -0.009136 0.011577
1278253.811075 53.069706 58.628945 -0.004137 0.005626
916040.443311 420.044009 438.714981 0.003226 -0.000153
249204.321880 499.403515 130.438135 -0.016940 -0.015706
8661.484350 424.278897 533.500474 0.017144 -0.006053
841302.204338 90.212193 506.254431 -0.010486 -0.011971
1802783.200425 455.849799 346.052128 0.005478 0.013643
731632.451868 220.868414 544.670873 -0.001428 0.006856
1096714.972098 736.844366 118.101775 -0.008810 -0.000028
1386984.768969 323.725864 76.219741 0.016468 -0.000748
469499.863903 732.319612 6.752732 -0.015015 0.013792
718651.906922 435.562844 574.478743 -0.011853 0.011246
316653.122342 84.200745 211.263794 0.009817 0.009287
385530.231700 79.886345 10.916995 -0.015988 0.002564
1379939.433830 519.278993 291.398725 0.015433 0.017160
1974529.288697 463.862053 199.396251 -0.015484 -0.000376
1626419.535664 279.577615 244.581058 0.012972 -0.001065
503204.831157 146.302862 10.722849 -0.011628 -0.004512
1600260.999799 293.211247 294.668151 -0.013931 -0.015946
467442.890847 275.452727 121.031486 -0.009918 -0.002202
1530910.291491 753.183289 56.430798 -0.009999 0.013166
43405.273949 190.010308 245.187107 -0.005808 -0.005898
1801413.789299 133.616454 421.135434 -0.007683 0.019666
348673.859774 447.691254 104.896590 -0.012289 0.010750
1122384.702378 793.582609 80.975409 -0.017908 -0.014239
474000.488629 229.279234 293.432544 -0.002437 0.001553
1867761.544822 162.951913 288.117011 -0.018874 -0.001833
617712.498930 39.493536 415.333363 0.008740 -0.003853
88793.583256 494.997482 342.653518 0.009872 0.016978
1123119.018564 736.092754 291.715339 0.009393 -0.015511
510837.786138 237.609550 62.700316 -0.004341 -0.005988
498234.962345 502.595302 381.640276 0.009529 -0.017333
350510.791107 537.743338 162.809940 0.006241 0.007961
1451432.125387 771.423869 449.272141 -0.003350 0.007329
303273.376219 370.209177 180.057573 0.008882 -0.011671
454803.713809 227.085080 76.221705 0.008590 -0.019206
480071.545802 775.561811 189.879596 -0.006237 -0.005564
1333575.176696 474.926856 592.966912 -0.007807 -0.006722
110627.538576 382.880484 2.042604 -0.006982 -0.014557
1406769.050940 41.599180 59.201238 -0.001891 -0.001186
1561676.394922 482.402578 559.416275 -0.016756 -0.006991
281255.947557 246.822189 365.022739 -0.009253 -0.019073
1257382.930842 407.215303 595.947034 0.017794 0.014125
706537.016996 489.582651 268.696612 -0.006336 0.016644
1558318.719993 317.981630 236.941052 0.011340 0.008938
1057752.200895 389.355591 465.744245 0.005109 0.017510
491364.625511 326.432287 325.146216 -0.012863 -0.000410
1734950.389590 255.140314 479.273362 -0.000927 0.003494
1643357.573842 84.554081 57.087831 0.012570 -0.017966
1898263.090243 133.995177 397.728054 -0.004150 0.000396
1157183.811607 140.815852 544.388809 0.018936 0.018337
1260090.642264 401.514290 266.723094 -0.003781 -0.014824
767107.214205 521.419872 323.139523 0.016992 0.013178
55740.578126 634.681683 88.897755 0.013033 -0.009280
1471867.368311 518.876528 224.892835 0.013003 -0.001651
851158.514084 624.351555 377.786900 -0.016458 -0.012919
279214.015361 533.186927 211.738173 -0.018180 0.005623
622537.959657 541.228601 84.898460 0.010263 -0.016716
543551.074594 112.274134 439.412629 0.012701 -0.017355
1125283.938425 670.347284 515.197834 0.008428 0.006537
255944.995329 357.693340 187.220283 0.000113 -0.008833
1549879.616848 742.657467 35.447004 -0.003803 -0.019304
474171.187949 435.858908 410.438452 0.003572 0.003649
648167.413030 720.786404 160.423730 -0.001354 0.006306
697835.028496 590.020790 478.482478 -0.016726 0.001913
1725670.433475 515.906912 231.175658 0.008680 -0.005436
99429.388577 679.230138 481.602094 -0.005521 -0.005940
163663.104253 109.381116 168.314984 -0.008196 0.000287
594763.153510 303.490459 52.577414 0.019269 0.018783
1355525.087265 244.739038 521.998944 0.017881 0.010916
1053977.892294 234.867478 305.684212 -0.007017 -0.004943
115031.983757 149.718121 12.631361 -0.002314 0.016318
752375.869431 393.888583 454.938364 -0.012788 0.014192
219437.964363 208.637131 595.046635 -0.004391 -0.003928
1068114.026016 550.198474 469.005403 0.004833 0.006852
1499866.051366 239.066566 584.319104 0.004744 -0.010279
1491842.997955 116.946156 322.391832 -0.009733 -0.001137
1826279.228472 250.910679 395.096295 0.017312 0.010248
1133058.067007 247.603680 149.327546 -0.007040 -0.000439
207507.431604 346.729800 450.162925 -0.016174 0.012959
304737.184339 504.192618 306.791893 0.017353 -0.010002
361247.467977 546.625754 329.405405 -0.013808 -0.007883
1585793.637478 720.496302 269.467659 -0.006769 -0.013808
1841064.114050 194.799057 281.407116 0.003177 -0.012867
451362.950938 116.087310 291.961128 -0.001003 -0.001228
1950936.490647 462.874203 542.117027 0.008176 0.007822
1454702.783122 701.812770 182.524539 -0.010453 0.012480
1108684.254395 335.374294 297.104669 -0.015856 0.002984
1596490.624173 716.986343 284.994288 -0.011902 -0.010625
1263706.185512 134.371122 282.380000 -0.015933 0.009881
1294332.516982 261.298872 535.612350 -0.014662 0.012051
723046.520130 87.200324 228.312953 -0.009397 0.013364
107937.715067 793.543446 426.988443 -0.005728 -0.010811
1046872.077066 729.141786 390.055067 -0.019336 -0.019458
450965.188654 653.583063 546.927144 0.008020 -0.017423
278162.196408 266.319454 139.795543 0.004373 -0.002628
1960316.196066 205.546334 456.626854 0.014895 -0.004394
1125740.257616 187.534720 299.749165 0.017720 -0.000064
668170.334151 797.013577 294.298956 -0.018178 -0.005834
1443825.863043 455.560552 159.988189 -0.005091 0.003544
564375.188464 478.321888 242.702709 -0.012222 -0.008030
938961.728913 267.012330 379.602470 0.008081 0.017698
132214.712972 546.510754 119.642146 0.013258 0.002217
1179224.623916 311.760253 473.222926 -0.016469 -0.006664
575213.267736 338.894896 197.891948 0.011039 -0.001202
1368718.602401 400.641454 23.796776 0.018035 0.014941
1254302.726711 185.986199 282.720698 -0.018668 -0.002902
1541011.519516 401.074670 456.317197 -0.003915 -0.011862
1407684.757098 375.245522 531.869556 0.016146 -0.008176
883750.411162 393.954784 411.737971 -0.010644 0.003296
38293.802197 414.618803 2.951137 -0.006037 -0.008100
949396.727117 26.714015 478.702399 0.000588 0.019415
1340193.529306 112.376735 130.055621 -0.014308 -0.013066
1289556.392138 729.444910 404.429123 -0.003806 -0.007432
1756783.113702 87.960540 469.292694 0.010541 -0.019648
157687.638028 165.895520 303.272205 0.010627 -0.002492
175039.783202 626.874304 573.455965 -0.016270 -0.014666
506304.289450 453.535526 99.480334 -0.017959 -0.016725
301433.914481 576.111468 133.628212 -0.005341 0.014523
790027.673724 9.808982 464.103292 -0.017201 -0.003253
176035.711624 758.564212 317.127294 0.014811 0.008522
1081972.172988 759.405248 552.193748 -0.018218 0.008656
715741.816310 107.067965 299.036569 -0.007413 -0.010926
1263880.632475 454.191918 476.690120 0.011932 0.004699
1751026.801649 758.916938 202.551516 -0.016144 -0.007303
399196.095951 394.584304 198.015024 0.019033 0.002405
1496994.359185 48.785765 306.283237 -0.008910 0.017282
445396.929255 653.799432 529.570164 -0.014299 0.014551
1193553.106484 400.041706 599.276369 -0.016137 0.012555
450224.472419 581.575595 229.312491 -0.019239 0.001037
1999453.321099 715.796218 285.543768 -0.004930 0.019529
1584501.028799 429.398017 291.137394 -0.015109 0.000407
94458.571679 696.594329 342.674292 0.002271 -0.014108
1007827.074736 623.648790 579.443276 -0.004562 0.016867
1658558.308919 786.492076 253.338519 0.013090 -0.016893
475365.567242 42.253046 483.115776 0.004458 -0.017010
663714.367274 495.941852 580.643531 0.012239 0.018208
1919117.403179 479.319730 296.836948 -0.002180 0.008830
9624.167350 393.674618 354.801571 0.003061 -0.018038
1478876.057770 64.532204 497.187467 0.007908 -0.001375
1502145.321808 426.700914 269.312534 -0.013028 -0.005539
1054818.871922 329.173987 247.951731 -0.006669 -0.018737
972186.690649 532.075092 390.604714 -0.001890 -0.001123
1216433.286302 329.735593 43.147521 -0.015876 0.014305
1585452.240699 85.807031 209.830766 -0.004614 0.007190
796849.675848 99.117716 458.915155 -0.011048 0.013096
461377.134761 782.733179 217.159514 0.007158 -0.013906
1447663.852688 165.389429 338.352795 -0.014477 0.001612
1190708.408687 498.903116 122.960954 -0.010151 -0.016997
1355477.244293 683.941683 294.253977 0.009987 0.018268
694211.989964 433.629785 39.180794 0.007891 0.017091
1497031.391364 75.975911 30.320154 0.000515 -0.007103
1759090.904966 594.574150 180.092499 -0.010325 -0.003075
904928.793621 772.228251 377.899896 -0.019363 -0.015855
341892.055395 489.219449 436.941101 -0.004949 0.014345
1609370.418642 43.245589 427.918471 -0.008192 0.012132
1339833.364515 513.407640 206.948820 0.009413 -0.006428
543533.833951 386.261011 260.256291 -0.007100 0.019798
1510075.678821 161.274893 443.595312 -0.017784 -0.002231
325429.097901 406.509589 246.052763 0.011718 0.000969
1027532.088117 771.056942 81.310768 -0.010378 -0.006350
1987715.010526 37.085649 236.851104 0.008280 -0.006370
396776.620483 301.226536 588.790194 0.001750 -0.015588
639902.701899 652.511240 356.076789 0.010138 -0.014496
1179865.857204 406.191312 204.093910 -0.006853 0.002536
1568458.621189 393.353536 42.417850 -0.012226 -0.008580
1190290.628555 566.659781 150.070546 0.009234 0.017978
1180185.991889 580.294224 597.275056 0.019392 -0.002785
672088.553511 146.615219 484.913828 -0.007358 0.009072
1837656.663655 510.367321 325.326161 0.000515 -0.004372
1360614.323691 81.781113 539.213426 -0.019202 -0.002741
924125.776125 643.704350 555.017880 0.001314 0.019937
418950.309241 102.560593 424.495789 -0.001751 0.014288
1312754.557148 39.313514 349.917630 0.006064 -0.018672
30587.249450 790.707451 130.342617 0.012900 -0.007754
1889215.610870 593.542301 566.117985 -0.000537 -0.009827
669560.509114 133.582794 214.274449 -0.010654 -0.012489
1579576.984783 556.722458 595.087913 0.008582 -0.010896
1982244.182370 738.980926 214.086876 0.007923 -0.004708
432350.935616 283.821103 258.304251 0.011984 -0.019764
930735.730068 652.514416 596.745480 0.007308 0.005523
600671.720971 501.773976 227.913365 -0.010187 -0.015427
1270601.892504 463.714129 169.399006 0.019707 0.012517
938976.299455 626.138276 304.956400 -0.001543 -0.000143
1474031.937064 361.896266 251.789950 -0.016250 -0.013950
1605130.416157 247.895948 302.807542 -0.010660 -0.015580
1023340.410098 559.398271 555.330265 0.000248 -0.004727
1128556.229700 645.518144 5.376071 0.017752 -0.017952
248420.950141 463.953498 377.867312 -0.003974 0.002703
884577.235619 700.856653 213.266939 0.018006 -0.006580
1704879.713107 549.835636 474.350501 -0.009091 0.011201
1882055.445519 60.123789 54.884200 -0.002174 -0.007611
404206.608610 766.044812 4.965190 -0.014896 -0.001425
780987.060993 553.600836 162.366293 -0.004041 0.005504
642018.800900 419.951693 130.583041 0.018034 0.017212
1579863.075903 314.025509 483.417918 -0.014211 -0.006288
286431.929230 798.886445 18.430795 0.017334 -0.009133
1625355.291937 699.891537 207.400343 0.016181 -0.007132
1310099.705732 85.410062 166.973870 0.006573 -0.010594
1485499.756171 42.628284 555.874291 -0.019453 -0.001832
1126826.147142 267.590430 586.860404 0.011210 -0.008633
1817754.082297 456.437382 406.881043 0.008593 0.008650
42605.713030 686.002854 428.687066 -0.017651 0.011544
1969490.396776 691.890947 399.719088 -0.006759 0.010785
1972945.507603 788.373067 525.800660 -0.009412 0.005963
221002.463354 5.903899 421.341528 -0.018496 -0.019155
314139.836614 480.002311 213.020564 -0.014576 -0.004774
1280098.799281 35.340676 570.902936 -0.007260 0.010334
1334025.561499 271.193854 370.255650 -0.004778 -0.004325
817314.073824 292.199827 154.149942 -0.016998 0.007869
52254.755074 49.104415 409.163631 0.016105 -0.006934
662711.798522 9.724634 199.977928 -0.018610 -0.017999
710212.109941 153.354641 389.951737 0.008413 -0.006921
61999.699130 280.775317 222.976410 0.019302 0.006752
261157.692532 519.519472 3.956191 0.009910 -0.018770
797766.605764 125.354550 237.270009 0.006227 -0.010772
184709.901076 545.554013 175.169611 0.010992 0.003317
1235796.007903 85.184931 357.580383 0.018102 -0.014397
1292608.929469 245.426175 198.572813 -0.008136 -0.019321
1317389.029692 261.546655 220.462942 -0.018786 -0.007606
71927.786838 128.058155 575.609433 -0.018265 0.016305
1977614.946653 353.648821 38.596556 -0.004649 -0.016060
591803.305127 381.724315 467.333540 0.003521 -0.009936
726241.200569 164.938142 214.200642 0.018395 -0.013694
995710.504705 485.100371 279.132020 0.013154 0.016102
963862.695249 390.969484 138.008148 0.013993 0.000725
1079147.418532 708.512529 407.795515 -0.000005 0.017198
1174876.041326 389.803461 223.058547 0.006100 0.014866
937689.950195 758.409766 209.321303 -0.010090 0.001397
1200871.358253 489.450934 445.057860 0.018306 0.002828
1798372.363578 364.544889 105.933769 -0.005459 -0.008565
158766.744732 676.363524 464.425922 -0.007574 0.007850
584123.108808 679.610607 348.454507 0.018822 -0.006108
1019930.488905 447.140766 500.281925 0.015240 -0.011568
1412068.961846 279.544784 95.614731 -0.017819 0.003958
1390465.348675 524.163778 125.730064 -0.002531 0.004552
1560588.704217 269.298309 41.666544 0.018291 0.008019
709118.110458 28.903866 327.153116 -0.014849 -0.006247
481739.437432 336.589636 116.828428 0.012833 -0.004335
1084185.081108 265.351732 569.621300 -0.004950 -0.011497
321427.933090 65.741449 337.412187 -0.007409 -0.014405
322096.383349 11.990278 475.468941 -0.005154 -0.001927
811598.476400 120.542661 472.474604 -0.000996 -0.015689
975828.599639 663.128962 87.138011 -0.018663 0.018327
980873.326296 219.612693 226.473334 0.007422 -0.016145
1538962.265262 182.148973 256.904221 0.008815 0.004165
1281944.833362 703.736296 411.417013 -0.011786 -0.012045
1646853.441208 292.080746 129.280793 0.004643 0.009423
1334224.681991 17.358413 531.646473 -0.001768 -0.000139
1987979.200663 754.144388 196.153594 -0.014455 0.019111
567825.405192 503.289846 150.318501 0.006560 -0.007391
693992.653253 345.471221 324.655997 0.011086 -0.013998
290886.182473 333.101609 18.625826 0.013265 0.004819
461579.700216 523.988794 590.684424 -0.002175 -0.009189
1440439.939238 90.494471 175.720351 0.004271 0.002722
1578856.275221 479.860304 307.019990 -0.015375 0.009513
975708.803616 319.824340 220.184522 0.009549 -0.017518
1363849.989774 68.276740 296.160554 -0.011053 0.014433
1287670.666020 295.392151 165.703323 0.006991 -0.011979
1793086.186886 724.749568 513.278500 0.015254 -0.005942
253419.465503 481.210215 278.319301 -0.003102 -0.011661
65064.939701 167.158428 484.751890 0.001754 -0.007021
1093948.624606 25.764065 434.640464 0.016615 0.010813
1570950.974510 477.050985 513.952506 -0.008906 0.012845
1433502.711092 738.340958 113.612611 0.019693 0.003928
779698.448619 711.713690 301.754769 -0.010209 0.010886
1707668.152502 297.634165 224.053538 -0.007289 0.011695
1161722.038482 280.456433 0.759003 -0.004409 0.015803
650195.260835 748.393741 556.092109 -0.017996 0.014026
1393276.303724 667.679953 267.992850 0.002113 -0.015477
534900.189626 215.523929 20.982629 -0.001727 -0.009464
1264731.390059 676.841371 91.294357 -0.014608 -0.016304
1848317.172308 790.749722 278.400265 -0.008139 -0.007735
512088.236637 702.138416 394.310778 -0.009746 -0.009287
1104225.446984 465.392649 121.971556 -0.000859 0.005243
107543.810321 140.002908 279.439628 0.000011 0.009136
1156781.673039 614.913456 598.032338 0.004539 -0.011021
520065.349769 196.804579 42.871709 -0.003471 -0.004752
327390.441823 269.731581 221.917783 0.005098 0.005373
1353004.063178 707.082051 306.902063 -0.006556 -0.014396
1558240.596931 709.409822 433.361524 0.019291 -0.005450
706633.334377 29.082956 323.763423 0.012775 0.001580
534505.464385 317.427311 182.838652 -0.009438 -0.019548
1061346.780072 419.661647 154.582534 0.004148 0.017553
1275778.349152 612.332444 164.483796 -0.019706 -0.004260
1816858.008419 547.152114 166.376912 -0.003176 -0.019286
837596.447597 159.359141 542.255951 -0.014385 -0.012774
537634.699856 395.983073 130.495919 0.012327 -0.007452
1509630.032587 60.019300 426.032111 -0.021742 -0.009177
1442342.147903 473.274566 518.392261 0.019154 -0.012314
1603574.954720 492.378473 575.727158 -0.016941 0.004953
706735.606634 787.750093 184.443431 0.005229 -0.003788
651319.147391 39.931181 362.507091 -0.010786 -0.012364
1573016.600485 398.520021 411.493015 -0.019889 -0.007688
1998835.487291 607.498819 229.947468 0.008382 0.012770
1445522.677826 344.839550 246.192842 0.003482 -0.003642
1207599.107738 311.288445 14.984833 0.002531 -0.001353
1297106.122271 733.652401 269.843332 0.018179 0.001910
1709409.523620 225.378189 358.929963 -0.001619 0.000458
1579454.636005 196.690126 6.034162 -0.000959 -0.009975
635151.660366 380.417847 5.282603 0.008020 -0.012582
1657542.871152 338.199038 369.120632 -0.010415 -0.019598
50074.195513 673.994505 239.516217 -0.017993 -0.003740
1728956.987955 558.715520 193.767590 -0.007452 0.006131
1741304.677791 135.045258 562.027157 -0.001257 0.005088
896425.988943 206.821937 524.699742 -0.001643 0.009358
248631.410417 620.643719 125.807527 -0.014675 -0.000941
789536.960791 769.445278 539.481830 -0.019590 -0.011932
1819863.026878 28.454914 26.406500 -0.007622 -0.016553
901731.744829 139.270390 470.681356 0.010947 -0.000474
878442.611954 515.250860 393.667577 -0.004974 -0.015491
569936.175165 658.819862 222.774113 -0.013646 -0.008689
212161.644461 226.544075 35.238161 -0.007364 -0.003276
1070836.321949 568.389906 227.876404 -0.002615 0.008851
1162154.364009 276.097926 454.427964 0.005038 0.006165
1685995.778854 61.426919 497.141823 0.005364 0.014020
631794.399876 53.825679 296.585218 0.018918 -0.002287
