120102.793966 630.416587 121.623913 -0.006099 -0.005544
269277.329682 300.059251 156.187258 -0.018276 0.015152
1260731.205931 302.228911 191.720491 0.013069 -0.002962
973263.179405 632.890138 572.929916 0.008504 -0.005935
1683880.506867 289.244125 229.301521 -0.016825 -0.013039
1760997.696668 175.388577 580.461541 0.011719 -0.019821
354965.669268 681.977905 474.623217 -0.004790 -0.012035
306862.422408 412.015277 346.435491 -0.003481 0.002357
913598.742761 34.929768 562.572179 0.011141 0.014844
723511.401901 210.241063 397.750022 -0.007308 0.019060
27418.055584 127.011179 203.167055 -0.004126 -0.010462
1026719.971107 221.754813 272.994659 -0.000715 -0.017199
919235.655535 527.269893 552.833201 -0.009943 -0.018413
247720.705461 324.212166 333.686504 0.008059 0.012679
229642.751734 125.614718 517.122448 -0.017956 0.017184
1463437.116455 330.415606 118.911303 -0.004254 0.009178
349002.480669 325.712064 533.995904 0.001157 0.011474
253345.397419 21.855477 48.648767 0.003297 0.000363
301882.374241 33.256039 100.970884 -0.017036 -0.008248
417897.793659 158.327749 419.853864 0.010565 0.015940
1032678.423930 703.075731 34.508057 -0.004921 0.017249
1981626.739717 86.549837 206.281730 -0.012547 0.000423
148080.320166 291.045886 546.163314 0.018533 0.015044
1426235.401736 72.408128 542.583435 0.011797 0.006903
826207.458426 756.220851 428.320806 0.003250 -0.019250
17939.873048 633.025600 129.711022 0.008270 0.002236
229060.592236 178.706902 260.691260 -0.013013 0.003914
729567.630556 129.713583 425.707402 0.008423 -0.006066
424191.899795 625.494878 428.201498 -0.015129 0.009751
1179453.697605 667.590616 501.683589 -0.000329 0.005136
1017047.714916 724.914913 344.258353 -0.011063 -0.000461
1184883.571782 186.578181 168.384237 0.012309 0.017665
1669257.284919 738.046373 97.951590 -0.009265 -0.016795
1530870.404807 506.870481 153.148656 -0.001063 -0.006367
1211583.405366 549.665629 75.375692 -0.007254 0.012388
1741377.547263 727.162772 385.843574 0.008290 -0.003795
544004.606336 172.555557 185.192889 0.013863 -0.002453
1594854.852927 349.927234 402.373422 -0.016923 -0.010145
1223177.906695 729.666430 101.332504 0.010951 -0.013091
527324.168257 433.112805 487.664455 0.000766 -0.019352
312490.830343 99.733154 422.383025 -0.009597 -0.002728
1025907.483430 120.863556 212.052923 -0.013734 0.014349
1509229.653286 341.932662 43.596435 -0.017947 -0.009378
1023852.793045 688.189270 428.074771 -0.012674 0.017498
1918069.081343 635.258581 509.700903 -0.014819 0.002804
59433.087734 314.480856 67.887960 0.013718 0.016465
257531.464220 800.520339 21.776944 0.013277 -0.008789
961609.428265 277.204042 259.692103 0.013369 0.000062
582120.371322 470.110970 558.482361 -0.005430 0.006002
408974.288222 701.653885 306.623832 0.016807 -0.017659
899929.745542 700.354569 511.778003 -0.008030 -0.019841
849952.291162 263.257763 237.705871 0.001506 -0.013091
617567.269419 532.408555 103.649726 -0.006174 -0.000022
907629.657959 661.771457 506.986157 0.015492 0.006327
693382.430213 141.803112 148.656145 -0.008907 0.001677
1797970.130014 385.132222 250.795882 -0.003525 -0.004085
955435.349120 688.650176 164.004239 -0.006712 -0.013571
557659.864685 605.836945 293.330847 0.007017 -0.008250
1324351.926951 788.239969 575.620938 0.013351 -0.006818
917046.023028 230.685684 93.544144 -0.007871 -0.012914
1632997.046985 519.136497 212.507948 -0.017488 0.017121
1790149.784549 770.215915 244.883902 -0.007412 -0.004960
1613713.184192 632.184119 140.681032 -0.016794 -0.015065
791753.703166 288.534778 527.259872 0.015413 -0.018589
347958.385175 437.406698 12.069111 -0.014655 -0.004625
701432.257286 473.863890 403.307986 0.000320 0.015830
1693039.169392 258.702626 326.929697 -0.012031 -0.004480
944105.254926 76.324823 210.605999 0.015335 -0.003685
1451122.988691 550.622358 119.847551 0.018421 0.010768
644142.737912 285.046305 76.619660 -0.011894 -0.010300
328294.663843 300.338549 473.816188 -0.012187 0.000422
344141.964030 428.764141 60.565286 0.013710 -0.018295
1995072.262359 551.856406 220.641800 0.001692 0.015580
1509670.835691 11.194365 591.005799 -0.015728 0.015787
783939.521193 665.458598 350.053931 0.003539 0.011732
702233.533702 730.435781 89.131869 -0.000813 -0.015220
783487.379916 514.410812 295.213052 -0.012700 0.013076
1976.599918 282.163751 217.617661 -0.015855 -0.012086
812477.567611 80.956991 532.087830 0.010929 0.005796
1551513.418346 422.641500 395.091966 0.010377 0.005365
1106838.468046 120.793811 279.696679 -0.014520 0.009723
516376.429478 389.607486 394.213815 -0.003899 0.018704
1541877.001311 639.214865 366.945425 -0.009511 0.019230
877046.727052 210.948092 200.416557 0.012095 -0.005350
1062152.807164 166.470158 280.882968 -0.003290 0.019309
220503.739184 155.037114 306.109912 0.010770 0.018108
285758.867062 257.614950 62.753145 0.004289 -0.001994
1694852.848395 693.282621 566.689888 0.000236 -0.009212
1823523.613542 219.369287 44.349052 0.000918 0.001472
109429.840049 768.309635 480.030486 -0.004458 0.010489
331166.874772 736.342434 582.263110 0.005306 -0.006543
1904142.131984 594.110195 318.587888 -0.001582 0.000437
967910.745632 483.299047 499.295645 0.003521 -0.011505
581591.096978 348.456716 48.057727 -0.010649 0.017500
706572.319710 117.992920 128.359593 -0.003000 0.006859
1499518.371885 385.533656 378.775271 0.001970 0.014861
785875.055374 571.552557 474.409097 -0.005465 -0.006112
257524.722376 252.949856 54.367390 0.006457 0.011189
1201976.699383 114.831884 228.900710 -0.002621 0.009279
1186503.038363 580.024450 101.775318 0.006831 0.018394
215485.423904 20.111364 64.848451 -0.007121 -0.001906
1555844.913030 56.646760 560.837145 -0.003696 0.004792
1610655.802121 641.096672 200.367826 0.003839 -0.013393
1363983.919548 580.563196 288.333686 0.010878 -0.004604
515601.680854 298.510014 317.612538 0.005556 0.012252
521772.659627 185.447121 319.508247 -0.002815 0.016126
984056.433190 429.788634 558.331135 0.003530 0.013681
764465.851134 302.237317 558.011035 -0.007323 0.011439
1098768.237559 98.166697 352.894073 0.014653 0.008836
1505133.839094 452.538570 265.879264 -0.010739 -0.006511
1656881.889169 392.757027 425.983770 -0.005645 -0.014819
1035409.796534 493.598504 216.410811 -0.018009 -0.018104
532033.862794 432.476877 349.983737 -0.012177 -0.014336
885049.308131 462.110070 312.366814 -0.005107 0.015768
611963.250959 737.559738 10.386276 0.015705 0.012224
1469794.933437 516.408885 223.552982 -0.012462 0.015587
1419313.830053 5.391892 222.254650 -0.003145 -0.005436
1001399.715897 751.209491 589.824942 0.014483 0.019447
57920.523946 103.045294 316.919893 0.004560 -0.007023
1340168.589419 44.096288 541.162871 -0.012383 -0.002905
1593328.125585 397.008839 209.047643 0.012544 -0.004447
308175.125303 438.497574 21.561988 0.000935 0.009123
1829796.170737 187.925597 440.297823 -0.008569 0.006237
194622.977727 628.442644 356.769208 -0.016824 0.005968
1163384.351490 85.827178 466.870782 -0.015316 0.009189
203536.384834 623.570580 466.920038 -0.019844 0.018799
408990.508136 640.536348 279.628660 0.002392 0.004630
1709918.606891 566.442529 96.668896 0.015747 -0.010620
1776676.395804 644.349565 280.327532 0.004790 -0.016387
248411.979642 575.600214 526.820750 0.008747 0.011925
1052401.075630 239.791936 543.577571 -0.007836 -0.003539
1254879.329007 324.249844 114.405108 -0.003742 -0.003572
322021.593490 487.276586 125.416229 0.001651 -0.014972
1647379.426121 386.135204 521.433777 0.019419 -0.005113
204691.412954 699.180799 106.325484 0.002794 -0.000170
536197.156895 555.310935 128.666624 -0.014198 -0.003473
25648.950611 537.898798 428.777550 0.016673 0.018947
247729.502734 436.877225 229.175678 -0.007401 0.018032
1580350.309415 379.844865 335.243910 -0.020007 -0.015902
1443766.372951 659.198106 351.042343 0.003678 0.012388
1912564.341869 554.320775 409.524498 -0.014672 -0.009431
357511.299829 321.110952 575.521433 -0.004412 0.001843
744693.135258 324.352050 130.831848 -0.016549 -0.007018
387589.365424 167.797835 523.075746 0.002987 0.000954
1645202.005117 291.616767 -0.113967 -0.004714 -0.005364
205411.871060 83.703486 113.525774 0.007506 0.007842
1996032.971887 514.890104 233.913446 0.007527 0.010419
1306804.762830 688.119402 106.625989 0.004501 -0.009857
1450619.077985 788.558816 395.090847 0.017719 -0.017182
1969754.747101 110.634517 168.437062 0.013642 0.008611
1609086.544071 543.844291 45.478927 0.012192 -0.017515
883645.576836 726.141653 99.655312 0.005662 0.003646
1722771.757153 502.439114 142.280235 -0.009971 -0.007559
28763.775727 722.679170 101.806339 -0.011995 0.000509
845989.907554 733.781208 301.320036 -0.016743 0.014420
1143645.596292 54.535076 600.352025 0.014089 0.016928
1423342.375748 525.677953 361.915602 0.011490 -0.001571
1329764.171191 184.868068 221.755441 0.013246 0.014447
1926056.274178 553.224592 294.391180 -0.012002 0.017722
1598411.507718 172.766466 507.816812 0.018771 -0.003698
726058.746095 314.042731 195.452202 0.014554 -0.001022
375371.614646 348.394477 324.817671 -0.012639 -0.008620
932014.105344 718.396125 567.065607 -0.017158 0.007147
811741.037672 587.777276 550.835090 0.010982 0.002634
1557690.799962 589.675282 154.906570 -0.009263 0.017510
399385.155365 53.326177 91.219680 -0.018135 -0.018556
1122038.441301 328.066158 256.583110 0.015485 -0.009109
1805346.826001 59.649063 425.552506 0.004758 -0.000071
1995636.369100 729.174455 97.073363 0.017697 0.019419
1695958.700821 279.073664 427.860751 0.010647 -0.015090
558004.577904 435.826783 516.723445 0.001458 0.012505
1597187.265566 589.291140 528.801524 0.018085 0.011277
1833981.536251 410.043274 114.652052 -0.006181 -0.003992
929917.220459 197.803255 284.832513 -0.013184 0.007568
1471826.909795 138.618473 361.251214 0.015869 -0.015403
1165988.196230 595.217684 277.976721 -0.008180 0.000419
1172216.120722 460.781485 32.393156 -0.002195 -0.015479
1736107.381869 196.461971 508.232411 0.009949 -0.012170
1259741.624473 533.018447 425.104246 0.012848 -0.019576
218963.730251 229.073475 155.195031 0.003362 -0.001608
1902503.935575 255.779291 379.566279 0.002181 -0.011338
1496596.111682 109.417400 576.184801 -0.011557 -0.002658
941537.357374 638.179945 5.900395 0.001067 -0.010193
245239.558744 315.795787 292.996056 0.018817 -0.014290
1372376.816986 480.106961 484.748975 -0.004174 -0.003135
1637971.852737 403.700071 423.998170 -0.017011 -0.016348
337179.376901 23.674247 245.397054 0.012134 0.003348
1249672.392965 440.324521 432.818047 0.003380 0.010446
310196.676436 44.344429 335.815676 -0.013361 0.003295
1607296.809371 230.251611 585.027434 -0.008237 -0.009704
236307.595035 783.945569 515.219171 0.017037 -0.004965
561161.337682 596.971367 528.821815 0.019452 0.012914
1939371.158341 125.333318 511.923690 -0.004856 0.018363
870700.636353 2.100488 305.590070 -0.013725 0.003549
541779.813609 249.421880 386.784797 0.013259 -0.000888
453110.709066 506.746259 459.637346 -0.011927 0.017066
47266.968548 256.909040 543.215399 0.015295 -0.010188
562186.379247 130.060238 594.605092 -0.013529 -0.013977
1629854.769274 105.305729 185.089752 0.006686 0.000384
534606.907766 82.261307 307.460921 0.011063 -0.009664
203362.833803 38.208297 342.260729 0.009823 0.015209
92345.910190 778.837131 306.488856 0.012422 -0.012993
877177.283576 667.559699 297.674928 -0.006206 0.008681
1484435.888699 500.930358 528.839748 0.009363 0.011484
64404.659935 439.003549 550.730511 -0.006322 -0.011439
856791.879449 487.062270 190.789868 0.017640 -0.004617
1153201.109335 33.958664 259.433601 -0.014227 0.011655
618554.387530 154.277699 456.699022 0.012846 -0.019883
1875266.974734 207.518034 503.018841 -0.002702 0.004177
1111007.126566 140.227215 138.549362 -0.002545 0.016419
34336.430968 375.374706 275.425396 0.017184 0.004383
1349224.196444 292.126314 249.882365 0.019696 -0.007782
1602661.077679 455.180133 209.615536 -0.010650 0.008561
276647.354605 434.424547 544.440817 0.016370 -0.005546
1822198.850020 671.126182 373.267037 0.009943 -0.009121
453696.245539 243.689065 268.590622 -0.001697 0.009694
713133.517985 379.582642 125.380678 0.012603 -0.003602
36437.158490 391.725407 464.285018 -0.002879 -0.000582
159010.190591 189.110159 31.263924 -0.002848 -0.001200
1535456.720523 453.576366 6.986083 0.007008 -0.001252
749811.288319 470.049912 183.243562 0.019855 -0.006531
1154889.427663 178.824417 384.568796 -0.018999 0.007216
762647.938338 304.967091 92.533272 0.003625 -0.012138
1129345.827331 486.742404 410.884621 -0.006529 -0.018314
337378.635228 333.985111 168.825488 -0.011171 0.013864
1499918.929068 791.290688 248.033707 0.010359 0.006635
1760744.261444 108.781785 149.834726 -0.012554 -0.014672
1172923.453698 610.491809 215.652255 -0.010954 0.011544
79642.974809 486.130989 101.016131 -0.012201 -0.012034
730713.756164 606.904566 483.890904 -0.017944 -0.016077
1702955.846536 175.461745 309.543775 -0.014691 -0.002384
724785.897287 705.958780 257.940877 0.011049 0.005765
187236.443249 524.334856 468.647706 -0.006230 0.013669
1828784.213322 744.247587 362.819711 -0.009373 -0.013259
787390.226865 250.402436 459.586863 0.002480 0.000241
1929498.061505 742.980573 161.088682 0.010649 0.019218
730520.102536 499.606319 120.169883 0.015190 0.010593
1281053.293162 194.297487 381.817119 -0.017203 -0.019251
562426.321470 130.249749 404.885194 -0.017505 0.000269
1033437.869061 780.041263 262.844281 -0.015119 -0.010087
1192859.900739 412.579628 336.379279 -0.005499 -0.016833
138898.690296 261.455771 3.593318 -0.006511 -0.015992
1973181.982512 561.057133 434.041148 -0.012565 0.003319
957790.512106 660.776735 496.805159 -0.015324 0.015869
1692076.045876 318.214212 36.202959 0.000830 -0.001625
1136829.509929 29.268166 260.417527 -0.019535 -0.013628
1367539.427880 482.461814 406.234552 -0.010180 0.018672
1509350.044424 252.369663 176.101721 0.010403 0.006113
785056.476847 598.037993 212.819640 -0.015367 0.017394
1873643.585422 476.099967 457.061061 0.010546 0.008432
1315983.134935 488.209187 64.731695 0.008800 -0.014719
1135951.929323 228.702284 100.600328 -0.019854 -0.008258
656102.584980 548.553880 539.221010 -0.019843 0.017280
1727078.126616 606.313955 148.302358 -0.013755 0.000837
1797488.349396 438.950267 161.403726 -0.009885 0.006605
406141.346510 152.031682 156.406310 0.018576 0.018123
1941231.998588 497.164689 337.403607 -0.016815 -0.006385
1386830.762674 518.519603 376.775530 0.014459 0.006000
1843128.023596 152.238688 201.720089 0.012785 -0.012239
538331.757550 546.166480 571.808464 0.000657 0.013536
944807.663069 332.393313 233.355383 0.009368 0.006565
106756.882792 754.945185 514.519147 -0.007550 0.016347
1618777.323337 226.590707 318.160253 -0.005089 -0.005255
1742666.514471 52.446370 6.906806 -0.000036 0.017112
1321460.731012 337.151124 69.704674 0.019890 -0.010392
620834.287545 213.145357 553.809616 -0.009472 0.011296
1523195.320518 587.411108 118.886137 -0.014015 -0.000942
1731081.362688 163.123790 252.012904 0.008913 0.000661
656632.629529 425.677821 480.529848 0.014355 0.016123
325566.043298 583.701181 581.034189 -0.013079 -0.010857
1792559.657149 666.362998 390.297783 -0.019491 0.013223
1778465.217808 259.327343 59.257506 0.012379 0.003532
1763427.173609 457.809464 192.994028 -0.017782 0.009968
1593951.392730 755.924658 556.261094 -0.011308 0.006613
886016.743670 435.811415 119.166006 -0.010392 -0.003814
204796.643092 323.824687 80.802976 -0.017155 0.002986
727276.621725 773.455131 248.375344 -0.019633 0.019111
488690.041233 721.755923 183.012269 -0.006267 0.008564
1781116.410057 179.223822 171.965357 -0.011473 -0.007824
20635.784613 7.549879 149.553580 0.017501 -0.010970
1834876.302553 303.393618 462.676533 -0.015332 0.004948
350019.654422 174.658454 16.742738 -0.007613 -0.008380
1214501.650638 537.743061 155.074756 -0.019201 0.007495
477760.385944 211.510532 353.502551 0.001766 0.004277
605806.972182 347.260744 499.292792 0.003596 0.005794
272576.070518 480.094323 392.510283 -0.004566 0.001521
1759240.741729 243.194258 550.264773 0.005988 -0.003278
1080301.612187 660.457032 382.643662 0.002788 -0.014592
1857771.559552 140.193211 484.344534 -0.012479 -0.012184
988850.145130 339.935424 276.803252 -0.016671 0.018752
134591.829094 309.601929 242.532102 0.015992 0.019025
96963.198901 28.608639 345.827544 0.008297 -0.003141
227820.812831 465.014936 434.771931 -0.018763 -0.010711
290631.014058 457.552094 34.263327 0.011487 -0.014501
385931.693197 569.531900 190.129230 -0.020024 0.015996
1023297.854244 397.080267 195.416724 0.018832 0.003259
589125.026292 31.557427 579.663228 0.007948 0.017454
1882412.602139 596.844224 584.012225 0.000687 -0.002096
790218.714061 504.765790 18.721276 -0.015186 0.006552
526777.357108 212.315723 139.881718 -0.007112 -0.017988
748590.766801 411.820602 457.611324 0.007592 0.000593
1324791.236466 162.190408 5.988333 0.019525 -0.013034
1179151.767483 226.040503 128.314795 0.002196 0.019228
301466.356172 396.008259 434.838969 -0.014984 -0.019507
349183.755158 415.004088 387.361824 -0.011765 0.005622
616335.581344 375.071763 543.755913 0.001722 0.011546
1910511.639859 733.760990 182.926029 0.008697 0.004281
1640005.631205 304.757477 485.005952 0.013283 -0.005339
1964468.728734 335.851009 391.117440 -0.012190 0.018995
1261209.360911 276.231660 282.370807 -0.005747 -0.001170
968463.258337 424.379507 593.845100 -0.014826 0.009425
1257770.379660 350.160930 123.947830 0.001268 0.019266
1991034.577596 391.402391 537.675229 -0.008005 -0.011735
1007596.648767 95.818339 353.410545 -0.006696 0.017903
1912045.142572 235.945128 222.802117 0.004268 -0.000412
692628.538559 190.211426 501.213026 0.009052 0.003630
609848.141023 240.670806 74.926297 -0.008221 -0.002768
1723251.459991 737.668195 520.940924 -0.017351 -0.001710
1696924.347289 50.358155 567.964047 0.009830 -0.005574
309029.791648 199.699497 289.713134 0.009633 0.002334
867302.640745 559.182923 513.510883 0.012178 -0.007821
691843.061099 120.561690 326.097182 -0.012857 0.018635
272265.500516 388.406947 162.187647 -0.009546 0.011206
1400582.436193 98.365617 421.291582 0.002991 -0.012300
320566.674844 333.064287 150.810387 -0.015710 -0.013505
1229627.376064 208.783330 246.184540 -0.016047 -0.019854
1946485.269790 425.002300 421.381505 0.005415 0.007269
15066.369444 140.498935 292.279827 0.002009 -0.005759
911695.870064 549.106678 506.233251 0.009043 0.017875
1245159.992597 340.312416 42.752363 -0.006375 0.020245
519428.529087 388.675089 247.023180 0.000360 0.003858
1147820.552414 102.169257 512.472179 0.019418 -0.011051
1717933.562453 767.102184 453.712232 0.002492 0.011456
183230.377819 455.329742 577.733341 0.003167 -0.015297
640928.558372 27.449565 483.259745 -0.013454 0.010295
1503776.668340 628.982810 111.063508 0.012845 -0.015530
360957.489517 65.385406 358.323265 0.003704 0.003718
380073.533570 131.963659 431.607021 -0.018226 -0.014023
1889061.825298 723.389538 66.016725 0.008012 -0.001344
1796955.322752 633.833670 20.392922 0.014484 -0.005169
306282.549308 146.981089 243.164492 0.018359 -0.006189
332156.324914 567.596898 78.917905 -0.005928 0.001316
485168.456326 426.663933 367.318214 0.013076 -0.014878
413343.113108 24.335943 173.609884 0.017100 -0.017009
883643.182406 697.249861 587.094504 0.002074 0.002810
887249.075289 360.298082 217.513631 -0.000902 -0.007444
1467432.667253 504.308449 297.504565 -0.014409 0.003561
1682910.725327 245.119898 179.512617 0.018969 0.006316
1660796.624450 172.300131 113.512422 -0.002235 -0.017771
629926.086697 520.359651 50.889959 0.004190 0.003110
318150.466456 37.241708 269.335066 -0.013848 0.003918
40123.955365 464.620089 29.071433 -0.004733 -0.017521
724761.667999 93.992078 413.645488 0.014321 -0.009798
558074.092752 559.677600 337.262556 0.003108 0.006877
438651.350531 326.416780 533.258382 -0.004166 0.014542
1885724.248311 578.969416 300.949105 -0.018901 -0.006825
158400.153815 149.285464 226.109469 0.001141 -0.006987
1952982.963972 437.574235 543.639085 -0.018957 0.017275
1927788.328346 311.020401 28.257802 0.006198 -0.010093
607879.136041 746.956166 567.561617 0.014626 0.000463
1236504.919471 67.945627 551.391892 0.000255 -0.000266
1541570.438790 358.799625 131.501699 -0.009118 -0.000967
1098586.873663 282.278007 398.379199 0.017055 0.015185
1973812.054831 723.087469 257.322608 0.015649 0.017409
717421.361579 684.444302 190.609570 -0.003732 0.000394
1128238.588166 568.341484 265.714812 0.000398 0.003054
1906900.824936 103.206878 396.763767 0.014910 0.005394
311031.282093 514.394793 50.637102 -0.004970 0.016676
1119457.958787 738.804989 161.385873 -0.010768 0.013997
295815.608602 167.804905 451.614897 0.003007 -0.015975
1365835.790227 746.705506 574.063858 -0.019992 -0.006433
933742.419320 452.397909 30.075823 0.016413 -0.016963
1254474.420685 690.052397 122.168262 -0.008478 0.009409
1674721.783807 355.598600 227.701856 0.016823 0.012741
589441.845468 384.417031 445.795616 0.002560 0.008110
1186208.380939 568.312086 547.289860 -0.006136 -0.008545
28320.921598 24.543813 131.684733 0.018875 -0.018780
1123059.363627 350.752352 356.777165 0.004379 -0.006052
1339490.994503 192.586508 126.484908 0.014919 0.001158
1892333.765464 567.806202 583.308316 -0.007197 0.005351
1580513.963280 495.697188 66.205264 0.001243 -0.012668
1628540.167412 101.014705 535.775954 0.009076 -0.001114
358744.990248 592.753336 301.783366 -0.004035 0.008492
1065496.480589 768.698559 90.543440 -0.014928 0.002942
996930.964755 638.343016 488.889820 0.008373 0.006814
685065.261407 523.997656 228.972781 -0.007639 0.019149
22284.613001 83.113848 360.064607 -0.014834 0.005128
1564209.169505 749.540273 458.157458 0.006973 0.006548
471659.941818 683.980606 242.435440 0.009525 -0.009791
234378.384535 216.433731 129.553635 -0.009235 -0.004019
1581110.075852 613.258114 117.734844 0.004191 -0.000953
1733102.233956 757.570204 78.186566 -0.010146 -0.009500
222272.466972 206.780625 219.684042 0.008452 -0.004768
7593.072023 394.822268 189.657080 0.010718 -0.013159
1961038.188991 2.056368 13.967855 -0.004569 0.009660
554464.627316 401.915782 7.647327 -0.000263 0.010859
821613.773155 227.340954 322.615929 0.003973 0.015605
24485.756655 378.357545 502.160964 -0.014263 0.008809
196372.594776 203.393497 587.904635 -0.001421 0.018547
718005.964867 375.023300 274.524294 0.007050 -0.010224
1252709.545778 525.417468 142.198699 0.005947 -0.018316
1958473.456073 741.758759 326.337662 0.019625 -0.003222
628831.249023 322.215650 421.407737 0.014052 -0.019643
1185057.482303 690.556069 288.920173 -0.002871 -0.019715
406775.272641 421.157729 157.259158 -0.012886 0.019426
452064.211691 433.103161 275.644216 0.007350 -0.011353
1391094.198167 249.158496 524.794879 0.017233 0.018314
1830316.959801 730.318798 532.138135 -0.001630 0.016133
610994.441719 618.174412 183.996122 -0.019661 0.004984
631021.334152 481.789327 292.132963 0.011841 -0.018583
989235.750860 1.777300 334.074342 0.010254 -0.012654
1098658.789461 784.407656 435.112279 -0.019659 0.006629
1883467.686308 564.516558 586.006263 0.012788 0.005399
1871849.530317 584.786027 330.559324 0.012870 -0.012441
911993.535660 102.223897 577.407508 0.010570 -0.014593
1176139.691461 61.609656 443.415855 -0.016932 0.015021
1537174.407177 456.364174 526.464938 -0.006939 -0.006931
123261.179832 700.880063 185.219144 0.011668 0.014960
1946848.674653 583.199671 354.087959 0.017981 0.001711
457599.283409 708.974187 164.523788 0.011212 0.008296
926562.791190 189.181761 501.611998 -0.000154 0.020105
1942178.605097 12.047237 45.386812 0.008398 -0.016362
1905775.863633 382.696119 397.449223 0.013271 0.012158
1975712.466974 713.607690 407.955709 -0.008311 0.007169
1128937.655654 214.646602 243.709960 -0.013893 -0.011215
1900458.380534 306.208987 62.112869 -0.011062 -0.013425
1623668.112617 549.969476 239.626034 0.005848 -0.015469
798515.523224 494.060180 76.769621 -0.000976 -0.006940
438456.544857 343.681966 482.306455 0.015125 -0.009773
1216805.763178 694.632045 90.707528 -0.008496 -0.013397
1661706.700764 681.453137 259.180594 -0.010494 -0.019711
1303971.794110 150.801733 233.943597 0.010275 -0.003516
1107963.914568 455.287084 58.993952 0.018170 -0.011403
425643.800956 282.635470 499.951552 -0.007310 0.013733
318262.858465 449.088972 154.983093 0.018566 -0.002278
1036196.117772 457.876894 186.572722 0.006833 0.014594
948553.069005 401.445928 427.693283 0.016392 0.009374
1438074.149861 447.001900 555.773155 -0.015621 -0.007571
677338.477540 530.426156 530.656868 -0.002500 0.004693
197747.041563 521.122772 583.459922 0.017222 0.019652
1601492.672973 71.612764 330.643028 -0.017641 -0.017812
1987075.958395 461.533275 375.205670 -0.007826 -0.010057
971748.938305 621.784842 449.366590 -0.012076 0.007404
974474.447302 733.557282 146.181599 -0.003451 -0.018915
1121549.802423 602.059672 413.180482 -0.002208 -0.012396
613932.794246 434.668440 504.548210 -0.008856 -0.001011
1665525.531241 62.911464 338.670396 -0.004488 -0.014534
1238773.710671 302.430293 429.504651 -0.010181 0.007294
1925637.924078 585.341043 276.616613 0.008455 0.017204
290519.337305 158.641639 508.049759 -0.004368 0.004493
1745488.432117 760.822213 218.963579 0.002447 -0.004203
1111265.337612 695.158500 563.195396 -0.004261 -0.013881
829182.160473 184.252748 135.858165 0.019232 0.004580
728391.627189 478.840494 596.283938 -0.016878 0.013664
1349985.243450 33.333463 346.013556 -0.014512 0.010166
1010733.056353 223.893980 571.572105 -0.005914 0.006794
1129411.861826 180.327577 373.167601 0.017218 0.011488
33999.050983 389.184076 394.144977 0.020464 0.015459
1606354.705806 296.194046 66.689559 -0.018780 -0.005951
1451822.744427 315.146823 570.276216 0.008764 -0.001009
1590584.168020 314.849501 309.312011 -0.005147 0.001140
538209.161040 700.910601 484.895959 -0.011160 -0.010864
958317.440449 628.162637 272.182860 -0.015992 0.008649
479655.517489 94.504496 120.206465 0.015858 -0.017016
167238.956395 558.653193 267.412111 -0.012166 0.009131
1592486.357127 737.241413 73.255748 0.009849 0.005634
1189583.299304 433.041148 20.871309 -0.015535 0.016580
1124831.962923 303.270528 474.197147 -0.005192 0.004007
37146.621401 680.310681 232.672043 -0.001136 0.018054
205026.889315 568.871563 41.060707 -0.007892 0.004313
284161.461650 310.208084 183.804560 0.003493 0.003349
68690.410847 306.192806 301.709792 -0.013746 -0.014786
287411.349028 600.184793 403.916191 -0.012907 0.014463
1171263.018237 591.665677 143.656321 -0.004981 -0.015510
1682127.158941 314.990412 577.504234 -0.010874 0.014521
1824708.168313 264.901333 346.645800 0.019212 0.005358
369206.509725 98.056224 13.375778 -0.000372 0.008412
1208981.916871 419.443951 56.188917 -0.015651 0.007265
446720.970071 202.229326 259.093024 0.015804 -0.002835
586212.983628 385.045891 102.108644 0.001336 0.014303
560717.814863 299.284271 150.887768 -0.010350 0.004143
234257.601311 123.719730 558.908751 0.007805 -0.014624
1133248.557864 703.438389 154.215062 0.003534 -0.005180
1934248.125150 153.598888 536.642741 -0.017567 -0.007940
1152133.833222 226.155854 331.401290 -0.019689 -0.012981
1965200.129880 240.399895 396.830761 -0.013843 0.013366
1034901.121182 346.188865 125.875082 0.010873 0.006884
1623246.405098 709.014271 497.159031 0.009745 0.003207
1926329.093951 248.135203 276.287387 -0.011181 0.015960
1658576.383096 150.473946 54.772121 0.008981 -0.010066
786221.519479 240.921183 318.665145 0.017790 -0.007695
1421758.733421 742.915536 365.051476 -0.004833 -0.017324
888519.625593 711.309153 308.010465 0.005935 0.006166
374128.679919 371.418553 325.520343 -0.019384 -0.011596
247207.860577 783.023575 311.547069 0.003285 -0.012049
838233.393076 329.886156 231.513811 0.000710 -0.014345
1269501.125100 722.786299 262.699356 -0.015456 0.023818
1490342.234955 701.563837 467.215950 -0.005838 -0.010058
1720173.599068 638.970102 82.409194 -0.005137 -0.001859
1589947.016719 447.821941 550.790691 -0.006490 0.003099
254199.274003 369.726818 331.785811 0.005910 -0.018215
1506623.924480 52.433987 274.464411 -0.014406 0.003088
1187558.641279 619.153444 289.580404 -0.018792 0.017646
663885.182079 620.006374 490.498398 -0.015549 -0.014783
134186.233456 776.639585 557.417351 -0.011862 -0.006224
763995.101100 799.315820 542.448176 -0.008047 -0.006504
960104.740672 340.776319 479.137573 -0.018592 -0.016986
1689167.128731 629.714042 84.827183 -0.007888 0.017125
1435140.350571 716.009787 422.169709 -0.012035 0.017046
1287450.956780 425.408323 421.202322 0.010188 -0.015204
1664884.491668 423.838488 368.565749 0.010621 0.009321
1916152.068375 115.665849 439.941301 0.014375 -0.002289
142374.806172 274.687529 522.130444 0.014831 -0.004935
1889104.925044 571.703306 97.872175 -0.016692 -0.019291
184043.514628 642.368459 546.940183 0.011781 -0.019921
1678137.485719 350.663748 320.086329 0.001603 0.016071
349432.717240 299.235990 257.259541 0.011507 -0.014621
327130.583267 597.788854 167.710972 0.015867 0.004361
1445781.852792 774.655139 571.534120 0.003716 0.013536
657045.848974 430.375035 332.857576 -0.000288 0.004922
1143416.638087 467.916018 254.919003 -0.000621 -0.004815
853229.746620 259.635968 491.190975 0.018361 0.014552
1436276.935710 106.457710 143.562200 -0.014030 0.016977
747046.145027 249.377985 400.700708 0.006109 -0.011842
555282.349025 300.093831 106.640530 -0.010821 0.018769
31011.744417 446.378763 303.532037 0.002806 -0.017979
259713.421697 113.411021 381.597213 0.002211 0.005064
30230.289339 785.842124 570.618906 0.013290 0.017696
1629124.594680 440.061837 44.985390 -0.017900 0.007951
1993199.337271 341.258920 5.482154 0.006602 -0.016793
437214.899080 754.109027 272.278518 -0.004238 -0.013120
847463.854052 329.172544 438.748627 0.017218 0.019223
1561464.248021 48.388714 73.515870 -0.003325 0.004601
1496915.452879 345.522472 358.032620 0.008021 -0.009432
1076064.875850 410.494991 489.271193 0.004504 0.002597
1028186.607653 487.308036 594.770448 0.000931 -0.009082
141764.248787 594.388224 129.712844 0.000995 -0.014458
778578.041484 758.816918 329.799934 -0.015276 0.015193
1058486.954802 720.244039 564.142921 0.005853 -0.007132
1112790.978101 319.398239 448.124084 -0.013856 -0.016076
24501.685065 553.924894 366.389302 0.013088 -0.007841
353571.678676 272.780928 548.578174 -0.013267 0.014609
375264.103699 191.485526 365.749676 -0.003806 0.010615
1493884.026769 634.922222 429.256347 -0.008207 0.016522
1188817.119779 659.942640 487.972851 0.001402 -0.000914
259519.063057 73.803864 525.353857 0.015145 -0.010167
1949033.547169 712.081959 562.547671 0.003472 0.008710
482529.103981 609.428987 36.130989 -0.013825 0.017265
1850091.109914 273.844843 102.787545 0.001398 0.009864
1871495.037280 224.940899 324.750926 0.006193 0.002882
908785.677938 195.239446 241.250862 -0.009274 0.011221
1755362.652128 318.398940 522.329339 0.010157 -0.008999
232765.271437 582.057114 98.782776 -0.018107 -0.007236
1765166.354256 236.418990 45.876937 0.017676 -0.001997
15434.920795 692.871753 474.745671 -0.012882 -0.004004
1077013.659792 90.647445 409.334811 -0.016804 0.010604
516053.778360 427.415802 5.713218 0.006388 0.012122
1576709.125925 429.899996 119.192760 0.006429 -0.008342
948767.654108 620.917802 12.186631 0.005596 0.013205
667159.362075 417.526756 74.298712 -0.003589 -0.001437
1146380.339352 334.101298 198.438623 -0.005353 0.003862
1462269.868451 722.421554 427.000449 -0.003585 0.019251
949273.004639 536.530177 309.765987 -0.000657 -0.006836
636841.273232 217.405935 520.957620 0.000692 0.017240
316267.470045 793.097429 424.459592 -0.012936 0.005307
1072709.865436 409.181850 92.814860 0.006415 0.016879
1234697.917120 187.478616 203.689834 0.017928 0.003943
1871003.135047 543.399275 300.178389 0.005843 -0.016343
968257.898916 95.658079 457.560451 -0.019805 0.004245
184803.100389 256.135692 525.910830 0.018295 0.013470
1613704.762242 94.159380 497.017280 0.000561 -0.008175
920804.219749 40.420747 484.179193 0.004846 0.008309
1455508.939668 184.394336 565.924709 -0.017311 -0.012833
1084419.887087 1.271041 515.111878 -0.018221 0.005932
1899527.167855 422.494387 461.407249 0.008453 0.001116
745706.753221 643.197638 509.108720 -0.010131 0.010544
1369434.811813 44.297099 529.129820 0.000573 0.002790
353913.564400 779.969387 371.885780 0.019282 0.003539
660308.989072 568.549521 492.045235 -0.009054 0.011118
1997036.600484 653.687276 468.919878 0.014265 0.014408
857968.969670 644.657681 232.641757 -0.012093 0.000743
1832483.595159 457.054587 194.282192 0.011622 0.011766
174050.590104 359.762669 525.491512 0.018767 0.018480
887791.815627 115.863185 561.266899 -0.017433 -0.014857
1048845.100705 314.658697 504.375746 -0.006251 0.006688
1236598.032171 273.673807 290.071404 -0.004028 -0.012090
688449.854352 662.663791 2.470145 0.009251 -0.018940
1047717.716101 519.068058 357.808010 0.013914 -0.003483
831685.772553 746.774043 517.235177 -0.008453 0.016123
1646809.537731 587.887581 29.441365 0.010386 0.011940
354697.854423 226.637651 115.074276 -0.019278 0.005149
1718570.137265 508.423520 581.452154 -0.006285 -0.018644
338487.908402 549.690576 517.435870 -0.012999 -0.003248
1776805.868268 558.742138 40.762229 -0.000618 0.001846
960078.654327 720.399421 287.027658 -0.006780 -0.012528
763596.911339 131.451597 556.041584 -0.002752 0.017017
1446903.674606 486.611701 125.309175 0.017399 0.005355
1673049.761761 619.833445 155.888053 0.012218 -0.015280
591079.477496 780.321362 482.732884 -0.013706 -0.013985
450261.526019 36.913600 509.526363 -0.008246 0.001256
788880.985598 618.975584 258.802718 0.014936 -0.015424
1247242.441982 204.422791 167.381098 0.002018 0.007425
405506.701397 218.020701 175.286924 -0.003532 -0.012371
1835863.754077 197.728096 576.380304 -0.012856 -0.017846
159031.381905 380.030091 18.622186 0.015404 0.005323
362722.217274 87.360137 407.234852 -0.018549 -0.003751
420997.232395 340.170811 105.320045 0.005854 -0.007757
580167.091722 213.281043 332.890112 0.002804 0.012594
479025.265425 617.107168 52.550214 0.001288 -0.012676
552036.800679 359.910517 258.425582 -0.010470 0.005073
969986.005207 253.893920 61.589433 0.000802 -0.011948
1471710.388303 557.502192 187.816747 -0.003395 0.009213
1430984.936390 500.875502 91.115225 0.015646 -0.009260
902052.609670 144.525554 321.174455 -0.019781 0.010002
700700.571156 195.529752 313.342252 -0.002450 0.011061
1408199.004553 571.252005 137.151396 -0.014610 0.018115
1713095.736556 496.295369 161.385755 0.018419 -0.014612
944491.339356 557.110844 498.706953 0.011374 -0.015567
1119457.834922 400.466955 441.422279 0.008484 -0.004368
8319.607940 130.636311 343.482178 0.001563 -0.013273
647061.014849 711.858987 247.393962 0.013812 -0.006824
379545.065751 439.184958 25.901704 -0.003340 0.007317
1990576.603445 218.610890 181.433838 -0.009384 -0.010678
876473.971119 589.611165 557.753089 -0.009188 0.000888
80381.552726 664.561154 13.451009 0.011022 0.001699
828036.629980 625.035183 423.061252 0.019520 -0.007183
1747623.103553 248.374230 124.431010 -0.008533 -0.013742
1072386.123739 381.208926 423.661427 0.003224 0.015735
777386.485961 459.637554 100.884654 0.007636 0.013594
801906.589792 103.746893 345.957234 -0.006810 -0.003944
197987.358178 295.945936 137.811927 -0.015159 -0.014141
1545926.498969 428.229986 556.357705 -0.000481 0.001246
492654.834172 281.821568 500.344756 -0.000971 0.005046
1978982.283724 792.947206 69.280982 0.007750 0.002825
17631.095842 66.099504 86.746709 -0.012955 0.010995
1966499.848276 461.737282 543.644121 0.003578 0.014985
611006.784537 527.335131 167.348012 0.001459 0.011205
850069.038966 247.029071 189.881807 -0.005922 0.011500
1676786.882652 479.112749 83.275878 0.006893 -0.017860
1557780.060711 529.773945 26.155773 0.015763 -0.005722
1227310.625476 722.823851 262.840064 0.012396 -0.027063
428616.731627 592.015231 393.337608 -0.015228 -0.007965
1127178.874392 340.428718 576.701988 0.013657 0.018409
1480731.590409 212.748330 162.220684 -0.017760 0.004800
115335.758829 715.108249 130.655276 -0.012099 0.002660
541498.807511 780.923241 137.307458 -0.007443 0.014834
1167776.423119 741.951004 464.500603 -0.019058 0.007392
1705487.274428 189.986290 255.767270 0.000314 -0.005712
1455042.508177 58.227117 469.667053 0.007527 0.016569
1485351.840726 341.518194 108.569600 -0.019547 -0.000660
1600046.444498 55.563889 226.686229 -0.019274 -0.009268
1889695.885540 230.173453 146.889053 -0.013082 0.004146
230475.999522 605.899142 319.306756 0.015500 0.011175
434670.210087 593.557743 9.952519 0.005755 -0.009942
748135.628527 296.669951 193.052769 -0.013644 -0.017664
474188.291689 718.622912 292.750089 -0.003321 0.016218
1941577.332067 174.251359 588.526256 -0.006010 -0.010682
499196.726130 235.232397 314.393728 -0.000260 -0.001298
254300.674542 487.754196 134.031217 0.006368 -0.000110
6325.354803 699.994788 144.012813 -0.019182 0.000832
980919.682878 316.066368 534.935215 0.012554 0.001959
1900851.625903 40.269150 269.154138 -0.002594 -0.001272
719689.197242 326.203510 412.397269 -0.006339 0.010296
1844748.197982 472.726555 30.143814 -0.002182 -0.016559
1036199.990211 459.257841 416.302644 0.009637 -0.010764
385683.919483 595.617532 65.294392 -0.002699 0.010628
1256102.471266 738.642416 96.098222 0.000520 0.010248
1419511.694191 375.390433 472.896697 -0.013621 0.016244
511292.832210 415.311824 189.712593 0.017687 0.014406
145034.134456 691.152065 270.125895 -0.015049 -0.007553
1071721.370831 513.128370 530.652768 -0.010810 -0.004676
233847.819378 338.161586 77.407679 -0.011035 0.014196
1786277.592083 681.783306 467.393563 -0.017908 -0.005085
1031918.257955 609.625534 506.154823 -0.007876 0.016820
1499349.890975 446.283266 263.474259 -0.017323 0.000079
597617.807145 110.343327 219.036917 0.010016 -0.009534
1353622.215499 228.394792 541.955502 0.002469 0.000629
573296.933702 542.635591 564.040741 -0.003398 0.016135
1590131.532210 246.414537 453.755111 0.003013 -0.005547
258416.177825 73.016595 73.603414 0.018867 -0.004273
87595.200207 577.073545 571.714228 -0.000687 0.011451
906233.425674 625.880613 554.291188 0.012746 0.001240
370032.188655 395.844880 489.272000 -0.016455 -0.017744
664767.085884 299.548033 441.820287 -0.009131 0.011573
1278253.811075 53.008290 58.712619 -0.004119 0.005622
916040.443311 420.091946 438.712610 0.003218 -0.000165
249204.321880 499.151433 130.204389 -0.016946 -0.015716
8661.484350 424.534056 533.410421 0.017157 -0.006052
841302.204338 90.056291 506.076219 -0.010472 -0.011986
1802783.200425 455.931288 346.255108 0.005476 0.013643
731632.451868 220.847348 544.772791 -0.001404 0.006844
1096714.972098 736.713375 118.100837 -0.008798 -0.000097
1386984.768969 323.970898 76.208689 0.016471 -0.000738
469499.863903 732.096284 6.958066 -0.015006 0.013810
718651.906922 435.386512 574.645897 -0.011851 0.011224
316653.122342 84.348896 211.399775 0.010100 0.008983
385530.231700 79.648480 10.955223 -0.015987 0.002575
1379939.433830 519.508440 291.654166 0.015411 0.017177
1974529.288697 463.631395 199.390428 -0.015523 -0.000408
1626419.535664 279.770692 244.565236 0.012982 -0.001062
503204.831157 146.129973 10.655795 -0.011613 -0.004502
1600260.999799 293.003967 294.430884 -0.013934 -0.015949
467442.890847 275.305200 120.998734 -0.009913 -0.002201
1530910.291491 753.034451 56.626794 -0.010009 0.013181
43405.273949 189.924042 245.099451 -0.005788 -0.005885
1801413.789299 133.502037 421.428128 -0.007698 0.019681
348673.859774 447.508482 105.056567 -0.012281 0.010755
1122384.702378 793.316064 80.763485 -0.017923 -0.014249
474000.488629 229.243022 293.455714 -0.002431 0.001562
1867761.544822 162.671249 288.089646 -0.018855 -0.001846
617712.498930 39.623704 415.276143 0.008758 -0.003839
88793.583256 495.144543 342.905685 0.009896 0.016920
1123119.018564 736.232302 291.484553 0.009366 -0.015513
510837.786138 237.545050 62.611260 -0.004329 -0.005983
498234.962345 502.737102 381.382381 0.009533 -0.017335
350510.791107 537.836295 162.928315 0.006255 0.007952
1451432.125387 771.373700 449.381393 -0.003394 0.007357
303273.376219 370.341327 179.883966 0.008882 -0.011666
454803.713809 227.212984 75.936005 0.008604 -0.019199
480071.545802 775.468899 189.796872 -0.006253 -0.005556
1333575.176696 474.810924 592.866908 -0.007778 -0.006722
110627.538576 382.776446 1.826370 -0.007004 -0.014510
1406769.050940 41.571207 59.183636 -0.001870 -0.001181
1561676.394922 482.153216 559.312199 -0.016765 -0.006999
281255.947557 246.684570 364.738995 -0.009247 -0.019070
1257382.930842 407.479964 596.157139 0.017784 0.014119
706537.016996 489.488338 268.944312 -0.006342 0.016654
1558318.719993 318.150402 237.074026 0.011348 0.008938
1057752.200895 389.431613 466.004631 0.005111 0.017493
491364.625511 326.240930 325.140096 -0.012861 -0.000412
1734950.389590 255.126553 479.325332 -0.000922 0.003492
1643357.573842 84.741076 56.820556 0.012567 -0.017963
1898263.090243 133.933416 397.734019 -0.004152 0.000406
1157183.811607 141.097638 544.661582 0.018943 0.018331
1260090.642264 401.458019 266.502515 -0.003783 -0.014828
767107.214205 521.672565 323.335558 0.016976 0.013174
55740.578126 634.875444 88.759406 0.013014 -0.009318
1471867.368311 519.068731 224.867895 0.012835 -0.001696
851158.514084 624.106713 377.594655 -0.016455 -0.012924
279214.015361 532.916319 211.821913 -0.018197 0.005634
622537.959657 541.381320 84.649801 0.010267 -0.016710
543551.074594 112.464438 439.154645 0.012879 -0.017324
1125283.938425 670.472592 515.294953 0.008417 0.006518
255944.995329 357.695011 187.088904 0.000112 -0.008827
1549879.616848 742.600843 35.159889 -0.003808 -0.019292
474171.187949 435.911974 410.492797 0.003561 0.003657
648167.413030 720.766243 160.517595 -0.001356 0.006312
697835.028496 589.771920 478.510928 -0.016729 0.001912
1725670.433475 516.035510 231.095952 0.008610 -0.005284
99429.388577 679.147963 481.513608 -0.005525 -0.005954
163663.104253 109.270370 168.319551 -0.006813 0.000343
594763.153510 303.777218 52.857083 0.019279 0.018812
1355525.087265 245.005450 522.161584 0.017932 0.010947
1053977.892294 234.763108 305.610784 -0.007013 -0.004928
115031.983757 149.683567 12.874063 -0.002330 0.016307
752375.869431 393.698548 455.149502 -0.012758 0.014190
219437.964363 208.571806 594.988037 -0.004391 -0.003949
1068114.026016 550.270339 469.107767 0.004828 0.006908
1499866.051366 239.136988 584.166072 0.004723 -0.010293
1491842.997955 116.801536 322.375049 -0.009709 -0.001119
1826279.228472 251.168110 395.248794 0.017294 0.010252
1133058.067007 247.498910 149.321045 -0.007044 -0.000434
207507.431604 346.489156 450.355699 -0.016175 0.012955
304737.184339 504.450805 306.642945 0.017354 -0.010021
361247.467977 546.420290 329.288073 -0.013811 -0.007890
1585793.637478 720.395693 269.261918 -0.006755 -0.013850
1841064.114050 194.846450 281.215941 0.003194 -0.012831
451362.950938 116.072444 291.942852 -0.000995 -0.001229
1950936.490647 462.992763 542.236675 0.007771 0.008253
1454702.783122 701.657196 182.710361 -0.010461 0.012499
1108684.254395 335.138380 297.149055 -0.015857 0.002983
1596490.624173 716.802575 284.840528 -0.012741 -0.010020
1263706.185512 134.134129 282.527006 -0.015926 0.009881
1294332.516982 261.080668 535.791575 -0.014671 0.012042
723046.520130 87.060569 228.511712 -0.009389 0.013355
107937.715067 793.458050 426.827266 -0.005752 -0.010857
1046872.077066 728.853752 389.765071 -0.019384 -0.019528
450965.188654 653.702305 546.667878 0.008010 -0.017429
278162.196408 266.384513 139.756462 0.004373 -0.002625
1960316.196066 205.767946 456.561459 0.014896 -0.004397
1125740.257616 187.798381 299.748159 0.017723 -0.000071
668170.334151 796.743010 294.212096 -0.018193 -0.005842
1443825.863043 455.484797 160.041009 -0.005093 0.003556
564375.188464 478.140046 242.583255 -0.012222 -0.008028
938961.728913 267.132464 379.865700 0.008068 0.017688
132214.712972 546.708716 119.675225 0.013353 0.002230
1179224.623916 311.515051 473.123857 -0.016493 -0.006654
575213.267736 339.058760 197.874148 0.010989 -0.001190
1368718.602401 400.909785 24.019155 0.018036 0.014953
1254302.726711 185.708680 282.677519 -0.018638 -0.002903
1541011.519516 401.016359 456.140622 -0.003923 -0.011875
1407684.757098 375.485827 531.747861 0.016158 -0.008183
883750.411162 393.797005 411.787064 -0.010565 0.003303
38293.802197 414.529003 2.830762 -0.006035 -0.008082
949396.727117 26.722939 478.991490 0.000611 0.019447
1340193.529306 112.164029 129.861323 -0.014286 -0.013053
1289556.392138 729.388111 404.318521 -0.003829 -0.007436
1756783.113702 88.116896 468.999655 0.010474 -0.019742
157687.638028 166.053759 303.235096 0.010645 -0.002496
175039.783202 626.632309 573.237814 -0.016260 -0.014660
506304.289450 453.268463 99.231617 -0.017942 -0.016709
301433.914481 576.031739 133.844514 -0.005376 0.014554
790027.673724 9.553185 464.054914 -0.017185 -0.003250
176035.711624 758.784452 317.254109 0.014795 0.008525
1081972.172988 759.133827 552.322860 -0.018268 0.008700
715741.816310 106.957759 298.874010 -0.007402 -0.010926
1263880.632475 454.369430 476.760010 0.011930 0.004696
1751026.801649 758.676504 202.442890 -0.016177 -0.007299
399196.095951 394.867953 198.050459 0.019097 0.002359
1496994.359185 48.653299 306.540342 -0.008897 0.017279
445396.929255 653.586663 529.786575 -0.014303 0.014541
1193553.106484 399.801773 599.463015 -0.016116 0.012535
450224.472419 581.289281 229.327913 -0.019249 0.001036
1999453.321099 715.728748 285.831150 -0.004188 0.019083
1584501.028799 429.173248 291.143392 -0.015106 0.000400
94458.571679 696.628069 342.464389 0.002265 -0.014109
1007827.074736 623.580911 579.694100 -0.004563 0.016851
1658558.308919 786.686796 253.087053 0.013086 -0.016911
475365.567242 42.318183 482.863387 0.004305 -0.016917
663714.367274 496.123792 580.914114 0.012219 0.018167
1919117.403179 479.287409 296.968249 -0.002165 0.008821
9624.167350 393.720165 354.533209 0.003062 -0.018037
1478876.057770 64.648641 497.166995 0.007745 -0.001375
1502145.321808 426.507146 269.230157 -0.013020 -0.005535
1054818.871922 329.074768 247.672963 -0.006669 -0.018737
972186.690649 532.046906 390.587972 -0.001899 -0.001128
1216433.286302 329.499478 43.360390 -0.015864 0.014310
1585452.240699 85.738274 209.937084 -0.004631 0.007105
796849.675848 98.952801 459.109780 -0.011120 0.013067
461377.134761 782.839535 216.952648 0.007139 -0.013902
1447663.852688 165.174092 338.376740 -0.014471 0.001607
1190708.408687 498.752160 122.707585 -0.010139 -0.017065
1355477.244293 684.090371 294.525672 0.010000 0.018255
694211.989964 433.747333 39.435200 0.007911 0.017109
1497031.391364 75.983578 30.214532 0.000516 -0.007095
1759090.904966 594.420497 180.046713 -0.010330 -0.003080
904928.793621 771.940096 377.663983 -0.019373 -0.015858
341892.055395 489.145775 437.154630 -0.004955 0.014359
1609370.418642 43.123853 428.098955 -0.008172 0.012130
1339833.364515 513.547817 206.853436 0.009431 -0.006394
543533.833951 386.155362 260.550686 -0.007102 0.019777
1510075.678821 161.010316 443.562127 -0.017782 -0.002230
325429.097901 406.683879 246.067208 0.011712 0.000972
1027532.088117 770.902386 81.216396 -0.010399 -0.006337
1987715.010526 37.208917 236.756386 0.008291 -0.006363
396776.620483 301.252609 588.558150 0.001755 -0.015605
639902.701899 652.662186 355.861048 0.010154 -0.014505
1179865.857204 406.089227 204.131670 -0.006870 0.002540
1568458.621189 393.171652 42.290236 -0.012224 -0.008575
1190290.628555 566.797153 150.338019 0.009232 0.017978
1180185.991889 580.582675 597.233452 0.019384 -0.002808
672088.553511 146.505405 485.048734 -0.007404 0.009063
1837656.663655 510.374985 325.261087 0.000515 -0.004376
1360614.323691 81.495342 539.172520 -0.019213 -0.002758
924125.776125 643.723845 555.314416 0.001307 0.019926
418950.309241 102.534149 424.708004 -0.001803 0.014240
1312754.557148 39.403660 349.639675 0.006054 -0.018692
30587.249450 790.899271 130.227285 0.012886 -0.007750
1889215.610870 593.534227 565.971682 -0.000548 -0.009840
669560.509114 133.424304 214.088667 -0.010652 -0.012485
1579576.984783 556.850244 594.925597 0.008596 -0.010924
1982244.182370 739.098812 214.016813 0.007924 -0.004710
432350.935616 283.999316 258.010129 0.011972 -0.019774
930735.730068 652.623108 596.827560 0.007303 0.005511
600671.720971 501.622608 227.683799 -0.010161 -0.015432
1270601.892504 464.007276 169.585286 0.019700 0.012525
938976.299455 626.115267 304.954208 -0.001550 -0.000151
1474031.937064 361.654454 251.582452 -0.016256 -0.013943
1605130.416157 247.737285 302.575780 -0.010669 -0.015575
1023340.410098 559.401998 555.259875 0.000253 -0.004735
1128556.229700 645.782094 5.109085 0.017730 -0.017938
248420.950141 463.893537 377.906641 -0.004084 0.002585
884577.235619 701.124481 213.168726 0.017997 -0.006623
1704879.713107 549.700396 474.516874 -0.009088 0.011164
1882055.445519 60.091333 54.771076 -0.002189 -0.007596
404206.608610 765.823139 4.944054 -0.014903 -0.001416
780987.060993 553.540472 162.448308 -0.004074 0.005521
642018.800900 420.220025 130.839106 0.018037 0.017210
1579863.075903 313.813894 483.324234 -0.014236 -0.006305
286431.929230 799.144344 18.295088 0.017334 -0.009110
1625355.291937 700.132287 207.294420 0.016182 -0.007107
1310099.705732 85.508021 166.816391 0.006595 -0.010576
1485499.756171 42.338958 555.847057 -0.019440 -0.001829
1126826.147142 267.757195 586.731842 0.011208 -0.008649
1817754.082297 456.565228 407.009795 0.008593 0.008658
42605.713030 685.741370 428.858379 -0.017500 0.011486
1969490.396776 691.790451 399.879563 -0.006751 0.010787
1972945.507603 788.232946 525.889371 -0.009424 0.005962
221002.463354 5.628820 421.056551 -0.018482 -0.019154
314139.836614 479.785456 212.949508 -0.014575 -0.004778
1280098.799281 35.232779 571.056516 -0.007244 0.010312
1334025.561499 271.122694 370.191369 -0.004788 -0.004316
817314.073824 291.947044 154.267076 -0.016983 0.007877
52254.755074 49.344108 409.060571 0.016116 -0.006920
662711.798522 9.447830 199.710180 -0.018600 -0.017993
710212.109941 153.479818 389.848770 0.008414 -0.006921
61999.699130 281.062600 223.076991 0.019316 0.006769
261157.692532 519.666893 3.677041 0.009907 -0.018755
797766.605764 125.447235 237.109697 0.006232 -0.010778
184709.901076 545.717585 175.218809 0.010996 0.003297
1235796.007903 85.454369 357.366143 0.018118 -0.014403
1292608.929469 245.305158 198.285279 -0.008132 -0.019332
1317389.029692 261.267209 220.349828 -0.018779 -0.007600
71927.786838 127.786410 575.851861 -0.018264 0.016284
1977614.946653 353.579489 38.357752 -0.004671 -0.016041
591803.305127 381.776776 467.185693 0.003532 -0.009938
726241.200569 165.211865 213.996922 0.018401 -0.013691
995710.504705 485.295973 279.371599 0.013140 0.016103
963862.695249 391.177698 138.018900 0.013997 0.000720
1079147.418532 708.512750 408.051550 0.000035 0.017219
1174876.041326 389.894222 223.279704 0.006101 0.014864
937689.950195 758.259578 209.341890 -0.010100 0.001371
1200871.358253 489.723221 445.099889 0.018297 0.002822
1798372.363578 364.463625 105.806427 -0.005465 -0.008554
158766.744732 676.251096 464.542884 -0.007539 0.007873
584123.108808 679.890557 348.363649 0.018811 -0.006106
1019930.488905 447.367485 500.109806 0.015237 -0.011570
1412068.961846 279.279615 95.673778 -0.017827 0.003980
1390465.348675 524.126095 125.797878 -0.002535 0.004565
1560588.704217 269.570462 41.785964 0.018293 0.008035
709118.110458 28.683099 327.059748 -0.014827 -0.006304
481739.437432 336.780409 116.763973 0.012812 -0.004330
1084185.081108 265.278067 569.450183 -0.004953 -0.011506
321427.933090 65.630255 337.198363 -0.007539 -0.014338
322096.383349 11.913730 475.440233 -0.005136 -0.001932
811598.476400 120.527884 472.241157 -0.000991 -0.015692
975828.599639 662.851295 87.410748 -0.018663 0.018336
980873.326296 219.723150 226.233166 0.007427 -0.016140
1538962.265262 182.280326 256.966235 0.008842 0.004171
1281944.833362 703.561227 411.237616 -0.011748 -0.012070
1646853.441208 292.149844 129.421030 0.004646 0.009428
1334224.681991 17.332212 531.644374 -0.001754 -0.000143
1987979.200663 753.929367 196.438169 -0.014449 0.019144
567825.405192 503.387807 150.208735 0.006609 -0.007364
693992.653253 345.636638 324.447593 0.011153 -0.014017
290886.182473 333.298972 18.697638 0.013265 0.004834
461579.700216 523.956392 590.547575 -0.002181 -0.009207
1440439.939238 90.558097 175.760824 0.004282 0.002719
1578856.275221 479.631558 307.161363 -0.015374 0.009491
975708.803616 319.966417 219.923980 0.009550 -0.017506
1363849.989774 68.112300 296.375309 -0.011052 0.014436
1287670.666020 295.496179 165.525077 0.006993 -0.011982
1793086.186886 724.976517 513.190114 0.015254 -0.005939
253419.465503 481.164506 278.145949 -0.003044 -0.011642
65064.939701 167.184534 484.647436 0.001755 -0.007021
1093948.624606 26.011401 434.801320 0.016633 0.010811
1570950.974510 476.918235 514.143843 -0.008940 0.012877
1433502.711092 738.633722 113.671243 0.019662 0.003954
779698.448619 711.561637 301.916897 -0.010231 0.010909
1707668.152502 297.525639 224.227647 -0.007300 0.011710
1161722.038482 280.390958 0.994208 -0.004392 0.015815
650195.260835 748.126174 556.300772 -0.017972 0.014024
1393276.303724 667.711410 267.762589 0.002116 -0.015476
534900.189626 215.498260 20.841911 -0.001723 -0.009452
1264731.390059 676.624019 91.051855 -0.014610 -0.016295
1848317.172308 790.628520 278.285138 -0.008154 -0.007741
512088.236637 701.993351 394.172751 -0.009754 -0.009268
1104225.446984 465.379895 122.049596 -0.000855 0.005248
107543.810321 140.002950 279.575673 -0.000005 0.009152
1156781.673039 614.980938 597.868241 0.004532 -0.011038
520065.349769 196.753012 42.801059 -0.003461 -0.004746
327390.441823 269.807342 221.997759 0.005087 0.005378
1353004.063178 706.984823 306.687777 -0.006515 -0.014410
1558240.596931 709.696851 433.280297 0.019294 -0.005470
706633.334377 29.273080 323.787413 0.012782 0.001645
534505.464385 317.286819 182.547906 -0.009448 -0.019536
1061346.780072 419.723603 154.844016 0.004181 0.017598
1275778.349152 612.039220 164.420323 -0.019711 -0.004272
1816858.008419 547.104878 166.089935 -0.003173 -0.019292
837596.447597 159.144949 542.065686 -0.014408 -0.012803
537634.699856 396.166435 130.385123 0.012322 -0.007442
1509630.032587 59.664416 425.849662 -0.025895 -0.017689
1442342.147903 473.559710 518.208784 0.019179 -0.012352
1603574.954720 492.126484 575.800883 -0.016933 0.004957
706735.606634 787.827769 184.387121 0.005212 -0.003782
651319.147391 39.770779 362.323018 -0.010776 -0.012380
1573016.600485 398.223806 411.378766 -0.019930 -0.007670
1998835.487291 607.623486 230.137432 0.008377 0.012766
1445522.677826 344.891330 246.138638 0.003478 -0.003644
1207599.107738 311.326130 14.964890 0.002535 -0.001328
1297106.122271 733.922584 269.871719 0.018141 0.001906
1709409.523620 225.354132 358.936736 -0.001615 0.000452
1579454.636005 196.675879 5.885830 -0.000956 -0.009965
635151.660366 380.537206 5.095486 0.008025 -0.012572
1657542.871152 338.044149 368.829015 -0.010406 -0.019604
50074.195513 673.726829 239.460626 -0.017990 -0.003733
1728956.987955 558.604573 193.858532 -0.007462 0.006094
1741304.677791 135.026503 562.102661 -0.001264 0.005062
896425.988943 206.797540 524.838875 -0.001637 0.009346
248631.410417 620.425294 125.793506 -0.014687 -0.000944
789536.960791 769.153718 539.304313 -0.019603 -0.011931
1819863.026878 28.341554 26.160286 -0.007617 -0.016545
901731.744829 139.433274 470.674356 0.010949 -0.000467
878442.611954 515.176847 393.437030 -0.004975 -0.015500
569936.175165 658.616787 222.644861 -0.013652 -0.008686
212161.644461 226.434531 35.189612 -0.007362 -0.003250
1070836.321949 568.350934 228.008087 -0.002624 0.008850
1162154.364009 276.172913 454.519668 0.005042 0.006162
1685995.778854 61.507914 497.350377 0.005523 0.014013
631794.399876 54.107201 296.551265 0.018926 -0.002278
