120102.793966 630.533789 121.730579 -0.006079 -0.005540
269277.329682 300.410778 155.895507 -0.018252 0.015165
1260731.205931 301.977180 191.777632 0.013089 -0.002976
973263.179405 632.726261 573.044066 0.008526 -0.005927
1683880.506867 289.568122 229.552484 -0.016843 -0.013039
1760997.696668 175.163075 580.843201 0.011713 -0.019839
354965.669268 682.070034 474.854435 -0.004783 -0.011992
306862.422408 412.082316 346.390031 -0.003485 0.002368
913598.742761 34.715710 562.286496 0.011102 0.014842
723511.401901 210.381778 397.383097 -0.007314 0.019068
27418.055584 127.090616 203.368599 -0.004129 -0.010481
1026719.971107 221.768587 273.325715 -0.000716 -0.017202
919235.655535 527.461268 553.187501 -0.009943 -0.018404
247720.705461 324.057126 333.442351 0.008052 0.012692
229642.751734 125.960266 516.790789 -0.017951 0.017280
1463437.116455 330.497531 118.734505 -0.004259 0.009194
349002.480669 325.692973 533.771412 0.000836 0.011841
253345.397419 21.791947 48.641741 0.003304 0.000367
301882.374241 33.584031 101.129623 -0.017047 -0.008247
417897.793659 158.124378 419.547078 0.010568 0.015939
1032678.423930 703.170425 34.176196 -0.004919 0.017236
1981626.739717 86.790990 206.275144 -0.012511 0.000260
148080.320166 290.689198 545.873654 0.018532 0.015056
1426235.401736 72.181217 542.450539 0.011782 0.006906
826207.458426 756.158169 428.691331 0.003263 -0.019252
17939.873048 632.866249 129.668133 0.008289 0.002221
229060.592236 178.958059 260.615382 -0.013086 0.003972
729567.630556 129.551891 425.823770 0.008380 -0.006028
424191.899795 625.786174 428.013431 -0.015140 0.009792
1179453.697605 667.596603 501.584696 -0.000293 0.005141
1017047.714916 725.127798 344.267198 -0.011059 -0.000458
1184883.571782 186.341121 168.044468 0.012324 0.017641
1669257.284919 738.224960 98.271529 -0.009280 -0.016472
1530870.404807 506.890573 153.270937 -0.001025 -0.006340
1211583.405366 549.805210 75.137426 -0.007250 0.012371
1741377.547263 727.003368 385.917274 0.008274 -0.003861
544004.606336 172.288887 185.240107 0.013848 -0.002453
1594854.852927 350.252954 402.568612 -0.016923 -0.010138
1223177.906695 729.455223 101.582844 0.010996 -0.012927
527324.168257 433.098029 488.036815 0.000770 -0.019342
312490.830343 99.913768 422.432545 -0.009172 -0.002436
1025907.483430 121.127955 211.776835 -0.013741 0.014340
1509229.653286 342.274830 43.775035 -0.017639 -0.009187
1023852.793045 688.433186 427.737927 -0.012672 0.017505
1918069.081343 635.543941 509.646827 -0.014834 0.002816
59433.087734 314.216709 67.571048 0.013731 0.016467
257531.464220 800.264615 21.945949 0.013296 -0.008773
961609.428265 276.946903 259.690797 0.013351 0.000074
582120.371322 470.215475 558.366595 -0.005429 0.006028
408974.288222 701.331104 306.963540 0.016736 -0.017641
899929.745542 700.509115 512.159758 -0.008029 -0.019829
849952.291162 263.228886 237.957828 0.001494 -0.013090
617567.269419 532.527384 103.650292 -0.006174 -0.000037
907629.657959 661.473407 506.864075 0.015479 0.006359
693382.430213 141.974588 148.623847 -0.008911 0.001679
1797970.130014 385.200211 250.874401 -0.003539 -0.004074
955435.349120 688.779404 164.265498 -0.006716 -0.013577
557659.864685 605.701806 293.489584 0.007025 -0.008245
1324351.926951 787.982784 575.752022 0.013374 -0.006803
917046.023028 230.837194 93.793022 -0.007873 -0.012948
1632997.046985 519.472841 212.178637 -0.017462 0.017099
1790149.784549 770.358797 244.979700 -0.007436 -0.004994
1613713.184192 632.507167 140.971057 -0.016775 -0.015072
791753.703166 288.238138 527.617557 0.015412 -0.018579
347958.385175 437.688726 12.158488 -0.014652 -0.004663
701432.257286 473.857833 403.003379 0.000309 0.015823
1693039.169392 258.934116 327.015906 -0.012024 -0.004478
944105.254926 76.030228 210.676903 0.015277 -0.003683
1451122.988691 550.267723 119.640437 0.018430 0.010753
644142.737912 285.275342 76.817957 -0.011906 -0.010306
328294.663843 300.575031 473.808214 -0.012389 0.000407
344141.964030 428.500182 60.917382 0.013719 -0.018293
1995072.262359 551.823758 220.341966 0.001700 0.015576
1509670.835691 11.497220 590.701830 -0.015742 0.015799
783939.521193 665.389997 349.828246 0.003589 0.011719
702233.533702 730.451486 89.425589 -0.000819 -0.015302
783487.379916 514.655436 294.961177 -0.012720 0.013098
1976.599918 282.469000 217.850492 -0.015865 -0.012109
812477.567611 80.746686 531.976587 0.010924 0.005764
1551513.418346 422.441710 394.988760 0.010383 0.005360
1106838.468046 121.073449 279.509607 -0.014538 0.009716
516376.429478 389.680922 393.853925 -0.003757 0.018689
1541877.001311 639.397936 366.575285 -0.009513 0.019233
877046.727052 210.715370 200.519534 0.012088 -0.005351
1062152.807164 166.533509 280.511627 -0.003293 0.019278
220503.739184 154.829981 305.761328 0.010753 0.018114
285758.867062 257.532265 62.790051 0.004305 -0.001841
1694852.848395 693.278560 566.866309 0.000185 -0.009121
1823523.613542 219.351781 44.320816 0.000901 0.001462
109429.840049 768.395337 479.828539 -0.004448 0.010496
331166.874772 736.240349 582.388796 0.005302 -0.006518
1904142.131984 594.140520 318.579454 -0.001569 0.000440
967910.745632 483.231152 499.517073 0.003534 -0.011505
581591.096978 348.661288 47.720584 -0.010609 0.017534
706572.319710 118.050270 128.227886 -0.002959 0.006826
1499518.371885 385.495771 378.489360 0.001967 0.014849
785875.055374 571.657656 474.526735 -0.005456 -0.006112
257524.722376 252.825904 54.152578 0.006423 0.011133
1201976.699383 114.882443 228.722051 -0.002633 0.009286
1186503.038363 579.892727 101.421133 0.006857 0.018410
215485.423904 20.248568 64.885093 -0.007136 -0.001901
1555844.913030 56.717765 560.744859 -0.003683 0.004798
1610655.802121 641.022708 200.625639 0.003847 -0.013397
1363983.919548 580.353843 288.422297 0.010877 -0.004604
515601.680854 298.403123 317.376641 0.005552 0.012261
521772.659627 185.501368 319.197692 -0.002822 0.016145
984056.433190 429.718850 558.065078 0.003730 0.013973
764465.851134 302.378310 557.790783 -0.007328 0.011448
1098768.237559 97.882313 352.724424 0.014917 0.008791
1505133.839094 452.744910 266.004433 -0.010702 -0.006495
1656881.889169 392.866015 426.268915 -0.005681 -0.014811
1035409.796534 493.945226 216.759297 -0.018020 -0.018108
532033.862794 432.711239 350.259700 -0.012176 -0.014340
885049.308131 462.208472 312.063265 -0.005118 0.015775
611963.250959 737.257300 10.151056 0.015723 0.012219
1469794.933437 516.650645 223.254525 -0.012662 0.015418
1419313.830053 5.452563 222.359318 -0.003160 -0.005440
1001399.715897 750.930648 589.450403 0.014493 0.019472
57920.523946 102.957677 317.055099 0.004544 -0.007027
1340168.589419 44.334763 541.218757 -0.012398 -0.002902
1593328.125585 396.767498 209.133147 0.012535 -0.004439
308175.125303 438.479181 21.386711 0.000977 0.009091
1829796.170737 188.090536 440.177778 -0.008571 0.006237
194622.977727 628.766513 356.654386 -0.016830 0.005963
1163384.351490 86.123579 466.695459 -0.015476 0.009026
203536.384834 623.952517 466.558187 -0.019844 0.018802
408990.508136 640.491611 279.539840 0.002258 0.004597
1709918.606891 566.140184 96.873612 0.015673 -0.010652
1776676.395804 644.256984 280.642853 0.004830 -0.016378
248411.979642 575.431903 526.591227 0.008742 0.011925
1052401.075630 239.942823 543.645876 -0.007843 -0.003559
1254879.329007 324.322233 114.474101 -0.003781 -0.003598
322021.593490 487.217927 125.696570 0.004051 -0.014156
1647379.426121 385.761439 521.532216 0.019420 -0.005116
204691.412954 699.126870 106.328788 0.002810 -0.000173
536197.156895 555.584147 128.733444 -0.014192 -0.003470
25648.950611 537.577550 428.412572 0.016711 0.018979
247729.502734 437.019703 228.828609 -0.007405 0.018033
1580350.309415 380.229871 335.549948 -0.020001 -0.015900
1443766.372951 659.127438 350.803989 0.003665 0.012380
1912564.341869 554.603110 409.706006 -0.014666 -0.009430
357511.299829 321.195188 575.485794 -0.004341 0.001860
744693.135258 324.670672 130.966780 -0.016560 -0.007004
387589.365424 167.740369 523.057285 0.002985 0.000964
1645202.005117 291.707451 -0.010529 -0.004709 -0.005384
205411.871060 83.559150 113.374940 0.007492 0.007832
1996032.971887 514.746321 233.710175 0.007409 0.010711
1306804.762830 688.032773 106.815747 0.004500 -0.009861
1450619.077985 788.217620 395.421518 0.017736 -0.017179
1969754.747101 110.370576 168.271321 0.013804 0.008609
1609086.544071 543.609648 45.816138 0.012190 -0.017526
883645.576836 726.034900 99.584537 0.005434 0.003709
1722771.757153 502.631058 142.425973 -0.009975 -0.007585
28763.775727 722.911372 101.795926 -0.012135 0.000575
845989.907554 734.103232 301.042257 -0.016720 0.014445
1143645.596292 54.263945 600.026050 0.014085 0.016945
1423342.375748 525.456554 361.945737 0.011517 -0.001561
1329764.171191 184.613210 221.477426 0.013238 0.014442
1926056.274178 553.455440 294.050162 -0.011987 0.017714
1598411.507718 172.405267 507.887949 0.018762 -0.003694
726058.746095 313.762537 195.471868 0.014562 -0.001022
375371.614646 348.637030 324.982823 -0.012569 -0.008543
932014.105344 718.726610 566.926681 -0.017186 0.007295
811741.037672 587.565908 550.784578 0.010982 0.002615
1557690.799962 589.853580 154.569484 -0.009264 0.017518
399385.155365 53.675281 91.576766 -0.018141 -0.018550
1122038.441301 327.768172 256.758175 0.015480 -0.009083
1805346.826001 59.600060 425.654278 0.000434 -0.007941
1995636.369100 728.833833 96.700757 0.017698 0.019302
1695958.700821 278.868808 428.151165 0.010641 -0.015088
558004.577904 435.798795 516.482677 0.001450 0.012513
1597187.265566 588.943121 528.584455 0.018079 0.011279
1833981.536251 410.162285 114.728972 -0.006186 -0.004001
929917.220459 198.056275 284.686182 -0.013106 0.007637
1471826.909795 138.313097 361.547667 0.015863 -0.015402
1165988.196230 595.374805 277.968689 -0.008148 0.000415
1172216.120722 460.823455 32.691265 -0.002167 -0.015498
1736107.381869 196.270489 508.466420 0.009948 -0.012147
1259741.624473 532.771153 425.480971 0.012849 -0.019571
218963.730251 229.008833 155.225764 0.003355 -0.001586
1902503.935575 255.737347 379.784596 0.002177 -0.011348
1496596.111682 109.639734 576.235793 -0.011546 -0.002641
941537.357374 638.159571 6.096765 0.001050 -0.010213
245239.558744 315.433620 293.271143 0.018817 -0.014295
1372376.816986 480.187242 484.809325 -0.004168 -0.003136
1637971.852737 404.026957 424.313281 -0.016955 -0.016395
337179.376901 23.440967 245.332681 0.012107 0.003341
1249672.392965 440.259309 432.616864 0.003396 0.010459
310196.676436 44.601661 335.752355 -0.013368 0.003285
1607296.809371 230.410360 585.213957 -0.008259 -0.009679
236307.595035 783.617590 515.314891 0.017044 -0.004981
561161.337682 596.596604 528.573237 0.019491 0.012917
1939371.158341 125.426796 511.570312 -0.004858 0.018358
870700.636353 2.364815 305.521778 -0.013742 0.003547
541779.813609 249.166893 386.802075 0.013237 -0.000908
453110.709066 506.975740 459.308833 -0.011919 0.017071
47266.968548 256.614619 543.411205 0.015300 -0.010160
562186.379247 130.320654 594.873920 -0.013532 -0.013958
1629854.769274 105.177090 185.082323 0.006682 0.000388
534606.907766 82.048417 307.646933 0.011059 -0.009665
203362.833803 38.019103 341.968485 0.009837 0.015159
92345.910190 778.597936 306.738939 0.012433 -0.012993
877177.283576 667.679192 297.507773 -0.006211 0.008689
1484435.888699 500.750149 528.618681 0.009364 0.011488
64404.659935 439.125459 550.950272 -0.006346 -0.011398
856791.879449 486.722669 190.878772 0.017649 -0.004621
1153201.109335 34.232153 259.209594 -0.014192 0.011621
618554.387530 154.030502 457.081618 0.012841 -0.019874
1875266.974734 207.569890 502.938499 -0.002687 0.004171
1111007.126566 140.276239 138.233530 -0.002549 0.016400
34336.430968 375.039828 275.328852 0.017650 0.005868
1349224.196444 291.747129 250.032104 0.019706 -0.007778
1602661.077679 455.385263 209.450478 -0.010666 0.008591
276647.354605 434.111512 544.547148 0.016172 -0.005505
1822198.850020 670.934687 373.442659 0.009955 -0.009128
453696.245539 243.721894 268.404333 -0.001714 0.009664
713133.517985 379.340054 125.450065 0.012605 -0.003608
36437.158490 391.779566 464.296851 -0.002746 -0.000645
159010.190591 189.165061 31.287122 -0.002858 -0.001210
1535456.720523 453.441434 7.010427 0.007013 -0.001277
749811.288319 469.667541 183.369438 0.019879 -0.006549
1154889.427663 179.190190 384.429773 -0.019010 0.007231
762647.938338 304.897340 92.766952 0.003623 -0.012145
1129345.827331 486.867691 411.236749 -0.006491 -0.018277
337378.635228 334.200084 168.558701 -0.011168 0.013859
1499918.929068 791.090773 247.906351 0.010414 0.006599
1760744.261444 109.023388 150.116885 -0.012552 -0.014649
1172923.453698 610.702487 215.430158 -0.010938 0.011534
79642.974809 486.365843 101.247811 -0.012204 -0.012041
730713.756164 607.249943 484.200347 -0.017945 -0.016078
1702955.846536 175.744650 309.589565 -0.014706 -0.002374
724785.897287 705.746283 257.830019 0.011032 0.005754
187236.443249 524.454749 468.384580 -0.006229 0.013673
1828784.213322 744.426544 363.077075 -0.009224 -0.013481
787390.226865 250.354544 459.581912 0.002496 0.000274
1929498.061505 742.774601 160.718931 0.010757 0.019203
730520.102536 499.313413 119.968014 0.015239 0.010391
1281053.293162 194.628557 382.187575 -0.017200 -0.019244
562426.321470 130.586854 404.879788 -0.017524 0.000293
1033437.869061 780.332210 263.038243 -0.015114 -0.010068
1192859.900739 412.685490 336.703324 -0.005502 -0.016839
138898.690296 261.581191 3.901259 -0.006522 -0.016007
1973181.982512 561.298904 433.977212 -0.012559 0.003325
957790.512106 661.071753 496.499718 -0.015332 0.015870
1692076.045876 318.198221 36.234290 0.000831 -0.001630
1136829.509929 29.645011 260.679756 -0.019624 -0.013620
1367539.427880 482.657774 405.875348 -0.010182 0.018654
1509350.044424 252.169119 175.984293 0.010436 0.006089
785056.476847 598.333776 212.484919 -0.015369 0.017387
1873643.585422 475.896964 456.898718 0.010549 0.008438
1315983.134935 488.040112 65.015253 0.008769 -0.014746
1135951.929323 229.084564 100.759196 -0.019869 -0.008250
656102.584980 548.935804 538.888398 -0.019844 0.017283
1727078.126616 606.578600 148.286372 -0.013745 0.000824
1797488.349396 439.140618 161.276647 -0.009896 0.006600
406141.346510 151.674176 156.057525 0.018573 0.018120
1941231.998588 497.488358 337.526428 -0.016818 -0.006378
1386830.762674 518.241282 376.659994 0.014462 0.006006
1843128.023596 151.992707 201.955733 0.012775 -0.012248
538331.757550 546.153866 571.547759 0.000654 0.013554
944807.663069 332.211973 233.228472 0.009481 0.006624
106756.882792 755.090191 514.204585 -0.007518 0.016340
1618777.323337 226.688779 318.262373 -0.005102 -0.005359
1742666.514471 52.447093 6.577570 -0.000040 0.017100
1321460.731012 336.768215 69.904796 0.019899 -0.010403
620834.287545 213.327782 553.592051 -0.009485 0.011311
1523195.320518 587.680771 118.904366 -0.014006 -0.000952
1731081.362688 162.952398 252.000218 0.008897 0.000657
656632.629529 425.401533 480.219441 0.014356 0.016132
325566.043298 583.952878 581.243044 -0.013076 -0.010846
1792559.657149 666.738067 390.043079 -0.019483 0.013244
1778465.217808 259.088698 59.189923 0.012420 0.003490
1763427.173609 458.146686 192.809310 -0.017262 0.009294
1593951.392730 756.142367 556.133392 -0.011315 0.006656
886016.743670 436.010898 119.239492 -0.010337 -0.003822
204796.643092 324.154877 80.744714 -0.017154 0.003068
727276.621725 773.832317 248.006889 -0.019559 0.019176
488690.041233 721.876628 182.847461 -0.006276 0.008562
1781116.410057 179.444945 172.115933 -0.011504 -0.007823
20635.784613 7.213148 149.764754 0.017490 -0.010974
1834876.302553 303.688785 462.581470 -0.015340 0.004931
350019.654422 174.805009 16.904086 -0.007616 -0.008386
1214501.650638 538.112627 154.930690 -0.019202 0.007476
477760.385944 211.476697 353.420190 0.001750 0.004282
605806.972182 347.191516 499.181153 0.003598 0.005807
272576.070518 480.182133 392.481144 -0.004558 0.001507
1759240.741729 243.078875 550.327508 0.006002 -0.003240
1080301.612187 660.403562 382.924564 0.002768 -0.014598
1857771.559552 140.433608 484.578974 -0.012502 -0.012177
988850.145130 340.256271 276.442278 -0.016669 0.018758
134591.829094 309.294269 242.165808 0.015978 0.019037
96963.198901 28.449943 345.887998 0.008196 -0.003140
227820.812831 465.376002 434.978015 -0.018757 -0.010703
290631.014058 457.331657 34.541895 0.011420 -0.014447
385931.693197 569.916984 189.821391 -0.019992 0.015993
1023297.854244 396.717622 195.354523 0.018851 0.003205
589125.026292 31.404661 579.326955 0.007926 0.017489
1882412.602139 596.830879 584.052384 0.000699 -0.002077
790218.714061 505.058059 18.595333 -0.015184 0.006535
526777.357108 212.452749 140.228027 -0.007127 -0.017998
748590.766801 411.674430 457.599796 0.007598 0.000605
1324791.236466 161.814664 6.239304 0.019520 -0.013046
1179151.767483 225.998311 127.944856 0.002189 0.019214
301466.356172 396.296874 435.214166 -0.015007 -0.019481
349183.755158 415.230621 387.253762 -0.011775 0.005607
616335.581344 375.038732 543.533395 0.001711 0.011576
1910511.639859 733.593507 182.843652 0.008706 0.004279
1640005.631205 304.502059 485.108391 0.013258 -0.005306
1964468.728734 336.085707 390.751837 -0.012198 0.018996
1261209.360911 276.342217 282.393512 -0.005741 -0.001189
968463.258337 424.664833 593.663528 -0.014823 0.009443
1257770.379660 350.135977 123.577331 0.001324 0.019234
1991034.577596 391.556413 537.900909 -0.008000 -0.011717
1007596.648767 95.949895 353.065389 -0.006995 0.017965
1912045.142572 235.862995 222.810078 0.004267 -0.000415
692628.538559 190.026388 501.146444 0.010305 0.003321
609848.141023 240.829118 74.979593 -0.008229 -0.002770
1723251.459991 738.002007 520.973819 -0.017337 -0.001708
1696924.347289 50.169034 568.070952 0.009822 -0.005535
309029.791648 199.513793 289.667616 0.009664 0.002397
867302.640745 558.948434 513.661308 0.012189 -0.007810
691843.061099 120.808731 325.738056 -0.012812 0.018683
272265.500516 388.590712 161.971994 -0.009549 0.011203
1400582.436193 98.309202 421.528978 0.002870 -0.012365
320566.674844 333.366660 151.070298 -0.015710 -0.013503
1229627.376064 209.092441 246.566584 -0.016073 -0.019845
1946485.269790 425.036833 421.275776 -0.009462 -0.006428
15066.369444 140.460344 292.390568 0.002001 -0.005748
911695.870064 548.932752 505.889165 0.009030 0.017880
1245159.992597 340.439111 42.365285 -0.006754 0.019986
519428.529087 388.667584 246.949559 0.000419 0.003792
1147820.552414 101.795518 512.684769 0.019419 -0.011040
1717933.562453 767.054368 453.491358 0.002476 0.011495
183230.377819 455.268797 578.027529 0.003166 -0.015273
640928.558372 27.708632 483.060978 -0.013467 0.010358
1503776.668340 628.735455 111.362523 0.012859 -0.015542
360957.489517 65.314246 358.251607 0.003691 0.003729
380073.533570 132.314356 431.876525 -0.018216 -0.013983
1889061.825298 723.235393 66.042797 0.008006 -0.001365
1796955.322752 633.554852 20.492421 0.014489 -0.005170
306282.549308 146.627946 243.283501 0.018338 -0.006178
332156.324914 567.710918 78.892825 -0.005920 0.001291
485168.456326 426.410133 367.605401 0.013304 -0.014961
413343.113108 24.006922 173.937309 0.017089 -0.017015
883643.182406 697.209931 587.040196 0.002076 0.002833
887249.075289 360.315356 217.657110 -0.000893 -0.007466
1467432.667253 504.585844 297.436043 -0.014416 0.003560
1682910.725327 244.755051 179.391088 0.018943 0.006312
1660796.624450 172.343255 113.854583 -0.002246 -0.017784
629926.086697 520.278875 50.830215 0.004203 0.003098
318150.466456 37.511025 269.259368 -0.014144 0.003947
40123.955365 464.710922 29.409239 -0.004705 -0.017581
724761.667999 93.716421 413.833884 0.014323 -0.009778
558074.092752 559.617756 337.130117 0.003110 0.006885
438651.350531 326.494097 532.981062 -0.003875 0.014285
1885724.248311 579.333201 301.080332 -0.018901 -0.006811
158400.153815 149.263633 226.244202 0.001127 -0.007014
1952982.963972 437.939039 543.306778 -0.018952 0.017256
1927788.328346 310.901295 28.452284 0.006178 -0.010117
607879.136041 746.674654 567.552866 0.014627 0.000447
1236504.919471 67.940781 551.396781 0.000249 -0.000242
1541570.438790 358.974971 131.520198 -0.009103 -0.000955
1098586.873663 281.949711 398.086897 0.017059 0.015189
1973812.054831 722.786105 256.988759 0.015665 0.017284
717421.361579 684.516176 190.602014 -0.003737 0.000391
1128238.588166 568.333810 265.656097 0.000399 0.003047
1906900.824936 102.919964 396.660036 0.014904 0.005385
311031.282093 514.490629 50.316298 -0.004989 0.016660
1119457.958787 739.013533 161.116409 -0.010908 0.014005
295815.608602 167.746944 451.922219 0.003016 -0.015959
1365835.790227 747.090230 574.187353 -0.019985 -0.006400
933742.419320 452.082166 30.402543 0.016397 -0.016987
1254474.420685 690.215558 121.987130 -0.008476 0.009413
1674721.783807 355.274783 227.456656 0.016825 0.012739
589441.845468 384.367989 445.639458 0.002536 0.008117
1186208.380939 568.430144 547.454325 -0.006131 -0.008546
28320.921598 24.180625 132.046220 0.018865 -0.018783
1123059.363627 350.667428 356.893822 0.004445 -0.006070
1339490.994503 192.299410 126.462765 0.014914 0.001143
1892333.765464 567.943757 583.205991 -0.007098 0.005285
1580513.963280 495.672951 66.449257 0.001276 -0.012686
1628540.167412 100.840012 535.797303 0.009077 -0.001104
358744.990248 592.830822 301.619891 -0.004017 0.008496
1065496.480589 768.985685 90.486668 -0.014909 0.002958
996930.964755 638.181893 488.758683 0.008370 0.006813
685065.261407 524.143654 228.603927 -0.007533 0.019180
22284.613001 83.400413 359.964740 -0.014949 0.005259
1564209.169505 749.405914 458.031450 0.006989 0.006546
471659.941818 683.797250 242.624012 0.009528 -0.009804
234378.384535 216.611700 129.631141 -0.009259 -0.004035
1581110.075852 613.177427 117.753304 0.004194 -0.000965
1733102.233956 757.765375 78.369539 -0.010135 -0.009513
222272.466972 206.618020 219.775897 0.008444 -0.004777
7593.072023 394.616152 189.910864 0.010700 -0.013213
1961038.188991 2.144419 13.782017 -0.004580 0.009651
554464.627316 401.920844 7.438546 -0.000263 0.010836
821613.773155 227.262849 322.316060 0.004139 0.015561
24485.756655 378.632117 501.991351 -0.014268 0.008816
196372.594776 203.420830 587.547381 -0.001419 0.018576
718005.964867 374.887812 274.721559 0.007028 -0.010285
1252709.545778 525.302941 142.551297 0.005954 -0.018324
1958473.456073 741.380915 326.399642 0.019638 -0.003218
628831.249023 321.945241 421.785746 0.014047 -0.019637
1185057.482303 690.611214 289.299754 -0.002859 -0.019728
406775.272641 421.404965 156.883976 -0.012805 0.019557
452064.211691 432.961606 275.862580 0.007360 -0.011338
1391094.198167 248.826281 524.442064 0.017289 0.018348
1830316.959801 730.350167 531.827454 -0.001630 0.016151
610994.441719 618.552704 183.900156 -0.019648 0.004988
631021.334152 481.561060 292.491399 0.011880 -0.018666
989235.750860 1.580110 334.317872 0.010236 -0.012652
1098658.789461 784.785851 434.984697 -0.019640 0.006629
1883467.686308 564.271337 585.901534 0.012695 0.005481
1871849.530317 584.538317 330.798643 0.012870 -0.012428
911993.535660 102.020841 577.688146 0.010530 -0.014569
1176139.691461 61.935648 443.126625 -0.016943 0.015034
1537174.407177 456.497786 526.598427 -0.006945 -0.006940
123261.179832 700.656341 184.928877 0.011575 0.015196
1946848.674653 582.853550 354.054920 0.017985 0.001722
457599.283409 708.758348 164.364113 0.011217 0.008296
926562.791190 189.193165 501.222858 -0.001127 0.020308
1942178.605097 11.885749 45.701751 0.008382 -0.016364
1905775.863633 382.440884 397.215227 0.013251 0.012157
1975712.466974 713.766994 407.817818 -0.008243 0.007160
1128937.655654 214.913642 243.925986 -0.013856 -0.011233
1900458.380534 306.421814 62.371347 -0.011053 -0.013435
1623668.112617 549.856856 239.923665 0.005855 -0.015459
798515.523224 494.078899 76.903141 -0.000969 -0.006935
438456.544857 343.390386 482.493965 0.015176 -0.009708
1216805.763178 694.795514 90.965533 -0.008491 -0.013413
1661706.700764 681.655095 259.560039 -0.010492 -0.019719
1303971.794110 150.604066 234.011310 0.010265 -0.003520
1107963.914568 454.937350 59.213454 0.018172 -0.011406
425643.800956 282.770432 499.690180 -0.006751 0.013437
318262.858465 448.731746 155.027276 0.018554 -0.002313
1036196.117772 457.745479 186.292794 0.006822 0.014494
948553.069005 401.130784 427.511923 0.016353 0.009470
1438074.149861 447.302638 555.917868 -0.015629 -0.007467
677338.477540 530.474233 530.566499 -0.002496 0.004697
197747.041563 520.791187 583.081591 0.017235 0.019661
1601492.672973 71.952259 330.985984 -0.017637 -0.017826
1987075.958395 461.684024 375.399428 -0.007840 -0.010078
971748.938305 622.017272 449.224031 -0.012076 0.007409
974474.447302 733.623650 146.545806 -0.003445 -0.018931
1121549.802423 602.102143 413.418996 -0.002206 -0.012389
613932.794246 434.838981 504.567612 -0.008865 -0.001005
1665525.531241 62.998383 338.949846 -0.004544 -0.014505
1238773.710671 302.626262 429.364320 -0.010183 0.007289
1925637.924078 585.178334 276.285641 0.008453 0.017189
290519.337305 158.725828 507.963243 -0.004381 0.004497
1745488.432117 760.774914 219.044313 0.002467 -0.004186
1111265.337612 695.239951 563.463634 -0.004202 -0.013993
829182.160473 183.882744 135.770035 0.019216 0.004578
728391.627189 479.165074 596.020322 -0.016850 0.013728
1349985.243450 33.613207 345.817976 -0.014558 0.010157
1010733.056353 224.007871 571.441258 -0.005921 0.006803
1129411.861826 179.996278 372.946584 0.017208 0.011479
33999.050983 388.809748 393.849634 0.018811 0.015301
1606354.705806 296.555725 66.804107 -0.018803 -0.005952
1451822.744427 314.978179 570.295935 0.008760 -0.001041
1590584.168020 314.948570 309.290031 -0.005147 0.001144
538209.161040 701.125339 485.105030 -0.011154 -0.010861
958317.440449 628.470404 272.016446 -0.015989 0.008643
479655.517489 94.199419 120.534101 0.015844 -0.017029
167238.956395 558.887480 267.236385 -0.012179 0.009130
1592486.357127 737.051749 73.147492 0.009860 0.005615
1189583.299304 433.340404 20.552407 -0.015561 0.016558
1124831.962923 303.370303 474.119935 -0.005175 0.004016
37146.621401 680.332542 232.324671 -0.001135 0.018043
205026.889315 569.023209 40.977813 -0.007866 0.004301
284161.461650 310.140881 183.740277 0.003490 0.003330
68690.410847 306.457420 301.994404 -0.013751 -0.014789
287411.349028 600.433194 403.637926 -0.012905 0.014453
1171263.018237 591.761506 143.955051 -0.004977 -0.015532
1682127.158941 315.199806 577.224225 -0.010884 0.014576
1824708.168313 264.531522 346.542637 0.019216 0.005362
369206.509725 98.063374 13.213980 -0.000371 0.008401
1208981.916871 419.745267 56.049175 -0.015659 0.007256
446720.970071 201.925061 259.147532 0.015814 -0.002829
586212.983628 385.020150 101.833471 0.001339 0.014291
560717.814863 299.483353 150.808261 -0.010337 0.004118
234257.601311 123.569647 559.190145 0.007791 -0.014616
1133248.557864 703.370373 154.314885 0.003534 -0.005193
1934248.125150 153.937105 536.795628 -0.017578 -0.007947
1152133.833222 226.534760 331.650365 -0.019684 -0.012903
1965200.129880 240.666697 396.573398 -0.013882 0.013377
1034901.121182 345.980260 125.742188 0.010806 0.006925
1623246.405098 708.826618 497.097282 0.009754 0.003210
1926329.093951 248.350399 275.980189 -0.011180 0.015962
1658576.383096 150.301144 54.965940 0.008975 -0.010074
786221.519479 240.578501 318.813121 0.017819 -0.007681
1421758.733421 743.010089 365.382136 -0.004991 -0.017040
888519.625593 711.194037 307.891124 0.006030 0.006235
374128.679919 371.791628 325.743682 -0.019383 -0.011612
247207.860577 782.960169 311.778900 0.003303 -0.012041
838233.393076 329.873472 231.790762 0.000602 -0.014436
1269501.125100 723.067500 262.376906 -0.013854 0.014782
1490342.234955 701.676083 467.409521 -0.005825 -0.010056
1720173.599068 639.068704 82.445164 -0.005109 -0.001878
1589947.016719 447.946731 550.731450 -0.006478 0.003058
254199.274003 369.613191 332.136335 0.005897 -0.018209
1506623.924480 52.711207 274.404960 -0.014401 0.003090
1187558.641279 619.515046 289.240755 -0.018784 0.017648
663885.182079 620.305638 490.782908 -0.015549 -0.014782
134186.233456 776.867681 557.537141 -0.011840 -0.006224
763995.101100 799.470515 542.573282 -0.008028 -0.006496
960104.740672 341.134320 479.464676 -0.018610 -0.017006
1689167.128731 629.866042 84.497666 -0.007907 0.017116
1435140.350571 716.241437 421.841619 -0.012036 0.017047
1287450.956780 425.002238 421.443275 0.032703 0.005504
1664884.491668 423.634672 368.386136 0.010556 0.009342
1916152.068375 115.388596 439.985148 0.014436 -0.002269
142374.806172 274.402067 522.225387 0.014832 -0.004931
1889104.925044 572.024065 98.243539 -0.016642 -0.019299
184043.514628 642.141704 547.323683 0.011782 -0.019930
1678137.485719 350.632682 319.777284 0.001624 0.016043
349432.717240 299.014388 257.540776 0.011521 -0.014603
327130.583267 597.483415 167.627033 0.015872 0.004361
1445781.852792 774.583512 571.273487 0.003727 0.013548
657045.848974 430.380552 332.762891 -0.000286 0.004917
1143416.638087 467.927950 255.011701 -0.000619 -0.004818
853229.746620 259.282571 490.910737 0.018361 0.014569
1436276.935710 106.728021 143.235924 -0.014059 0.016929
747046.145027 249.260438 400.927759 0.006107 -0.011753
555282.349025 300.302138 106.279319 -0.010824 0.018766
31011.744417 446.324795 303.878032 0.002802 -0.017975
259713.421697 113.368510 381.499819 0.002206 0.005057
30230.289339 785.586258 570.278680 0.013299 0.017659
1629124.594680 440.406301 44.832344 -0.017895 0.007952
1993199.337271 341.131823 5.805591 0.006605 -0.016816
437214.899080 754.190398 272.531007 -0.004217 -0.013117
847463.854052 328.841090 438.378639 0.017225 0.019223
1561464.248021 48.452798 73.427196 -0.003334 0.004614
1496915.452879 345.368521 358.214132 0.007977 -0.009429
1076064.875850 410.408325 489.221084 0.004502 0.002610
1028186.607653 487.289927 594.944999 0.000951 -0.009056
141764.248787 594.368946 129.991205 0.001008 -0.014468
778578.041484 759.110706 329.507475 -0.015253 0.015198
1058486.954802 720.130473 564.280925 0.005950 -0.007214
1112790.978101 319.664900 448.433470 -0.013854 -0.016073
24501.685065 553.672932 366.540160 0.013094 -0.007835
353571.678676 273.036211 548.296865 -0.013260 0.014623
375264.103699 191.558800 365.545431 -0.003808 0.010609
1493884.026769 635.080033 428.938289 -0.008192 0.016528
1188817.119779 659.915639 487.990583 0.001404 -0.000929
259519.063057 73.512547 525.549653 0.015127 -0.010178
1949033.547169 712.015349 562.380092 0.003449 0.008704
482529.103981 609.695027 35.798792 -0.013820 0.017255
1850091.109914 273.818126 102.597609 0.001378 0.009873
1871495.037280 224.822641 324.694609 0.006096 0.002970
908785.677938 195.418020 241.035070 -0.009282 0.011203
1755362.652128 318.203444 522.502507 0.010157 -0.008996
232765.271437 582.404585 98.923072 -0.017996 -0.007341
1765166.354256 236.078834 45.915523 0.017671 -0.002013
15434.920795 693.119603 474.822599 -0.012873 -0.003989
1077013.659792 90.970986 409.130866 -0.016815 0.010588
516053.778360 427.292909 5.480160 0.006382 0.012095
1576709.125925 429.776520 119.353410 0.006403 -0.008351
948767.654108 620.810177 11.932632 0.005588 0.013188
667159.362075 417.595858 74.326428 -0.003591 -0.001443
1146380.339352 334.204573 198.364350 -0.005379 0.003856
1462269.868451 722.490127 426.629655 -0.003540 0.019279
949273.004639 536.542859 309.897379 -0.000661 -0.006817
636841.273232 217.392559 520.625759 0.000698 0.017244
316267.470045 793.346236 424.357704 -0.012918 0.005282
1072709.865436 409.058402 92.490110 0.006413 0.016866
1234697.917120 187.133635 203.614022 0.017920 0.003935
1871003.135047 543.286854 300.492891 0.005839 -0.016338
968257.898916 96.039942 457.479163 -0.019878 0.004202
184803.100389 255.783154 525.651562 0.018338 0.013472
1613704.762242 94.148593 497.174692 0.000560 -0.008182
920804.219749 40.328605 484.018628 0.004723 0.008375
1455508.939668 184.727558 566.171706 -0.017316 -0.012833
1084419.887087 1.621903 514.997689 -0.018238 0.005934
1899527.167855 422.331543 461.385651 0.008468 0.001129
745706.753221 643.392294 508.905697 -0.010096 0.010553
1369434.811813 44.286199 529.076208 0.000559 0.002781
353913.564400 779.598012 371.817748 0.019308 0.003530
660308.989072 568.723669 491.831216 -0.009043 0.011121
1997036.600484 653.412710 468.642614 0.014266 0.014404
857968.969670 644.890387 232.627468 -0.012088 0.000742
1832483.595159 456.836327 194.048864 0.011061 0.012415
174050.590104 359.401546 525.135761 0.018758 0.018488
887791.815627 116.198844 561.552767 -0.017446 -0.014848
1048845.100705 314.779005 504.246902 -0.006250 0.006700
1236598.032171 273.751415 290.303863 -0.004036 -0.012066
688449.854352 662.485612 2.834809 0.009264 -0.018954
1047717.716101 518.800448 357.875175 0.013894 -0.003497
831685.772553 746.936401 516.924946 -0.008418 0.016114
1646809.537731 587.687657 29.211689 0.010389 0.011927
354697.854423 227.008789 114.975311 -0.019288 0.005135
1718570.137265 508.544363 581.810837 -0.006272 -0.018628
338487.908402 549.940836 517.498219 -0.013007 -0.003231
1776805.868268 558.753953 40.726865 -0.000610 0.001829
960078.654327 720.527863 287.267984 -0.006568 -0.012444
763596.911339 131.504781 555.714289 -0.002774 0.016993
1446903.674606 486.283017 125.208002 0.016844 0.005158
1673049.761761 619.598033 156.182189 0.012245 -0.015285
591079.477496 780.585015 483.001990 -0.013691 -0.013979
450261.526019 37.072482 509.502172 -0.008264 0.001258
788880.985598 618.688069 259.099657 0.014941 -0.015431
1247242.441982 204.384183 167.238202 0.001994 0.007423
405506.701397 218.088750 175.525614 -0.003540 -0.012432
1835863.754077 197.975508 576.723635 -0.012853 -0.017831
159031.381905 379.733635 18.519856 0.015402 0.005310
362722.217274 87.718165 407.307649 -0.018657 -0.003813
420997.232395 340.058725 105.470887 0.005791 -0.007914
580167.091722 213.227367 332.647552 0.002774 0.012611
479025.265425 617.082328 52.794277 0.001293 -0.012686
552036.800679 360.112099 258.327525 -0.010477 0.005117
969986.005207 253.879298 61.819233 0.000717 -0.011930
1471710.388303 557.567588 187.639967 -0.003401 0.009157
1430984.936390 500.574295 91.293520 0.015654 -0.009267
902052.609670 144.906356 320.981923 -0.019790 0.010005
700700.571156 195.576914 313.129271 -0.002450 0.011070
1408199.004553 571.533246 136.802791 -0.014615 0.018109
1713095.736556 495.940958 161.666898 0.018409 -0.014603
944491.339356 556.891879 499.006593 0.011380 -0.015570
1119457.834922 400.303654 441.506184 0.008486 -0.004351
8319.607940 130.606282 343.737625 0.001557 -0.013272
647061.014849 711.593198 247.525587 0.013807 -0.006853
379545.065751 439.249112 25.760751 -0.003327 0.007330
1990576.603445 218.791536 181.639238 -0.009388 -0.010665
876473.971119 589.787986 557.736006 -0.009186 0.000887
80381.552726 664.348892 13.418328 0.011034 0.001697
828036.629980 624.659580 423.199751 0.019509 -0.007209
1747623.103553 248.538486 124.695602 -0.008535 -0.013752
1072386.123739 381.147209 423.358543 0.003190 0.015738
777386.485961 459.490442 100.623097 0.007651 0.013585
801906.589792 103.877828 346.033323 -0.006796 -0.003963
197987.358178 296.237649 138.084007 -0.015153 -0.014132
1545926.498969 428.240753 556.335106 -0.000644 0.001097
492654.834172 281.845281 500.244917 -0.001462 0.005320
1978982.283724 792.797888 69.226791 0.007766 0.002806
17631.095842 66.348852 86.535055 -0.012956 0.010998
1966499.848276 461.673116 543.350279 0.003073 0.015565
611006.784537 527.307118 167.132294 0.001452 0.011211
850069.038966 247.142995 189.660467 -0.005916 0.011501
1676786.882652 478.980156 83.619690 0.006885 -0.017867
1557780.060711 529.470541 26.266081 0.015765 -0.005740
1227310.625476 722.601734 263.219766 0.010779 -0.017665
428616.731627 592.308303 393.490905 -0.015226 -0.007965
1127178.874392 340.165795 576.347522 0.013664 0.018424
1480731.590409 213.090128 162.128491 -0.017758 0.004780
115335.758829 715.341098 130.604086 -0.012097 0.002659
541498.807511 781.066352 137.021981 -0.007428 0.014831
1167776.423119 742.317882 464.358136 -0.019065 0.007412
1705487.274428 189.980060 255.877280 0.000334 -0.005719
1455042.508177 58.082381 469.348155 0.007513 0.016568
1485351.840726 341.894163 108.582193 -0.019521 -0.000649
1600046.444498 55.934961 226.864660 -0.019285 -0.009273
1889695.885540 230.425281 146.809363 -0.013086 0.004135
230475.999522 605.600558 319.091604 0.015527 0.011183
434670.210087 593.446954 10.144050 0.005757 -0.009961
748135.628527 296.933099 193.392682 -0.013702 -0.017656
474188.291689 718.686596 292.436940 -0.003297 0.016324
1941577.332067 174.367148 588.731342 -0.006022 -0.010629
499196.726130 235.237281 314.418847 -0.000247 -0.001312
254300.674542 487.631748 134.033126 0.006356 -0.000089
6325.354803 700.363996 143.996972 -0.019183 0.000815
980919.682878 315.824830 534.897281 0.012545 0.001983
1900851.625903 40.318731 269.178573 -0.002557 -0.001266
719689.197242 326.325530 412.199139 -0.006341 0.010293
1844748.197982 472.768362 30.462687 -0.002162 -0.016576
1036199.990211 459.072249 416.509564 0.009648 -0.010738
385683.919483 595.669419 65.089959 -0.002693 0.010615
1256102.471266 738.630655 95.905630 0.000684 0.009793
1419511.694191 375.652782 472.583857 -0.013641 0.016265
511292.832210 414.971379 189.435404 0.017690 0.014397
145034.134456 691.441697 270.271282 -0.015048 -0.007554
1071721.370831 513.336305 530.742704 -0.010797 -0.004670
233847.819378 338.373820 77.134244 -0.011018 0.014218
1786277.592083 682.127913 467.491490 -0.017901 -0.005091
1031918.257955 609.777135 505.831020 -0.007877 0.016827
1499349.890975 446.617050 263.472909 -0.017362 0.000061
597617.807145 110.150722 219.220477 0.009998 -0.009541
1353622.215499 228.347306 541.943390 0.002465 0.000630
573296.933702 542.701055 563.730169 -0.003404 0.016138
1590131.532210 246.356724 453.862027 0.002995 -0.005563
258416.177825 72.653463 73.685617 0.018867 -0.004269
87595.200207 577.086755 571.493831 -0.000685 0.011451
906233.425674 625.635268 554.267272 0.012749 0.001245
370032.188655 396.161659 489.613375 -0.016462 -0.017729
664767.085884 299.723841 441.597496 -0.009138 0.011578
1278253.811075 53.087793 58.604360 -0.004143 0.005628
916040.443311 420.029910 438.715643 0.003228 -0.000150
249204.321880 499.477522 130.506748 -0.016939 -0.015704
8661.484350 424.204006 533.526921 0.017140 -0.006054
841302.204338 90.258014 506.306722 -0.010490 -0.011967
1802783.200425 455.825867 345.992525 0.005478 0.013642
731632.451868 220.874668 544.640912 -0.001435 0.006860
1096714.972098 736.882861 118.101852 -0.008812 -0.000007
1386984.768969 323.653919 76.223016 0.016467 -0.000751
469499.863903 732.385220 6.692491 -0.015018 0.013786
718651.906922 435.614631 574.429595 -0.011854 0.011253
316653.122342 84.158033 211.223044 0.009736 0.009367
385530.231700 79.956196 10.905800 -0.015988 0.002561
1379939.433830 519.211552 291.323764 0.015440 0.017155
1974529.288697 463.929680 199.397872 -0.015474 -0.000366
1626419.535664 279.520946 244.585713 0.012970 -0.001066
503204.831157 146.353674 10.742567 -0.011633 -0.004515
1600260.999799 293.272107 294.737816 -0.013930 -0.015945
467442.890847 275.496063 121.041108 -0.009920 -0.002202
1530910.291491 753.226967 56.373284 -0.009996 0.013162
43405.273949 190.035696 245.212882 -0.005814 -0.005902
1801413.789299 133.650013 421.049525 -0.007680 0.019662
348673.859774 447.744949 104.849625 -0.012291 0.010749
1122384.702378 793.660836 81.037614 -0.017903 -0.014237
474000.488629 229.289886 293.425764 -0.002439 0.001551
1867761.544822 163.034384 288.125010 -0.018880 -0.001829
617712.498930 39.455364 415.350203 0.008734 -0.003856
88793.583256 494.954369 342.579304 0.009864 0.016995
1123119.018564 736.051698 291.783105 0.009401 -0.015511
510837.786138 237.628526 62.726481 -0.004345 -0.005990
498234.962345 502.553672 381.716001 0.009528 -0.017332
350510.791107 537.716077 162.775153 0.006238 0.007964
1451432.125387 771.438475 449.240139 -0.003337 0.007321
303273.376219 370.170373 180.108568 0.008882 -0.011673
454803.713809 227.047558 76.305621 0.008586 -0.019209
480071.545802 775.589047 189.903909 -0.006232 -0.005566
1333575.176696 474.960983 592.996278 -0.007816 -0.006721
110627.538576 382.910973 2.106230 -0.006975 -0.014570
1406769.050940 41.607454 59.206421 -0.001897 -0.001187
1561676.394922 482.475780 559.446814 -0.016754 -0.006989
281255.947557 246.862617 365.106070 -0.009254 -0.019074
1257382.930842 407.137554 595.885322 0.017798 0.014126
706537.016996 489.610330 268.623902 -0.006335 0.016641
1558318.719993 317.932094 236.902003 0.011337 0.008938
1057752.200895 389.333273 465.667734 0.005108 0.017515
491364.625511 326.488486 325.148006 -0.012864 -0.000409
1734950.389590 255.144368 479.258097 -0.000929 0.003494
1643357.573842 84.499163 57.166326 0.012571 -0.017967
1898263.090243 134.013309 397.726332 -0.004150 0.000392
1157183.811607 140.733125 544.308694 0.018934 0.018338
1260090.642264 401.530807 266.787853 -0.003780 -0.014822
767107.214205 521.345624 323.081947 0.016997 0.013179
55740.578126 634.624731 88.938273 0.013038 -0.009269
1471867.368311 518.819610 224.900006 0.013053 -0.001631
851158.514084 624.423461 377.843339 -0.016459 -0.012918
279214.015361 533.266343 211.713612 -0.018175 0.005620
622537.959657 541.183767 84.971497 0.010261 -0.016718
543551.074594 112.218760 439.488467 0.012647 -0.017362
1125283.938425 670.310455 515.169262 0.008432 0.006543
255944.995329 357.692847 187.258879 0.000113 -0.008835
1549879.616848 742.674081 35.531350 -0.003802 -0.019308
474171.187949 435.843293 410.422517 0.003576 0.003646
648167.413030 720.792317 160.396182 -0.001353 0.006305
697835.028496 590.093863 478.474121 -0.016725 0.001913
1725670.433475 515.868937 231.199518 0.008705 -0.005487
99429.388577 679.254258 481.628038 -0.005520 -0.005936
163663.104253 109.418155 168.313706 -0.008777 0.000302
594763.153510 303.406282 52.495368 0.019266 0.018775
1355525.087265 244.660950 521.951273 0.017866 0.010907
1053977.892294 234.898139 305.705818 -0.007019 -0.004948
115031.983757 149.728221 12.560060 -0.002309 0.016322
752375.869431 393.944470 454.876357 -0.012796 0.014193
219437.964363 208.656314 595.063784 -0.004391 -0.003922
1068114.026016 550.177357 468.975504 0.004834 0.006835
1499866.051366 239.045827 584.364004 0.004750 -0.010275
1491842.997955 116.988693 322.396810 -0.009740 -0.001142
1826279.228472 250.835035 395.051523 0.017317 0.010247
1133058.067007 247.634434 149.329469 -0.007039 -0.000441
207507.431604 346.800463 450.106307 -0.016174 0.012960
304737.184339 504.116804 306.835580 0.017353 -0.009997
361247.467977 546.686080 329.439841 -0.013808 -0.007881
1585793.637478 720.525885 269.527956 -0.006773 -0.013796
1841064.114050 194.785190 281.463355 0.003171 -0.012878
451362.950938 116.091699 291.966492 -0.001006 -0.001228
1950936.490647 462.838200 542.083152 0.008307 0.007684
1454702.783122 701.858431 182.470024 -0.010450 0.012475
1108684.254395 335.443565 297.091634 -0.015855 0.002984
1596490.624173 717.037677 285.041012 -0.011594 -0.010760
1263706.185512 134.440734 282.336830 -0.015935 0.009881
1294332.516982 261.362921 535.559694 -0.014659 0.012054
723046.520130 87.241384 228.254560 -0.009400 0.013367
107937.715067 793.568456 427.035650 -0.005721 -0.010799
1046872.077066 729.226231 390.140038 -0.019322 -0.019440
450965.188654 653.548020 547.003261 0.008023 -0.017422
278162.196408 266.300350 139.807029 0.004373 -0.002629
1960316.196066 205.481259 456.646048 0.014895 -0.004393
1125740.257616 187.457306 299.749443 0.017719 -0.000063
668170.334151 797.092985 294.324439 -0.018174 -0.005832
1443825.863043 455.582792 159.972712 -0.005090 0.003541
564375.188464 478.375286 242.737792 -0.012222 -0.008030
938961.728913 266.977014 379.525145 0.008085 0.017700
132214.712972 546.452895 119.632466 0.013229 0.002214
1179224.623916 311.832191 473.252044 -0.016462 -0.006666
575213.267736 338.846631 197.897209 0.011055 -0.001206
1368718.602401 400.562660 23.731508 0.018035 0.014938
1254302.726711 186.067777 282.733375 -0.018677 -0.002902
1541011.519516 401.091769 456.369010 -0.003913 -0.011858
1407684.757098 375.174991 531.905271 0.016142 -0.008174
883750.411162 394.001338 411.723577 -0.010667 0.003293
38293.802197 414.645177 2.986535 -0.006037 -0.008105
949396.727117 26.711459 478.617595 0.000582 0.019407
1340193.529306 112.439258 130.112712 -0.014314 -0.013069
1289556.392138 729.461525 404.461589 -0.003800 -0.007431
1756783.113702 87.914451 469.378473 0.010557 -0.019619
157687.638028 165.849105 303.283090 0.010621 -0.002491
175039.783202 626.945394 573.520042 -0.016273 -0.014668
506304.289450 453.613997 99.553416 -0.017964 -0.016730
301433.914481 576.134779 133.564784 -0.005330 0.014513
790027.673724 9.884139 464.117505 -0.017205 -0.003254
176035.711624 758.499491 317.090064 0.014816 0.008521
1081972.172988 759.484810 552.155956 -0.018204 0.008644
715741.816310 107.100359 299.084306 -0.007416 -0.010926
1263880.632475 454.139784 476.669590 0.011933 0.004700
1751026.801649 758.987450 202.583426 -0.016135 -0.007305
399196.095951 394.501192 198.004488 0.019014 0.002418
1496994.359185 48.824702 306.207729 -0.008914 0.017283
445396.929255 653.861901 529.506584 -0.014298 0.014554
1193553.106484 400.112223 599.221504 -0.016144 0.012561
450224.472419 581.659643 229.307960 -0.019236 0.001037
1999453.321099 715.818335 285.458230 -0.005198 0.019625
1584501.028799 429.464028 291.135613 -0.015110 0.000409
94458.571679 696.584405 342.735926 0.002272 -0.014107
1007827.074736 623.668721 579.369575 -0.004562 0.016872
1658558.308919 786.434882 253.412312 0.013092 -0.016888
475365.567242 42.233458 483.190144 0.004510 -0.017034
663714.367274 495.888365 580.563956 0.012246 0.018220
1919117.403179 479.329264 296.798362 -0.002185 0.008834
9624.167350 393.661245 354.880379 0.003061 -0.018038
1478876.057770 64.497550 497.193468 0.007956 -0.001372
1502145.321808 426.757836 269.336737 -0.013030 -0.005540
1054818.871922 329.203123 248.033594 -0.006669 -0.018738
972186.690649 532.083345 390.609617 -0.001888 -0.001122
1216433.286302 329.804963 43.085025 -0.015880 0.014304
1585452.240699 85.827180 209.799296 -0.004610 0.007217
796849.675848 99.165936 458.857919 -0.011026 0.013105
461377.134761 782.701892 217.220272 0.007164 -0.013907
1447663.852688 165.452679 338.345751 -0.014478 0.001613
1190708.408687 498.947466 123.035174 -0.010151 -0.016980
1355477.244293 683.898060 294.174157 0.009983 0.018272
694211.989964 433.595321 39.106138 0.007886 0.017085
1497031.391364 75.973662 30.351193 0.000515 -0.007106
1759090.904966 594.619259 180.105931 -0.010324 -0.003074
904928.793621 772.312841 377.969165 -0.019360 -0.015855
341892.055395 489.241065 436.878439 -0.004947 0.014341
1609370.418642 43.281394 427.865466 -0.008198 0.012133
1339833.364515 513.366530 206.976924 0.009407 -0.006437
543533.833951 386.292030 260.169782 -0.007100 0.019804
1510075.678821 161.352591 443.605060 -0.017785 -0.002231
325429.097901 406.458392 246.048530 0.011719 0.000968
1027532.088117 771.102268 81.338518 -0.010371 -0.006354
1987715.010526 37.049482 236.878937 0.008277 -0.006372
396776.620483 301.218893 588.858285 0.001749 -0.015583
639902.701899 652.466958 356.140116 0.010134 -0.014494
1179865.857204 406.221241 204.082832 -0.006848 0.002535
1568458.621189 393.406952 42.455341 -0.012227 -0.008582
1190290.628555 566.619437 149.992001 0.009235 0.017978
1180185.991889 580.209499 597.287207 0.019394 -0.002778
672088.553511 146.647336 484.874188 -0.007344 0.009074
1837656.663655 510.365071 325.345259 0.000515 -0.004371
1360614.323691 81.864999 539.225390 -0.019199 -0.002736
924125.776125 643.698607 554.930772 0.001316 0.019940
418950.309241 102.568204 424.433336 -0.001734 0.014302
1312754.557148 39.287014 349.999194 0.006067 -0.018666
30587.249450 790.651082 130.376496 0.012905 -0.007755
1889215.610870 593.544642 566.160911 -0.000534 -0.009824
669560.509114 133.629340 214.329013 -0.010654 -0.012490
1579576.984783 556.684973 595.135497 0.008578 -0.010887
1982244.182370 738.946312 214.107446 0.007923 -0.004708
432350.935616 283.768737 258.390589 0.011988 -0.019761
930735.730068 652.482483 596.721345 0.007310 0.005526
600671.720971 501.818497 227.980763 -0.010194 -0.015426
1270601.892504 463.628029 169.344327 0.019708 0.012514
938976.299455 626.145011 304.957021 -0.001540 -0.000141
1474031.937064 361.967256 251.850902 -0.016248 -0.013953
1605130.416157 247.942515 302.875612 -0.010657 -0.015581
1023340.410098 559.397190 555.350912 0.000247 -0.004725
1128556.229700 645.440573 5.454511 0.017759 -0.017956
248420.950141 463.970782 377.855421 -0.003939 0.002740
884577.235619 700.777978 213.295658 0.018009 -0.006567
1704879.713107 549.875357 474.301541 -0.009092 0.011212
1882055.445519 60.133275 54.917462 -0.002169 -0.007616
404206.608610 766.109889 4.971421 -0.014895 -0.001427
780987.060993 553.618472 162.342259 -0.004032 0.005499
642018.800900 419.872909 130.507840 0.018032 0.017213
1579863.075903 314.087582 483.445379 -0.014204 -0.006283
286431.929230 798.810714 18.470711 0.017334 -0.009140
1625355.291937 699.820846 207.431515 0.016180 -0.007139
1310099.705732 85.381361 167.020165 0.006566 -0.010599
1485499.756171 42.713281 555.882298 -0.019457 -0.001833
1126826.147142 267.541453 586.898111 0.011211 -0.008628
1817754.082297 456.399841 406.843258 0.008593 0.008647
42605.713030 686.080069 428.636592 -0.017696 0.011562
1969490.396776 691.920481 399.671971 -0.006761 0.010784
1972945.507603 788.414180 525.774606 -0.009409 0.005964
221002.463354 5.984715 421.425215 -0.018500 -0.019155
314139.836614 480.065995 213.041419 -0.014577 -0.004773
1280098.799281 35.372406 570.857776 -0.007265 0.010340
1334025.561499 271.214720 370.274550 -0.004774 -0.004327
817314.073824 292.274100 154.115566 -0.017003 0.007867
52254.755074 49.034058 409.193933 0.016102 -0.006938
662711.798522 9.805945 200.056570 -0.018613 -0.018001
710212.109941 153.317884 389.981974 0.008413 -0.006921
61999.699130 280.690994 222.946919 0.019299 0.006748
261157.692532 519.476175 4.038206 0.009911 -0.018775
797766.605764 125.327346 237.317069 0.006226 -0.010771
184709.901076 545.505993 175.155106 0.010991 0.003323
1235796.007903 85.105857 357.643276 0.018097 -0.014395
1292608.929469 245.461721 198.657217 -0.008136 -0.019318
1317389.029692 261.628734 220.496175 -0.018788 -0.007608
71927.786838 128.137956 575.538185 -0.018266 0.016311
1977614.946653 353.669119 38.666735 -0.004643 -0.016066
591803.305127 381.708940 467.376950 0.003518 -0.009936
726241.200569 164.857778 214.260472 0.018394 -0.013695
995710.504705 485.042890 279.061671 0.013159 0.016102
963862.695249 390.908352 138.004977 0.013992 0.000727
1079147.418532 708.512577 407.720392 -0.000017 0.017192
1174876.041326 389.776813 222.993597 0.006099 0.014867
937689.950195 758.453840 209.315184 -0.010087 0.001405
1200871.358253 489.370953 445.045501 0.018308 0.002830
1798372.363578 364.568736 105.971194 -0.005458 -0.008568
158766.744732 676.396636 464.391640 -0.007584 0.007843
584123.108808 679.528368 348.481194 0.018825 -0.006109
1019930.488905 447.074183 500.332462 0.015241 -0.011567
1412068.961846 279.622629 95.597453 -0.017817 0.003952
1390465.348675 524.174833 125.710187 -0.002530 0.004548
1560588.704217 269.218397 41.631521 0.018291 0.008014
709118.110458 28.968749 327.180374 -0.014854 -0.006231
481739.437432 336.533554 116.847370 0.012840 -0.004336
1084185.081108 265.373356 569.671521 -0.004949 -0.011494
321427.933090 65.773737 337.475164 -0.007371 -0.014425
322096.383349 12.012807 475.477357 -0.005159 -0.001926
811598.476400 120.547013 472.543146 -0.000997 -0.015688
975828.599639 663.210499 87.057950 -0.018663 0.018324
980873.326296 219.580272 226.543874 0.007420 -0.016147
1538962.265262 182.110478 256.886029 0.008807 0.004163
1281944.833362 703.787811 411.469621 -0.011797 -0.012038
1646853.441208 292.060464 129.239628 0.004642 0.009422
1334224.681991 17.366147 531.647079 -0.001772 -0.000138
1987979.200663 754.207545 196.070119 -0.014457 0.019102
567825.405192 503.261217 150.350810 0.006546 -0.007399
693992.653253 345.422827 324.717141 0.011068 -0.013993
290886.182473 333.043654 18.604781 0.013265 0.004815
461579.700216 523.998292 590.724558 -0.002173 -0.009184
1440439.939238 90.475821 175.708457 0.004267 0.002723
1578856.275221 479.927478 306.978412 -0.015376 0.009520
975708.803616 319.782622 220.261066 0.009549 -0.017522
1363849.989774 68.325033 296.097501 -0.011054 0.014432
1287670.666020 295.361609 165.755655 0.006990 -0.011978
1793086.186886 724.682922 513.304462 0.015254 -0.005943
253419.465503 481.223810 278.370257 -0.003121 -0.011666
65064.939701 167.150764 484.782564 0.001754 -0.007021
1093948.624606 25.691486 434.593223 0.016610 0.010813
1570950.974510 477.089875 513.896404 -0.008897 0.012837
1433502.711092 738.254901 113.595469 0.019702 0.003920
779698.448619 711.758280 301.707224 -0.010203 0.010880
1707668.152502 297.666004 224.002454 -0.007286 0.011690
1161722.038482 280.475708 0.689970 -0.004414 0.015799
650195.260835 748.472381 556.030831 -0.018004 0.014026
1393276.303724 667.670724 268.060468 0.002112 -0.015477
534900.189626 215.531478 21.023986 -0.001729 -0.009468
1264731.390059 676.905191 91.365592 -0.014608 -0.016306
1848317.172308 790.785273 278.434056 -0.008135 -0.007734
512088.236637 702.180991 394.351364 -0.009744 -0.009293
1104225.446984 465.396405 121.948655 -0.000860 0.005241
107543.810321 140.002848 279.399723 0.000016 0.009132
1156781.673039 614.893622 598.080477 0.004541 -0.011016
520065.349769 196.819747 42.892472 -0.003473 -0.004753
327390.441823 269.709301 221.894313 0.005102 0.005371
1353004.063178 707.110723 306.964948 -0.006569 -0.014392
1558240.596931 709.325543 433.385320 0.019290 -0.005444
706633.334377 29.027152 323.756562 0.012771 0.001561
534505.464385 317.468540 182.924063 -0.009436 -0.019552
1061346.780072 419.643547 154.505871 0.004138 0.017541
1275778.349152 612.418535 164.502401 -0.019705 -0.004257
1816858.008419 547.165992 166.461166 -0.003177 -0.019284
837596.447597 159.421974 542.311741 -0.014378 -0.012766
537634.699856 395.929216 130.528483 0.012328 -0.007455
1509630.032587 60.112045 426.070157 -0.020739 -0.008289
1442342.147903 473.190900 518.446037 0.019147 -0.012304
1603574.954720 492.452492 575.705522 -0.016944 0.004951
706735.606634 787.727234 184.459984 0.005235 -0.003790
651319.147391 39.978312 362.561100 -0.010789 -0.012360
1573016.600485 398.606891 411.526616 -0.019878 -0.007693
1998835.487291 607.462196 229.891672 0.008384 0.012772
1445522.677826 344.824333 246.208752 0.003484 -0.003641
1207599.107738 311.277388 14.990761 0.002530 -0.001361
1297106.122271 733.572952 269.834982 0.018191 0.001912
1709409.523620 225.385264 358.927956 -0.001620 0.000460
1579454.636005 196.694320 6.077750 -0.000961 -0.009978
635151.660366 380.382810 5.337577 0.008019 -0.012584
1657542.871152 338.244548 369.206248 -0.010418 -0.019596
50074.195513 674.073115 239.532562 -0.017993 -0.003742
1728956.987955 558.748070 193.740782 -0.007449 0.006141
1741304.677791 135.050746 562.004912 -0.001255 0.005095
896425.988943 206.829119 524.658852 -0.001645 0.009361
248631.410417 620.707824 125.811638 -0.014671 -0.000941
789536.960791 769.530858 539.533961 -0.019587 -0.011932
1819863.026878 28.488214 26.478823 -0.007623 -0.016555
901731.744829 139.222566 470.683430 0.010946 -0.000476
878442.611954 515.272589 393.735253 -0.004973 -0.015489
569936.175165 658.879478 222.812079 -0.013645 -0.008690
212161.644461 226.576249 35.252490 -0.007365 -0.003284
1070836.321949 568.401323 227.837732 -0.002612 0.008852
1162154.364009 276.075919 454.401027 0.005036 0.006166
1685995.778854 61.403586 497.080569 0.005317 0.014020
631794.399876 53.743034 296.595214 0.018916 -0.002289
