120102.793966 630.549680 121.745064 -0.006076 -0.005539
269277.329682 300.458497 155.855853 -0.018249 0.015167
1260731.205931 301.942952 191.785417 0.013092 -0.002979
973263.179405 632.703966 573.059561 0.008529 -0.005925
1683880.506867 289.612162 229.586575 -0.016845 -0.013039
1760997.696668 175.132450 580.895075 0.011713 -0.019841
354965.669268 682.082540 474.885782 -0.004783 -0.011986
306862.422408 412.091430 346.383839 -0.003486 0.002369
913598.742761 34.686689 562.247690 0.011097 0.014842
723511.401901 210.400901 397.333239 -0.007314 0.019069
27418.055584 127.101411 203.396007 -0.004129 -0.010484
1026719.971107 221.770459 273.370691 -0.000716 -0.017202
919235.655535 527.487264 553.235619 -0.009943 -0.018403
247720.705461 324.036075 333.409165 0.008051 0.012693
229642.751734 126.007198 516.745592 -0.017950 0.017293
1463437.116455 330.508667 118.710464 -0.004259 0.009196
349002.480669 325.690840 533.740395 0.000796 0.011885
253345.397419 21.783306 48.640781 0.003305 0.000367
301882.374241 33.628604 101.151186 -0.017049 -0.008247
417897.793659 158.096747 419.505403 0.010568 0.015939
1032678.423930 703.183286 34.131133 -0.004919 0.017234
1981626.739717 86.823694 206.274492 -0.012505 0.000238
148080.320166 290.640745 545.834288 0.018531 0.015057
1426235.401736 72.150415 542.432481 0.011780 0.006907
826207.458426 756.149634 428.741668 0.003265 -0.019252
17939.873048 632.844574 129.662329 0.008291 0.002219
229060.592236 178.992286 260.604984 -0.013096 0.003981
729567.630556 129.529988 425.839523 0.008375 -0.006023
424191.899795 625.825760 427.987822 -0.015141 0.009797
1179453.697605 667.597364 501.571254 -0.000288 0.005141
1017047.714916 725.156711 344.268396 -0.011058 -0.000458
1184883.571782 186.308896 167.998349 0.012326 0.017637
1669257.284919 738.249221 98.314550 -0.009278 -0.016436
1530870.404807 506.893246 153.287508 -0.001020 -0.006336
1211583.405366 549.824166 75.105085 -0.007250 0.012368
1741377.547263 726.981737 385.927378 0.008272 -0.003868
544004.606336 172.252683 185.246521 0.013846 -0.002453
1594854.852927 350.297202 402.595118 -0.016923 -0.010137
1223177.906695 729.426466 101.616617 0.011001 -0.012907
527324.168257 433.096016 488.087385 0.000770 -0.019340
312490.830343 99.937676 422.438872 -0.009116 -0.002404
1025907.483430 121.163883 211.739344 -0.013742 0.014338
1509229.653286 342.320912 43.799027 -0.017610 -0.009165
1023852.793045 688.466319 427.692158 -0.012672 0.017505
1918069.081343 635.582728 509.639463 -0.014836 0.002817
59433.087734 314.180804 67.527994 0.013733 0.016467
257531.464220 800.229848 21.968885 0.013299 -0.008771
961609.428265 276.911998 259.690603 0.013348 0.000075
582120.371322 470.229670 558.350831 -0.005429 0.006031
408974.288222 701.287358 307.009661 0.016727 -0.017638
899929.745542 700.530108 512.211600 -0.008029 -0.019827
849952.291162 263.224980 237.992054 0.001493 -0.013090
617567.269419 532.543527 103.650390 -0.006174 -0.000039
907629.657959 661.432937 506.847444 0.015477 0.006363
693382.430213 141.997888 148.619456 -0.008912 0.001679
1797970.130014 385.209467 250.885053 -0.003541 -0.004073
955435.349120 688.796965 164.300998 -0.006717 -0.013578
557659.864685 605.683435 293.511140 0.007027 -0.008244
1324351.926951 787.947813 575.769807 0.013377 -0.006801
917046.023028 230.857781 93.826882 -0.007874 -0.012953
1632997.046985 519.518494 212.133934 -0.017459 0.017096
1790149.784549 770.378245 244.992764 -0.007440 -0.004999
1613713.184192 632.551026 141.010465 -0.016773 -0.015073
791753.703166 288.197841 527.666132 0.015412 -0.018578
347958.385175 437.727034 12.170687 -0.014651 -0.004668
701432.257286 473.857026 402.962010 0.000308 0.015822
1693039.169392 258.965553 327.027613 -0.012023 -0.004477
944105.254926 75.990294 210.686531 0.015270 -0.003682
1451122.988691 550.219533 119.612324 0.018432 0.010751
644142.737912 285.306473 76.844904 -0.011907 -0.010307
328294.663843 300.607461 473.807152 -0.012418 0.000405
344141.964030 428.464311 60.965210 0.013720 -0.018292
1995072.262359 551.819311 220.301240 0.001701 0.015576
1509670.835691 11.538382 590.660520 -0.015744 0.015801
783939.521193 665.380603 349.797606 0.003596 0.011718
702233.533702 730.453627 89.465614 -0.000819 -0.015314
783487.379916 514.688698 294.926926 -0.012723 0.013102
1976.599918 282.510482 217.882156 -0.015866 -0.012112
812477.567611 80.718124 531.961521 0.010924 0.005760
1551513.418346 422.414561 394.974747 0.010384 0.005359
1106838.468046 121.111464 279.484205 -0.014541 0.009715
516376.429478 389.690731 393.805063 -0.003746 0.018687
1541877.001311 639.422809 366.524999 -0.009513 0.019233
877046.727052 210.683766 200.533524 0.012087 -0.005351
1062152.807164 166.542121 280.461226 -0.003294 0.019274
220503.739184 154.801868 305.713965 0.010751 0.018115
285758.867062 257.521005 62.794837 0.004308 -0.001820
1694852.848395 693.278085 566.890141 0.000178 -0.009108
1823523.613542 219.349428 44.316996 0.000899 0.001460
109429.840049 768.406964 479.801093 -0.004446 0.010498
331166.874772 736.226487 582.405834 0.005302 -0.006515
1904142.131984 594.144621 318.578303 -0.001568 0.000440
967910.745632 483.221911 499.547154 0.003535 -0.011505
581591.096978 348.689018 47.674732 -0.010603 0.017539
706572.319710 118.057999 128.210044 -0.002953 0.006822
1499518.371885 385.490627 378.450538 0.001967 0.014847
785875.055374 571.671921 474.542717 -0.005455 -0.006113
257524.722376 252.809116 54.123478 0.006419 0.011126
1201976.699383 114.889328 228.697770 -0.002634 0.009287
1186503.038363 579.874793 101.372995 0.006861 0.018412
215485.423904 20.267228 64.890063 -0.007138 -0.001901
1555844.913030 56.727392 560.732314 -0.003681 0.004798
1610655.802121 641.012647 200.660668 0.003848 -0.013397
1363983.919548 580.325406 288.434334 0.010876 -0.004604
515601.680854 298.388608 317.344581 0.005551 0.012262
521772.659627 185.508746 319.155475 -0.002822 0.016148
984056.433190 429.709056 558.028488 0.003762 0.014016
764465.851134 302.397472 557.760850 -0.007329 0.011449
1098768.237559 97.843252 352.701448 0.014962 0.008784
1505133.839094 452.772885 266.021412 -0.010697 -0.006493
1656881.889169 392.880875 426.307640 -0.005686 -0.014810
1035409.796534 493.992345 216.806644 -0.018022 -0.018109
532033.862794 432.743073 350.297193 -0.012176 -0.014340
885049.308131 462.221854 312.022019 -0.005119 0.015776
611963.250959 737.216188 10.119110 0.015725 0.012218
1469794.933437 516.683786 223.214248 -0.012689 0.015391
1419313.830053 5.460828 222.373543 -0.003162 -0.005441
1001399.715897 750.892754 589.399486 0.014494 0.019476
57920.523946 102.945798 317.073472 0.004542 -0.007027
1340168.589419 44.367181 541.226344 -0.012400 -0.002902
1593328.125585 396.734726 209.144751 0.012534 -0.004438
308175.125303 438.476618 21.362948 0.000983 0.009087
1829796.170737 188.112946 440.161470 -0.008571 0.006237
194622.977727 628.810519 356.638795 -0.016831 0.005963
1163384.351490 86.164065 466.671891 -0.015493 0.009002
203536.384834 624.004402 466.509028 -0.019844 0.018802
408990.508136 640.485732 279.527827 0.002240 0.004592
1709918.606891 566.099216 96.901468 0.015665 -0.010656
1776676.395804 644.244347 280.685674 0.004836 -0.016376
248411.979642 575.409045 526.560046 0.008742 0.011926
1052401.075630 239.963332 543.655184 -0.007844 -0.003562
1254879.329007 324.332125 114.483512 -0.003786 -0.003601
322021.593490 487.207088 125.733451 0.004237 -0.014056
1647379.426121 385.710663 521.545593 0.019420 -0.005117
204691.412954 699.119521 106.329241 0.002812 -0.000173
536197.156895 555.621253 128.742518 -0.014191 -0.003470
25648.950611 537.533850 428.362943 0.016717 0.018983
247729.502734 437.039064 228.781458 -0.007405 0.018033
1580350.309415 380.282164 335.591520 -0.020000 -0.015900
1443766.372951 659.117858 350.771621 0.003663 0.012379
1912564.341869 554.641455 409.730663 -0.014665 -0.009430
357511.299829 321.206524 575.480926 -0.004331 0.001863
744693.135258 324.713971 130.985089 -0.016561 -0.007002
387589.365424 167.732565 523.054762 0.002985 0.000966
1645202.005117 291.719764 0.003552 -0.004709 -0.005387
205411.871060 83.539563 113.354465 0.007491 0.007830
1996032.971887 514.726974 233.682115 0.007390 0.010754
1306804.762830 688.021006 106.841531 0.004500 -0.009862
1450619.077985 788.171245 395.466436 0.017738 -0.017179
1969754.747101 110.334440 168.248816 0.013838 0.008606
1609086.544071 543.577776 45.861962 0.012190 -0.017527
883645.576836 726.020730 99.574829 0.005405 0.003717
1722771.757153 502.657138 142.445809 -0.009975 -0.007588
28763.775727 722.943127 101.794410 -0.012155 0.000585
845989.907554 734.146944 301.004483 -0.016717 0.014449
1143645.596292 54.227120 599.981741 0.014084 0.016948
1423342.375748 525.426437 361.949816 0.011520 -0.001559
1329764.171191 184.578600 221.439665 0.013236 0.014442
1926056.274178 553.486779 294.003848 -0.011985 0.017713
1598411.507718 172.356213 507.897605 0.018761 -0.003693
726058.746095 313.724461 195.474540 0.014563 -0.001022
375371.614646 348.669883 325.005148 -0.012561 -0.008534
932014.105344 718.771551 566.907577 -0.017191 0.007318
811741.037672 587.537195 550.777744 0.010982 0.002612
1557690.799962 589.877804 154.523679 -0.009265 0.017519
399385.155365 53.722715 91.625266 -0.018142 -0.018549
1122038.441301 327.727699 256.781918 0.015479 -0.009079
1805346.826001 59.599518 425.675501 -0.000013 -0.008283
1995636.369100 728.787559 96.650309 0.017698 0.019287
1695958.700821 278.840987 428.190614 0.010640 -0.015088
558004.577904 435.795005 516.449958 0.001449 0.012515
1597187.265566 588.895851 528.554965 0.018078 0.011279
1833981.536251 410.178460 114.739436 -0.006187 -0.004003
929917.220459 198.090527 284.666204 -0.013094 0.007645
1471826.909795 138.271621 361.587939 0.015863 -0.015402
1165988.196230 595.396103 277.967603 -0.008144 0.000415
1172216.120722 460.829115 32.731789 -0.002163 -0.015500
1736107.381869 196.244478 508.498174 0.009948 -0.012143
1259741.624473 532.737559 425.532140 0.012849 -0.019570
218963.730251 229.000062 155.229908 0.003354 -0.001583
1902503.935575 255.731655 379.814268 0.002177 -0.011349
1496596.111682 109.669921 576.242695 -0.011545 -0.002639
941537.357374 638.156828 6.123470 0.001048 -0.010215
245239.558744 315.384419 293.308521 0.018818 -0.014296
1372376.816986 480.198138 484.817526 -0.004167 -0.003136
1637971.852737 404.071277 424.356156 -0.016947 -0.016401
337179.376901 23.409317 245.323947 0.012103 0.003340
1249672.392965 440.250427 432.589515 0.003398 0.010461
310196.676436 44.636615 335.743769 -0.013369 0.003283
1607296.809371 230.431958 585.239259 -0.008262 -0.009675
236307.595035 783.573024 515.327918 0.017045 -0.004983
561161.337682 596.545635 528.539463 0.019497 0.012917
1939371.158341 125.439499 511.522313 -0.004859 0.018358
870700.636353 2.400748 305.512504 -0.013744 0.003547
541779.813609 249.132286 386.804451 0.013234 -0.000910
453110.709066 507.006902 459.264197 -0.011918 0.017072
47266.968548 256.574615 543.437764 0.015300 -0.010156
562186.379247 130.356035 594.910411 -0.013532 -0.013955
1629854.769274 105.159621 185.081309 0.006681 0.000388
534606.907766 82.019502 307.672205 0.011059 -0.009666
203362.833803 37.993379 341.928859 0.009840 0.015152
92345.910190 778.565426 306.772911 0.012435 -0.012993
877177.283576 667.695431 297.485055 -0.006211 0.008690
1484435.888699 500.725666 528.588643 0.009364 0.011489
64404.659935 439.142057 550.980067 -0.006350 -0.011393
856791.879449 486.676523 190.890856 0.017650 -0.004622
1153201.109335 34.269254 259.179215 -0.014187 0.011616
618554.387530 153.996927 457.133580 0.012841 -0.019873
1875266.974734 207.576913 502.927593 -0.002685 0.004171
1111007.126566 140.282906 138.190653 -0.002550 0.016398
34336.430968 374.993577 275.313071 0.017729 0.006212
1349224.196444 291.695604 250.052440 0.019707 -0.007777
1602661.077679 455.413152 209.428011 -0.010668 0.008595
276647.354605 434.069257 544.561534 0.016150 -0.005500
1822198.850020 670.908655 373.466527 0.009957 -0.009129
453696.245539 243.726378 268.379070 -0.001716 0.009660
713133.517985 379.307097 125.459499 0.012605 -0.003609
36437.158490 391.786720 464.298548 -0.002726 -0.000653
159010.190591 189.172535 31.290288 -0.002859 -0.001212
1535456.720523 453.423095 7.013771 0.007014 -0.001281
749811.288319 469.615562 183.386564 0.019882 -0.006551
1154889.427663 179.239896 384.410864 -0.019011 0.007233
762647.938338 304.887868 92.798707 0.003623 -0.012145
1129345.827331 486.884657 411.284530 -0.006487 -0.018272
337378.635228 334.229283 168.522467 -0.011167 0.013858
1499918.929068 791.063534 247.889103 0.010421 0.006594
1760744.261444 109.056206 150.155184 -0.012552 -0.014647
1172923.453698 610.731084 215.400001 -0.010936 0.011533
79642.974809 486.397751 101.279294 -0.012204 -0.012042
730713.756164 607.296863 484.242385 -0.017945 -0.016078
1702955.846536 175.783103 309.595770 -0.014708 -0.002373
724785.897287 705.717442 257.814975 0.011029 0.005753
187236.443249 524.471035 468.348829 -0.006229 0.013674
1828784.213322 744.450636 363.112360 -0.009205 -0.013510
787390.226865 250.348014 459.581190 0.002499 0.000278
1929498.061505 742.746455 160.668724 0.010773 0.019201
730520.102536 499.273565 119.940876 0.015242 0.010367
1281053.293162 194.673528 382.237890 -0.017200 -0.019243
562426.321470 130.632677 404.879018 -0.017527 0.000296
1033437.869061 780.371726 263.064562 -0.015113 -0.010065
1192859.900739 412.699875 336.747354 -0.005502 -0.016840
138898.690296 261.598245 3.943114 -0.006523 -0.016009
1973181.982512 561.331739 433.968519 -0.012558 0.003325
957790.512106 661.111843 496.458224 -0.015333 0.015870
1692076.045876 318.196047 36.238553 0.000832 -0.001631
1136829.509929 29.696337 260.715365 -0.019636 -0.013618
1367539.427880 482.684396 405.826577 -0.010182 0.018652
1509350.044424 252.141828 175.968377 0.010440 0.006086
785056.476847 598.373961 212.439459 -0.015369 0.017386
1873643.585422 475.869383 456.876655 0.010549 0.008439
1315983.134935 488.017190 65.053813 0.008765 -0.014750
1135951.929323 229.136517 100.780764 -0.019871 -0.008249
656102.584980 548.987688 538.843209 -0.019844 0.017284
1727078.126616 606.614535 148.284219 -0.013743 0.000823
1797488.349396 439.166493 161.259390 -0.009897 0.006600
406141.346510 151.625614 156.010149 0.018573 0.018120
1941231.998588 497.532332 337.543103 -0.016819 -0.006377
1386830.762674 518.203468 376.644289 0.014462 0.006007
1843128.023596 151.959306 201.987758 0.012774 -0.012249
538331.757550 546.152156 571.512317 0.000654 0.013557
944807.663069 332.187162 233.211142 0.009498 0.006633
106756.882792 755.109843 514.161862 -0.007514 0.016339
1618777.323337 226.702122 318.276404 -0.005104 -0.005374
1742666.514471 52.447198 6.532862 -0.000040 0.017098
1321460.731012 336.716183 69.931999 0.019901 -0.010405
620834.287545 213.352583 553.562473 -0.009486 0.011313
1523195.320518 587.717390 118.906857 -0.014005 -0.000954
1731081.362688 162.929138 251.998500 0.008895 0.000657
656632.629529 425.363998 480.177260 0.014356 0.016133
325566.043298 583.987065 581.271399 -0.013075 -0.010844
1792559.657149 666.789007 390.008448 -0.019482 0.013247
1778465.217808 259.056219 59.180805 0.012425 0.003484
1763427.173609 458.191731 192.785094 -0.017195 0.009230
1593951.392730 756.171953 556.115981 -0.011316 0.006662
886016.743670 436.037917 119.249487 -0.010330 -0.003824
204796.643092 324.199727 80.736677 -0.017153 0.003079
727276.621725 773.883441 247.956741 -0.019548 0.019184
488690.041233 721.893038 182.825074 -0.006277 0.008562
1781116.410057 179.475029 172.136386 -0.011508 -0.007822
20635.784613 7.167419 149.793448 0.017489 -0.010975
1834876.302553 303.728895 462.568582 -0.015341 0.004928
350019.654422 174.824924 16.926013 -0.007617 -0.008387
1214501.650638 538.162833 154.911148 -0.019202 0.007473
477760.385944 211.472125 353.408994 0.001748 0.004283
605806.972182 347.182108 499.165968 0.003598 0.005809
272576.070518 480.194050 392.477206 -0.004557 0.001505
1759240.741729 243.063179 550.335973 0.006004 -0.003235
1080301.612187 660.396330 382.962733 0.002765 -0.014599
1857771.559552 140.466299 484.610810 -0.012505 -0.012176
988850.145130 340.299854 276.393233 -0.016669 0.018758
134591.829094 309.252496 242.116031 0.015976 0.019039
96963.198901 28.428531 345.896207 0.008183 -0.003139
227820.812831 465.425043 435.005999 -0.018756 -0.010702
290631.014058 457.301808 34.579660 0.011412 -0.014441
385931.693197 569.969249 189.779577 -0.019987 0.015992
1023297.854244 396.668330 195.346153 0.018854 0.003198
589125.026292 31.383942 579.281221 0.007923 0.017494
1882412.602139 596.829048 584.057810 0.000701 -0.002074
790218.714061 505.097760 18.578249 -0.015184 0.006533
526777.357108 212.471386 140.275089 -0.007129 -0.018000
748590.766801 411.654564 457.598213 0.007599 0.000606
1324791.236466 161.763627 6.273416 0.019519 -0.013047
1179151.767483 225.992589 127.894622 0.002188 0.019212
301466.356172 396.336116 435.265097 -0.015010 -0.019478
349183.755158 415.261410 387.239105 -0.011776 0.005605
616335.581344 375.034262 543.503122 0.001709 0.011580
1910511.639859 733.570741 182.832465 0.008708 0.004278
1640005.631205 304.467399 485.122258 0.013255 -0.005301
1964468.728734 336.117602 390.702169 -0.012199 0.018996
1261209.360911 276.357227 282.396625 -0.005741 -0.001192
968463.258337 424.703590 593.638834 -0.014823 0.009446
1257770.379660 350.132506 123.527046 0.001331 0.019230
1991034.577596 391.577330 537.931541 -0.007999 -0.011714
1007596.648767 95.968250 353.018405 -0.007046 0.017974
1912045.142572 235.851839 222.811163 0.004267 -0.000415
692628.538559 189.999135 501.137787 0.010545 0.003304
609848.141023 240.850636 74.986835 -0.008231 -0.002770
1723251.459991 738.047333 520.978285 -0.017335 -0.001708
1696924.347289 50.143355 568.085418 0.009821 -0.005530
309029.791648 199.488520 289.661338 0.009668 0.002406
867302.640745 558.916562 513.681726 0.012190 -0.007809
691843.061099 120.842222 325.689198 -0.012806 0.018690
272265.500516 388.615680 161.942701 -0.009550 0.011203
1400582.436193 98.301719 421.561317 0.002854 -0.012372
320566.674844 333.407736 151.105603 -0.015710 -0.013503
1229627.376064 209.134471 246.618470 -0.016077 -0.019844
1946485.269790 425.056846 421.301365 -0.005242 -0.012620
15066.369444 140.455114 292.405595 0.002000 -0.005747
911695.870064 548.909143 505.842415 0.009029 0.017881
1245159.992597 340.456819 42.313071 -0.006791 0.019955
519428.529087 388.666477 246.939656 0.000427 0.003783
1147820.552414 101.744745 512.713633 0.019419 -0.011039
1717933.562453 767.047896 453.461295 0.002474 0.011500
183230.377819 455.260520 578.067458 0.003166 -0.015269
640928.558372 27.743845 483.033885 -0.013468 0.010366
1503776.668340 628.701832 111.403161 0.012861 -0.015543
360957.489517 65.304598 358.241856 0.003689 0.003730
380073.533570 132.361982 431.913078 -0.018214 -0.013978
1889061.825298 723.214463 66.046370 0.008005 -0.001368
1796955.322752 633.516968 20.505940 0.014490 -0.005171
306282.549308 146.580004 243.299651 0.018335 -0.006176
332156.324914 567.726395 78.889456 -0.005919 0.001287
485168.456326 426.375305 367.644530 0.013338 -0.014970
413343.113108 23.962243 173.981798 0.017087 -0.017016
883643.182406 697.204503 587.032785 0.002076 0.002836
887249.075289 360.317688 217.676634 -0.000891 -0.007469
1467432.667253 504.623539 297.426735 -0.014417 0.003560
1682910.725327 244.705527 179.374586 0.018939 0.006311
1660796.624450 172.349129 113.901085 -0.002247 -0.017786
629926.086697 520.267883 50.822116 0.004205 0.003097
318150.466456 37.548064 269.249044 -0.014188 0.003950
40123.955365 464.723220 29.455217 -0.004702 -0.017589
724761.667999 93.678972 413.859446 0.014323 -0.009775
558074.092752 559.609623 337.112113 0.003111 0.006886
438651.350531 326.504182 532.943753 -0.003839 0.014254
1885724.248311 579.382620 301.098139 -0.018901 -0.006810
158400.153815 149.260688 226.262545 0.001125 -0.007018
1952982.963972 437.988592 543.261663 -0.018952 0.017254
1927788.328346 310.885145 28.478739 0.006176 -0.010120
607879.136041 746.636411 567.551701 0.014626 0.000445
1236504.919471 67.940132 551.397409 0.000248 -0.000238
1541570.438790 358.998769 131.522693 -0.009101 -0.000954
1098586.873663 281.905106 398.047182 0.017060 0.015190
1973812.054831 722.745145 256.943588 0.015667 0.017268
717421.361579 684.525947 190.600993 -0.003737 0.000390
1128238.588166 568.332766 265.648131 0.000400 0.003046
1906900.824936 102.880997 396.645958 0.014903 0.005383
311031.282093 514.503676 50.272742 -0.004992 0.016657
1119457.958787 739.042080 161.079789 -0.010929 0.014007
295815.608602 167.739055 451.963944 0.003018 -0.015957
1365835.790227 747.142483 574.204080 -0.019984 -0.006395
933742.419320 452.039298 30.446962 0.016394 -0.016990
1254474.420685 690.237720 121.962518 -0.008476 0.009413
1674721.783807 355.230791 227.423350 0.016826 0.012738
589441.845468 384.361362 445.618235 0.002533 0.008118
1186208.380939 568.446174 547.476669 -0.006131 -0.008546
28320.921598 24.131303 132.095332 0.018863 -0.018784
1123059.363627 350.655795 356.909697 0.004454 -0.006073
1339490.994503 192.260416 126.459780 0.014914 0.001140
1892333.765464 567.962300 583.192184 -0.007086 0.005277
1580513.963280 495.669610 66.482430 0.001280 -0.012689
1628540.167412 100.816278 535.800188 0.009077 -0.001103
358744.990248 592.841321 301.597677 -0.004014 0.008496
1065496.480589 769.024662 90.478932 -0.014906 0.002960
996930.964755 638.160009 488.740871 0.008370 0.006812
685065.261407 524.163330 228.553775 -0.007518 0.019183
22284.613001 83.439522 359.950959 -0.014967 0.005282
1564209.169505 749.387639 458.014336 0.006991 0.006545
471659.941818 683.772339 242.649648 0.009528 -0.009806
234378.384535 216.635912 129.641693 -0.009262 -0.004037
1581110.075852 613.166461 117.755830 0.004194 -0.000967
1733102.233956 757.791871 78.394415 -0.010133 -0.009515
222272.466972 206.595943 219.788388 0.008443 -0.004778
7593.072023 394.588180 189.945421 0.010697 -0.013221
1961038.188991 2.156397 13.756785 -0.004582 0.009650
554464.627316 401.921532 7.410217 -0.000263 0.010833
821613.773155 227.252001 322.275379 0.004159 0.015558
24485.756655 378.669424 501.968300 -0.014269 0.008817
196372.594776 203.424538 587.498805 -0.001418 0.018580
718005.964867 374.869442 274.748468 0.007024 -0.010300
1252709.545778 525.287374 142.599208 0.005954 -0.018325
1958473.456073 741.329568 326.408055 0.019639 -0.003218
628831.249023 321.908513 421.837089 0.014047 -0.019637
1185057.482303 690.618687 289.351337 -0.002857 -0.019730
406775.272641 421.438430 156.832822 -0.012794 0.019573
452064.211691 432.942362 275.892221 0.007361 -0.011335
1391094.198167 248.781067 524.394083 0.017297 0.018353
1830316.959801 730.354428 531.785222 -0.001630 0.016154
610994.441719 618.604075 183.887115 -0.019647 0.004988
631021.334152 481.529990 292.540221 0.011886 -0.018679
989235.750860 1.553350 334.350953 0.010234 -0.012652
1098658.789461 784.837200 434.967365 -0.019638 0.006629
1883467.686308 564.238160 585.887191 0.012683 0.005491
1871849.530317 584.504666 330.831135 0.012870 -0.012426
911993.535660 101.993315 577.726235 0.010525 -0.014566
1176139.691461 61.979948 443.087315 -0.016944 0.015035
1537174.407177 456.515947 526.616575 -0.006946 -0.006942
123261.179832 700.626097 184.889105 0.011560 0.015226
1946848.674653 582.806524 354.050416 0.017986 0.001723
457599.283409 708.729021 164.342420 0.011217 0.008297
926562.791190 189.196348 501.169747 -0.001311 0.020317
1942178.605097 11.863836 45.744538 0.008380 -0.016365
1905775.863633 382.406241 397.183439 0.013248 0.012157
1975712.466974 713.788536 407.799099 -0.008235 0.007159
1128937.655654 214.949865 243.955358 -0.013852 -0.011235
1900458.380534 306.450713 62.406476 -0.011052 -0.013436
1623668.112617 549.841547 239.964083 0.005855 -0.015458
798515.523224 494.081431 76.921272 -0.000968 -0.006934
438456.544857 343.350698 482.519334 0.015183 -0.009698
1216805.763178 694.817713 91.000606 -0.008490 -0.013415
1661706.700764 681.682526 259.611598 -0.010491 -0.019720
1303971.794110 150.577228 234.020515 0.010264 -0.003521
1107963.914568 454.889837 59.243278 0.018173 -0.011407
425643.800956 282.788003 499.655096 -0.006690 0.013400
318262.858465 448.683236 155.033329 0.018553 -0.002317
1036196.117772 457.727645 186.254914 0.006820 0.014481
948553.069005 401.088036 427.487148 0.016346 0.009482
1438074.149861 447.343502 555.937373 -0.015629 -0.007453
677338.477540 530.480757 530.554217 -0.002495 0.004698
197747.041563 520.746123 583.030182 0.017236 0.019663
1601492.672973 71.998371 331.032594 -0.017636 -0.017828
1987075.958395 461.704525 375.425781 -0.007842 -0.010081
971748.938305 622.048847 449.204658 -0.012076 0.007410
974474.447302 733.632657 146.595306 -0.003444 -0.018933
1121549.802423 602.107910 413.451389 -0.002206 -0.012388
613932.794246 434.862163 504.570239 -0.008867 -0.001004
1665525.531241 63.010272 338.987767 -0.004551 -0.014501
1238773.710671 302.652886 429.345264 -0.010183 0.007288
1925637.924078 585.156234 276.240702 0.008452 0.017187
290519.337305 158.737284 507.951484 -0.004382 0.004498
1745488.432117 760.768459 219.055255 0.002470 -0.004184
1111265.337612 695.250927 563.500240 -0.004194 -0.014008
829182.160473 183.832504 135.758067 0.019214 0.004577
728391.627189 479.209124 595.984417 -0.016846 0.013737
1349985.243450 33.651278 345.791420 -0.014564 0.010156
1010733.056353 224.023352 571.423471 -0.005921 0.006804
1129411.861826 179.951288 372.916572 0.017206 0.011478
33999.050983 388.760705 393.809633 0.018706 0.015297
1606354.705806 296.604892 66.819670 -0.018806 -0.005953
1451822.744427 314.955276 570.298663 0.008759 -0.001045
1590584.168020 314.962029 309.287039 -0.005147 0.001145
538209.161040 701.154502 485.133428 -0.011154 -0.010861
958317.440449 628.512209 271.993849 -0.015989 0.008642
479655.517489 94.157996 120.578629 0.015842 -0.017031
167238.956395 558.919327 267.212514 -0.012181 0.009130
1592486.357127 737.025968 73.132814 0.009861 0.005613
1189583.299304 433.381096 20.509117 -0.015565 0.016555
1124831.962923 303.383828 474.109433 -0.005172 0.004017
37146.621401 680.335510 232.277498 -0.001135 0.018041
205026.889315 569.043773 40.966569 -0.007863 0.004299
284161.461650 310.131757 183.731573 0.003490 0.003328
68690.410847 306.493375 302.033072 -0.013752 -0.014789
287411.349028 600.466937 403.600139 -0.012905 0.014452
1171263.018237 591.774517 143.995664 -0.004976 -0.015535
1682127.158941 315.228266 577.186103 -0.010886 0.014584
1824708.168313 264.481279 346.528617 0.019217 0.005362
369206.509725 98.064345 13.192016 -0.000371 0.008400
1208981.916871 419.786212 56.030205 -0.015660 0.007255
446720.970071 201.883712 259.154928 0.015815 -0.002828
586212.983628 385.016649 101.796109 0.001339 0.014289
560717.814863 299.510378 150.797499 -0.010335 0.004115
234257.601311 123.549279 559.228360 0.007790 -0.014615
1133248.557864 703.361132 154.328464 0.003534 -0.005194
1934248.125150 153.983066 536.816407 -0.017579 -0.007948
1152133.833222 226.586225 331.684087 -0.019683 -0.012893
1965200.129880 240.703001 396.538420 -0.013888 0.013379
1034901.121182 345.952018 125.724076 0.010797 0.006930
1623246.405098 708.801112 497.088890 0.009756 0.003210
1926329.093951 248.379631 275.938454 -0.011180 0.015962
1658576.383096 150.277678 54.992281 0.008974 -0.010075
786221.519479 240.531904 318.833202 0.017824 -0.007679
1421758.733421 743.023165 365.426642 -0.005011 -0.017004
888519.625593 711.178254 307.874811 0.006043 0.006244
374128.679919 371.842307 325.774045 -0.019383 -0.011614
247207.860577 782.951530 311.810382 0.003306 -0.012040
838233.393076 329.871921 231.828523 0.000584 -0.014449
1269501.125100 723.103585 262.338489 -0.013751 0.014610
1490342.234955 701.691312 467.435815 -0.005824 -0.010056
1720173.599068 639.082057 82.450079 -0.005105 -0.001881
1589947.016719 447.963667 550.723460 -0.006477 0.003053
254199.274003 369.597773 332.183944 0.005896 -0.018208
1506623.924480 52.748858 274.396880 -0.014400 0.003090
1187558.641279 619.564157 289.194613 -0.018783 0.017648
663885.182079 620.346292 490.821557 -0.015548 -0.014782
134186.233456 776.898635 557.553413 -0.011837 -0.006224
763995.101100 799.491502 542.590266 -0.008026 -0.006495
960104.740672 341.182981 479.509145 -0.018613 -0.017010
1689167.128731 629.886718 84.452916 -0.007909 0.017115
1435140.350571 716.272907 421.797048 -0.012036 0.017047
1287450.956780 424.923876 421.415606 0.026325 0.014866
1664884.491668 423.607086 368.361707 0.010546 0.009344
1916152.068375 115.350840 439.991076 0.014444 -0.002266
142374.806172 274.363285 522.238278 0.014833 -0.004930
1889104.925044 572.067570 98.293999 -0.016636 -0.019300
184043.514628 642.110899 547.375794 0.011782 -0.019931
1678137.485719 350.628432 319.735342 0.001627 0.016040
349432.717240 298.984262 257.578954 0.011523 -0.014601
327130.583267 597.441914 167.615629 0.015873 0.004361
1445781.852792 774.573767 571.238063 0.003728 0.013549
657045.848974 430.381299 332.750036 -0.000285 0.004916
1143416.638087 467.929568 255.024299 -0.000619 -0.004819
853229.746620 259.234562 490.872642 0.018361 0.014571
1436276.935710 106.764784 143.191669 -0.014062 0.016923
747046.145027 249.244471 400.958472 0.006107 -0.011741
555282.349025 300.330440 106.230254 -0.010825 0.018765
31011.744417 446.317469 303.925028 0.002801 -0.017974
259713.421697 113.362742 381.486599 0.002206 0.005056
30230.289339 785.551485 570.232513 0.013300 0.017655
1629124.594680 440.453088 44.811552 -0.017894 0.007952
1993199.337271 341.114553 5.849563 0.006605 -0.016819
437214.899080 754.201421 272.565302 -0.004214 -0.013116
847463.854052 328.796053 438.328378 0.017226 0.019223
1561464.248021 48.461517 73.415131 -0.003336 0.004616
1496915.452879 345.347672 358.238785 0.007971 -0.009429
1076064.875850 410.396555 489.214256 0.004501 0.002612
1028186.607653 487.287438 594.968672 0.000954 -0.009052
141764.248787 594.366308 130.029035 0.001010 -0.014469
778578.041484 759.150581 329.467738 -0.015249 0.015198
1058486.954802 720.114898 564.299804 0.005964 -0.007228
1112790.978101 319.701121 448.475495 -0.013853 -0.016073
24501.685065 553.638694 366.560646 0.013095 -0.007835
353571.678676 273.070881 548.258629 -0.013259 0.014625
375264.103699 191.568756 365.517694 -0.003808 0.010608
1493884.026769 635.101448 428.895074 -0.008189 0.016529
1188817.119779 659.911969 487.993015 0.001404 -0.000931
259519.063057 73.473000 525.576268 0.015124 -0.010180
1949033.547169 712.006334 562.357335 0.003446 0.008703
482529.103981 609.731161 35.753679 -0.013820 0.017254
1850091.109914 273.814526 102.571794 0.001375 0.009874
1871495.037280 224.806717 324.686829 0.006084 0.002981
908785.677938 195.442290 241.005781 -0.009283 0.011201
1755362.652128 318.176886 522.526026 0.010157 -0.008995
232765.271437 582.451616 98.942285 -0.017980 -0.007355
1765166.354256 236.032631 45.920789 0.017671 -0.002015
15434.920795 693.153260 474.833028 -0.012872 -0.003987
1077013.659792 91.014951 409.103186 -0.016816 0.010585
516053.778360 427.276224 5.448540 0.006381 0.012092
1576709.125925 429.759783 119.375247 0.006400 -0.008352
948767.654108 620.795568 11.898152 0.005587 0.013186
667159.362075 417.605248 74.330202 -0.003591 -0.001444
1146380.339352 334.218643 198.354268 -0.005383 0.003856
1462269.868451 722.499375 426.579241 -0.003534 0.019283
949273.004639 536.544587 309.915200 -0.000661 -0.006815
636841.273232 217.390732 520.580671 0.000699 0.017245
316267.470045 793.380008 424.343898 -0.012915 0.005279
1072709.865436 409.041634 92.446013 0.006413 0.016865
1234697.917120 187.086780 203.603735 0.017920 0.003934
1871003.135047 543.271588 300.535609 0.005838 -0.016338
968257.898916 96.091928 457.468184 -0.019888 0.004196
184803.100389 255.735200 525.616338 0.018344 0.013472
1613704.762242 94.147130 497.196087 0.000559 -0.008183
920804.219749 40.316281 483.996721 0.004704 0.008383
1455508.939668 184.772833 566.205260 -0.017316 -0.012833
1084419.887087 1.669592 514.982174 -0.018241 0.005934
1899527.167855 422.309400 461.382697 0.008470 0.001130
745706.753221 643.418686 508.878104 -0.010092 0.010554
1369434.811813 44.284740 529.068939 0.000557 0.002780
353913.564400 779.547524 371.808519 0.019312 0.003529
660308.989072 568.747310 491.802138 -0.009041 0.011122
1997036.600484 653.375410 468.604955 0.014266 0.014403
857968.969670 644.921992 232.625529 -0.012087 0.000741
1832483.595159 456.807501 194.016321 0.010989 0.012477
174050.590104 359.352502 525.087421 0.018757 0.018489
887791.815627 116.244462 561.591587 -0.017448 -0.014847
1048845.100705 314.795347 504.229381 -0.006250 0.006702
1236598.032171 273.761970 290.335407 -0.004037 -0.012063
688449.854352 662.461388 2.884368 0.009265 -0.018956
1047717.716101 518.764123 357.884321 0.013892 -0.003499
831685.772553 746.958404 516.882815 -0.008413 0.016113
1646809.537731 587.660493 29.180508 0.010390 0.011925
354697.854423 227.059222 114.961888 -0.019289 0.005133
1718570.137265 508.560760 581.859539 -0.006270 -0.018626
338487.908402 549.974845 517.506663 -0.013008 -0.003229
1776805.868268 558.755545 40.722085 -0.000608 0.001827
960078.654327 720.544999 287.300504 -0.006540 -0.012432
763596.911339 131.512039 555.669862 -0.002777 0.016990
1446903.674606 486.239036 125.194548 0.016800 0.005133
1673049.761761 619.566013 156.222154 0.012248 -0.015286
591079.477496 780.620808 483.038539 -0.013688 -0.013978
450261.526019 37.094091 509.498882 -0.008266 0.001259
788880.985598 618.649004 259.140005 0.014941 -0.015432
1247242.441982 204.378974 167.218793 0.001991 0.007423
405506.701397 218.098006 175.558130 -0.003541 -0.012440
1835863.754077 198.009114 576.770253 -0.012853 -0.017829
159031.381905 379.693366 18.505974 0.015401 0.005308
362722.217274 87.766965 407.317630 -0.018672 -0.003822
420997.232395 340.043596 105.491606 0.005781 -0.007934
580167.091722 213.220120 332.614576 0.002770 0.012613
479025.265425 617.078946 52.827447 0.001294 -0.012687
552036.800679 360.139495 258.314139 -0.010478 0.005123
969986.005207 253.877439 61.850423 0.000705 -0.011928
1471710.388303 557.576480 187.616034 -0.003401 0.009150
1430984.936390 500.533366 91.317750 0.015655 -0.009268
902052.609670 144.958100 320.955764 -0.019791 0.010005
700700.571156 195.583320 313.100324 -0.002450 0.011072
1408199.004553 571.571459 136.755443 -0.014616 0.018109
1713095.736556 495.892828 161.705077 0.018408 -0.014601
944491.339356 556.862125 499.047302 0.011381 -0.015570
1119457.834922 400.281467 441.517556 0.008486 -0.004348
8319.607940 130.602211 343.772324 0.001557 -0.013271
647061.014849 711.557099 247.543511 0.013806 -0.006857
379545.065751 439.257807 25.741582 -0.003325 0.007332
1990576.603445 218.816081 181.667122 -0.009388 -0.010664
876473.971119 589.812003 557.733687 -0.009186 0.000887
80381.552726 664.320039 13.413892 0.011036 0.001696
828036.629980 624.608573 423.218604 0.019507 -0.007212
1747623.103553 248.560802 124.731561 -0.008535 -0.013754
1072386.123739 381.138875 423.317392 0.003185 0.015739
777386.485961 459.470434 100.587578 0.007654 0.013584
801906.589792 103.895594 346.043688 -0.006794 -0.003965
197987.358178 296.277268 138.120955 -0.015153 -0.014131
1545926.498969 428.242469 556.332266 -0.000669 0.001075
492654.834172 281.849173 500.230962 -0.001515 0.005354
1978982.283724 792.777580 69.219457 0.007768 0.002804
17631.095842 66.382727 86.506298 -0.012956 0.010999
1966499.848276 461.665183 543.309470 0.002995 0.015652
611006.784537 527.303324 167.102981 0.001451 0.011211
850069.038966 247.158463 189.630396 -0.005916 0.011501
1676786.882652 478.962155 83.666405 0.006885 -0.017867
1557780.060711 529.429322 26.281093 0.015765 -0.005743
1227310.625476 722.573687 263.265703 0.010678 -0.017480
428616.731627 592.348115 393.511730 -0.015226 -0.007965
1127178.874392 340.130068 576.299348 0.013665 0.018426
1480731.590409 213.136558 162.115995 -0.017758 0.004778
115335.758829 715.372726 130.597135 -0.012097 0.002659
541498.807511 781.085769 136.983205 -0.007425 0.014830
1167776.423119 742.367732 464.338752 -0.019066 0.007415
1705487.274428 189.979185 255.892235 0.000336 -0.005720
1455042.508177 58.062739 469.304835 0.007512 0.016568
1485351.840726 341.945198 108.583888 -0.019517 -0.000648
1600046.444498 55.985385 226.888907 -0.019286 -0.009274
1889695.885540 230.459498 146.798554 -0.013087 0.004133
230475.999522 605.559955 319.062364 0.015531 0.011184
434670.210087 593.431900 10.170096 0.005758 -0.009963
748135.628527 296.968935 193.438844 -0.013710 -0.017655
474188.291689 718.695213 292.394239 -0.003294 0.016339
1941577.332067 174.382894 588.759122 -0.006023 -0.010621
499196.726130 235.237926 314.422281 -0.000246 -0.001314
254300.674542 487.615132 134.033355 0.006354 -0.000086
6325.354803 700.414154 143.994845 -0.019183 0.000812
980919.682878 315.792032 534.892091 0.012543 0.001987
1900851.625903 40.325409 269.181883 -0.002551 -0.001266
719689.197242 326.342109 412.172227 -0.006341 0.010292
1844748.197982 472.774012 30.506030 -0.002160 -0.016578
1036199.990211 459.047021 416.537635 0.009650 -0.010734
385683.919483 595.676460 65.062206 -0.002692 0.010614
1256102.471266 738.628845 95.880091 0.000700 0.009743
1419511.694191 375.688450 472.541328 -0.013643 0.016267
511292.832210 414.925127 189.397762 0.017690 0.014396
145034.134456 691.481041 270.291033 -0.015048 -0.007554
1071721.370831 513.364533 530.754912 -0.010795 -0.004669
233847.819378 338.402625 77.097066 -0.011016 0.014221
1786277.592083 682.174716 467.504801 -0.017900 -0.005092
1031918.257955 609.797730 505.787023 -0.007877 0.016828
1499349.890975 446.662451 263.472753 -0.017367 0.000058
597617.807145 110.124583 219.245423 0.009996 -0.009542
1353622.215499 228.340861 541.941743 0.002465 0.000630
573296.933702 542.709957 563.687975 -0.003405 0.016138
1590131.532210 246.348897 453.876574 0.002992 -0.005565
258416.177825 72.604132 73.696777 0.018867 -0.004268
87595.200207 577.088547 571.463890 -0.000685 0.011451
906233.425674 625.601935 554.264016 0.012749 0.001245
370032.188655 396.204703 489.659727 -0.016463 -0.017727
664767.085884 299.747733 441.567222 -0.009138 0.011579
1278253.811075 53.098630 58.589644 -0.004146 0.005629
916040.443311 420.021468 438.716032 0.003230 -0.000148
249204.321880 499.521810 130.547805 -0.016938 -0.015702
8661.484350 424.159195 533.542750 0.017138 -0.006054
841302.204338 90.285445 506.338007 -0.010493 -0.011964
1802783.200425 455.811543 345.956855 0.005478 0.013642
731632.451868 220.878426 544.622974 -0.001439 0.006862
1096714.972098 736.905903 118.101854 -0.008814 0.000006
1386984.768969 323.610865 76.224983 0.016466 -0.000753
469499.863903 732.424490 6.656451 -0.015020 0.013782
718651.906922 435.645625 574.400168 -0.011854 0.011257
316653.122342 84.132641 211.198493 0.009688 0.009412
385530.231700 79.998000 10.899108 -0.015988 0.002559
1379939.433830 519.171177 291.278914 0.015444 0.017152
1974529.288697 463.970130 199.398823 -0.015467 -0.000361
1626419.535664 279.487037 244.588501 0.012968 -0.001067
503204.831157 146.384093 10.754374 -0.011636 -0.004516
1600260.999799 293.308527 294.779506 -0.013929 -0.015945
467442.890847 275.522002 121.046867 -0.009921 -0.002203
1530910.291491 753.253101 56.338873 -0.009994 0.013160
43405.273949 190.050901 245.228316 -0.005817 -0.005904
1801413.789299 133.670090 420.998120 -0.007677 0.019660
348673.859774 447.777089 104.821521 -0.012293 0.010749
1122384.702378 793.707642 81.074835 -0.017900 -0.014235
474000.488629 229.296265 293.421712 -0.002440 0.001549
1867761.544822 163.083752 288.129790 -0.018883 -0.001827
617712.498930 39.432531 415.360289 0.008731 -0.003859
88793.583256 494.928586 342.534854 0.009859 0.017006
1123119.018564 736.027111 291.823661 0.009406 -0.015511
510837.786138 237.639890 62.742142 -0.004347 -0.005990
498234.962345 502.528759 381.761318 0.009528 -0.017332
350510.791107 537.699771 162.754329 0.006235 0.007965
1451432.125387 771.447189 449.221003 -0.003329 0.007316
303273.376219 370.147150 180.139090 0.008882 -0.011674
454803.713809 227.025111 76.355846 0.008584 -0.019210
480071.545802 775.605336 189.918464 -0.006229 -0.005567
1333575.176696 474.981425 593.013852 -0.007821 -0.006721
110627.538576 382.929207 2.144334 -0.006972 -0.014578
1406769.050940 41.612418 59.209526 -0.001901 -0.001188
1561676.394922 482.519583 559.465085 -0.016753 -0.006987
281255.947557 246.886815 365.155942 -0.009255 -0.019075
1257382.930842 407.091017 595.848387 0.017800 0.014127
706537.016996 489.626892 268.580394 -0.006334 0.016640
1558318.719993 317.902454 236.878634 0.011336 0.008938
1057752.200895 389.319919 465.621935 0.005107 0.017518
491364.625511 326.522121 325.149076 -0.012864 -0.000409
1734950.389590 255.146798 479.248961 -0.000930 0.003494
1643357.573842 84.466295 57.213305 0.012571 -0.017968
1898263.090243 134.024160 397.725309 -0.004150 0.000391
1157183.811607 140.683621 544.260746 0.018933 0.018339
1260090.642264 401.540690 266.826607 -0.003780 -0.014821
767107.214205 521.301179 323.047488 0.017000 0.013180
55740.578126 634.590637 88.962498 0.013041 -0.009262
1471867.368311 518.785442 224.904253 0.013083 -0.001618
851158.514084 624.466495 377.877112 -0.016459 -0.012917
279214.015361 533.313860 211.698919 -0.018172 0.005618
622537.959657 541.156938 85.015211 0.010261 -0.016720
543551.074594 112.185735 439.533868 0.012615 -0.017366
1125283.938425 670.288407 515.152152 0.008434 0.006546
255944.995329 357.692551 187.281981 0.000113 -0.008836
1549879.616848 742.684021 35.581836 -0.003801 -0.019310
474171.187949 435.833942 410.412985 0.003578 0.003645
648167.413030 720.795854 160.379699 -0.001353 0.006304
697835.028496 590.137592 478.469120 -0.016724 0.001913
1725670.433475 515.846158 231.213907 0.008720 -0.005519
99429.388577 679.268691 481.643556 -0.005520 -0.005934
163663.104253 109.441626 168.312888 -0.009185 0.000326
594763.153510 303.355911 52.446283 0.019264 0.018771
1355525.087265 244.614249 521.922763 0.017857 0.010901
1053977.892294 234.916491 305.718758 -0.007020 -0.004950
115031.983757 149.734253 12.517381 -0.002305 0.016324
752375.869431 393.977935 454.839247 -0.012802 0.014193
219437.964363 208.667794 595.074035 -0.004391 -0.003919
1068114.026016 550.164717 468.957646 0.004835 0.006825
1499866.051366 239.033402 584.390866 0.004754 -0.010273
1491842.997955 117.014165 322.399800 -0.009744 -0.001145
1826279.228472 250.789754 395.024730 0.017320 0.010247
1133058.067007 247.652836 149.330623 -0.007038 -0.000442
207507.431604 346.842753 450.072421 -0.016174 0.012961
304737.184339 504.071433 306.861715 0.017353 -0.009994
361247.467977 546.722180 329.460445 -0.013807 -0.007880
1585793.637478 720.543598 269.564017 -0.006776 -0.013789
1841064.114050 194.776903 281.497034 0.003168 -0.012884
451362.950938 116.094331 291.969702 -0.001007 -0.001228
1950936.490647 462.816374 542.063173 0.008388 0.007599
1454702.783122 701.885751 182.437410 -0.010448 0.012472
1108684.254395 335.485020 297.083832 -0.015855 0.002984
1596490.624173 717.067737 285.069235 -0.011399 -0.010826
1263706.185512 134.482399 282.310993 -0.015936 0.009881
1294332.516982 261.401247 535.528176 -0.014657 0.012055
723046.520130 87.265962 228.219608 -0.009401 0.013369
107937.715067 793.583409 427.063877 -0.005717 -0.010792
1046872.077066 729.276739 390.190854 -0.019313 -0.019430
450965.188654 653.527041 547.048810 0.008024 -0.017420
278162.196408 266.288918 139.813904 0.004373 -0.002630
1960316.196066 205.442315 456.657533 0.014895 -0.004392
1125740.257616 187.410979 299.749605 0.017718 -0.000062
668170.334151 797.140499 294.339684 -0.018171 -0.005830
1443825.863043 455.596101 159.963457 -0.005090 0.003539
564375.188464 478.407242 242.758788 -0.012222 -0.008031
938961.728913 266.955870 379.478862 0.008088 0.017702
132214.712972 546.418329 119.626679 0.013211 0.002212
1179224.623916 311.875228 473.269476 -0.016458 -0.006668
575213.267736 338.817714 197.900365 0.011065 -0.001208
1368718.602401 400.515505 23.692455 0.018035 0.014935
1254302.726711 186.116618 282.740961 -0.018683 -0.002901
1541011.519516 401.101997 456.400010 -0.003911 -0.011855
1407684.757098 375.132788 531.926641 0.016140 -0.008172
883750.411162 394.029246 411.714968 -0.010681 0.003292
38293.802197 414.660962 3.007730 -0.006037 -0.008108
949396.727117 26.709944 478.566861 0.000578 0.019401
1340193.529306 112.476689 130.146886 -0.014318 -0.013071
1289556.392138 729.471454 404.481017 -0.003795 -0.007430
1756783.113702 87.886837 469.429747 0.010566 -0.019602
157687.638028 165.821338 303.289602 0.010618 -0.002490
175039.783202 626.987946 573.558394 -0.016275 -0.014669
506304.289450 453.660970 99.597163 -0.017967 -0.016733
301433.914481 576.148708 133.526845 -0.005324 0.014508
790027.673724 9.929127 464.126013 -0.017208 -0.003254
176035.711624 758.460748 317.067785 0.014819 0.008521
1081972.172988 759.532395 552.133364 -0.018195 0.008637
715741.816310 107.119752 299.112875 -0.007418 -0.010926
1263880.632475 454.108583 476.657302 0.011934 0.004700
1751026.801649 759.029629 202.602526 -0.016129 -0.007306
399196.095951 394.451492 197.998154 0.019003 0.002427
1496994.359185 48.848012 306.162539 -0.008916 0.017284
445396.929255 653.899284 529.468528 -0.014297 0.014556
1193553.106484 400.154438 599.188656 -0.016148 0.012565
450224.472419 581.709936 229.305247 -0.019235 0.001038
1999453.321099 715.832143 285.406855 -0.005365 0.019671
1584501.028799 429.503534 291.134543 -0.015110 0.000410
94458.571679 696.578463 342.772811 0.002273 -0.014107
1007827.074736 623.680649 579.325457 -0.004562 0.016875
1658558.308919 786.400650 253.456464 0.013093 -0.016885
475365.567242 42.221622 483.234701 0.004543 -0.017048
663714.367274 495.856342 580.516306 0.012250 0.018228
1919117.403179 479.334980 296.775261 -0.002188 0.008836
9624.167350 393.653242 354.927543 0.003061 -0.018039
1478876.057770 64.476709 497.197052 0.007985 -0.001370
1502145.321808 426.791906 269.351224 -0.013031 -0.005541
1054818.871922 329.220559 248.082587 -0.006669 -0.018738
972186.690649 532.088278 390.612548 -0.001886 -0.001121
1216433.286302 329.846486 43.047627 -0.015882 0.014303
1585452.240699 85.839232 209.780404 -0.004609 0.007234
796849.675848 99.194747 458.823646 -0.011012 0.013111
461377.134761 782.683155 217.256635 0.007168 -0.013908
1447663.852688 165.490536 338.341533 -0.014479 0.001614
1190708.408687 498.974008 123.079557 -0.010151 -0.016970
1355477.244293 683.871962 294.126380 0.009980 0.018274
694211.989964 433.574708 39.061470 0.007882 0.017082
1497031.391364 75.972317 30.369773 0.000515 -0.007107
1759090.904966 594.646251 180.113967 -0.010323 -0.003073
904928.793621 772.363458 378.010619 -0.019358 -0.015854
341892.055395 489.253998 436.840946 -0.004946 0.014338
1609370.418642 43.302834 427.833744 -0.008202 0.012133
1339833.364515 513.341938 206.993763 0.009404 -0.006443
543533.833951 386.310592 260.117996 -0.007099 0.019808
1510075.678821 161.399092 443.610894 -0.017785 -0.002232
325429.097901 406.427748 246.045999 0.011720 0.000968
1027532.088117 771.129380 81.355133 -0.010368 -0.006356
1987715.010526 37.027843 236.895598 0.008275 -0.006373
396776.620483 301.214322 588.899024 0.001748 -0.015580
639902.701899 652.440466 356.178010 0.010131 -0.014492
1179865.857204 406.239142 204.076204 -0.006845 0.002535
1568458.621189 393.438920 42.477781 -0.012227 -0.008583
1190290.628555 566.595292 149.944994 0.009235 0.017978
1180185.991889 580.158790 597.294464 0.019395 -0.002774
672088.553511 146.666528 484.850460 -0.007336 0.009076
1837656.663655 510.363724 325.356686 0.000515 -0.004370
1360614.323691 81.915195 539.232540 -0.019197 -0.002733
924125.776125 643.695166 554.878635 0.001317 0.019942
418950.309241 102.572723 424.395930 -0.001723 0.014311
1312754.557148 39.271150 350.047995 0.006068 -0.018663
30587.249450 790.617338 130.396773 0.012907 -0.007756
1889215.610870 593.546036 566.186593 -0.000532 -0.009821
669560.509114 133.657197 214.361669 -0.010654 -0.012490
1579576.984783 556.662548 595.163957 0.008576 -0.010882
1982244.182370 738.925597 214.119755 0.007922 -0.004708
432350.935616 283.737390 258.442253 0.011990 -0.019759
930735.730068 652.463370 596.706894 0.007311 0.005528
600671.720971 501.845157 228.021095 -0.010199 -0.015425
1270601.892504 463.576497 169.311608 0.019710 0.012513
938976.299455 626.149037 304.957389 -0.001539 -0.000140
1474031.937064 362.009737 251.887385 -0.016247 -0.013954
1605130.416157 247.970377 302.916352 -0.010656 -0.015582
1023340.410098 559.396545 555.363263 0.000246 -0.004723
1128556.229700 645.394135 5.501463 0.017763 -0.017959
248420.950141 463.981052 377.848228 -0.003917 0.002762
884577.235619 700.730888 213.312819 0.018011 -0.006560
1704879.713107 549.899130 474.272217 -0.009093 0.011219
1882055.445519 60.138942 54.937378 -0.002166 -0.007618
404206.608610 766.148831 4.975155 -0.014893 -0.001429
780987.060993 553.629007 162.327886 -0.004027 0.005496
642018.800900 419.825762 130.462833 0.018032 0.017214
1579863.075903 314.124715 483.461803 -0.014200 -0.006280
286431.929230 798.765391 18.494614 0.017334 -0.009144
1625355.291937 699.778540 207.450186 0.016180 -0.007143
1310099.705732 85.364198 167.047881 0.006562 -0.010602
1485499.756171 42.764157 555.887092 -0.019459 -0.001834
1126826.147142 267.512140 586.920667 0.011211 -0.008626
1817754.082297 456.377373 406.820650 0.008593 0.008646
42605.713030 686.126374 428.606347 -0.017723 0.011574
1969490.396776 691.938161 399.643774 -0.006763 0.010784
1972945.507603 788.438777 525.759013 -0.009406 0.005964
221002.463354 6.033089 421.475298 -0.018502 -0.019155
314139.836614 480.104108 213.053898 -0.014577 -0.004772
1280098.799281 35.391405 570.830736 -0.007268 0.010344
1334025.561499 271.227200 370.285866 -0.004772 -0.004329
817314.073824 292.318559 154.094997 -0.017005 0.007866
52254.755074 48.991958 409.212077 0.016101 -0.006940
662711.798522 9.854612 200.103638 -0.018614 -0.018002
710212.109941 153.295886 390.000071 0.008413 -0.006921
61999.699130 280.640538 222.929279 0.019297 0.006745
261157.692532 519.450263 4.087298 0.009911 -0.018777
797766.605764 125.311068 237.345229 0.006225 -0.010770
184709.901076 545.477257 175.146412 0.010990 0.003327
1235796.007903 85.058544 357.680912 0.018094 -0.014394
1292608.929469 245.482995 198.707724 -0.008137 -0.019316
1317389.029692 261.677859 220.516068 -0.018789 -0.007609
71927.786838 128.185714 575.495534 -0.018266 0.016314
1977614.946653 353.681253 38.708747 -0.004639 -0.016070
591803.305127 381.699743 467.402929 0.003516 -0.009936
726241.200569 164.809687 214.296280 0.018393 -0.013695
995710.504705 485.008480 279.019570 0.013162 0.016102
963862.695249 390.871769 138.003076 0.013991 0.000727
1079147.418532 708.512631 407.675448 -0.000024 0.017188
1174876.041326 389.760867 222.954725 0.006099 0.014867
937689.950195 758.480211 209.311505 -0.010085 0.001409
1200871.358253 489.323082 445.038102 0.018310 0.002831
1798372.363578 364.583004 105.993598 -0.005457 -0.008570
158766.744732 676.416472 464.371137 -0.007590 0.007840
584123.108808 679.479144 348.497167 0.018827 -0.006109
1019930.488905 447.034333 500.362706 0.015241 -0.011567
1412068.961846 279.669211 95.587126 -0.017815 0.003948
1390465.348675 524.181447 125.698299 -0.002529 0.004546
1560588.704217 269.170574 41.610571 0.018290 0.008011
709118.110458 29.007589 327.196653 -0.014856 -0.006221
481739.437432 336.499977 116.858709 0.012844 -0.004337
1084185.081108 265.386296 569.701571 -0.004949 -0.011492
321427.933090 65.792981 337.512894 -0.007349 -0.014436
322096.383349 12.026300 475.482391 -0.005162 -0.001925
811598.476400 120.549621 472.584164 -0.000998 -0.015688
975828.599639 663.259296 87.010042 -0.018663 0.018322
980873.326296 219.560873 226.586092 0.007419 -0.016147
1538962.265262 182.087456 256.875147 0.008803 0.004162
1281944.833362 703.818664 411.501090 -0.011803 -0.012033
1646853.441208 292.048328 129.214995 0.004641 0.009421
1334224.681991 17.370785 531.647439 -0.001775 -0.000137
1987979.200663 754.245344 196.020181 -0.014457 0.019097
567825.405192 503.244113 150.370162 0.006537 -0.007403
693992.653253 345.393900 324.753722 0.011058 -0.013989
290886.182473 333.008970 18.592195 0.013265 0.004812
461579.700216 524.003972 590.748566 -0.002172 -0.009181
1440439.939238 90.464666 175.701336 0.004265 0.002724
1578856.275221 479.967680 306.953515 -0.015376 0.009524
975708.803616 319.757656 220.306883 0.009549 -0.017524
1363849.989774 68.353935 296.059768 -0.011054 0.014431
1287670.666020 295.343332 165.786971 0.006990 -0.011977
1793086.186886 724.643038 513.320001 0.015255 -0.005943
253419.465503 481.231986 278.400763 -0.003133 -0.011669
65064.939701 167.146177 484.800920 0.001754 -0.007021
1093948.624606 25.648061 434.564950 0.016607 0.010813
1570950.974510 477.113130 513.862846 -0.008892 0.012833
1433502.711092 738.203381 113.585227 0.019707 0.003915
779698.448619 711.784953 301.678782 -0.010200 0.010876
1707668.152502 297.685051 223.971892 -0.007284 0.011688
1161722.038482 280.487254 0.648664 -0.004417 0.015797
650195.260835 748.519459 555.994158 -0.018008 0.014026
1393276.303724 667.665203 268.100936 0.002112 -0.015478
534900.189626 215.535999 21.048745 -0.001729 -0.009470
1264731.390059 676.943385 91.408229 -0.014607 -0.016308
1848317.172308 790.806539 278.454275 -0.008132 -0.007733
512088.236637 702.206467 394.375665 -0.009743 -0.009296
1104225.446984 465.398655 121.934954 -0.000861 0.005240
107543.810321 140.002801 279.375851 0.000020 0.009129
1156781.673039 614.881747 598.109277 0.004542 -0.011013
520065.349769 196.828831 42.904902 -0.003475 -0.004755
327390.441823 269.695959 221.880270 0.005104 0.005370
1353004.063178 707.127910 307.002573 -0.006578 -0.014389
1558240.596931 709.275107 433.399549 0.019290 -0.005440
706633.334377 28.993764 323.752494 0.012769 0.001550
534505.464385 317.493208 182.975186 -0.009434 -0.019554
1061346.780072 419.632736 154.460017 0.004132 0.017534
1275778.349152 612.470054 164.513528 -0.019704 -0.004255
1816858.008419 547.174299 166.511585 -0.003177 -0.019283
837596.447597 159.459563 542.345112 -0.014374 -0.012761
537634.699856 395.896982 130.547977 0.012329 -0.007457
1509630.032587 60.165564 426.091281 -0.020207 -0.007882
1442342.147903 473.140841 518.478201 0.019144 -0.012299
1603574.954720 492.496796 575.692577 -0.016945 0.004950
706735.606634 787.713544 184.469894 0.005238 -0.003791
651319.147391 40.006524 362.593412 -0.010791 -0.012357
1573016.600485 398.658855 411.546735 -0.019871 -0.007696
1998835.487291 607.440274 229.858277 0.008385 0.012773
1445522.677826 344.815223 246.218272 0.003485 -0.003641
1207599.107738 311.270773 14.994325 0.002530 -0.001365
1297106.122271 733.525381 269.829983 0.018198 0.001913
1709409.523620 225.389500 358.926752 -0.001620 0.000461
1579454.636005 196.696833 6.103841 -0.000961 -0.009980
635151.660366 380.361846 5.370482 0.008018 -0.012586
1657542.871152 338.271789 369.257482 -0.010420 -0.019595
50074.195513 674.120162 239.542349 -0.017994 -0.003744
1728956.987955 558.767544 193.724716 -0.007447 0.006148
1741304.677791 135.054025 561.991584 -0.001254 0.005100
896425.988943 206.833421 524.634373 -0.001646 0.009363
248631.410417 620.746181 125.814097 -0.014669 -0.000940
789536.960791 769.582067 539.565160 -0.019584 -0.011933
1819863.026878 28.508146 26.522110 -0.007624 -0.016556
901731.744829 139.193947 470.684675 0.010946 -0.000477
878442.611954 515.285592 393.775748 -0.004973 -0.015487
569936.175165 658.915152 222.834802 -0.013644 -0.008691
212161.644461 226.595505 35.261081 -0.007365 -0.003288
1070836.321949 568.408149 227.814588 -0.002610 0.008852
1162154.364009 276.062752 454.384904 0.005036 0.006167
1685995.778854 61.389721 497.043911 0.005289 0.014020
631794.399876 53.693578 296.601201 0.018914 -0.002291
