120102.793966 630.583495 121.775903 -0.006070 -0.005538
269277.329682 300.560087 155.771390 -0.018242 0.015172
1260731.205931 301.870038 191.802015 0.013099 -0.002984
973263.179405 632.656461 573.092546 0.008535 -0.005923
1683880.506867 289.705968 229.659172 -0.016850 -0.013038
1760997.696668 175.067241 581.005565 0.011711 -0.019847
354965.669268 682.109164 474.952485 -0.004781 -0.011974
306862.422408 412.110842 346.370638 -0.003487 0.002373
913598.742761 34.624936 562.165055 0.011085 0.014841
723511.401901 210.441631 397.227058 -0.007316 0.019072
27418.055584 127.124403 203.454395 -0.004130 -0.010490
1026719.971107 221.774446 273.466473 -0.000716 -0.017203
919235.655535 527.542624 553.338075 -0.009943 -0.018400
247720.705461 323.991256 333.338480 0.008049 0.012697
229642.751734 126.107132 516.649233 -0.017947 0.017320
1463437.116455 330.532387 118.659249 -0.004261 0.009200
349002.480669 325.686637 533.673966 0.000714 0.011976
253345.397419 21.764898 48.638734 0.003307 0.000368
301882.374241 33.723537 101.197103 -0.017052 -0.008247
417897.793659 158.037903 419.416654 0.010569 0.015939
1032678.423930 703.210670 34.035187 -0.004918 0.017230
1981626.739717 86.893289 206.273301 -0.012493 0.000190
148080.320166 290.537566 545.750442 0.018531 0.015061
1426235.401736 72.084838 542.394022 0.011776 0.006908
826207.458426 756.131443 428.848864 0.003269 -0.019253
17939.873048 632.798395 129.649988 0.008296 0.002214
229060.592236 179.065261 260.582764 -0.013117 0.004000
729567.630556 129.483390 425.873032 0.008364 -0.006013
424191.899795 625.910067 427.933239 -0.015143 0.009809
1179453.697605 667.598942 501.542623 -0.000278 0.005143
1017047.714916 725.218277 344.270943 -0.011057 -0.000457
1184883.571782 186.240253 167.900169 0.012330 0.017629
1669257.284919 738.300857 98.405868 -0.009270 -0.016367
1530870.404807 506.898893 153.322763 -0.001009 -0.006328
1211583.405366 549.864531 75.036233 -0.007249 0.012363
1741377.547263 726.935691 385.948962 0.008268 -0.003884
544004.606336 172.175605 185.260180 0.013841 -0.002453
1594854.852927 350.391428 402.651555 -0.016923 -0.010135
1223177.906695 729.365179 101.688367 0.011013 -0.012866
527324.168257 433.091725 488.195062 0.000771 -0.019338
312490.830343 99.988098 422.452086 -0.008997 -0.002344
1025907.483430 121.240403 211.659517 -0.013744 0.014336
1509229.653286 342.418802 43.849929 -0.017554 -0.009120
1023852.793045 688.536877 427.594685 -0.012672 0.017507
1918069.081343 635.665343 509.623766 -0.014840 0.002821
59433.087734 314.104325 67.436306 0.013738 0.016468
257531.464220 800.155787 22.017708 0.013304 -0.008767
961609.428265 276.837691 259.690175 0.013343 0.000078
582120.371322 470.259896 558.317232 -0.005428 0.006038
408974.288222 701.194276 307.107855 0.016709 -0.017633
899929.745542 700.574814 512.321984 -0.008029 -0.019823
849952.291162 263.216678 238.064939 0.001489 -0.013090
617567.269419 532.577902 103.650616 -0.006174 -0.000043
907629.657959 661.346774 506.811992 0.015473 0.006372
693382.430213 142.047512 148.610104 -0.008913 0.001680
1797970.130014 385.229195 250.907723 -0.003545 -0.004070
955435.349120 688.834368 164.376602 -0.006718 -0.013579
557659.864685 605.644305 293.557039 0.007029 -0.008243
1324351.926951 787.873314 575.807665 0.013383 -0.006797
917046.023028 230.901623 93.899030 -0.007875 -0.012963
1632997.046985 519.615679 212.038766 -0.017451 0.017089
1790149.784549 770.419691 245.020623 -0.007448 -0.005008
1613713.184192 632.644400 141.094395 -0.016768 -0.015075
791753.703166 288.112028 527.769563 0.015412 -0.018575
347958.385175 437.808608 12.196710 -0.014650 -0.004679
701432.257286 473.855320 402.873922 0.000305 0.015820
1693039.169392 259.032490 327.052541 -0.012021 -0.004477
944105.254926 75.905319 210.707032 0.015254 -0.003682
1451122.988691 550.116901 119.552472 0.018434 0.010747
644142.737912 285.372781 76.902295 -0.011911 -0.010308
328294.663843 300.676773 473.804907 -0.012480 0.000401
344141.964030 428.387912 61.067057 0.013723 -0.018292
1995072.262359 551.809832 220.214518 0.001704 0.015575
1509670.835691 11.626054 590.572534 -0.015748 0.015804
783939.521193 665.360542 349.732374 0.003610 0.011714
702233.533702 730.458192 89.550950 -0.000820 -0.015339
783487.379916 514.759554 294.853957 -0.012729 0.013109
1976.599918 282.598830 217.949610 -0.015869 -0.012118
812477.567611 80.657306 531.929471 0.010922 0.005752
1551513.418346 422.356739 394.944912 0.010386 0.005358
1106838.468046 121.192438 279.430118 -0.014546 0.009713
516376.429478 389.711530 393.701036 -0.003725 0.018680
1541877.001311 639.475780 366.417910 -0.009514 0.019234
877046.727052 210.616473 200.563317 0.012085 -0.005351
1062152.807164 166.560467 280.353932 -0.003296 0.019266
220503.739184 154.742022 305.613099 0.010746 0.018117
285758.867062 257.496995 62.804851 0.004316 -0.001776
1694852.848395 693.277136 566.940782 0.000163 -0.009082
1823523.613542 219.344437 44.308873 0.000894 0.001457
109429.840049 768.431710 479.742638 -0.004443 0.010500
331166.874772 736.196970 582.442086 0.005301 -0.006507
1904142.131984 594.153341 318.575847 -0.001564 0.000442
967910.745632 483.202216 499.611212 0.003539 -0.011505
581591.096978 348.748021 47.577047 -0.010591 0.017550
706572.319710 118.074409 128.172089 -0.002941 0.006811
1499518.371885 385.479678 378.367881 0.001966 0.014844
785875.055374 571.702289 474.576751 -0.005453 -0.006113
257524.722376 252.773405 54.061575 0.006409 0.011110
1201976.699383 114.904003 228.646056 -0.002637 0.009289
1186503.038363 579.836568 101.270470 0.006869 0.018416
215485.423904 20.306982 64.900642 -0.007142 -0.001899
1555844.913030 56.747878 560.705592 -0.003678 0.004800
1610655.802121 640.991213 200.735266 0.003851 -0.013398
1363983.919548 580.264849 288.459968 0.010876 -0.004604
515601.680854 298.357702 317.276300 0.005550 0.012265
521772.659627 185.524466 319.065550 -0.002824 0.016154
984056.433190 429.687914 557.950182 0.003834 0.014112
764465.851134 302.438283 557.697099 -0.007331 0.011451
1098768.237559 97.759649 352.652582 0.015071 0.008769
1505133.839094 452.832414 266.057550 -0.010686 -0.006488
1656881.889169 392.912562 426.390094 -0.005697 -0.014808
1035409.796534 494.092699 216.907474 -0.018026 -0.018110
532033.862794 432.810864 350.377039 -0.012175 -0.014341
885049.308131 462.250365 311.934178 -0.005122 0.015777
611963.250959 737.128617 10.051085 0.015731 0.012217
1469794.933437 516.754599 223.128724 -0.012747 0.015329
1419313.830053 5.478447 222.403840 -0.003167 -0.005442
1001399.715897 750.812046 589.291028 0.014497 0.019483
57920.523946 102.920520 317.112601 0.004538 -0.007028
1340168.589419 44.436234 541.242497 -0.012404 -0.002901
1593328.125585 396.664946 209.169453 0.012532 -0.004436
308175.125303 438.471106 21.312379 0.000997 0.009078
1829796.170737 188.160670 440.126743 -0.008572 0.006237
194622.977727 628.904236 356.605601 -0.016833 0.005961
1163384.351490 86.250428 466.621907 -0.015528 0.008952
203536.384834 624.114891 466.404340 -0.019844 0.018803
408990.508136 640.473364 279.502296 0.002203 0.004579
1709918.606891 566.012048 96.960824 0.015647 -0.010665
1776676.395804 644.217390 280.776846 0.004847 -0.016373
248411.979642 575.360376 526.493646 0.008740 0.011926
1052401.075630 240.007015 543.675032 -0.007846 -0.003568
1254879.329007 324.353240 114.503583 -0.003798 -0.003609
322021.593490 487.182540 125.811153 0.004568 -0.013859
1647379.426121 385.602536 521.574084 0.019420 -0.005117
204691.412954 699.103855 106.330209 0.002816 -0.000174
536197.156895 555.700262 128.761838 -0.014189 -0.003470
25648.950611 537.440738 428.257221 0.016730 0.018992
247729.502734 437.080299 228.681049 -0.007406 0.018034
1580350.309415 380.393516 335.680045 -0.019998 -0.015899
1443766.372951 659.097471 350.702701 0.003659 0.012377
1912564.341869 554.723105 409.783169 -0.014664 -0.009430
357511.299829 321.230576 575.470541 -0.004309 0.001868
744693.135258 324.806190 131.024063 -0.016564 -0.006998
387589.365424 167.715949 523.049376 0.002984 0.000969
1645202.005117 291.745978 0.033562 -0.004708 -0.005393
205411.871060 83.497866 113.310875 0.007487 0.007828
1996032.971887 514.685940 233.621974 0.007349 0.010850
1306804.762830 687.995950 106.896445 0.004500 -0.009863
1450619.077985 788.072470 395.562086 0.017743 -0.017179
1969754.747101 110.257157 168.200929 0.013927 0.008594
1609086.544071 543.509907 45.959559 0.012189 -0.017530
883645.576836 725.990808 99.554079 0.005344 0.003736
1722771.757153 502.712682 142.488081 -0.009976 -0.007596
28763.775727 723.010922 101.791092 -0.012198 0.000607
845989.907554 734.240002 300.924010 -0.016710 0.014457
1143645.596292 54.148706 599.887365 0.014083 0.016953
1423342.375748 525.362272 361.958490 0.011528 -0.001556
1329764.171191 184.504908 221.359258 0.013234 0.014441
1926056.274178 553.553500 293.905230 -0.011981 0.017711
1598411.507718 172.251760 507.918164 0.018759 -0.003692
726058.746095 313.643367 195.480231 0.014566 -0.001022
375371.614646 348.739774 325.052609 -0.012545 -0.008514
932014.105344 718.867298 566.866686 -0.017202 0.007371
811741.037672 587.476052 550.763212 0.010981 0.002607
1557690.799962 589.929390 154.426127 -0.009265 0.017522
399385.155365 53.823734 91.728542 -0.018144 -0.018548
1122038.441301 327.641519 256.832448 0.015477 -0.009072
1805346.826001 59.601973 425.723244 -0.000845 -0.008833
1995636.369100 728.689016 96.543005 0.017699 0.019257
1695958.700821 278.781750 428.274620 0.010638 -0.015087
558004.577904 435.786945 516.380272 0.001447 0.012517
1597187.265566 588.795198 528.492162 0.018077 0.011280
1833981.536251 410.212910 114.761732 -0.006188 -0.004006
929917.220459 198.163365 284.623584 -0.013069 0.007664
1471826.909795 138.183305 361.673697 0.015861 -0.015402
1165988.196230 595.441421 277.965297 -0.008135 0.000414
1172216.120722 460.841137 32.818106 -0.002155 -0.015505
1736107.381869 196.189091 508.565769 0.009947 -0.012137
1259741.624473 532.666020 425.641099 0.012849 -0.019568
218963.730251 228.981390 155.238708 0.003352 -0.001578
1902503.935575 255.719538 379.877466 0.002176 -0.011352
1496596.111682 109.734195 576.257373 -0.011542 -0.002634
941537.357374 638.151008 6.180364 0.001043 -0.010221
245239.558744 315.279645 293.388123 0.018818 -0.014298
1372376.816986 480.221334 484.834990 -0.004165 -0.003137
1637971.852737 404.165584 424.447506 -0.016929 -0.016412
337179.376901 23.341953 245.305357 0.012095 0.003338
1249672.392965 440.231493 432.531261 0.003403 0.010464
310196.676436 44.711061 335.725496 -0.013372 0.003280
1607296.809371 230.477980 585.293108 -0.008269 -0.009668
236307.595035 783.478114 515.355677 0.017047 -0.004988
561161.337682 596.437048 528.467538 0.019508 0.012918
1939371.158341 125.466553 511.420104 -0.004859 0.018356
870700.636353 2.477286 305.492758 -0.013749 0.003546
541779.813609 249.058617 386.809538 0.013228 -0.000917
453110.709066 507.073252 459.169139 -0.011916 0.017074
47266.968548 256.489419 543.494290 0.015302 -0.010149
562186.379247 130.431384 594.988096 -0.013533 -0.013950
1629854.769274 105.122425 185.079146 0.006680 0.000389
534606.907766 81.957931 307.726024 0.011058 -0.009666
203362.833803 37.938580 341.844533 0.009844 0.015138
92345.910190 778.496182 306.845257 0.012438 -0.012993
877177.283576 667.730018 297.436666 -0.006213 0.008692
1484435.888699 500.673528 528.524671 0.009364 0.011490
64404.659935 439.177433 551.043470 -0.006357 -0.011382
856791.879449 486.578242 190.916594 0.017653 -0.004623
1153201.109335 34.348220 259.114567 -0.014178 0.011605
618554.387530 153.925434 457.244225 0.012840 -0.019871
1875266.974734 207.591850 502.904376 -0.002681 0.004169
1111007.126566 140.297107 138.099366 -0.002551 0.016393
34336.430968 374.894384 275.275920 0.017898 0.007203
1349224.196444 291.585869 250.095740 0.019710 -0.007776
1602661.077679 455.472561 209.380132 -0.010672 0.008603
276647.354605 433.979453 544.592129 0.016108 -0.005490
1822198.850020 670.853206 373.517362 0.009960 -0.009131
453696.245539 243.735949 268.325307 -0.001721 0.009652
713133.517985 379.236911 125.479596 0.012606 -0.003610
36437.158490 391.801783 464.302224 -0.002684 -0.000667
159010.190591 189.188460 31.297042 -0.002862 -0.001214
1535456.720523 453.384036 7.020923 0.007016 -0.001288
749811.288319 469.504842 183.423057 0.019889 -0.006557
1154889.427663 179.345759 384.370581 -0.019015 0.007237
762647.938338 304.867698 92.866336 0.003622 -0.012147
1129345.827331 486.920748 411.386241 -0.006477 -0.018262
337378.635228 334.291460 168.445312 -0.011167 0.013856
1499918.929068 791.005468 247.852416 0.010436 0.006584
1760744.261444 109.126091 150.236720 -0.012551 -0.014641
1172923.453698 610.791964 215.335794 -0.010932 0.011530
79642.974809 486.465704 101.346348 -0.012205 -0.012044
730713.756164 607.396778 484.331905 -0.017945 -0.016078
1702955.846536 175.865009 309.608971 -0.014713 -0.002370
724785.897287 705.656046 257.782951 0.011024 0.005750
187236.443249 524.505715 468.272693 -0.006228 0.013675
1828784.213322 744.501771 363.187747 -0.009163 -0.013570
787390.226865 250.334089 459.579613 0.002503 0.000288
1929498.061505 742.686374 160.561829 0.010809 0.019196
730520.102536 499.188683 119.883290 0.015248 0.010319
1281053.293162 194.769292 382.345028 -0.017199 -0.019241
562426.321470 130.730280 404.877349 -0.017533 0.000303
1033437.869061 780.455868 263.120585 -0.015111 -0.010059
1192859.900739 412.730512 336.841124 -0.005503 -0.016842
138898.690296 261.634574 4.032264 -0.006526 -0.016014
1973181.982512 561.401654 433.949999 -0.012556 0.003327
957790.512106 661.197223 496.369861 -0.015335 0.015870
1692076.045876 318.191415 36.247637 0.000832 -0.001632
1136829.509929 29.805739 260.791181 -0.019662 -0.013615
1367539.427880 482.741087 405.722736 -0.010182 0.018648
1509350.044424 252.083673 175.934509 0.010449 0.006079
785056.476847 598.459537 212.342659 -0.015370 0.017384
1873643.585422 475.810644 456.829663 0.010550 0.008441
1315983.134935 487.968414 65.135960 0.008756 -0.014757
1135951.929323 229.247170 100.826684 -0.019876 -0.008246
656102.584980 549.098176 538.746974 -0.019844 0.017285
1727078.126616 606.691049 148.279649 -0.013740 0.000819
1797488.349396 439.221609 161.222649 -0.009900 0.006598
406141.346510 151.522203 155.909264 0.018573 0.018119
1941231.998588 497.625979 337.578606 -0.016820 -0.006375
1386830.762674 518.122941 376.610836 0.014463 0.006009
1843128.023596 151.888189 202.055967 0.012771 -0.012252
538331.757550 546.148519 571.436821 0.000653 0.013562
944807.663069 332.134164 233.174160 0.009539 0.006652
106756.882792 755.151652 514.070892 -0.007505 0.016338
1618777.323337 226.730549 318.306417 -0.005107 -0.005407
1742666.514471 52.447425 6.437671 -0.000041 0.017095
1321460.731012 336.605371 69.989942 0.019904 -0.010408
620834.287545 213.405412 553.499469 -0.009490 0.011318
1523195.320518 587.795360 118.912175 -0.014002 -0.000957
1731081.362688 162.879627 251.994846 0.008890 0.000656
656632.629529 425.284067 480.087426 0.014356 0.016136
325566.043298 584.059864 581.331767 -0.013074 -0.010841
1792559.657149 666.897476 389.934675 -0.019480 0.013253
1778465.217808 258.987006 59.161441 0.012436 0.003471
1763427.173609 458.287086 192.734039 -0.017059 0.009113
1593951.392730 756.234965 556.078855 -0.011318 0.006674
886016.743670 436.095395 119.270784 -0.010316 -0.003826
204796.643092 324.295224 80.719466 -0.017150 0.003103
727276.621725 773.992214 247.849878 -0.019524 0.019202
488690.041233 721.927993 182.777404 -0.006279 0.008561
1781116.410057 179.539131 172.179939 -0.011517 -0.007822
20635.784613 7.070053 149.854557 0.017486 -0.010976
1834876.302553 303.814318 462.541155 -0.015343 0.004923
350019.654422 174.867338 16.972714 -0.007618 -0.008389
1214501.650638 538.269746 154.869556 -0.019202 0.007467
477760.385944 211.462405 353.385145 0.001743 0.004284
605806.972182 347.162070 499.133617 0.003599 0.005812
272576.070518 480.219416 392.468835 -0.004555 0.001501
1759240.741729 243.029738 550.353955 0.006008 -0.003224
1080301.612187 660.380955 383.044020 0.002758 -0.014600
1857771.559552 140.535942 484.678595 -0.012511 -0.012173
988850.145130 340.392663 276.288786 -0.016668 0.018760
134591.829094 309.163556 242.010015 0.015972 0.019042
96963.198901 28.383046 345.913683 0.008156 -0.003138
227820.812831 465.529469 435.065582 -0.018754 -0.010700
290631.014058 457.238315 34.660025 0.011395 -0.014427
385931.693197 570.080512 189.690535 -0.019978 0.015992
1023297.854244 396.563341 195.328392 0.018859 0.003182
589125.026292 31.339848 579.183789 0.007916 0.017504
1882412.602139 596.825136 584.069343 0.000704 -0.002068
790218.714061 505.182303 18.541890 -0.015184 0.006528
526777.357108 212.511091 140.375319 -0.007133 -0.018003
748590.766801 411.612249 457.594829 0.007601 0.000609
1324791.236466 161.654950 6.346071 0.019518 -0.013051
1179151.767483 225.980413 127.787665 0.002186 0.019208
301466.356172 396.419710 435.373528 -0.015017 -0.019471
349183.755158 415.326986 387.207911 -0.011779 0.005600
616335.581344 375.024755 543.438620 0.001706 0.011589
1910511.639859 733.522251 182.808645 0.008710 0.004278
1640005.631205 304.393617 485.151750 0.013248 -0.005292
1964468.728734 336.185533 390.596398 -0.012202 0.018997
1261209.360911 276.389185 282.403276 -0.005739 -0.001197
968463.258337 424.786121 593.586226 -0.014822 0.009451
1257770.379660 350.125053 123.419998 0.001346 0.019222
1991034.577596 391.621866 537.996749 -0.007998 -0.011709
1007596.648767 96.007813 352.918271 -0.007168 0.017994
1912045.142572 235.828084 222.813477 0.004266 -0.000416
692628.538559 189.938847 501.119391 0.011128 0.003318
609848.141023 240.896469 75.002260 -0.008233 -0.002771
1723251.459991 738.143840 520.987796 -0.017331 -0.001708
1696924.347289 50.088681 568.116180 0.009819 -0.005519
309029.791648 199.434665 289.647891 0.009677 0.002425
867302.640745 558.848679 513.725195 0.012194 -0.007805
691843.061099 120.913483 325.585097 -0.012791 0.018704
272265.500516 388.668854 161.880326 -0.009551 0.011202
1400582.436193 98.285927 421.630243 0.002819 -0.012386
320566.674844 333.495208 151.180786 -0.015710 -0.013503
1229627.376064 209.224005 246.728951 -0.016084 -0.019841
1946485.269790 425.053222 421.381496 0.005648 -0.014229
15066.369444 140.443985 292.437584 0.001997 -0.005744
911695.870064 548.858882 505.742854 0.009025 0.017882
1245159.992597 340.494831 42.202143 -0.006861 0.019892
519428.529087 388.664052 246.918647 0.000444 0.003764
1147820.552414 101.636622 512.775087 0.019419 -0.011036
1717933.562453 767.034134 453.397232 0.002469 0.011511
183230.377819 455.242893 578.152456 0.003166 -0.015262
640928.558372 27.818845 482.976122 -0.013472 0.010383
1503776.668340 628.630214 111.489714 0.012865 -0.015547
360957.489517 65.284068 358.221079 0.003685 0.003733
380073.533570 132.463390 431.990873 -0.018211 -0.013967
1889061.825298 723.169900 66.054005 0.008003 -0.001374
1796955.322752 633.436286 20.534730 0.014491 -0.005171
306282.549308 146.477936 243.334030 0.018329 -0.006173
332156.324914 567.759346 78.882309 -0.005917 0.001280
485168.456326 426.300833 367.727934 0.013413 -0.014988
413343.113108 23.867111 174.076545 0.017084 -0.017018
883643.182406 697.192944 587.016974 0.002076 0.002843
887249.075289 360.322643 217.718237 -0.000888 -0.007475
1467432.667253 504.703819 297.406916 -0.014420 0.003560
1682910.725327 244.600096 179.339450 0.018932 0.006310
1660796.624450 172.361651 114.000127 -0.002251 -0.017790
629926.086697 520.244459 50.804882 0.004209 0.003094
318150.466456 37.627328 269.227030 -0.014285 0.003957
40123.955365 464.749376 29.553198 -0.004694 -0.017606
724761.667999 93.599226 413.913851 0.014322 -0.009768
558074.092752 559.592302 337.073764 0.003111 0.006889
438651.350531 326.525344 532.864563 -0.003763 0.014192
1885724.248311 579.487859 301.136043 -0.018901 -0.006806
158400.153815 149.254433 226.301641 0.001122 -0.007026
1952982.963972 438.094119 543.165611 -0.018953 0.017249
1927788.328346 310.850775 28.535105 0.006170 -0.010127
607879.136041 746.554975 567.549237 0.014626 0.000440
1236504.919471 67.938755 551.398716 0.000246 -0.000231
1541570.438790 359.049427 131.527993 -0.009096 -0.000950
1098586.873663 281.810115 397.962604 0.017061 0.015191
1973812.054831 722.657907 256.847535 0.015669 0.017235
717421.361579 684.546759 190.598822 -0.003739 0.000389
1128238.588166 568.330539 265.631175 0.000400 0.003044
1906900.824936 102.798022 396.615992 0.014902 0.005381
311031.282093 514.531485 50.180009 -0.004997 0.016653
1119457.958787 739.103066 161.001788 -0.010978 0.014012
295815.608602 167.722245 452.052777 0.003020 -0.015952
1365835.790227 747.253748 574.239663 -0.019982 -0.006386
933742.419320 451.948028 30.541580 0.016390 -0.016997
1254474.420685 690.284910 121.910101 -0.008475 0.009415
1674721.783807 355.137107 227.352425 0.016826 0.012738
589441.845468 384.347278 445.573031 0.002526 0.008120
1186208.380939 568.480306 547.524251 -0.006129 -0.008546
28320.921598 24.026282 132.199920 0.018860 -0.018785
1123059.363627 350.630946 356.943525 0.004472 -0.006078
1339490.994503 192.177382 126.453443 0.014912 0.001136
1892333.765464 568.001679 583.162848 -0.007059 0.005261
1580513.963280 495.662457 66.553096 0.001289 -0.012694
1628540.167412 100.765735 535.806320 0.009078 -0.001100
358744.990248 592.863656 301.550369 -0.004009 0.008497
1065496.480589 769.107641 90.462439 -0.014901 0.002965
996930.964755 638.113408 488.702942 0.008369 0.006812
685065.261407 524.205107 228.446941 -0.007488 0.019192
22284.613001 83.522967 359.921397 -0.015008 0.005338
1564209.169505 749.348702 457.977894 0.006995 0.006545
471659.941818 683.719286 242.704254 0.009529 -0.009809
234378.384535 216.687501 129.664179 -0.009269 -0.004041
1581110.075852 613.143105 117.761222 0.004195 -0.000970
1733102.233956 757.848282 78.447404 -0.010130 -0.009519
222272.466972 206.548939 219.814996 0.008441 -0.004780
7593.072023 394.528637 190.019079 0.010691 -0.013237
1961038.188991 2.181915 13.703064 -0.004585 0.009647
554464.627316 401.922998 7.349919 -0.000263 0.010826
821613.773155 227.228725 322.188770 0.004201 0.015553
24485.756655 378.748874 501.919205 -0.014270 0.008819
196372.594776 203.432432 587.395327 -0.001417 0.018589
718005.964867 374.830357 274.805928 0.007016 -0.010344
1252709.545778 525.254215 142.701244 0.005956 -0.018327
1958473.456073 741.220207 326.425967 0.019643 -0.003216
628831.249023 321.830304 421.946420 0.014046 -0.019635
1185057.482303 690.634586 289.461198 -0.002853 -0.019733
406775.272641 421.509597 156.723751 -0.012770 0.019605
452064.211691 432.901370 275.955322 0.007364 -0.011331
1391094.198167 248.684715 524.291868 0.017313 0.018363
1830316.959801 730.363501 531.695267 -0.001630 0.016159
610994.441719 618.713454 183.859340 -0.019643 0.004989
631021.334152 481.463772 292.644303 0.011900 -0.018708
989235.750860 1.496384 334.421396 0.010229 -0.012652
1098658.789461 784.946525 434.930458 -0.019632 0.006629
1883467.686308 564.167613 585.856562 0.012658 0.005511
1871849.530317 584.433006 330.900313 0.012870 -0.012423
911993.535660 101.934741 577.807315 0.010515 -0.014559
1176139.691461 62.074297 443.003591 -0.016947 0.015039
1537174.407177 456.554626 526.655233 -0.006948 -0.006944
123261.179832 700.561822 184.804162 0.011528 0.015286
1946848.674653 582.706377 354.040814 0.017987 0.001726
457599.283409 708.666561 164.296225 0.011219 0.008297
926562.791190 189.204851 501.056650 -0.001757 0.020298
1942178.605097 11.817190 45.835657 0.008375 -0.016365
1905775.863633 382.332491 397.115749 0.013243 0.012157
1975712.466974 713.834333 407.759246 -0.008216 0.007157
1128937.655654 215.026960 244.017927 -0.013841 -0.011240
1900458.380534 306.512243 62.481294 -0.011050 -0.013439
1623668.112617 549.808939 240.050143 0.005857 -0.015455
798515.523224 494.086814 76.959877 -0.000966 -0.006933
438456.544857 343.266117 482.573264 0.015199 -0.009674
1216805.763178 694.864981 91.075312 -0.008489 -0.013420
1661706.700764 681.740939 259.721400 -0.010491 -0.019722
1303971.794110 150.520087 234.040121 0.010261 -0.003522
1107963.914568 454.788652 59.306792 0.018173 -0.011408
425643.800956 282.824912 499.580691 -0.006570 0.013327
318262.858465 448.579944 155.046260 0.018550 -0.002327
1036196.117772 457.689684 186.174364 0.006816 0.014453
948553.069005 400.997061 427.434288 0.016332 0.009506
1438074.149861 447.430528 555.978790 -0.015631 -0.007424
677338.477540 530.494644 530.528059 -0.002493 0.004699
197747.041563 520.650141 582.920695 0.017241 0.019665
1601492.672973 72.096562 331.131869 -0.017635 -0.017832
1987075.958395 461.748201 375.481927 -0.007847 -0.010087
971748.938305 622.116088 449.163397 -0.012077 0.007411
974474.447302 733.651830 146.700736 -0.003443 -0.018938
1121549.802423 602.120189 413.520361 -0.002205 -0.012387
613932.794246 434.911538 504.575826 -0.008869 -0.001003
1665525.531241 63.035656 339.068487 -0.004567 -0.014494
1238773.710671 302.709584 429.304690 -0.010183 0.007286
1925637.924078 585.109173 276.145020 0.008452 0.017182
290519.337305 158.761696 507.926439 -0.004386 0.004499
1745488.432117 760.754690 219.078534 0.002476 -0.004179
1111265.337612 695.274226 563.578326 -0.004175 -0.014041
829182.160473 183.725536 135.732584 0.019209 0.004576
728391.627189 479.302894 595.907884 -0.016837 0.013754
1349985.243450 33.732403 345.734882 -0.014577 0.010153
1010733.056353 224.056327 571.385581 -0.005923 0.006806
1129411.861826 179.855494 372.852672 0.017203 0.011475
33999.050983 388.657081 393.724474 0.018524 0.015292
1606354.705806 296.709621 66.852814 -0.018813 -0.005953
1451822.744427 314.906511 570.304511 0.008757 -0.001055
1590584.168020 314.990689 309.280662 -0.005147 0.001146
538209.161040 701.216599 485.193900 -0.011152 -0.010861
958317.440449 628.601228 271.945735 -0.015988 0.008640
479655.517489 94.069801 120.673467 0.015838 -0.017035
167238.956395 558.987160 267.161682 -0.012185 0.009129
1592486.357127 736.971055 73.101579 0.009864 0.005607
1189583.299304 433.467783 20.416957 -0.015573 0.016549
1124831.962923 303.412605 474.087058 -0.005165 0.004020
37146.621401 680.341830 232.177055 -0.001135 0.018038
205026.889315 569.087534 40.942641 -0.007856 0.004296
284161.461650 310.112330 183.713060 0.003489 0.003322
68690.410847 306.569948 302.115420 -0.013753 -0.014790
287411.349028 600.538791 403.519681 -0.012905 0.014449
1171263.018237 591.802220 144.082177 -0.004975 -0.015541
1682127.158941 315.288883 577.104856 -0.010888 0.014601
1824708.168313 264.374280 346.498757 0.019218 0.005364
369206.509725 98.066412 13.145255 -0.000371 0.008397
1208981.916871 419.873414 55.989821 -0.015663 0.007252
446720.970071 201.795648 259.170671 0.015818 -0.002827
586212.983628 385.009190 101.716560 0.001340 0.014285
560717.814863 299.567913 150.774609 -0.010331 0.004107
234257.601311 123.505916 559.309731 0.007786 -0.014613
1133248.557864 703.341453 154.357396 0.003534 -0.005198
1934248.125150 154.080952 536.860664 -0.017582 -0.007950
1152133.833222 226.695814 331.755812 -0.019681 -0.012872
1965200.129880 240.780359 396.463919 -0.013900 0.013382
1034901.121182 345.891947 125.685458 0.010780 0.006941
1623246.405098 708.746787 497.071016 0.009758 0.003211
1926329.093951 248.441879 275.849579 -0.011180 0.015962
1658576.383096 150.227717 55.048384 0.008972 -0.010077
786221.519479 240.432640 318.875948 0.017832 -0.007675
1421758.733421 743.051189 365.521101 -0.005055 -0.016927
888519.625593 711.144519 307.839993 0.006074 0.006263
374128.679919 371.950228 325.838722 -0.019383 -0.011618
247207.860577 782.933110 311.877417 0.003311 -0.012038
838233.393076 329.868778 231.909050 0.000544 -0.014477
1269501.125100 723.179647 262.257936 -0.013580 0.014343
1490342.234955 701.723727 467.491805 -0.005820 -0.010056
1720173.599068 639.110458 82.460567 -0.005097 -0.001886
1589947.016719 447.999720 550.706490 -0.006474 0.003043
254199.274003 369.564956 332.285322 0.005892 -0.018207
1506623.924480 52.829032 274.379671 -0.014399 0.003091
1187558.641279 619.668730 289.096352 -0.018780 0.017648
663885.182079 620.432863 490.903859 -0.015548 -0.014782
134186.233456 776.964525 557.588065 -0.011831 -0.006224
763995.101100 799.536172 542.626423 -0.008020 -0.006493
960104.740672 341.286630 479.603875 -0.018618 -0.017018
1689167.128731 629.930773 84.357632 -0.007915 0.017112
1435140.350571 716.339925 421.702132 -0.012037 0.017047
1287450.956780 424.826887 421.317923 0.009868 0.017298
1664884.491668 423.548429 368.309669 0.010524 0.009348
1916152.068375 115.270365 440.003681 0.014463 -0.002262
142374.806172 274.280697 522.265723 0.014833 -0.004929
1889104.925044 572.160169 98.401466 -0.016626 -0.019303
184043.514628 642.045301 547.486778 0.011782 -0.019935
1678137.485719 350.619361 319.646055 0.001632 0.016032
349432.717240 298.920094 257.660236 0.011527 -0.014596
327130.583267 597.353530 167.591345 0.015875 0.004361
1445781.852792 774.553002 571.162614 0.003731 0.013553
657045.848974 430.382887 332.722666 -0.000285 0.004915
1143416.638087 467.933011 255.051131 -0.000618 -0.004820
853229.746620 259.132328 490.791497 0.018362 0.014576
1436276.935710 106.843103 143.097481 -0.014070 0.016910
747046.145027 249.210466 401.023775 0.006108 -0.011716
555282.349025 300.390713 106.125773 -0.010826 0.018765
31011.744417 446.301874 304.025102 0.002800 -0.017973
259713.421697 113.350464 381.458455 0.002204 0.005054
30230.289339 785.477422 570.134239 0.013304 0.017646
1629124.594680 440.552717 44.767275 -0.017893 0.007952
1993199.337271 341.077772 5.943228 0.006606 -0.016826
437214.899080 754.224869 272.638331 -0.004208 -0.013116
847463.854052 328.700138 438.221347 0.017228 0.019223
1561464.248021 48.480097 73.389422 -0.003338 0.004619
1496915.452879 345.303322 358.291283 0.007959 -0.009428
1076064.875850 410.371493 489.199699 0.004501 0.002616
1028186.607653 487.282111 595.019052 0.000960 -0.009045
141764.248787 594.360675 130.109604 0.001014 -0.014472
778578.041484 759.235469 329.383113 -0.015243 0.015200
1058486.954802 720.081610 564.340136 0.005994 -0.007260
1112790.978101 319.778252 448.564982 -0.013852 -0.016072
24501.685065 553.565776 366.604264 0.013097 -0.007833
353571.678676 273.144702 548.177187 -0.013257 0.014629
375264.103699 191.589960 365.458635 -0.003808 0.010606
1493884.026769 635.147033 428.803040 -0.008185 0.016530
1188817.119779 659.904151 487.998215 0.001404 -0.000936
259519.063057 73.388806 525.632958 0.015119 -0.010183
1949033.547169 711.987162 562.308880 0.003440 0.008702
482529.103981 609.808104 35.657621 -0.013818 0.017251
1850091.109914 273.806883 102.516813 0.001370 0.009876
1871495.037280 224.772916 324.670159 0.006058 0.003007
908785.677938 195.493984 240.943432 -0.009286 0.011195
1755362.652128 318.120331 522.576108 0.010157 -0.008994
232765.271437 582.551624 98.983314 -0.017943 -0.007382
1765166.354256 235.934247 45.932022 0.017669 -0.002020
15434.920795 693.224923 474.855217 -0.012870 -0.003983
1077013.659792 91.108581 409.044262 -0.016817 0.010580
516053.778360 427.240701 5.381236 0.006379 0.012084
1576709.125925 429.724170 119.421759 0.006393 -0.008355
948767.654108 620.764467 11.824747 0.005585 0.013181
667159.362075 417.625247 74.338247 -0.003592 -0.001446
1146380.339352 334.248641 198.332805 -0.005392 0.003854
1462269.868451 722.519016 426.471849 -0.003521 0.019292
949273.004639 536.548274 309.953127 -0.000663 -0.006809
636841.273232 217.386835 520.484650 0.000701 0.017246
316267.470045 793.451900 424.314525 -0.012909 0.005272
1072709.865436 409.005930 92.352122 0.006412 0.016861
1234697.917120 186.987013 203.581838 0.017917 0.003932
1871003.135047 543.239083 300.626573 0.005838 -0.016337
968257.898916 96.202730 457.444855 -0.019912 0.004184
184803.100389 255.633032 525.541323 0.018356 0.013473
1613704.762242 94.144018 497.241655 0.000559 -0.008185
920804.219749 40.290212 483.950003 0.004660 0.008398
1455508.939668 184.869251 566.276715 -0.017318 -0.012833
1084419.887087 1.771170 514.949133 -0.018246 0.005935
1899527.167855 422.262227 461.376393 0.008474 0.001134
745706.753221 643.474848 508.819334 -0.010082 0.010556
1369434.811813 44.281647 529.053470 0.000553 0.002777
353913.564400 779.439978 371.788877 0.019319 0.003526
660308.989072 568.797642 491.740213 -0.009038 0.011122
1997036.600484 653.295981 468.524764 0.014266 0.014402
857968.969670 644.989289 232.621402 -0.012086 0.000741
1832483.595159 456.746731 193.946524 0.010842 0.012591
174050.590104 359.248073 524.984472 0.018754 0.018491
887791.815627 116.341623 561.674243 -0.017452 -0.014844
1048845.100705 314.830146 504.192055 -0.006250 0.006706
1236598.032171 273.784457 290.402553 -0.004040 -0.012056
688449.854352 662.409790 2.989921 0.009269 -0.018960
1047717.716101 518.686792 357.903812 0.013886 -0.003503
831685.772553 747.005220 516.793108 -0.008403 0.016110
1646809.537731 587.602642 29.114123 0.010391 0.011921
354697.854423 227.166631 114.933319 -0.019292 0.005129
1718570.137265 508.595662 581.963231 -0.006267 -0.018621
338487.908402 550.047278 517.524626 -0.013010 -0.003224
1776805.868268 558.758926 40.711925 -0.000606 0.001822
960078.654327 720.581247 287.369649 -0.006481 -0.012405
763596.911339 131.527520 555.575280 -0.002784 0.016984
1446903.674606 486.145728 125.166104 0.016720 0.005085
1673049.761761 619.497794 156.307267 0.012256 -0.015287
591079.477496 780.697011 483.116363 -0.013684 -0.013977
450261.526019 37.140130 509.491872 -0.008271 0.001259
788880.985598 618.565810 259.225936 0.014943 -0.015434
1247242.441982 204.367909 167.177464 0.001984 0.007422
405506.701397 218.117728 175.627445 -0.003543 -0.012458
1835863.754077 198.080674 576.869509 -0.012852 -0.017824
159031.381905 379.607615 18.476427 0.015401 0.005305
362722.217274 87.871024 407.338959 -0.018706 -0.003840
420997.232395 340.011465 105.535899 0.005760 -0.007976
580167.091722 213.204723 332.544333 0.002761 0.012618
479025.265425 617.071737 52.898096 0.001296 -0.012690
552036.800679 360.197844 258.285577 -0.010481 0.005136
969986.005207 253.873582 61.916818 0.000680 -0.011922
1471710.388303 557.595424 187.565133 -0.003403 0.009134
1430984.936390 500.446197 91.369355 0.015657 -0.009269
902052.609670 145.068301 320.900055 -0.019794 0.010006
700700.571156 195.596962 313.038671 -0.002450 0.011074
1408199.004553 571.652842 136.654622 -0.014617 0.018107
1713095.736556 495.790345 161.786369 0.018405 -0.014599
944491.339356 556.798754 499.133998 0.011383 -0.015571
1119457.834922 400.234218 441.541751 0.008486 -0.004343
8319.607940 130.593547 343.846217 0.001555 -0.013271
647061.014849 711.480230 247.581714 0.013805 -0.006866
379545.065751 439.276308 25.700746 -0.003321 0.007336
1990576.603445 218.868356 181.726485 -0.009389 -0.010660
876473.971119 589.863146 557.728750 -0.009185 0.000887
80381.552726 664.258581 13.404450 0.011040 0.001696
828036.629980 624.499969 423.258780 0.019503 -0.007219
1747623.103553 248.608327 124.808147 -0.008536 -0.013757
1072386.123739 381.121168 423.229758 0.003175 0.015740
777386.485961 459.427805 100.511950 0.007659 0.013581
801906.589792 103.933411 346.065782 -0.006790 -0.003971
197987.358178 296.361632 138.199630 -0.015151 -0.014129
1545926.498969 428.246347 556.326421 -0.000725 0.001024
492654.834172 281.857911 500.200960 -0.001622 0.005423
1978982.283724 792.734314 69.203861 0.007773 0.002798
17631.095842 66.454865 86.445056 -0.012956 0.011000
1966499.848276 461.648982 543.221790 0.002822 0.015845
611006.784537 527.295251 167.040554 0.001449 0.011213
850069.038966 247.191397 189.566357 -0.005914 0.011502
1676786.882652 478.923828 83.765894 0.006882 -0.017869
1557780.060711 529.341542 26.313084 0.015766 -0.005748
1227310.625476 722.514717 263.362177 0.010514 -0.017193
428616.731627 592.432892 393.556078 -0.015226 -0.007965
1127178.874392 340.053979 576.196742 0.013667 0.018430
1480731.590409 213.235429 162.089408 -0.017757 0.004772
115335.758829 715.440078 130.582333 -0.012096 0.002658
541498.807511 781.127101 136.900634 -0.007421 0.014830
1167776.423119 742.473897 464.297447 -0.019069 0.007422
1705487.274428 189.977297 255.924092 0.000342 -0.005723
1455042.508177 58.020927 469.212586 0.007508 0.016568
1485351.840726 342.053843 108.587488 -0.019509 -0.000646
1600046.444498 56.092777 226.940549 -0.019289 -0.009276
1889695.885540 230.532368 146.775550 -0.013088 0.004130
230475.999522 605.473457 319.000088 0.015539 0.011186
434670.210087 593.399841 10.225586 0.005758 -0.009969
748135.628527 297.045322 193.537131 -0.013729 -0.017651
474188.291689 718.713536 292.303171 -0.003288 0.016373
1941577.332067 174.416437 588.818216 -0.006026 -0.010605
499196.726130 235.239283 314.429612 -0.000242 -0.001319
254300.674542 487.579761 134.033818 0.006351 -0.000080
6325.354803 700.520965 143.990336 -0.019184 0.000807
980919.682878 315.722201 534.881010 0.012540 0.001994
1900851.625903 40.339578 269.188923 -0.002538 -0.001263
719689.197242 326.377418 412.114922 -0.006342 0.010292
1844748.197982 472.786021 30.598350 -0.002154 -0.016583
1036199.990211 458.993283 416.597381 0.009653 -0.010727
385683.919483 595.691446 65.003121 -0.002691 0.010610
1256102.471266 738.624864 95.826125 0.000729 0.009644
1419511.694191 375.764432 472.450736 -0.013649 0.016274
511292.832210 414.826629 189.317615 0.017691 0.014393
145034.134456 691.564822 270.333095 -0.015047 -0.007555
1071721.370831 513.424628 530.780901 -0.010792 -0.004667
233847.819378 338.463945 77.017868 -0.011010 0.014227
1786277.592083 682.274374 467.533155 -0.017898 -0.005093
1031918.257955 609.841589 505.693323 -0.007877 0.016830
1499349.890975 446.759181 263.472445 -0.017379 0.000053
597617.807145 110.068941 219.298557 0.009991 -0.009544
1353622.215499 228.327142 541.938235 0.002463 0.000630
573296.933702 542.728922 563.598118 -0.003407 0.016139
1590131.532210 246.332252 453.907570 0.002987 -0.005569
258416.177825 72.499080 73.720537 0.018868 -0.004267
87595.200207 577.092359 571.400130 -0.000684 0.011451
906233.425674 625.530946 554.257078 0.012750 0.001247
370032.188655 396.296376 489.758419 -0.016466 -0.017723
664767.085884 299.798620 441.502746 -0.009140 0.011581
1278253.811075 53.121737 58.558300 -0.004154 0.005630
916040.443311 420.003478 438.716843 0.003233 -0.000143
249204.321880 499.616112 130.635223 -0.016936 -0.015699
8661.484350 424.063788 533.576458 0.017133 -0.006054
841302.204338 90.343881 506.404606 -0.010498 -0.011959
1802783.200425 455.781038 345.880897 0.005479 0.013642
731632.451868 220.886465 544.584757 -0.001448 0.006866
1096714.972098 736.954982 118.101748 -0.008816 0.000033
1386984.768969 323.519187 76.229188 0.016465 -0.000757
469499.863903 732.508132 6.579735 -0.015024 0.013774
718651.906922 435.711631 574.337468 -0.011855 0.011265
316653.122342 84.078982 211.145827 0.009587 0.009504
385530.231700 80.087021 10.884873 -0.015989 0.002555
1379939.433830 519.085162 291.183436 0.015453 0.017144
1974529.288697 464.056213 199.400803 -0.015454 -0.000350
1626419.535664 279.414845 244.594443 0.012964 -0.001068
503204.831157 146.448895 10.779531 -0.011642 -0.004520
1600260.999799 293.386079 294.868281 -0.013928 -0.015944
467442.890847 275.577246 121.059132 -0.009923 -0.002203
1530910.291491 753.308738 56.265616 -0.009991 0.013154
43405.273949 190.083310 245.261202 -0.005824 -0.005909
1801413.789299 133.712825 420.888671 -0.007673 0.019655
348673.859774 447.845544 104.761678 -0.012297 0.010747
1122384.702378 793.807293 81.154085 -0.017894 -0.014232
474000.488629 229.309859 293.413096 -0.002443 0.001546
1867761.544822 163.188908 288.139949 -0.018890 -0.001822
617712.498930 39.383936 415.381787 0.008724 -0.003864
88793.583256 494.873725 342.440108 0.009847 0.017028
1123119.018564 735.974711 291.910024 0.009416 -0.015511
510837.786138 237.664108 62.775502 -0.004352 -0.005992
498234.962345 502.475713 381.857818 0.009527 -0.017331
350510.791107 537.665066 162.709970 0.006231 0.007969
1451432.125387 771.465676 449.180296 -0.003312 0.007306
303273.376219 370.097697 180.204095 0.008882 -0.011676
454803.713809 226.977329 76.462810 0.008579 -0.019212
480071.545802 775.639999 189.949471 -0.006222 -0.005570
1333575.176696 475.025003 593.051275 -0.007833 -0.006721
110627.538576 382.968001 2.225545 -0.006964 -0.014594
1406769.050940 41.623022 59.216146 -0.001908 -0.001190
1561676.394922 482.612852 559.503981 -0.016750 -0.006984
281255.947557 246.938354 365.262150 -0.009258 -0.019076
1257382.930842 406.991898 595.769727 0.017804 0.014128
706537.016996 489.662152 268.487757 -0.006332 0.016636
1558318.719993 317.839347 236.828867 0.011333 0.008938
1057752.200895 389.291484 465.524380 0.005106 0.017524
491364.625511 326.593749 325.151351 -0.012865 -0.000408
1734950.389590 255.151979 479.229503 -0.000931 0.003495
1643357.573842 84.396299 57.313352 0.012572 -0.017969
1898263.090243 134.047265 397.723146 -0.004149 0.000386
1157183.811607 140.578211 544.158632 0.018931 0.018341
1260090.642264 401.561733 266.909125 -0.003779 -0.014820
767107.214205 521.206509 322.974101 0.017006 0.013181
55740.578126 634.518006 89.014027 0.013048 -0.009247
1471867.368311 518.712423 224.913171 0.013146 -0.001585
851158.514084 624.558141 377.949025 -0.016460 -0.012915
279214.015361 533.415022 211.667647 -0.018166 0.005615
622537.959657 541.099812 85.108311 0.010259 -0.016722
543551.074594 112.115692 439.630581 0.012544 -0.017373
1125283.938425 670.241437 515.115685 0.008438 0.006553
255944.995329 357.691920 187.331186 0.000114 -0.008838
1549879.616848 742.705180 35.689365 -0.003799 -0.019315
474171.187949 435.814012 410.392698 0.003582 0.003642
648167.413030 720.803382 160.344608 -0.001352 0.006302
697835.028496 590.230708 478.458468 -0.016723 0.001913
1725670.433475 515.797505 231.244839 0.008757 -0.005592
99429.388577 679.299420 481.676580 -0.005518 -0.005929
163663.104253 109.495618 168.310792 -0.010265 0.000447
594763.153510 303.248662 52.341797 0.019260 0.018761
1355525.087265 244.514879 521.862098 0.017837 0.010890
1053977.892294 234.955580 305.746337 -0.007021 -0.004956
115031.983757 149.747068 12.426480 -0.002298 0.016328
752375.869431 394.049243 454.760220 -0.012813 0.014194
219437.964363 208.692242 595.095833 -0.004391 -0.003911
1068114.026016 550.137794 468.919707 0.004836 0.006803
1499866.051366 239.006911 584.448050 0.004762 -0.010268
1491842.997955 117.068449 322.406194 -0.009754 -0.001152
1826279.228472 250.693299 394.967677 0.017327 0.010246
1133058.067007 247.692016 149.333087 -0.007036 -0.000444
207507.431604 346.932807 450.000254 -0.016174 0.012962
304737.184339 503.974818 306.917342 0.017352 -0.009988
361247.467977 546.799053 329.504313 -0.013806 -0.007877
1585793.637478 720.581337 269.640749 -0.006780 -0.013774
1841064.114050 194.759285 281.568805 0.003161 -0.012897
451362.950938 116.099948 291.976537 -0.001010 -0.001227
1950936.490647 462.769165 542.021389 0.008571 0.007408
1454702.783122 701.943916 182.367984 -0.010445 0.012466
1108684.254395 335.573297 297.067219 -0.015854 0.002984
1596490.624173 717.130014 285.129815 -0.010969 -0.010924
1263706.185512 134.571136 282.255974 -0.015939 0.009882
1294332.516982 261.482848 535.461044 -0.014654 0.012059
723046.520130 87.318314 228.145163 -0.009404 0.013372
107937.715067 793.615220 427.123929 -0.005709 -0.010779
1046872.077066 729.384225 390.298981 -0.019296 -0.019410
450965.188654 653.482352 547.145799 0.008028 -0.017418
278162.196408 266.264571 139.828551 0.004373 -0.002631
1960316.196066 205.359383 456.681984 0.014895 -0.004391
1125740.257616 187.312330 299.749942 0.017717 -0.000059
668170.334151 797.241657 294.372137 -0.018165 -0.005827
1443825.863043 455.624440 159.943767 -0.005089 0.003534
564375.188464 478.475294 242.803503 -0.012222 -0.008031
938961.728913 266.910824 379.380289 0.008093 0.017706
132214.712972 546.344874 119.614371 0.013174 0.002209
1179224.623916 311.966842 473.306611 -0.016450 -0.006671
575213.267736 338.756048 197.907103 0.011086 -0.001213
1368718.602401 400.415089 23.609308 0.018035 0.014931
1254302.726711 186.220673 282.757115 -0.018695 -0.002901
1541011.519516 401.123765 456.466003 -0.003908 -0.011850
1407684.757098 375.042935 531.972137 0.016136 -0.008170
883750.411162 394.088792 411.696651 -0.010709 0.003288
38293.802197 414.694579 3.052891 -0.006038 -0.008114
949396.727117 26.706753 478.458865 0.000569 0.019391
1340193.529306 112.556433 130.219677 -0.014326 -0.013076
1289556.392138 729.492563 404.522380 -0.003787 -0.007428
1756783.113702 87.827962 469.538785 0.010582 -0.019565
157687.638028 165.762235 303.303461 0.010612 -0.002488
175039.783202 627.078576 573.640073 -0.016280 -0.014671
506304.289450 453.761029 99.690347 -0.017975 -0.016739
301433.914481 576.178312 133.446102 -0.005310 0.014495
790027.673724 10.024953 464.144134 -0.017213 -0.003255
176035.711624 758.378219 317.020346 0.014826 0.008519
1081972.172988 759.633651 552.085318 -0.018177 0.008621
715741.816310 107.161066 299.173712 -0.007422 -0.010927
1263880.632475 454.042135 476.631129 0.011935 0.004701
1751026.801649 759.119404 202.643210 -0.016118 -0.007308
399196.095951 394.345752 197.984595 0.018979 0.002444
1496994.359185 48.897671 306.066299 -0.008921 0.017285
445396.929255 653.978886 529.387470 -0.014296 0.014560
1193553.106484 400.244370 599.118674 -0.016156 0.012573
450224.472419 581.817022 229.299468 -0.019231 0.001038
1999453.321099 715.863040 285.297132 -0.005735 0.019733
1584501.028799 429.587667 291.132255 -0.015111 0.000412
94458.571679 696.565799 342.851355 0.002276 -0.014106
1007827.074736 623.706048 579.231483 -0.004562 0.016881
1658558.308919 786.327741 253.550461 0.013096 -0.016879
475365.567242 42.196120 483.329702 0.004618 -0.017076
663714.367274 495.788112 580.414764 0.012259 0.018246
1919117.403179 479.347178 296.726048 -0.002194 0.008842
9624.167350 393.636200 355.027980 0.003061 -0.018039
1478876.057770 64.432075 497.204665 0.008048 -0.001364
1502145.321808 426.864471 269.382080 -0.013034 -0.005543
1054818.871922 329.257690 248.186919 -0.006669 -0.018739
972186.690649 532.098771 390.618784 -0.001883 -0.001119
1216433.286302 329.934927 42.967995 -0.015887 0.014301
1585452.240699 85.864887 209.740021 -0.004607 0.007272
796849.675848 99.255980 458.750615 -0.010982 0.013123
461377.134761 782.643226 217.334077 0.007175 -0.013909
1447663.852688 165.571161 338.332544 -0.014482 0.001615
1190708.408687 499.030526 123.173992 -0.010150 -0.016951
1355477.244293 683.816408 294.024619 0.009975 0.018279
694211.989964 433.530839 38.966374 0.007875 0.017076
1497031.391364 75.969452 30.409354 0.000514 -0.007110
1759090.904966 594.703726 180.131074 -0.010322 -0.003071
904928.793621 772.471233 378.098891 -0.019355 -0.015853
341892.055395 489.281527 436.761126 -0.004943 0.014333
1609370.418642 43.348522 427.766187 -0.008209 0.012134
1339833.364515 513.289600 207.029671 0.009397 -0.006455
543533.833951 386.350118 260.007683 -0.007098 0.019817
1510075.678821 161.498119 443.623321 -0.017786 -0.002232
325429.097901 406.362484 246.040614 0.011723 0.000967
1027532.088117 771.187084 81.390537 -0.010360 -0.006361
1987715.010526 36.981781 236.931089 0.008271 -0.006375
396776.620483 301.204595 588.985752 0.001746 -0.015573
639902.701899 652.384071 356.258693 0.010126 -0.014489
1179865.857204 406.277236 204.062096 -0.006839 0.002533
1568458.621189 393.506999 42.525576 -0.012228 -0.008585
1190290.628555 566.543871 149.844893 0.009236 0.017978
1180185.991889 580.050792 597.309883 0.019398 -0.002765
672088.553511 146.707326 484.799921 -0.007318 0.009078
1837656.663655 510.360856 325.381015 0.000515 -0.004369
1360614.323691 82.022073 539.247740 -0.019194 -0.002727
924125.776125 643.687828 554.767591 0.001319 0.019946
418950.309241 102.582252 424.316201 -0.001700 0.014329
1312754.557148 39.237352 350.151884 0.006072 -0.018655
30587.249450 790.545457 130.439960 0.012913 -0.007757
1889215.610870 593.548989 566.241265 -0.000528 -0.009817
669560.509114 133.716521 214.431215 -0.010655 -0.012491
1579576.984783 556.614814 595.224520 0.008571 -0.010872
1982244.182370 738.881487 214.145965 0.007922 -0.004707
432350.935616 283.670617 258.552255 0.011995 -0.019755
930735.730068 652.422660 596.676103 0.007313 0.005532
600671.720971 501.901969 228.106975 -0.010208 -0.015423
1270601.892504 463.466751 169.241944 0.019712 0.012510
938976.299455 626.157599 304.958159 -0.001536 -0.000137
1474031.937064 362.100191 251.965087 -0.016244 -0.013957
1605130.416157 248.029697 303.003114 -0.010652 -0.015584
1023340.410098 559.395179 555.389552 0.000244 -0.004720
1128556.229700 645.295211 5.601470 0.017771 -0.017964
248420.950141 464.002728 377.832712 -0.003869 0.002811
884577.235619 700.630595 213.349297 0.018015 -0.006544
1704879.713107 549.949758 474.209713 -0.009093 0.011233
1882055.445519 60.150985 54.979812 -0.002160 -0.007624
404206.608610 766.231749 4.983120 -0.014891 -0.001432
780987.060993 553.651396 162.297306 -0.004016 0.005489
642018.800900 419.725368 130.366987 0.018030 0.017215
1579863.075903 314.203756 483.496750 -0.014192 -0.006273
286431.929230 798.668877 18.545549 0.017334 -0.009152
1625355.291937 699.688453 207.489983 0.016180 -0.007152
1310099.705732 85.327684 167.106932 0.006554 -0.010609
1485499.756171 42.872517 555.897306 -0.019464 -0.001835
1126826.147142 267.449715 586.968677 0.011212 -0.008620
1817754.082297 456.329530 406.772519 0.008593 0.008643
42605.713030 686.225217 428.541837 -0.017781 0.011599
1969490.396776 691.975822 399.583734 -0.006766 0.010783
1972945.507603 788.491138 525.725806 -0.009402 0.005964
221002.463354 6.136122 421.581954 -0.018508 -0.019156
314139.836614 480.185274 213.080466 -0.014578 -0.004771
1280098.799281 35.431888 570.773120 -0.007274 0.010352
1334025.561499 271.253761 370.309976 -0.004768 -0.004332
817314.073824 292.413259 154.051206 -0.017011 0.007864
52254.755074 48.902322 409.250735 0.016097 -0.006946
662711.798522 9.958263 200.203879 -0.018618 -0.018005
710212.109941 153.249042 390.038607 0.008413 -0.006921
61999.699130 280.533110 222.891737 0.019292 0.006740
261157.692532 519.395077 4.191864 0.009912 -0.018783
797766.605764 125.276413 237.405187 0.006223 -0.010768
184709.901076 545.416074 175.127866 0.010988 0.003335
1235796.007903 84.957814 357.761049 0.018088 -0.014392
1292608.929469 245.528303 198.815263 -0.008138 -0.019312
1317389.029692 261.782482 220.558440 -0.018792 -0.007611
71927.786838 128.287418 575.404675 -0.018266 0.016322
1977614.946653 353.707058 38.798241 -0.004630 -0.016077
591803.305127 381.680173 467.458249 0.003513 -0.009935
726241.200569 164.707284 214.372537 0.018391 -0.013696
995710.504705 484.935178 278.929919 0.013169 0.016101
963862.695249 390.793871 137.999020 0.013990 0.000729
1079147.418532 708.512805 407.579775 -0.000039 0.017178
1174876.041326 389.726911 222.871944 0.006098 0.014868
937689.950195 758.536354 209.303630 -0.010082 0.001419
1200871.358253 489.221127 445.022335 0.018313 0.002833
1798372.363578 364.613379 106.041324 -0.005454 -0.008574
158766.744732 676.458763 464.327511 -0.007601 0.007831
584123.108808 679.374303 348.531184 0.018832 -0.006110
1019930.488905 446.949468 500.427106 0.015243 -0.011566
1412068.961846 279.768397 95.565165 -0.017812 0.003940
1390465.348675 524.195524 125.673003 -0.002528 0.004541
1560588.704217 269.068738 41.565982 0.018290 0.008005
709118.110458 29.090321 327.231238 -0.014861 -0.006202
481739.437432 336.428438 116.882865 0.012853 -0.004340
1084185.081108 265.413847 569.765548 -0.004948 -0.011489
321427.933090 65.833768 337.593339 -0.007302 -0.014460
322096.383349 12.055063 475.493103 -0.005169 -0.001923
811598.476400 120.555181 472.671507 -0.000999 -0.015686
975828.599639 663.363210 86.908037 -0.018663 0.018318
980873.326296 219.519570 226.676004 0.007417 -0.016149
1538962.265262 182.038471 256.851984 0.008793 0.004159
1281944.833362 703.884419 411.568062 -0.011816 -0.012023
1646853.441208 292.022488 129.162547 0.004640 0.009419
1334224.681991 17.380683 531.648201 -0.001780 -0.000136
1987979.200663 754.325845 195.913886 -0.014459 0.019085
567825.405192 503.207765 150.411408 0.006519 -0.007412
693992.653253 345.332386 324.831593 0.011038 -0.013982
290886.182473 332.935110 18.565415 0.013265 0.004807
461579.700216 524.016059 590.799663 -0.002170 -0.009174
1440439.939238 90.440929 175.686168 0.004261 0.002725
1578856.275221 480.053293 306.900462 -0.015376 0.009533
975708.803616 319.704492 220.404469 0.009548 -0.017529
1363849.989774 68.415486 295.979421 -0.011055 0.014430
1287670.666020 295.304415 165.853656 0.006989 -0.011976
1793086.186886 724.558101 513.353094 0.015255 -0.005944
253419.465503 481.249504 278.465750 -0.003160 -0.011675
65064.939701 167.136410 484.840012 0.001754 -0.007021
1093948.624606 25.555614 434.504740 0.016600 0.010814
1570950.974510 477.162608 513.791422 -0.008881 0.012823
1433502.711092 738.093628 113.563461 0.019717 0.003904
779698.448619 711.841724 301.618248 -0.010192 0.010868
1707668.152502 297.725599 223.906834 -0.007281 0.011682
1161722.038482 280.511867 0.560722 -0.004424 0.015792
650195.260835 748.619751 555.916059 -0.018017 0.014027
1393276.303724 667.653449 268.187114 0.002110 -0.015478
534900.189626 215.545631 21.101488 -0.001731 -0.009475
1264731.390059 677.024716 91.499038 -0.014607 -0.016311
1848317.172308 790.851805 278.497323 -0.008127 -0.007730
512088.236637 702.260704 394.427443 -0.009740 -0.009303
1104225.446984 465.403453 121.905785 -0.000862 0.005238
107543.810321 140.002673 279.325041 0.000027 0.009122
1156781.673039 614.856451 598.170580 0.004545 -0.011007
520065.349769 196.848189 42.931381 -0.003479 -0.004757
327390.441823 269.667528 221.850373 0.005109 0.005369
1353004.063178 707.164583 307.082674 -0.006596 -0.014383
1558240.596931 709.167705 433.429820 0.019289 -0.005433
706633.334377 28.922687 323.743928 0.012763 0.001527
534505.464385 317.545725 183.084070 -0.009430 -0.019558
1061346.780072 419.609766 154.362428 0.004119 0.017520
1275778.349152 612.579756 164.537204 -0.019702 -0.004250
1816858.008419 547.191991 166.618942 -0.003178 -0.019281
837596.447597 159.539575 542.416131 -0.014366 -0.012750
537634.699856 395.828332 130.589506 0.012331 -0.007461
1509630.032587 60.275237 426.133233 -0.019217 -0.007228
1442342.147903 473.034271 518.546646 0.019137 -0.012287
1603574.954720 492.591153 575.665021 -0.016949 0.004948
706735.606634 787.684364 184.491008 0.005244 -0.003793
651319.147391 40.066617 362.662198 -0.010795 -0.012351
1573016.600485 398.769455 411.589605 -0.019857 -0.007703
1998835.487291 607.393584 229.787155 0.008387 0.012775
1445522.677826 344.795817 246.238542 0.003486 -0.003640
1207599.107738 311.256692 15.001953 0.002528 -0.001375
1297106.122271 733.424017 269.819328 0.018213 0.001914
1709409.523620 225.398526 358.924178 -0.001622 0.000463
1579454.636005 196.702188 6.159420 -0.000963 -0.009984
635151.660366 380.317208 5.440570 0.008016 -0.012590
1657542.871152 338.329815 369.366576 -0.010423 -0.019592
50074.195513 674.220352 239.563202 -0.017995 -0.003747
1728956.987955 558.808996 193.690448 -0.007443 0.006161
1741304.677791 135.060999 561.963162 -0.001251 0.005109
896425.988943 206.842592 524.582226 -0.001648 0.009368
248631.410417 620.827843 125.819329 -0.014664 -0.000939
789536.960791 769.691097 539.631601 -0.019580 -0.011933
1819863.026878 28.550598 26.614301 -0.007625 -0.016559
901731.744829 139.133006 470.687337 0.010945 -0.000479
878442.611954 515.313280 393.861971 -0.004972 -0.015484
569936.175165 658.991111 222.883197 -0.013641 -0.008693
212161.644461 226.636516 35.279417 -0.007366 -0.003298
1070836.321949 568.422670 227.765301 -0.002606 0.008852
1162154.364009 276.034719 454.350567 0.005034 0.006168
1685995.778854 61.360443 496.965855 0.005228 0.014018
631794.399876 53.588275 296.613967 0.018911 -0.002294
