120102.793966 630.420158 121.627158 -0.006099 -0.005544
269277.329682 300.069948 156.178389 -0.018275 0.015152
1260731.205931 302.221261 191.722225 0.013070 -0.002962
973263.179405 632.885160 572.933390 0.008504 -0.005935
1683880.506867 289.253973 229.309153 -0.016825 -0.013039
1760997.696668 175.381718 580.473143 0.011719 -0.019822
354965.669268 681.980709 474.630261 -0.004790 -0.012034
306862.422408 412.017315 346.434112 -0.003481 0.002357
913598.742761 34.923247 562.563490 0.011140 0.014844
723511.401901 210.245341 397.738865 -0.007309 0.019060
27418.055584 127.013594 203.173179 -0.004126 -0.010463
1026719.971107 221.755232 273.004726 -0.000715 -0.017199
919235.655535 527.275713 552.843978 -0.009943 -0.018412
247720.705461 324.207449 333.679083 0.008059 0.012679
229642.751734 125.625228 517.112389 -0.017956 0.017187
1463437.116455 330.418096 118.905931 -0.004255 0.009178
349002.480669 325.711390 533.989184 0.001147 0.011487
253345.397419 21.853547 48.648555 0.003298 0.000363
301882.374241 33.266010 100.975711 -0.017036 -0.008248
417897.793659 158.321565 419.844534 0.010565 0.015940
1032678.423930 703.078611 34.497961 -0.004921 0.017248
1981626.739717 86.557181 206.281484 -0.012546 0.000418
148080.320166 291.035038 546.154508 0.018533 0.015044
1426235.401736 72.401223 542.579395 0.011797 0.006903
826207.458426 756.218948 428.332074 0.003250 -0.019250
17939.873048 633.020759 129.709713 0.008271 0.002236
229060.592236 178.714520 260.688969 -0.013015 0.003916
729567.630556 129.708653 425.710952 0.008422 -0.006064
424191.899795 625.503734 428.195790 -0.015129 0.009753
1179453.697605 667.590808 501.680582 -0.000328 0.005136
1017047.714916 724.921388 344.258623 -0.011063 -0.000461
1184883.571782 186.570976 168.373897 0.012310 0.017664
1669257.284919 738.051797 97.961417 -0.009267 -0.016783
1530870.404807 506.871103 153.152382 -0.001062 -0.006366
1211583.405366 549.669875 75.368441 -0.007254 0.012388
1741377.547263 727.157920 385.845796 0.008290 -0.003798
544004.606336 172.547442 185.194325 0.013862 -0.002453
1594854.852927 349.937140 402.379360 -0.016923 -0.010145
1223177.906695 729.660020 101.340165 0.010952 -0.013086
527324.168257 433.112357 487.675782 0.000766 -0.019351
312490.830343 99.738768 422.384619 -0.009584 -0.002717
1025907.483430 120.871595 212.044524 -0.013734 0.014349
1509229.653286 341.943164 43.601923 -0.017934 -0.009372
1023852.793045 688.196688 428.064528 -0.012674 0.017498
1918069.081343 635.267255 509.699262 -0.014819 0.002804
59433.087734 314.472826 67.878323 0.013718 0.016465
257531.464220 800.512568 21.782088 0.013278 -0.008788
961609.428265 277.196217 259.692067 0.013369 0.000062
582120.371322 470.114148 558.478848 -0.005430 0.006003
408974.288222 701.644048 306.634168 0.016805 -0.017658
899929.745542 700.359269 511.789616 -0.008030 -0.019840
849952.291162 263.256882 237.713534 0.001506 -0.013091
617567.269419 532.412169 103.649739 -0.006174 -0.000023
907629.657959 661.762389 506.982454 0.015492 0.006328
693382.430213 141.808326 148.655164 -0.008907 0.001677
1797970.130014 385.134286 250.798273 -0.003526 -0.004085
955435.349120 688.654105 164.012182 -0.006712 -0.013571
557659.864685 605.832837 293.335676 0.007018 -0.008250
1324351.926951 788.232154 575.624928 0.013352 -0.006817
917046.023028 230.690291 93.551703 -0.007871 -0.012915
1632997.046985 519.146733 212.497927 -0.017487 0.017120
1790149.784549 770.220254 244.886806 -0.007413 -0.004961
1613713.184192 632.193949 140.689851 -0.016793 -0.015065
791753.703166 288.525756 527.270753 0.015413 -0.018589
347958.385175 437.415276 12.071819 -0.014654 -0.004626
701432.257286 473.863703 403.298720 0.000320 0.015830
1693039.169392 258.709668 326.932320 -0.012031 -0.004480
944105.254926 76.315847 210.608156 0.015334 -0.003685
1451122.988691 550.611575 119.841248 0.018421 0.010768
644142.737912 285.053267 76.625689 -0.011894 -0.010300
328294.663843 300.345684 473.815942 -0.012193 0.000421
344141.964030 428.756116 60.575994 0.013710 -0.018295
1995072.262359 551.855416 220.632680 0.001693 0.015580
1509670.835691 11.203571 590.996558 -0.015729 0.015788
783939.521193 665.456526 350.047064 0.003541 0.011732
702233.533702 730.436256 89.140779 -0.000813 -0.015223
783487.379916 514.418246 295.205398 -0.012701 0.013077
1976.599918 282.173031 217.624735 -0.015855 -0.012086
812477.567611 80.950594 532.084438 0.010928 0.005795
1551513.418346 422.635426 395.088826 0.010378 0.005364
1106838.468046 120.802310 279.690988 -0.014521 0.009723
516376.429478 389.609766 394.202867 -0.003891 0.018704
1541877.001311 639.220432 366.934169 -0.009511 0.019230
877046.727052 210.941012 200.419689 0.012095 -0.005350
1062152.807164 166.472084 280.871666 -0.003290 0.019308
220503.739184 155.030810 306.099312 0.010770 0.018108
285758.867062 257.612439 62.754311 0.004289 -0.001990
1694852.848395 693.282483 566.695279 0.000235 -0.009209
1823523.613542 219.368749 44.348190 0.000917 0.001472
109429.840049 768.312244 480.024347 -0.004458 0.010489
331166.874772 736.339328 582.266940 0.005306 -0.006542
1904142.131984 594.111120 318.587633 -0.001581 0.000437
967910.745632 483.296986 499.302379 0.003522 -0.011505
581591.096978 348.462949 48.047484 -0.010648 0.017501
706572.319710 117.994676 128.355578 -0.002999 0.006858
1499518.371885 385.532503 378.766573 0.001969 0.014861
785875.055374 571.555756 474.412675 -0.005464 -0.006112
257524.722376 252.946076 54.360842 0.006456 0.011187
1201976.699383 114.833418 228.895278 -0.002621 0.009279
1186503.038363 580.020452 101.764552 0.006831 0.018395
215485.423904 20.115532 64.849566 -0.007122 -0.001906
1555844.913030 56.648923 560.834340 -0.003695 0.004793
1610655.802121 641.094425 200.375665 0.003839 -0.013393
1363983.919548 580.556829 288.336381 0.010878 -0.004604
515601.680854 298.506762 317.605366 0.005556 0.012252
521772.659627 185.448769 319.498808 -0.002815 0.016126
984056.433190 429.786566 558.323125 0.003536 0.013689
764465.851134 302.241604 558.004339 -0.007323 0.011440
1098768.237559 98.158118 352.888902 0.014659 0.008835
1505133.839094 452.544856 265.883075 -0.010738 -0.006511
1656881.889169 392.760332 425.992444 -0.005646 -0.014819
1035409.796534 493.609045 216.421408 -0.018009 -0.018104
532033.862794 432.484004 349.992129 -0.012177 -0.014337
885049.308131 462.113060 312.357585 -0.005108 0.015768
611963.250959 737.550546 10.379121 0.015705 0.012224
1469794.933437 516.416181 223.543860 -0.012468 0.015582
1419313.830053 5.393732 222.257832 -0.003145 -0.005436
1001399.715897 751.201014 589.813559 0.014483 0.019448
57920.523946 103.042625 316.924004 0.004560 -0.007023
1340168.589419 44.103536 541.164572 -0.012383 -0.002905
1593328.125585 397.001497 209.050246 0.012543 -0.004446
308175.125303 438.497027 21.556648 0.000936 0.009122
1829796.170737 187.930613 440.294172 -0.008569 0.006237
194622.977727 628.452492 356.765715 -0.016824 0.005968
1163384.351490 85.836144 466.865405 -0.015322 0.009185
203536.384834 623.582195 466.909034 -0.019844 0.018799
408990.508136 640.534949 279.625950 0.002388 0.004629
1709918.606891 566.433313 96.675113 0.015744 -0.010621
1776676.395804 644.346762 280.337124 0.004791 -0.016387
248411.979642 575.595094 526.813770 0.008747 0.011925
1052401.075630 239.796523 543.579643 -0.007836 -0.003540
1254879.329007 324.252034 114.407199 -0.003743 -0.003573
322021.593490 487.275585 125.424987 0.001769 -0.014952
1647379.426121 386.123838 521.436769 0.019419 -0.005113
204691.412954 699.179163 106.325584 0.002795 -0.000170
536197.156895 555.319246 128.668657 -0.014198 -0.003473
25648.950611 537.889038 428.766459 0.016674 0.018948
247729.502734 436.881557 229.165123 -0.007401 0.018032
1580350.309415 379.856575 335.253218 -0.020006 -0.015901
1443766.372951 659.195954 351.035092 0.003678 0.012388
1912564.341869 554.329364 409.530018 -0.014672 -0.009431
357511.299829 321.113534 575.520354 -0.004410 0.001843
744693.135258 324.361737 130.835956 -0.016549 -0.007017
387589.365424 167.796087 523.075187 0.002987 0.000954
1645202.005117 291.619526 -0.110827 -0.004714 -0.005365
205411.871060 83.699093 113.521184 0.007506 0.007841
1996032.971887 514.885699 233.907345 0.007524 0.010427
1306804.762830 688.116767 106.631759 0.004501 -0.009857
1450619.077985 788.548445 395.100904 0.017720 -0.017181
1969754.747101 110.626530 168.432022 0.013645 0.008611
1609086.544071 543.837154 45.489179 0.012192 -0.017515
883645.576836 726.138341 99.653177 0.005655 0.003648
1722771.757153 502.444950 142.284660 -0.009971 -0.007560
28763.775727 722.686192 101.806041 -0.011999 0.000511
845989.907554 733.791008 301.311595 -0.016742 0.014420
1143645.596292 54.526829 600.342116 0.014089 0.016928
1423342.375748 525.671227 361.916521 0.011491 -0.001570
1329764.171191 184.860315 221.746984 0.013245 0.014447
1926056.274178 553.231617 294.380806 -0.012001 0.017722
1598411.507718 172.755479 507.818977 0.018771 -0.003698
726058.746095 314.034212 195.452800 0.014554 -0.001022
375371.614646 348.401874 324.822716 -0.012636 -0.008618
932014.105344 718.406168 567.061422 -0.017158 0.007151
811741.037672 587.770847 550.833549 0.010982 0.002634
1557690.799962 589.680704 154.896320 -0.009263 0.017510
399385.155365 53.336792 91.230541 -0.018135 -0.018556
1122038.441301 328.057094 256.588442 0.015485 -0.009108
1805346.826001 59.646298 425.552728 0.004691 -0.000686
1995636.369100 729.164096 97.061998 0.017697 0.019415
1695958.700821 279.067432 427.869584 0.010646 -0.015090
558004.577904 435.825929 516.716125 0.001458 0.012506
1597187.265566 589.280554 528.794923 0.018084 0.011277
1833981.536251 410.046892 114.654388 -0.006181 -0.003992
929917.220459 197.810971 284.828082 -0.013182 0.007570
1471826.909795 138.609184 361.260230 0.015869 -0.015403
1165988.196230 595.222472 277.976475 -0.008179 0.000419
1172216.120722 460.782770 32.402217 -0.002194 -0.015480
1736107.381869 196.456148 508.239535 0.009949 -0.012169
1259741.624473 533.010926 425.115705 0.012848 -0.019576
218963.730251 229.071507 155.195972 0.003361 -0.001607
1902503.935575 255.778014 379.572916 0.002181 -0.011338
1496596.111682 109.424165 576.186356 -0.011557 -0.002657
941537.357374 638.179321 5.906361 0.001066 -0.010193
245239.558744 315.784773 293.004420 0.018817 -0.014290
1372376.816986 480.109404 484.750810 -0.004174 -0.003135
1637971.852737 403.710028 424.007739 -0.017010 -0.016350
337179.376901 23.667145 245.395094 0.012133 0.003348
1249672.392965 440.322542 432.811932 0.003381 0.010447
310196.676436 44.352250 335.813747 -0.013361 0.003295
1607296.809371 230.256433 585.033114 -0.008238 -0.009703
236307.595035 783.935596 515.222077 0.017037 -0.004966
561161.337682 596.959981 528.814256 0.019453 0.012914
1939371.158341 125.336160 511.912942 -0.004856 0.018362
870700.636353 2.108522 305.587992 -0.013726 0.003549
541779.813609 249.414119 386.785317 0.013258 -0.000889
453110.709066 506.753240 459.627357 -0.011927 0.017066
47266.968548 256.900087 543.221362 0.015295 -0.010187
562186.379247 130.068156 594.613273 -0.013529 -0.013976
1629854.769274 105.301816 185.089527 0.006686 0.000384
534606.907766 82.254831 307.466578 0.011063 -0.009664
203362.833803 38.202548 342.251827 0.009823 0.015207
92345.910190 778.829859 306.496461 0.012423 -0.012993
877177.283576 667.563331 297.669846 -0.006206 0.008681
1484435.888699 500.924877 528.833027 0.009363 0.011484
64404.659935 439.007249 550.737206 -0.006323 -0.011437
856791.879449 487.051945 190.792571 0.017640 -0.004617
1153201.109335 33.966991 259.426779 -0.014226 0.011654
618554.387530 154.270180 456.710660 0.012845 -0.019882
1875266.974734 207.519616 503.016396 -0.002701 0.004177
1111007.126566 140.228704 138.539752 -0.002545 0.016418
34336.430968 375.364644 275.422822 0.017195 0.004412
1349224.196444 292.114785 249.886920 0.019697 -0.007782
1602661.077679 455.186367 209.610525 -0.010651 0.008562
276647.354605 434.414968 544.444063 0.016363 -0.005545
1822198.850020 671.120361 373.272376 0.009944 -0.009122
453696.245539 243.690058 268.584949 -0.001698 0.009693
713133.517985 379.575265 125.382786 0.012603 -0.003602
36437.158490 391.727091 464.285359 -0.002875 -0.000584
159010.190591 189.111826 31.264627 -0.002848 -0.001201
1535456.720523 453.572264 6.986817 0.007008 -0.001253
749811.288319 470.038290 183.247385 0.019856 -0.006532
1154889.427663 178.835538 384.564572 -0.018999 0.007216
762647.938338 304.964969 92.540377 0.003625 -0.012138
1129345.827331 486.746225 410.895340 -0.006527 -0.018313
337378.635228 333.991649 168.817373 -0.011171 0.013864
1499918.929068 791.284624 248.029823 0.010361 0.006634
1760744.261444 108.789133 149.843313 -0.012554 -0.014671
1172923.453698 610.498220 215.645498 -0.010953 0.011544
79642.974809 486.138130 101.023175 -0.012201 -0.012034
730713.756164 606.915070 483.900314 -0.017944 -0.016077
1702955.846536 175.470345 309.545170 -0.014692 -0.002384
724785.897287 705.952312 257.937502 0.011049 0.005765
187236.443249 524.338503 468.639705 -0.006230 0.013669
1828784.213322 744.253072 362.827474 -0.009368 -0.013266
787390.226865 250.400984 459.586722 0.002481 0.000242
1929498.061505 742.974338 161.077434 0.010652 0.019217
730520.102536 499.597427 120.163685 0.015192 0.010586
1281053.293162 194.307556 381.828387 -0.017202 -0.019251
562426.321470 130.259996 404.885036 -0.017506 0.000270
1033437.869061 780.050113 262.850185 -0.015119 -0.010087
1192859.900739 412.582847 336.389132 -0.005499 -0.016833
138898.690296 261.459582 3.602679 -0.006511 -0.015992
1973181.982512 561.064487 434.039205 -0.012564 0.003319
957790.512106 660.785704 496.795870 -0.015324 0.015869
1692076.045876 318.213726 36.203911 0.000830 -0.001626
1136829.509929 29.279601 260.425504 -0.019537 -0.013628
1367539.427880 482.467772 406.223623 -0.010180 0.018671
1509350.044424 252.363573 176.098143 0.010404 0.006112
785056.476847 598.046988 212.809459 -0.015367 0.017394
1873643.585422 476.093794 457.056126 0.010546 0.008432
1315983.134935 488.204037 64.740311 0.008799 -0.014720
1135951.929323 228.713906 100.605162 -0.019855 -0.008258
656102.584980 548.565495 539.210896 -0.019843 0.017280
1727078.126616 606.322006 148.301868 -0.013755 0.000836
1797488.349396 438.956053 161.399860 -0.009885 0.006605
406141.346510 152.020809 156.395702 0.018576 0.018123
1941231.998588 497.174532 337.407344 -0.016815 -0.006384
1386830.762674 518.511140 376.772018 0.014459 0.006000
1843128.023596 152.231205 201.727252 0.012785 -0.012239
538331.757550 546.166096 571.800540 0.000657 0.013537
944807.663069 332.387829 233.351540 0.009371 0.006567
106756.882792 754.949604 514.509579 -0.007549 0.016347
1618777.323337 226.593685 318.163329 -0.005089 -0.005258
1742666.514471 52.446391 6.896790 -0.000036 0.017112
1321460.731012 337.139482 69.710757 0.019890 -0.010392
620834.287545 213.150901 553.803003 -0.009472 0.011297
1523195.320518 587.419311 118.886688 -0.014015 -0.000942
1731081.362688 163.118573 252.012517 0.008913 0.000661
656632.629529 425.669418 480.520410 0.014355 0.016124
325566.043298 583.708836 581.040544 -0.013079 -0.010857
1792559.657149 666.374407 390.290043 -0.019491 0.013224
1778465.217808 259.320097 59.255439 0.012380 0.003531
1763427.173609 457.819869 192.988202 -0.017767 0.009941
1593951.392730 755.931277 556.257222 -0.011308 0.006615
886016.743670 435.817497 119.168239 -0.010391 -0.003814
204796.643092 323.834729 80.801227 -0.017155 0.002989
727276.621725 773.466623 248.364157 -0.019631 0.019113
488690.041233 721.759592 183.007256 -0.006268 0.008564
1781116.410057 179.230538 171.969937 -0.011474 -0.007824
20635.784613 7.539636 149.560001 0.017500 -0.010970
1834876.302553 303.402592 462.673637 -0.015332 0.004947
350019.654422 174.662910 16.747644 -0.007613 -0.008380
1214501.650638 537.754300 155.070369 -0.019201 0.007494
477760.385944 211.509498 353.500048 0.001765 0.004277
605806.972182 347.258639 499.289400 0.003596 0.005794
272576.070518 480.096996 392.509393 -0.004566 0.001520
1759240.741729 243.190753 550.266692 0.005988 -0.003277
1080301.612187 660.455400 382.652203 0.002788 -0.014592
1857771.559552 140.200515 484.351666 -0.012480 -0.012184
988850.145130 339.945182 276.792276 -0.016671 0.018753
134591.829094 309.592569 242.520966 0.015992 0.019026
96963.198901 28.603784 345.829383 0.008294 -0.003141
227820.812831 465.025918 434.778201 -0.018763 -0.010711
290631.014058 457.545370 34.271814 0.011485 -0.014499
385931.693197 569.543621 190.119868 -0.020023 0.015996
1023297.854244 397.069244 195.414817 0.018833 0.003257
589125.026292 31.552775 579.653011 0.007948 0.017455
1882412.602139 596.843821 584.013451 0.000688 -0.002096
790218.714061 504.774679 18.717441 -0.015186 0.006552
526777.357108 212.319886 139.892246 -0.007112 -0.017988
748590.766801 411.816158 457.610976 0.007592 0.000594
1324791.236466 162.178979 5.995962 0.019525 -0.013034
1179151.767483 226.039218 128.303540 0.002195 0.019227
301466.356172 396.017030 434.850387 -0.014984 -0.019507
349183.755158 415.010975 387.358533 -0.011765 0.005622
616335.581344 375.070755 543.749154 0.001721 0.011547
1910511.639859 733.755899 182.923523 0.008698 0.004281
1640005.631205 304.749702 485.009077 0.013283 -0.005338
1964468.728734 335.858145 391.106322 -0.012190 0.018995
1261209.360911 276.235024 282.371491 -0.005747 -0.001170
968463.258337 424.388185 593.839584 -0.014826 0.009425
1257770.379660 350.160187 123.936553 0.001270 0.019265
1991034.577596 391.407077 537.682097 -0.008005 -0.011734
1007596.648767 95.822261 353.400066 -0.006704 0.017905
1912045.142572 235.942630 222.802358 0.004268 -0.000412
692628.538559 190.206119 501.210904 0.009079 0.003618
609848.141023 240.675619 74.927917 -0.008222 -0.002768
1723251.459991 737.678351 520.941925 -0.017350 -0.001710
1696924.347289 50.352401 567.967309 0.009830 -0.005572
309029.791648 199.693858 289.711767 0.009634 0.002336
867302.640745 559.175795 513.515461 0.012178 -0.007821
691843.061099 120.569216 326.086274 -0.012856 0.018636
272265.500516 388.412535 162.181088 -0.009546 0.011206
1400582.436193 98.363867 421.298782 0.002988 -0.012302
320566.674844 333.073483 150.818292 -0.015710 -0.013505
1229627.376064 208.792724 246.196161 -0.016048 -0.019854
1946485.269790 424.999202 421.377220 0.005171 0.007370
15066.369444 140.497759 292.283198 0.002009 -0.005759
911695.870064 549.101385 506.222788 0.009042 0.017875
1245159.992597 340.316152 42.740516 -0.006390 0.020236
519428.529087 388.674877 247.020923 0.000362 0.003856
1147820.552414 102.157892 512.478647 0.019418 -0.011050
1717933.562453 767.100726 453.705525 0.002492 0.011457
183230.377819 455.327888 577.742295 0.003167 -0.015297
640928.558372 27.457440 483.253718 -0.013454 0.010297
1503776.668340 628.975291 111.072598 0.012845 -0.015530
360957.489517 65.383238 358.321089 0.003703 0.003718
380073.533570 131.974328 431.615229 -0.018226 -0.014022
1889061.825298 723.384848 66.017512 0.008012 -0.001345
1796955.322752 633.825192 20.395947 0.014484 -0.005169
306282.549308 146.970344 243.168114 0.018358 -0.006189
332156.324914 567.600368 78.917135 -0.005928 0.001315
485168.456326 426.656277 367.326924 0.013083 -0.014881
413343.113108 24.325933 173.619840 0.017100 -0.017009
883643.182406 697.248647 587.092859 0.002074 0.002811
887249.075289 360.298610 217.517988 -0.000902 -0.007444
1467432.667253 504.316883 297.502481 -0.014409 0.003561
1682910.725327 245.108794 179.508920 0.018969 0.006316
1660796.624450 172.301439 113.522824 -0.002236 -0.017771
629926.086697 520.357198 50.888139 0.004191 0.003110
318150.466456 37.249816 269.332772 -0.013857 0.003919
40123.955365 464.622859 29.081689 -0.004733 -0.017523
724761.667999 93.983696 413.651223 0.014321 -0.009798
558074.092752 559.675781 337.258531 0.003108 0.006877
438651.350531 326.419216 533.249872 -0.004157 0.014533
1885724.248311 578.980480 300.953100 -0.018901 -0.006824
158400.153815 149.284796 226.113559 0.001141 -0.006987
1952982.963972 437.585331 543.628973 -0.018957 0.017275
1927788.328346 311.016773 28.263709 0.006197 -0.010093
607879.136041 746.947605 567.561346 0.014626 0.000462
1236504.919471 67.945477 551.392048 0.000255 -0.000266
1541570.438790 358.804962 131.502265 -0.009118 -0.000967
1098586.873663 282.268024 398.370311 0.017055 0.015185
1973812.054831 723.078309 257.312419 0.015650 0.017405
717421.361579 684.446486 190.609339 -0.003732 0.000394
1128238.588166 568.341251 265.713025 0.000398 0.003054
1906900.824936 103.198151 396.760610 0.014910 0.005394
311031.282093 514.397702 50.627341 -0.004970 0.016675
1119457.958787 738.811293 161.377680 -0.010771 0.013997
295815.608602 167.803145 451.624248 0.003007 -0.015975
1365835.790227 746.717208 574.067623 -0.019992 -0.006432
933742.419320 452.388301 30.085752 0.016413 -0.016964
1254474.420685 690.057359 122.162754 -0.008478 0.009409
1674721.783807 355.588753 227.694398 0.016824 0.012741
589441.845468 384.415533 445.790869 0.002559 0.008110
1186208.380939 568.315678 547.294862 -0.006136 -0.008545
28320.921598 24.532765 131.695726 0.018875 -0.018780
1123059.363627 350.749788 356.780707 0.004381 -0.006052
1339490.994503 192.577776 126.484230 0.014919 0.001158
1892333.765464 567.810414 583.305185 -0.007194 0.005349
1580513.963280 495.696461 66.212679 0.001244 -0.012668
1628540.167412 101.009393 535.776606 0.009076 -0.001114
358744.990248 592.755698 301.778395 -0.004035 0.008492
1065496.480589 768.707297 90.541718 -0.014927 0.002942
996930.964755 638.338115 488.885832 0.008372 0.006814
685065.261407 524.002126 228.961572 -0.007636 0.019150
22284.613001 83.122532 360.061604 -0.014838 0.005131
1564209.169505 749.536191 458.153626 0.006974 0.006548
471659.941818 683.975031 242.441171 0.009525 -0.009792
234378.384535 216.439136 129.555987 -0.009236 -0.004020
1581110.075852 613.255661 117.735402 0.004191 -0.000953
1733102.233956 757.576143 78.192126 -0.010146 -0.009500
222272.466972 206.775677 219.686833 0.008452 -0.004769
7593.072023 394.815995 189.664783 0.010718 -0.013161
1961038.188991 2.059043 13.962201 -0.004570 0.009660
554464.627316 401.915936 7.640971 -0.000263 0.010858
821613.773155 227.338627 322.606795 0.003978 0.015603
24485.756655 378.365893 502.155808 -0.014264 0.008809
196372.594776 203.394329 587.893779 -0.001421 0.018548
718005.964867 375.019174 274.530279 0.007049 -0.010225
1252709.545778 525.413987 142.209420 0.005947 -0.018316
1958473.456073 741.747272 326.339548 0.019626 -0.003222
628831.249023 322.207426 421.419234 0.014052 -0.019643
1185057.482303 690.557750 288.931713 -0.002870 -0.019716
406775.272641 421.165271 157.247786 -0.012883 0.019430
452064.211691 433.098859 275.650861 0.007350 -0.011353
1391094.198167 249.148409 524.784159 0.017235 0.018315
1830316.959801 730.319752 532.128692 -0.001630 0.016133
610994.441719 618.185920 183.993205 -0.019661 0.004985
631021.334152 481.782395 292.143841 0.011843 -0.018586
989235.750860 1.771298 334.081749 0.010254 -0.012654
1098658.789461 784.419163 435.108399 -0.019659 0.006629
1883467.686308 564.509074 586.003102 0.012785 0.005402
1871849.530317 584.778494 330.566606 0.012870 -0.012440
911993.535660 102.217710 577.416050 0.010569 -0.014592
1176139.691461 61.619567 443.407063 -0.016933 0.015022
1537174.407177 456.368236 526.468995 -0.006939 -0.006931
123261.179832 700.873234 185.210385 0.011666 0.014968
1946848.674653 583.189146 354.086957 0.017981 0.001712
457599.283409 708.967624 164.518932 0.011212 0.008296
926562.791190 189.181858 501.600228 -0.000176 0.020113
1942178.605097 12.042321 45.396389 0.008398 -0.016362
1905775.863633 382.688351 397.442107 0.013271 0.012158
1975712.466974 713.612554 407.951513 -0.008309 0.007169
1128937.655654 214.654733 243.716525 -0.013891 -0.011216
1900458.380534 306.215462 62.120727 -0.011062 -0.013425
1623668.112617 549.966052 239.635088 0.005848 -0.015468
798515.523224 494.060752 76.773683 -0.000976 -0.006939
438456.544857 343.673112 482.312175 0.015126 -0.009772
1216805.763178 694.637018 90.715370 -0.008496 -0.013398
1661706.700764 681.459280 259.192131 -0.010494 -0.019711
1303971.794110 150.795719 233.945655 0.010275 -0.003516
1107963.914568 455.276449 59.000627 0.018170 -0.011403
425643.800956 282.639743 499.943517 -0.007289 0.013723
318262.858465 449.078104 154.984427 0.018566 -0.002279
1036196.117772 457.872894 186.564180 0.006833 0.014591
948553.069005 401.436334 427.687795 0.016391 0.009377
1438074.149861 447.011044 555.777586 -0.015622 -0.007568
677338.477540 530.427619 530.654121 -0.002500 0.004694
197747.041563 521.112692 583.448419 0.017222 0.019653
1601492.672973 71.623090 330.653454 -0.017641 -0.017812
1987075.958395 461.537855 375.211557 -0.007826 -0.010057
971748.938305 621.791911 449.362256 -0.012076 0.007405
974474.447302 733.559302 146.192671 -0.003451 -0.018916
1121549.802423 602.060964 413.187737 -0.002207 -0.012395
613932.794246 434.673624 504.548802 -0.008857 -0.001011
1665525.531241 62.914092 338.678903 -0.004490 -0.014533
1238773.710671 302.436253 429.500382 -0.010181 0.007293
1925637.924078 585.336094 276.606543 0.008455 0.017203
290519.337305 158.644195 508.047129 -0.004368 0.004493
1745488.432117 760.820780 218.966039 0.002448 -0.004203
1111265.337612 695.160993 563.203522 -0.004259 -0.013884
829182.160473 184.241491 135.855484 0.019232 0.004580
728391.627189 478.850373 596.275939 -0.016877 0.013666
1349985.243450 33.341957 346.007605 -0.014513 0.010166
1010733.056353 223.897442 571.568128 -0.005914 0.006794
1129411.861826 180.317499 373.160877 0.017218 0.011487
33999.050983 389.172127 394.135933 0.020363 0.015443
1606354.705806 296.205039 66.693043 -0.018781 -0.005951
1451822.744427 315.141693 570.276807 0.008764 -0.001010
1590584.168020 314.852514 309.311343 -0.005147 0.001140
538209.161040 700.917134 484.902318 -0.011160 -0.010864
958317.440449 628.171998 272.177797 -0.015992 0.008649
479655.517489 94.495214 120.216426 0.015857 -0.017017
167238.956395 558.660315 267.406767 -0.012167 0.009131
1592486.357127 737.235648 73.252450 0.009849 0.005634
1189583.299304 433.050242 20.861604 -0.015536 0.016579
1124831.962923 303.273567 474.194801 -0.005192 0.004007
37146.621401 680.311346 232.661476 -0.001136 0.018053
205026.889315 568.876182 41.058183 -0.007891 0.004313
284161.461650 310.206039 183.802600 0.003493 0.003349
68690.410847 306.200852 301.718447 -0.013746 -0.014786
287411.349028 600.192347 403.907725 -0.012907 0.014462
1171263.018237 591.668592 143.665400 -0.004981 -0.015511
1682127.158941 314.996778 577.495734 -0.010875 0.014523
1824708.168313 264.890088 346.642663 0.019212 0.005358
369206.509725 98.056441 13.370854 -0.000372 0.008411
1208981.916871 419.453112 56.184665 -0.015652 0.007265
446720.970071 202.220076 259.094683 0.015804 -0.002835
586212.983628 385.045109 102.100272 0.001336 0.014303
560717.814863 299.290329 150.885343 -0.010350 0.004143
234257.601311 123.715162 558.917311 0.007805 -0.014624
1133248.557864 703.436321 154.218094 0.003534 -0.005181
1934248.125150 153.609171 536.647388 -0.017568 -0.007940
1152133.833222 226.167379 331.408887 -0.019689 -0.012978
1965200.129880 240.407997 396.822937 -0.013844 0.013366
1034901.121182 346.182501 125.871052 0.010870 0.006886
1623246.405098 709.008567 497.157153 0.009746 0.003207
1926329.093951 248.141748 276.278045 -0.011181 0.015960
1658576.383096 150.468689 54.778013 0.008981 -0.010067
786221.519479 240.910770 318.669650 0.017791 -0.007695
1421758.733421 742.918367 365.061614 -0.004838 -0.017315
888519.625593 711.305678 308.006856 0.005938 0.006168
374128.679919 371.429899 325.527131 -0.019384 -0.011596
247207.860577 783.021652 311.554122 0.003286 -0.012049
838233.393076 329.885741 231.522209 0.000707 -0.014347
1269501.125100 722.795405 262.685891 -0.015659 0.022189
1490342.234955 701.567255 467.221837 -0.005838 -0.010058
1720173.599068 638.973109 82.410283 -0.005136 -0.001860
1589947.016719 447.825740 550.788878 -0.006489 0.003097
254199.274003 369.723359 331.796472 0.005910 -0.018215
1506623.924480 52.442419 274.462604 -0.014406 0.003088
1187558.641279 619.164444 289.570075 -0.018791 0.017646
663885.182079 620.015475 490.507051 -0.015549 -0.014782
134186.233456 776.646527 557.420995 -0.011861 -0.006224
763995.101100 799.320530 542.451983 -0.008046 -0.006504
960104.740672 340.787201 479.147515 -0.018592 -0.016986
1689167.128731 629.718659 84.817159 -0.007889 0.017125
1435140.350571 716.016832 422.159731 -0.012035 0.017046
1287450.956780 425.402251 421.211266 0.010558 -0.015356
1664884.491668 423.832271 368.560293 0.010620 0.009322
1916152.068375 115.657434 439.942640 0.014377 -0.002288
142374.806172 274.678848 522.133332 0.014831 -0.004935
1889104.925044 571.713076 97.883467 -0.016690 -0.019292
184043.514628 642.361564 546.951844 0.011781 -0.019921
1678137.485719 350.662809 320.076922 0.001604 0.016070
349432.717240 299.229255 257.268099 0.011507 -0.014620
327130.583267 597.779567 167.708420 0.015867 0.004361
1445781.852792 774.652963 571.526197 0.003717 0.013536
657045.848974 430.375204 332.854695 -0.000287 0.004922
1143416.638087 467.916382 254.921821 -0.000621 -0.004815
853229.746620 259.625220 491.182458 0.018361 0.014552
1436276.935710 106.465922 143.552263 -0.014031 0.016975
747046.145027 249.374409 400.707638 0.006109 -0.011839
555282.349025 300.100165 106.629544 -0.010822 0.018769
31011.744417 446.377121 303.542561 0.002806 -0.017979
259713.421697 113.409727 381.594249 0.002211 0.005064
30230.289339 785.834345 570.608549 0.013290 0.017694
1629124.594680 440.072315 44.980736 -0.017900 0.007951
1993199.337271 341.255056 5.491984 0.006602 -0.016794
437214.899080 754.111507 272.286198 -0.004238 -0.013120
847463.854052 329.162466 438.737375 0.017218 0.019223
1561464.248021 48.390661 73.513177 -0.003325 0.004601
1496915.452879 345.517778 358.038141 0.008019 -0.009432
1076064.875850 410.492354 489.269673 0.004504 0.002597
1028186.607653 487.307491 594.775764 0.000932 -0.009081
141764.248787 594.387642 129.721306 0.000995 -0.014458
778578.041484 758.825859 329.791041 -0.015275 0.015193
1058486.954802 720.240612 564.147096 0.005855 -0.007134
1112790.978101 319.406349 448.133494 -0.013856 -0.016076
24501.685065 553.917233 366.393891 0.013088 -0.007841
353571.678676 272.788693 548.569623 -0.013267 0.014609
375264.103699 191.487754 365.743463 -0.003807 0.010615
1493884.026769 634.927026 429.246676 -0.008207 0.016522
1188817.119779 659.941820 487.973386 0.001402 -0.000914
259519.063057 73.794999 525.359808 0.015144 -0.010168
1949033.547169 712.079927 562.542573 0.003472 0.008709
482529.103981 609.437079 36.120884 -0.013825 0.017264
1850091.109914 273.844025 102.781771 0.001397 0.009864
1871495.037280 224.937275 324.749238 0.006190 0.002885
908785.677938 195.244874 241.244295 -0.009274 0.011220
1755362.652128 318.392995 522.334606 0.010157 -0.008999
232765.271437 582.067712 98.787012 -0.018104 -0.007239
1765166.354256 236.408644 45.878106 0.017675 -0.001997
15434.920795 692.879293 474.748015 -0.012881 -0.004004
1077013.659792 90.657281 409.328604 -0.016805 0.010604
516053.778360 427.412063 5.706123 0.006388 0.012121
1576709.125925 429.896234 119.197643 0.006428 -0.008343
948767.654108 620.914526 12.178901 0.005595 0.013205
667159.362075 417.528857 74.299553 -0.003589 -0.001437
1146380.339352 334.104431 198.436362 -0.005354 0.003861
1462269.868451 722.423652 426.989180 -0.003584 0.019252
949273.004639 536.530562 309.769988 -0.000657 -0.006836
636841.273232 217.405530 520.947528 0.000692 0.017240
316267.470045 793.105001 424.456486 -0.012936 0.005306
1072709.865436 409.178095 92.804981 0.006415 0.016879
1234697.917120 187.468123 203.687526 0.017927 0.003943
1871003.135047 543.395855 300.187955 0.005843 -0.016342
968257.898916 95.669672 457.557967 -0.019807 0.004243
184803.100389 256.124982 525.902945 0.018297 0.013470
1613704.762242 94.159051 497.022065 0.000561 -0.008175
920804.219749 40.417912 484.174329 0.004843 0.008311
1455508.939668 184.404469 565.932220 -0.017311 -0.012833
1084419.887087 1.281706 515.108406 -0.018221 0.005932
1899527.167855 422.489438 461.406596 0.008454 0.001116
745706.753221 643.203568 509.102548 -0.010130 0.010544
1369434.811813 44.296764 529.128187 0.000573 0.002790
353913.564400 779.958100 371.883709 0.019283 0.003539
660308.989072 568.554820 492.038727 -0.009053 0.011118
1997036.600484 653.678926 468.911445 0.014265 0.014408
857968.969670 644.664759 232.641322 -0.012093 0.000743
1832483.595159 457.047789 194.275297 0.011606 0.011792
174050.590104 359.751684 525.480695 0.018767 0.018480
887791.815627 115.873390 561.275595 -0.017433 -0.014857
1048845.100705 314.662356 504.371831 -0.006251 0.006689
1236598.032171 273.676165 290.078480 -0.004028 -0.012089
688449.854352 662.658375 2.481231 0.009252 -0.018940
1047717.716101 519.059914 357.810048 0.013913 -0.003483
831685.772553 746.778990 517.225740 -0.008452 0.016123
1646809.537731 587.881502 29.434377 0.010386 0.011939
354697.854423 226.648935 115.071262 -0.019278 0.005148
1718570.137265 508.427198 581.463066 -0.006285 -0.018643
338487.908402 549.698185 517.437771 -0.012999 -0.003247
1776805.868268 558.742499 40.761149 -0.000618 0.001845
960078.654327 720.403387 287.034991 -0.006774 -0.012525
763596.911339 131.453208 556.031624 -0.002753 0.017016
1446903.674606 486.601525 125.306042 0.017372 0.005350
1673049.761761 619.826293 155.896997 0.012219 -0.015280
591079.477496 780.329385 482.741069 -0.013706 -0.013985
450261.526019 36.918427 509.525628 -0.008247 0.001256
788880.985598 618.966842 258.811747 0.014936 -0.015425
1247242.441982 204.421610 167.376752 0.002017 0.007425
405506.701397 218.022769 175.294166 -0.003532 -0.012373
1835863.754077 197.735622 576.390749 -0.012856 -0.017845
159031.381905 380.021074 18.619070 0.015404 0.005323
362722.217274 87.370995 407.237048 -0.018552 -0.003753
420997.232395 340.167385 105.324587 0.005852 -0.007762
580167.091722 213.279402 332.882741 0.002803 0.012595
479025.265425 617.106414 52.557634 0.001288 -0.012676
552036.800679 359.916646 258.422612 -0.010470 0.005074
969986.005207 253.893452 61.596427 0.000800 -0.011948
1471710.388303 557.504179 187.811355 -0.003395 0.009211
1430984.936390 500.866344 91.120645 0.015646 -0.009261
902052.609670 144.537132 321.168601 -0.019781 0.010002
700700.571156 195.531187 313.335778 -0.002450 0.011061
1408199.004553 571.260557 137.140793 -0.014610 0.018115
1713095.736556 496.284588 161.394308 0.018419 -0.014612
944491.339356 557.104187 498.716065 0.011374 -0.015567
1119457.834922 400.461989 441.424836 0.008484 -0.004368
8319.607940 130.635397 343.489947 0.001563 -0.013273
647061.014849 711.850903 247.397957 0.013812 -0.006825
379545.065751 439.186913 25.897421 -0.003339 0.007317
1990576.603445 218.616382 181.440088 -0.009384 -0.010678
876473.971119 589.616543 557.752570 -0.009188 0.000888
80381.552726 664.554702 13.450014 0.011023 0.001699
828036.629980 625.023757 423.065457 0.019520 -0.007184
1747623.103553 248.379224 124.439054 -0.008533 -0.013742
1072386.123739 381.207040 423.652217 0.003223 0.015735
777386.485961 459.633084 100.876697 0.007637 0.013594
801906.589792 103.750879 345.959542 -0.006809 -0.003944
197987.358178 295.954809 137.820204 -0.015159 -0.014141
1545926.498969 428.230268 556.356976 -0.000485 0.001242
492654.834172 281.822141 500.341800 -0.000989 0.005055
1978982.283724 792.942669 69.279329 0.007750 0.002824
17631.095842 66.107087 86.740273 -0.012955 0.010995
1966499.848276 461.735192 543.635345 0.003564 0.015001
611006.784537 527.334277 167.341454 0.001459 0.011205
850069.038966 247.032537 189.875076 -0.005922 0.011500
1676786.882652 479.108715 83.286332 0.006892 -0.017860
1557780.060711 529.764718 26.159123 0.015763 -0.005722
1227310.625476 722.816533 262.855411 0.012607 -0.025376
428616.731627 592.024144 393.342270 -0.015228 -0.007965
1127178.874392 340.420724 576.691212 0.013658 0.018410
1480731.590409 212.758725 162.217874 -0.017760 0.004799
115335.758829 715.115331 130.653719 -0.012099 0.002660
541498.807511 780.927598 137.298775 -0.007443 0.014834
1167776.423119 741.962160 464.496276 -0.019058 0.007393
1705487.274428 189.986107 255.770614 0.000314 -0.005712
1455042.508177 58.222712 469.657354 0.007526 0.016569
1485351.840726 341.529635 108.569986 -0.019546 -0.000660
1600046.444498 55.575171 226.691654 -0.019275 -0.009268
1889695.885540 230.181110 146.886626 -0.013082 0.004146
230475.999522 605.890069 319.300215 0.015501 0.011175
434670.210087 593.554374 9.958338 0.005755 -0.009942
748135.628527 296.677938 193.063108 -0.013646 -0.017664
474188.291689 718.624855 292.740596 -0.003320 0.016221
1941577.332067 174.254877 588.532508 -0.006011 -0.010680
499196.726130 235.232549 314.394488 -0.000260 -0.001298
254300.674542 487.750469 134.031281 0.006368 -0.000109
6325.354803 700.006016 144.012327 -0.019182 0.000831
980919.682878 316.059020 534.934068 0.012554 0.001959
1900851.625903 40.270668 269.154882 -0.002593 -0.001272
719689.197242 326.207220 412.391242 -0.006339 0.010295
1844748.197982 472.727832 30.153506 -0.002181 -0.016560
1036199.990211 459.252200 416.308945 0.009637 -0.010763
385683.919483 595.619111 65.288171 -0.002698 0.010628
1256102.471266 738.642110 96.092228 0.000527 0.010231
1419511.694191 375.398406 472.887189 -0.013622 0.016244
511292.832210 415.301471 189.704160 0.017687 0.014406
145034.134456 691.160874 270.130316 -0.015049 -0.007553
1071721.370831 513.134698 530.655505 -0.010810 -0.004676
233847.819378 338.168045 77.399370 -0.011035 0.014197
1786277.592083 681.793789 467.396539 -0.017908 -0.005085
1031918.257955 609.630145 506.144977 -0.007876 0.016821
1499349.890975 446.293406 263.474213 -0.017324 0.000079
597617.807145 110.337465 219.042498 0.010015 -0.009534
1353622.215499 228.393347 541.955134 0.002469 0.000629
573296.933702 542.637580 564.031297 -0.003398 0.016135
1590131.532210 246.412773 453.758359 0.003012 -0.005548
258416.177825 73.005552 73.605915 0.018867 -0.004273
87595.200207 577.073948 571.707525 -0.000687 0.011451
906233.425674 625.873152 554.290462 0.012746 0.001240
370032.188655 395.854512 489.282386 -0.016455 -0.017744
664767.085884 299.553378 441.813513 -0.009131 0.011573
1278253.811075 53.010701 58.709329 -0.004119 0.005622
916040.443311 420.090062 438.712706 0.003218 -0.000165
249204.321880 499.161352 130.213587 -0.016946 -0.015715
8661.484350 424.524014 533.413964 0.017156 -0.006052
841302.204338 90.062421 506.083234 -0.010472 -0.011985
1802783.200425 455.928082 346.247123 0.005476 0.013643
731632.451868 220.848170 544.768784 -0.001405 0.006845
1096714.972098 736.718525 118.100893 -0.008799 -0.000095
1386984.768969 323.961257 76.209120 0.016471 -0.000738
469499.863903 732.105068 6.949982 -0.015006 0.013810
718651.906922 435.393448 574.639327 -0.011851 0.011225
316653.122342 84.342988 211.394513 0.010089 0.008996
385530.231700 79.657838 10.953716 -0.015988 0.002575
1379939.433830 519.499420 291.644112 0.015412 0.017177
1974529.288697 463.640480 199.390667 -0.015521 -0.000406
1626419.535664 279.763093 244.565858 0.012982 -0.001062
503204.831157 146.136771 10.658430 -0.011614 -0.004502
1600260.999799 293.012123 294.440219 -0.013933 -0.015949
467442.890847 275.311002 121.000022 -0.009913 -0.002201
1530910.291491 753.040309 56.619079 -0.010008 0.013180
43405.273949 189.927431 245.102896 -0.005789 -0.005886
1801413.789299 133.506543 421.416609 -0.007697 0.019680
348673.859774 447.515671 105.050272 -0.012281 0.010755
1122384.702378 793.326555 80.771825 -0.017922 -0.014249
474000.488629 229.244445 293.454800 -0.002431 0.001561
1867761.544822 162.682286 288.090726 -0.018855 -0.001845
617712.498930 39.618578 415.278391 0.008757 -0.003840
88793.583256 495.138751 342.895781 0.009895 0.016922
1123119.018564 736.226819 291.493633 0.009367 -0.015513
510837.786138 237.547584 62.614762 -0.004330 -0.005984
498234.962345 502.731522 381.392527 0.009532 -0.017335
350510.791107 537.832634 162.923660 0.006254 0.007952
1451432.125387 771.375686 449.377087 -0.003393 0.007356
303273.376219 370.336127 179.890795 0.008882 -0.011666
454803.713809 227.207949 75.947243 0.008603 -0.019200
480071.545802 775.472559 189.800124 -0.006253 -0.005557
1333575.176696 474.815477 592.870842 -0.007779 -0.006722
110627.538576 382.780545 1.834864 -0.007003 -0.014512
1406769.050940 41.572302 59.184327 -0.001870 -0.001181
1561676.394922 482.163029 559.316296 -0.016764 -0.006999
281255.947557 246.689983 364.750157 -0.009247 -0.019070
1257382.930842 407.469555 596.148874 0.017784 0.014119
706537.016996 489.492050 268.934564 -0.006342 0.016653
1558318.719993 318.143760 237.068795 0.011348 0.008938
1057752.200895 389.428621 465.994392 0.005111 0.017493
491364.625511 326.248457 325.140338 -0.012861 -0.000412
1734950.389590 255.127093 479.323288 -0.000923 0.003492
1643357.573842 84.733720 56.831070 0.012567 -0.017963
1898263.090243 133.935847 397.733782 -0.004152 0.000406
1157183.811607 141.086550 544.650852 0.018943 0.018332
1260090.642264 401.460234 266.511194 -0.003783 -0.014828
767107.214205 521.662628 323.327847 0.016977 0.013174
55740.578126 634.867826 88.764859 0.013014 -0.009317
1471867.368311 519.061216 224.868887 0.012842 -0.001695
851158.514084 624.116345 377.602220 -0.016456 -0.012924
279214.015361 532.926970 211.818615 -0.018196 0.005633
622537.959657 541.375311 84.659582 0.010267 -0.016710
543551.074594 112.456901 439.164785 0.012872 -0.017325
1125283.938425 670.467665 515.291137 0.008417 0.006519
255944.995329 357.694946 187.094071 0.000112 -0.008828
1549879.616848 742.603072 35.171181 -0.003808 -0.019292
474171.187949 435.909890 410.490656 0.003562 0.003656
648167.413030 720.767037 160.513900 -0.001356 0.006312
697835.028496 589.781712 478.509809 -0.016729 0.001912
1725670.433475 516.030469 231.099046 0.008613 -0.005289
99429.388577 679.151197 481.517093 -0.005525 -0.005954
163663.104253 109.274370 168.319351 -0.006854 0.000339
594763.153510 303.765934 52.846072 0.019279 0.018811
1355525.087265 244.994955 522.155176 0.017930 0.010946
1053977.892294 234.767213 305.613669 -0.007013 -0.004928
115031.983757 149.684930 12.864518 -0.002330 0.016308
752375.869431 393.706016 455.141196 -0.012759 0.014190
219437.964363 208.574376 594.990348 -0.004391 -0.003948
1068114.026016 550.267514 469.103724 0.004828 0.006906
1499866.051366 239.134223 584.172097 0.004724 -0.010292
1491842.997955 116.807219 322.375704 -0.009710 -0.001120
1826279.228472 251.157987 395.242793 0.017295 0.010252
1133058.067007 247.503033 149.321300 -0.007044 -0.000435
207507.431604 346.498624 450.348116 -0.016175 0.012955
304737.184339 504.440647 306.648810 0.017354 -0.010020
361247.467977 546.428374 329.292691 -0.013811 -0.007889
1585793.637478 720.399647 269.270025 -0.006755 -0.013848
1841064.114050 194.844581 281.223452 0.003193 -0.012833
451362.950938 116.073026 291.943571 -0.000995 -0.001229
1950936.490647 462.988210 542.231849 0.007786 0.008237
1454702.783122 701.663319 182.703045 -0.010460 0.012499
1108684.254395 335.147662 297.147309 -0.015857 0.002983
1596490.624173 716.810025 284.846401 -0.012715 -0.010046
1263706.185512 134.143451 282.521223 -0.015926 0.009881
1294332.516982 261.089255 535.784527 -0.014671 0.012042
723046.520130 87.066065 228.503895 -0.009390 0.013355
107937.715067 793.461417 426.833621 -0.005751 -0.010855
1046872.077066 728.865097 389.776501 -0.019382 -0.019525
450965.188654 653.697617 546.678080 0.008010 -0.017429
278162.196408 266.381953 139.757999 0.004373 -0.002625
1960316.196066 205.759227 456.564033 0.014896 -0.004397
1125740.257616 187.788007 299.748201 0.017723 -0.000071
668170.334151 796.753659 294.215515 -0.018193 -0.005842
1443825.863043 455.487777 160.038927 -0.005093 0.003556
564375.188464 478.147200 242.587954 -0.012222 -0.008028
938961.728913 267.127741 379.855347 0.008068 0.017688
132214.712972 546.700901 119.673920 0.013350 0.002229
1179224.623916 311.524705 473.127751 -0.016492 -0.006654
575213.267736 339.052327 197.874845 0.010991 -0.001191
1368718.602401 400.899228 24.010403 0.018036 0.014952
1254302.726711 185.719590 282.679218 -0.018639 -0.002903
1541011.519516 401.018655 456.147572 -0.003923 -0.011874
1407684.757098 375.476370 531.752651 0.016157 -0.008183
883750.411162 393.803190 411.785131 -0.010568 0.003303
38293.802197 414.532535 2.835493 -0.006035 -0.008083
949396.727117 26.722582 478.980108 0.000610 0.019445
1340193.529306 112.172391 129.868963 -0.014287 -0.013054
1289556.392138 729.390352 404.322874 -0.003828 -0.007436
1756783.113702 88.110764 469.011210 0.010477 -0.019739
157687.638028 166.047528 303.236557 0.010644 -0.002496
175039.783202 626.641827 573.246395 -0.016261 -0.014660
506304.289450 453.278966 99.241398 -0.017943 -0.016709
301433.914481 576.034885 133.835995 -0.005375 0.014553
790027.673724 9.563244 464.056817 -0.017186 -0.003250
176035.711624 758.775792 317.249119 0.014795 0.008525
1081972.172988 759.144519 552.317768 -0.018266 0.008698
715741.816310 106.962092 298.880405 -0.007402 -0.010926
1263880.632475 454.362447 476.757261 0.011930 0.004696
1751026.801649 758.685973 202.447163 -0.016176 -0.007299
399196.095951 394.856775 198.049078 0.019095 0.002360
1496994.359185 48.658507 306.530228 -0.008897 0.017280
445396.929255 653.595035 529.778064 -0.014303 0.014541
1193553.106484 399.811207 599.455678 -0.016117 0.012536
450224.472419 581.300548 229.327307 -0.019249 0.001036
1999453.321099 715.731206 285.819975 -0.004211 0.019102
1584501.028799 429.182090 291.143158 -0.015106 0.000400
94458.571679 696.626744 342.472647 0.002265 -0.014109
1007827.074736 623.583582 579.684236 -0.004563 0.016851
1658558.308919 786.679136 253.096951 0.013086 -0.016910
475365.567242 42.315662 482.873290 0.004310 -0.016921
663714.367274 496.116640 580.903480 0.012220 0.018168
1919117.403179 479.288676 296.963086 -0.002166 0.008821
9624.167350 393.718373 354.543767 0.003062 -0.018037
1478876.057770 64.644106 497.167801 0.007752 -0.001376
1502145.321808 426.514767 269.233396 -0.013020 -0.005535
1054818.871922 329.078672 247.683930 -0.006669 -0.018737
972186.690649 532.048017 390.588632 -0.001898 -0.001128
1216433.286302 329.508764 43.352014 -0.015865 0.014310
1585452.240699 85.740984 209.932925 -0.004630 0.007108
796849.675848 98.959308 459.102131 -0.011117 0.013068
461377.134761 782.835356 216.960786 0.007139 -0.013902
1447663.852688 165.182562 338.375800 -0.014471 0.001607
1190708.408687 498.758095 122.717573 -0.010140 -0.017062
1355477.244293 684.084517 294.514987 0.010000 0.018256
694211.989964 433.742703 39.425186 0.007910 0.017108
1497031.391364 75.983276 30.218685 0.000516 -0.007095
1759090.904966 594.426543 180.048516 -0.010330 -0.003079
904928.793621 771.951435 377.673265 -0.019372 -0.015858
341892.055395 489.148675 437.146225 -0.004955 0.014359
1609370.418642 43.128637 428.091855 -0.008173 0.012130
1339833.364515 513.542297 206.857179 0.009430 -0.006396
543533.833951 386.159519 260.539109 -0.007102 0.019778
1510075.678821 161.020725 443.563432 -0.017782 -0.002230
325429.097901 406.677024 246.066639 0.011712 0.000972
1027532.088117 770.908473 81.220105 -0.010398 -0.006337
1987715.010526 37.204064 236.760111 0.008290 -0.006363
396776.620483 301.251582 588.567284 0.001755 -0.015605
639902.701899 652.656243 355.869538 0.010153 -0.014505
1179865.857204 406.093248 204.130184 -0.006870 0.002540
1568458.621189 393.178807 42.295255 -0.012224 -0.008575
1190290.628555 566.791749 150.327497 0.009232 0.017978
1180185.991889 580.571329 597.235096 0.019384 -0.002807
672088.553511 146.509738 485.043429 -0.007402 0.009063
1837656.663655 510.374683 325.263648 0.000515 -0.004376
1360614.323691 81.506588 539.174134 -0.019213 -0.002757
924125.776125 643.723079 555.302753 0.001307 0.019926
418950.309241 102.535204 424.699669 -0.001801 0.014242
1312754.557148 39.400116 349.650616 0.006054 -0.018691
30587.249450 790.891728 130.231821 0.012886 -0.007750
1889215.610870 593.534547 565.977441 -0.000548 -0.009839
669560.509114 133.430538 214.095976 -0.010652 -0.012486
1579576.984783 556.845212 594.931991 0.008595 -0.010923
1982244.182370 739.094174 214.019570 0.007924 -0.004710
432350.935616 283.992308 258.021703 0.011973 -0.019774
930735.730068 652.618833 596.824334 0.007303 0.005512
600671.720971 501.628556 227.692832 -0.010162 -0.015432
1270601.892504 463.995745 169.577955 0.019701 0.012524
938976.299455 626.116174 304.954297 -0.001550 -0.000151
1474031.937064 361.663970 251.590613 -0.016256 -0.013943
1605130.416157 247.743530 302.584897 -0.010668 -0.015575
1023340.410098 559.401850 555.262646 0.000253 -0.004735
1128556.229700 645.771716 5.119585 0.017731 -0.017939
248420.950141 463.895927 377.905126 -0.004080 0.002589
884577.235619 701.113946 213.172602 0.017997 -0.006621
1704879.713107 549.705716 474.510339 -0.009088 0.011166
1882055.445519 60.092614 54.775523 -0.002189 -0.007596
404206.608610 765.831862 4.944883 -0.014902 -0.001417
780987.060993 553.542856 162.445076 -0.004072 0.005520
642018.800900 420.209468 130.829032 0.018037 0.017210
1579863.075903 313.822227 483.327925 -0.014235 -0.006305
286431.929230 799.134198 18.300420 0.017334 -0.009111
1625355.291937 700.122815 207.298581 0.016182 -0.007108
1310099.705732 85.504160 166.822582 0.006594 -0.010576
1485499.756171 42.350337 555.848127 -0.019441 -0.001829
1126826.147142 267.750635 586.736905 0.011208 -0.008648
1817754.082297 456.560198 407.004727 0.008593 0.008658
42605.713030 685.751615 428.851655 -0.017505 0.011489
1969490.396776 691.794403 399.873249 -0.006751 0.010787
1972945.507603 788.238462 525.885881 -0.009424 0.005962
221002.463354 5.639639 421.067762 -0.018483 -0.019154
314139.836614 479.793987 212.952305 -0.014575 -0.004778
1280098.799281 35.237019 571.050480 -0.007245 0.010313
1334025.561499 271.125496 370.193896 -0.004788 -0.004317
817314.073824 291.956985 154.262466 -0.016983 0.007876
52254.755074 49.334675 409.064622 0.016115 -0.006921
662711.798522 9.458717 199.720712 -0.018601 -0.017993
710212.109941 153.474893 389.852821 0.008414 -0.006921
61999.699130 281.051294 223.073030 0.019316 0.006768
261157.692532 519.661093 3.688019 0.009908 -0.018756
797766.605764 125.443588 237.116005 0.006232 -0.010778
184709.901076 545.711148 175.216879 0.010996 0.003297
1235796.007903 85.443764 357.374573 0.018118 -0.014403
1292608.929469 245.309919 198.296595 -0.008132 -0.019331
1317389.029692 261.278201 220.354276 -0.018780 -0.007600
71927.786838 127.797101 575.842329 -0.018264 0.016285
1977614.946653 353.582223 38.367142 -0.004670 -0.016042
591803.305127 381.774709 467.191510 0.003531 -0.009938
726241.200569 165.201095 214.004936 0.018400 -0.013692
995710.504705 485.288282 279.362173 0.013141 0.016103
963862.695249 391.169505 138.018478 0.013996 0.000720
1079147.418532 708.512730 408.041471 0.000033 0.017218
1174876.041326 389.890651 223.271003 0.006101 0.014864
937689.950195 758.265489 209.341087 -0.010099 0.001372
1200871.358253 489.712511 445.098237 0.018297 0.002822
1798372.363578 364.466824 105.811434 -0.005465 -0.008554
158766.744732 676.255509 464.538276 -0.007540 0.007872
584123.108808 679.879546 348.367223 0.018811 -0.006106
1019930.488905 447.358566 500.116578 0.015237 -0.011570
1412068.961846 279.290050 95.671448 -0.017827 0.003979
1390465.348675 524.127578 125.795207 -0.002535 0.004564
1560588.704217 269.559754 41.781261 0.018293 0.008034
709118.110458 28.691778 327.063437 -0.014828 -0.006302
481739.437432 336.772909 116.766508 0.012813 -0.004330
1084185.081108 265.280966 569.456918 -0.004953 -0.011506
321427.933090 65.634666 337.206756 -0.007534 -0.014341
322096.383349 11.916737 475.441364 -0.005137 -0.001932
811598.476400 120.528464 472.250343 -0.000991 -0.015692
975828.599639 662.862219 87.400015 -0.018663 0.018336
980873.326296 219.718803 226.242613 0.007427 -0.016140
1538962.265262 182.275151 256.963793 0.008841 0.004171
1281944.833362 703.568104 411.244680 -0.011749 -0.012069
1646853.441208 292.147125 129.415512 0.004646 0.009428
1334224.681991 17.333239 531.644458 -0.001754 -0.000143
1987979.200663 753.937824 196.426964 -0.014449 0.019142
567825.405192 503.383940 150.213046 0.006607 -0.007365
693992.653253 345.630110 324.455797 0.011150 -0.014016
290886.182473 333.291207 18.694808 0.013265 0.004834
461579.700216 523.957669 590.552964 -0.002181 -0.009207
1440439.939238 90.555590 175.759232 0.004282 0.002719
1578856.275221 479.640557 307.155807 -0.015374 0.009492
975708.803616 319.960827 219.934226 0.009550 -0.017506
1363849.989774 68.118769 296.366859 -0.011052 0.014436
1287670.666020 295.492085 165.532091 0.006993 -0.011982
1793086.186886 724.967588 513.193591 0.015254 -0.005939
253419.465503 481.166288 278.152764 -0.003046 -0.011643
65064.939701 167.183506 484.651546 0.001755 -0.007021
1093948.624606 26.001665 434.794992 0.016633 0.010811
1570950.974510 476.923467 514.136306 -0.008939 0.012876
1433502.711092 738.622213 113.668929 0.019663 0.003953
779698.448619 711.567625 301.910512 -0.010230 0.010908
1707668.152502 297.529912 224.220793 -0.007299 0.011710
1161722.038482 280.393529 0.984951 -0.004393 0.015815
650195.260835 748.136694 556.292563 -0.017973 0.014024
1393276.303724 667.710171 267.771648 0.002116 -0.015476
534900.189626 215.499269 20.847444 -0.001723 -0.009452
1264731.390059 676.632571 91.061393 -0.014610 -0.016295
1848317.172308 790.633292 278.289669 -0.008153 -0.007741
512088.236637 701.999060 394.178176 -0.009754 -0.009268
1104225.446984 465.380396 122.046525 -0.000856 0.005248
107543.810321 140.002953 279.570317 -0.000005 0.009151
1156781.673039 614.978285 597.874702 0.004533 -0.011037
520065.349769 196.755038 42.803837 -0.003462 -0.004746
327390.441823 269.804364 221.994611 0.005087 0.005378
1353004.063178 706.988637 306.696211 -0.006517 -0.014409
1558240.596931 709.685558 433.283498 0.019294 -0.005469
706633.334377 29.265598 323.786451 0.012782 0.001643
534505.464385 317.292348 182.559341 -0.009447 -0.019536
1061346.780072 419.721156 154.833716 0.004179 0.017596
1275778.349152 612.050758 164.422823 -0.019711 -0.004272
1816858.008419 547.106736 166.101227 -0.003174 -0.019292
837596.447597 159.153382 542.073179 -0.014407 -0.012802
537634.699856 396.159222 130.389479 0.012322 -0.007442
1509630.032587 59.679550 425.859801 -0.025815 -0.016954
1442342.147903 473.548484 518.216014 0.019177 -0.012350
1603574.954720 492.136396 575.797981 -0.016933 0.004957
706735.606634 787.824718 184.389335 0.005213 -0.003782
651319.147391 39.777087 362.330264 -0.010777 -0.012379
1573016.600485 398.235472 411.383256 -0.019929 -0.007670
1998835.487291 607.618583 230.129960 0.008377 0.012766
1445522.677826 344.889294 246.140771 0.003478 -0.003644
1207599.107738 311.324646 14.965667 0.002534 -0.001329
1297106.122271 733.911965 269.870603 0.018142 0.001906
1709409.523620 225.355078 358.936471 -0.001615 0.000452
1579454.636005 196.676439 5.891662 -0.000956 -0.009965
635151.660366 380.532509 5.102845 0.008025 -0.012573
1657542.871152 338.050240 368.840489 -0.010406 -0.019603
50074.195513 673.737359 239.462811 -0.017990 -0.003733
1728956.987955 558.608940 193.854964 -0.007462 0.006096
1741304.677791 135.027242 562.099698 -0.001264 0.005063
896425.988943 206.798498 524.833405 -0.001637 0.009346
248631.410417 620.433891 125.794059 -0.014687 -0.000943
789536.960791 769.165192 539.311297 -0.019603 -0.011931
1819863.026878 28.346013 26.169971 -0.007617 -0.016545
901731.744829 139.426865 470.674630 0.010949 -0.000467
878442.611954 515.179760 393.446103 -0.004975 -0.015500
569936.175165 658.624778 222.649945 -0.013652 -0.008686
212161.644461 226.438840 35.191515 -0.007362 -0.003251
1070836.321949 568.352470 228.002906 -0.002624 0.008850
1162154.364009 276.169961 454.516061 0.005042 0.006163
1685995.778854 61.504683 497.342175 0.005517 0.014014
631794.399876 54.096123 296.552598 0.018926 -0.002278
