120102.793966 630.353104 121.566253 -0.006110 -0.005546
269277.329682 299.869138 156.344791 -0.018288 0.015146
1260731.205931 302.364771 191.689722 0.013060 -0.002956
973263.179405 632.978509 572.868170 0.008493 -0.005940
1683880.506867 289.069222 229.165925 -0.016814 -0.013039
1760997.696668 175.510457 580.255469 0.011722 -0.019813
354965.669268 681.928071 474.497943 -0.004795 -0.012059
306862.422408 411.979091 346.459968 -0.003479 0.002351
913598.742761 35.045731 562.726544 0.011162 0.014845
723511.401901 210.165079 397.948205 -0.007306 0.019056
27418.055584 126.968283 203.058313 -0.004124 -0.010452
1026719.971107 221.747374 272.815814 -0.000715 -0.017198
919235.655535 527.166490 552.641705 -0.009944 -0.018417
247720.705461 324.295990 333.818318 0.008063 0.012672
229642.751734 125.427993 517.300867 -0.017957 0.017131
1463437.116455 330.371375 119.006699 -0.004252 0.009169
349002.480669 325.725127 534.114021 0.001359 0.011237
253345.397419 21.889748 48.652532 0.003294 0.000361
301882.374241 33.078919 100.885111 -0.017030 -0.008248
417897.793659 158.437608 420.019618 0.010564 0.015940
1032678.423930 703.024552 34.687463 -0.004922 0.017256
1981626.739717 86.419284 206.286580 -0.012562 0.000509
148080.320166 291.238613 546.319723 0.018534 0.015038
1426235.401736 72.530854 542.655206 0.011806 0.006900
826207.458426 756.254611 428.120629 0.003243 -0.019249
17939.873048 633.111546 129.734325 0.008260 0.002245
229060.592236 178.571775 260.731815 -0.012976 0.003886
729567.630556 129.801318 425.644203 0.008451 -0.006090
424191.899795 625.337597 428.302796 -0.015121 0.009731
1179453.697605 667.587094 501.736988 -0.000348 0.005134
1017047.714916 724.799859 344.253554 -0.011065 -0.000462
1184883.571782 186.706145 168.567997 0.012302 0.017677
1669257.284919 737.950268 97.775753 -0.009211 -0.017032
1530870.404807 506.859313 153.082364 -0.001085 -0.006383
1211583.405366 549.590188 75.504568 -0.007256 0.012398
1741377.547263 727.249031 385.804323 0.008300 -0.003753
544004.606336 172.699757 185.167375 0.013871 -0.002454
1594854.852927 349.751246 402.267910 -0.016924 -0.010148
1223177.906695 729.780169 101.195841 0.010924 -0.013195
527324.168257 433.120752 487.463191 0.000763 -0.019357
312490.830343 99.632180 422.353617 -0.009822 -0.002933
1025907.483430 120.720761 212.202169 -0.013730 0.014355
1509229.653286 341.744723 43.498325 -0.018215 -0.009491
1023852.793045 688.057475 428.256710 -0.012674 0.017494
1918069.081343 635.104521 509.730025 -0.014811 0.002797
59433.087734 314.623477 68.059177 0.013712 0.016465
257531.464220 800.658355 21.685506 0.013267 -0.008797
961609.428265 277.343117 259.692714 0.013379 0.000055
582120.371322 470.054498 558.544703 -0.005431 0.005988
408974.288222 701.828882 306.440148 0.016850 -0.017668
899929.745542 700.271064 511.571645 -0.008030 -0.019847
849952.291162 263.273460 237.569735 0.001513 -0.013092
617567.269419 532.344352 103.649536 -0.006174 -0.000014
907629.657959 661.932599 507.051860 0.015500 0.006309
693382.430213 141.710497 148.673576 -0.008905 0.001675
1797970.130014 385.095603 250.753373 -0.003517 -0.004091
955435.349120 688.580389 163.863129 -0.006710 -0.013568
557659.864685 605.909898 293.245044 0.007013 -0.008253
1324351.926951 788.378742 575.549999 0.013339 -0.006826
917046.023028 230.603845 93.409948 -0.007869 -0.012896
1632997.046985 518.954573 212.686046 -0.017501 0.017132
1790149.784549 770.138895 244.832419 -0.007401 -0.004941
1613713.184192 632.009433 140.524390 -0.016803 -0.015062
791753.703166 288.695053 527.066539 0.015413 -0.018594
347958.385175 437.254299 12.021122 -0.014656 -0.004605
701432.257286 473.867253 403.472622 0.000326 0.015834
1693039.169392 258.577496 326.883098 -0.012035 -0.004482
944105.254926 76.484465 210.567667 0.015368 -0.003687
1451122.988691 550.813892 119.959573 0.018416 0.010777
644142.737912 284.922652 76.512568 -0.011888 -0.010297
328294.663843 300.212346 473.820612 -0.012085 0.000429
344141.964030 428.906685 60.375037 0.013705 -0.018295
1995072.262359 551.873983 220.803830 0.001688 0.015583
1509670.835691 11.030844 591.169937 -0.015721 0.015781
783939.521193 665.495263 350.175969 0.003512 0.011739
702233.533702 730.427355 88.973813 -0.000808 -0.015179
783487.379916 514.278790 295.348978 -0.012691 0.013067
1976.599918 281.998906 217.492048 -0.015849 -0.012073
812477.567611 81.070643 532.148190 0.010930 0.005813
1551513.418346 422.749399 395.147766 0.010374 0.005367
1106838.468046 120.642870 279.797812 -0.014510 0.009727
516376.429478 389.565798 394.408090 -0.004186 0.018619
1541877.001311 639.115972 367.145384 -0.009509 0.019228
877046.727052 211.073886 200.360923 0.012099 -0.005350
1062152.807164 166.435951 281.083846 -0.003289 0.019326
220503.739184 155.149164 306.298200 0.010780 0.018105
285758.867062 257.659532 62.731975 0.004286 -0.002077
1694852.848395 693.285213 566.593844 0.000262 -0.009260
1823523.613542 219.378879 44.364390 0.000927 0.001478
109429.840049 768.263247 480.139533 -0.004464 0.010484
331166.874772 736.397618 582.195003 0.005308 -0.006556
1904142.131984 594.093711 318.592419 -0.001588 0.000435
967910.745632 483.335631 499.176009 0.003515 -0.011505
581591.096978 348.345870 48.239614 -0.010670 0.017482
706572.319710 117.961604 128.431002 -0.003022 0.006875
1499518.371885 385.554143 378.929844 0.001971 0.014868
785875.055374 571.495708 474.345544 -0.005469 -0.006111
257524.722376 253.017101 54.483902 0.006476 0.011220
1201976.699383 114.804661 228.997181 -0.002615 0.009275
1186503.038363 580.095408 101.966554 0.006817 0.018386
215485.423904 20.037350 64.828614 -0.007114 -0.001909
1555844.913030 56.608292 560.886969 -0.003703 0.004790
1610655.802121 641.136565 200.228561 0.003834 -0.013391
1363983.919548 580.676319 288.285805 0.010879 -0.004605
515601.680854 298.567798 317.739918 0.005558 0.012247
521772.659627 185.417864 319.675883 -0.002812 0.016115
984056.433190 429.824882 558.472663 0.003443 0.013540
764465.851134 302.161185 558.129970 -0.007320 0.011435
1098768.237559 98.318513 352.986063 0.014549 0.008856
1505133.839094 452.426789 265.811510 -0.010759 -0.006519
1656881.889169 392.698423 425.829644 -0.005626 -0.014824
1035409.796534 493.411266 216.222558 -0.018003 -0.018102
532033.862794 432.350239 349.834662 -0.012178 -0.014335
885049.308131 462.056987 312.530767 -0.005102 0.015765
611963.250959 737.723006 10.513415 0.015696 0.012228
1469794.933437 516.279831 223.715440 -0.012360 0.015657
1419313.830053 5.359235 222.198131 -0.003136 -0.005434
1001399.715897 751.360069 590.027106 0.014478 0.019434
57920.523946 103.092761 316.846873 0.004569 -0.007021
1340168.589419 43.967564 541.132650 -0.012375 -0.002907
1593328.125585 397.139306 209.001380 0.012549 -0.004451
308175.125303 438.507188 21.656959 0.000914 0.009142
1829796.170737 187.836498 440.362682 -0.008568 0.006237
194622.977727 628.267707 356.831285 -0.016821 0.005971
1163384.351490 85.668439 466.966737 -0.015212 0.009264
203536.384834 623.364221 467.115525 -0.019844 0.018798
408990.508136 640.561616 279.676872 0.002468 0.004642
1709918.606891 566.606520 96.558558 0.015794 -0.010601
1776676.395804 644.399257 280.157100 0.004767 -0.016391
248411.979642 575.691189 526.944754 0.008750 0.011925
1052401.075630 239.710476 543.540818 -0.007831 -0.003529
1254879.329007 324.211044 114.368038 -0.003721 -0.003558
322021.593490 487.279812 125.259890 -0.001327 -0.014913
1647379.426121 386.337144 521.380618 0.019419 -0.005111
204691.412954 699.209815 106.323722 0.002786 -0.000169
536197.156895 555.163267 128.630491 -0.014202 -0.003476
25648.950611 538.072084 428.974492 0.016656 0.018930
247729.502734 436.800278 229.363184 -0.007398 0.018031
1580350.309415 379.636800 335.078546 -0.020010 -0.015903
1443766.372951 659.236386 351.171185 0.003684 0.012392
1912564.341869 554.168183 409.426429 -0.014676 -0.009431
357511.299829 321.064875 575.540545 -0.004450 0.001833
744693.135258 324.179988 130.758835 -0.016543 -0.007025
387589.365424 167.828897 523.085638 0.002988 0.000949
1645202.005117 291.567736 -0.169691 -0.004716 -0.005353
205411.871060 83.781579 113.607348 0.007513 0.007847
1996032.971887 514.968658 234.021059 0.007580 0.010279
1306804.762830 688.166213 106.523498 0.004502 -0.009855
1450619.077985 788.743029 394.912173 0.017710 -0.017183
1969754.747101 110.776096 168.526596 0.013590 0.008609
1609086.544071 543.971085 45.296818 0.012194 -0.017509
883645.576836 726.201210 99.693055 0.005793 0.003613
1722771.757153 502.335441 142.201698 -0.009968 -0.007546
28763.775727 722.554804 101.811466 -0.011924 0.000478
845989.907554 733.607040 301.469917 -0.016755 0.014407
1143645.596292 54.681604 600.528007 0.014092 0.016918
1423342.375748 525.797358 361.899238 0.011475 -0.001576
1329764.171191 185.005831 221.905685 0.013250 0.014449
1926056.274178 553.099742 294.575495 -0.012011 0.017727
1598411.507718 172.961690 507.778341 0.018776 -0.003701
726058.746095 314.194048 195.441580 0.014549 -0.001021
375371.614646 348.262811 324.727780 -0.012686 -0.008669
932014.105344 718.217761 567.139567 -0.017148 0.007079
811741.037672 587.891478 550.862539 0.010982 0.002645
1557690.799962 589.578959 155.088631 -0.009262 0.017506
399385.155365 53.137612 91.026701 -0.018131 -0.018559
1122038.441301 328.227195 256.488317 0.015487 -0.009123
1805346.826001 59.657039 425.627192 -0.008498 0.012010
1995636.369100 729.358477 97.275667 0.017696 0.019491
1695958.700821 279.184394 427.703830 0.010650 -0.015091
558004.577904 435.841970 516.853467 0.001463 0.012501
1597187.265566 589.479215 528.918791 0.018088 0.011276
1833981.536251 409.979011 114.610572 -0.006178 -0.003986
929917.220459 197.665962 284.911012 -0.013221 0.007529
1471826.909795 138.783510 361.091039 0.015872 -0.015403
1165988.196230 595.132532 277.981095 -0.008198 0.000422
1172216.120722 460.758573 32.232242 -0.002212 -0.015469
1736107.381869 196.565436 508.105791 0.009950 -0.012183
1259741.624473 533.152056 424.900663 0.012848 -0.019579
218963.730251 229.108448 155.178250 0.003365 -0.001620
1902503.935575 255.801987 379.448402 0.002184 -0.011333
1496596.111682 109.297178 576.157115 -0.011565 -0.002667
941537.357374 638.191078 5.794456 0.001075 -0.010182
245239.558744 315.991457 292.847469 0.018816 -0.014287
1372376.816986 480.063534 484.716380 -0.004178 -0.003134
1637971.852737 403.523032 423.828309 -0.017038 -0.016321
337179.376901 23.800509 245.431895 0.012149 0.003353
1249672.392965 440.359627 432.926642 0.003372 0.010440
310196.676436 44.205508 335.849972 -0.013357 0.003301
1607296.809371 230.166013 584.926455 -0.008226 -0.009717
236307.595035 784.122713 515.167582 0.017033 -0.004957
561161.337682 597.173531 528.956091 0.019430 0.012912
1939371.158341 125.282831 512.114654 -0.004854 0.018365
870700.636353 1.957807 305.626987 -0.013716 0.003551
541779.813609 249.559820 386.775606 0.013271 -0.000879
453110.709066 506.622207 459.814793 -0.011932 0.017062
47266.968548 257.068077 543.109371 0.015293 -0.010205
562186.379247 129.919562 594.459692 -0.013527 -0.013988
1629854.769274 105.375265 185.093740 0.006688 0.000383
534606.907766 82.376357 307.360436 0.011065 -0.009662
203362.833803 38.310407 342.419020 0.009816 0.015235
92345.910190 778.966277 306.353738 0.012416 -0.012993
877177.283576 667.495173 297.765180 -0.006204 0.008677
1484435.888699 501.027717 528.959152 0.009362 0.011481
64404.659935 438.937870 550.611438 -0.006310 -0.011463
856791.879449 487.245683 190.741870 0.017635 -0.004614
1153201.109335 33.810615 259.554881 -0.014247 0.011670
618554.387530 154.411290 456.492239 0.012848 -0.019888
1875266.974734 207.489894 503.062295 -0.002710 0.004180
1111007.126566 140.200763 138.720151 -0.002543 0.016429
34336.430968 375.552471 275.468644 0.017012 0.003959
1349224.196444 292.331108 249.801433 0.019691 -0.007784
1602661.077679 455.069427 209.704476 -0.010642 0.008545
276647.354605 434.595529 544.383005 0.016521 -0.005573
1822198.850020 671.229548 373.172201 0.009937 -0.009118
453696.245539 243.671460 268.691512 -0.001689 0.009710
713133.517985 379.713696 125.343233 0.012602 -0.003599
36437.158490 391.695130 464.279167 -0.002943 -0.000543
159010.190591 189.080576 31.251470 -0.002842 -0.001195
1535456.720523 453.649224 6.973133 0.007005 -0.001239
749811.288319 470.256316 183.175689 0.019843 -0.006523
1154889.427663 178.626886 384.643788 -0.018992 0.007207
762647.938338 305.004793 92.407068 0.003626 -0.012135
1129345.827331 486.674393 410.694069 -0.006552 -0.018335
337378.635228 333.868939 168.969674 -0.011172 0.013867
1499918.929068 791.398247 248.102815 0.010327 0.006656
1760744.261444 108.651220 149.682082 -0.012557 -0.014686
1172923.453698 610.377860 215.772332 -0.010962 0.011550
79642.974809 486.004122 100.891015 -0.012199 -0.012030
730713.756164 606.717966 483.723719 -0.017944 -0.016077
1702955.846536 175.309011 309.518953 -0.014684 -0.002390
724785.897287 706.073732 258.000861 0.011059 0.005771
187236.443249 524.270072 468.789839 -0.006230 0.013667
1828784.213322 744.149684 362.682491 -0.009457 -0.013131
787390.226865 250.428188 459.589276 0.002472 0.000223
1929498.061505 743.091044 161.288561 0.010598 0.019224
730520.102536 499.764029 120.280684 0.015138 0.010719
1281053.293162 194.118591 381.616910 -0.017204 -0.019255
562426.321470 130.067770 404.887927 -0.017495 0.000257
1033437.869061 779.884020 262.739329 -0.015123 -0.010098
1192859.900739 412.522454 336.204251 -0.005497 -0.016830
138898.690296 261.388094 3.427064 -0.006505 -0.015983
1973181.982512 560.926457 434.075648 -0.012568 0.003316
957790.512106 660.617412 496.970182 -0.015318 0.015869
1692076.045876 318.222844 36.186072 0.000830 -0.001623
1136829.509929 29.065281 260.275798 -0.019486 -0.013630
1367539.427880 482.355969 406.428773 -0.010177 0.018682
1509350.044424 252.477751 176.165361 0.010385 0.006127
785056.476847 597.878203 213.000544 -0.015365 0.017398
1873643.585422 476.209623 457.148723 0.010544 0.008428
1315983.134935 488.300792 64.578709 0.008818 -0.014704
1135951.929323 228.495862 100.514428 -0.019846 -0.008263
656102.584980 548.347535 539.400690 -0.019843 0.017278
1727078.126616 606.170887 148.311094 -0.013761 0.000843
1797488.349396 438.847509 161.472424 -0.009879 0.006608
406141.346510 152.224862 156.594785 0.018578 0.018126
1941231.998588 496.989841 337.337197 -0.016813 -0.006388
1386830.762674 518.669955 376.837900 0.014458 0.005996
1843128.023596 152.371668 201.592845 0.012791 -0.012234
538331.757550 546.173317 571.949177 0.000658 0.013527
944807.663069 332.490475 233.423510 0.009320 0.006538
106756.882792 754.866585 514.689154 -0.007567 0.016350
1618777.323337 226.537832 318.105880 -0.005081 -0.005203
1742666.514471 52.446012 7.084788 -0.000033 0.017119
1321460.731012 337.357927 69.596639 0.019884 -0.010386
620834.287545 213.046894 553.927046 -0.009465 0.011289
1523195.320518 587.265336 118.876367 -0.014021 -0.000937
1731081.362688 163.216522 252.019786 0.008922 0.000663
656632.629529 425.827091 480.697492 0.014354 0.016119
325566.043298 583.565162 580.921257 -0.013081 -0.010863
1792559.657149 666.160296 390.435232 -0.019494 0.013212
1778465.217808 259.455950 59.294351 0.012356 0.003554
1763427.173609 457.623214 193.100465 -0.018027 0.010527
1593951.392730 755.807095 556.329742 -0.011303 0.006589
886016.743670 435.703179 119.126369 -0.010425 -0.003810
204796.643092 323.646311 80.833805 -0.017151 0.002943
727276.621725 773.250779 248.573891 -0.019669 0.019075
488690.041233 721.690771 183.101326 -0.006263 0.008565
1781116.410057 179.104598 171.884001 -0.011457 -0.007823
20635.784613 7.731895 149.439520 0.017506 -0.010967
1834876.302553 303.234209 462.728033 -0.015327 0.004957
350019.654422 174.579303 16.655610 -0.007610 -0.008377
1214501.650638 537.543396 155.152746 -0.019200 0.007505
477760.385944 211.528939 353.547008 0.001774 0.004274
605806.972182 347.298126 499.353008 0.003594 0.005787
272576.070518 480.046813 392.526133 -0.004571 0.001528
1759240.741729 243.256482 550.230577 0.005980 -0.003298
1080301.612187 660.486082 382.491945 0.002799 -0.014588
1857771.559552 140.063505 484.217809 -0.012467 -0.012188
988850.145130 339.762060 276.998243 -0.016672 0.018750
134591.829094 309.768270 242.729912 0.016000 0.019019
96963.198901 28.695233 345.794880 0.008358 -0.003140
227820.812831 464.819806 434.660520 -0.018766 -0.010716
290631.014058 457.671754 34.112358 0.011527 -0.014535
385931.693197 569.323582 190.295575 -0.020042 0.015997
1023297.854244 397.276050 195.450768 0.018822 0.003289
589125.026292 31.640145 579.844631 0.007960 0.017435
1882412.602139 596.851340 583.990372 0.000681 -0.002107
790218.714061 504.607865 18.789459 -0.015187 0.006561
526777.357108 212.241811 139.694695 -0.007104 -0.017982
748590.766801 411.899530 457.617461 0.007589 0.000587
1324791.236466 162.393459 5.852833 0.019528 -0.013027
1179151.767483 226.063353 128.514783 0.002199 0.019235
301466.356172 395.852509 434.636032 -0.014971 -0.019523
349183.755158 414.881772 387.420327 -0.011760 0.005630
616335.581344 375.089699 543.875901 0.001728 0.011531
1910511.639859 733.851408 182.970558 0.008693 0.004283
1640005.631205 304.895685 484.950335 0.013298 -0.005358
1964468.728734 335.724270 391.314964 -0.012185 0.018994
1261209.360911 276.171880 282.358699 -0.005750 -0.001159
968463.258337 424.225328 593.943053 -0.014827 0.009415
1257770.379660 350.173945 124.148266 0.001235 0.019284
1991034.577596 391.319136 537.553150 -0.008007 -0.011745
1007596.648767 95.749339 353.596569 -0.006578 0.017875
1912045.142572 235.989512 222.797835 0.004268 -0.000411
692628.538559 190.303290 501.251808 0.008638 0.003828
609848.141023 240.585336 74.897516 -0.008217 -0.002767
1723251.459991 737.487729 520.923140 -0.017358 -0.001711
1696924.347289 50.460406 567.905980 0.009835 -0.005594
309029.791648 199.799574 289.737232 0.009615 0.002301
867302.640745 559.309524 513.429521 0.012171 -0.007827
691843.061099 120.427878 326.290832 -0.012878 0.018609
272265.500516 388.307685 162.304183 -0.009545 0.011207
1400582.436193 98.397054 421.163909 0.003054 -0.012254
320566.674844 332.900917 150.669947 -0.015710 -0.013506
1229627.376064 208.616528 245.978056 -0.016033 -0.019858
1946485.269790 425.075783 421.447109 0.008371 0.005338
15066.369444 140.519849 292.219907 0.002013 -0.005765
911695.870064 549.200743 506.419122 0.009049 0.017873
1245159.992597 340.247731 42.963680 -0.006048 0.020396
519428.529087 388.678657 247.063486 0.000326 0.003894
1147820.552414 102.371178 512.357237 0.019417 -0.011056
1717933.562453 767.128148 453.831253 0.002501 0.011435
183230.377819 455.362677 577.574197 0.003167 -0.015311
640928.558372 27.309703 483.366614 -0.013446 0.010258
1503776.668340 629.116342 110.902047 0.012837 -0.015524
360957.489517 65.423955 358.361895 0.003710 0.003712
380073.533570 131.774103 431.461074 -0.018231 -0.014047
1889061.825298 723.472873 66.002809 0.008016 -0.001333
1796955.322752 633.984268 20.339175 0.014481 -0.005168
306282.549308 147.172058 243.100100 0.018370 -0.006195
332156.324914 567.535232 78.931659 -0.005932 0.001330
485168.456326 426.799356 367.163763 0.012971 -0.014827
413343.113108 24.513801 173.433029 0.017107 -0.017005
883643.182406 697.271421 587.123662 0.002073 0.002798
887249.075289 360.288677 217.436287 -0.000907 -0.007432
1467432.667253 504.158635 297.541596 -0.014405 0.003561
1682910.725327 245.317234 179.578314 0.018984 0.006319
1660796.624450 172.276916 113.327665 -0.002230 -0.017763
629926.086697 520.403193 50.922334 0.004184 0.003117
318150.466456 37.098452 269.375713 -0.013706 0.003900
40123.955365 464.570786 28.889400 -0.004749 -0.017489
724761.667999 94.140982 413.543552 0.014318 -0.009807
558074.092752 559.709916 337.334046 0.003107 0.006872
438651.350531 326.372534 533.410469 -0.004346 0.014713
1885724.248311 578.772869 300.878096 -0.018901 -0.006832
158400.153815 149.297371 226.036891 0.001149 -0.006972
1952982.963972 437.377057 543.818785 -0.018966 0.017286
1927788.328346 311.084908 28.152917 0.006208 -0.010080
607879.136041 747.108245 567.566472 0.014623 0.000471
1236504.919471 67.948295 551.389053 0.000258 -0.000280
1541570.438790 358.704756 131.491606 -0.009127 -0.000974
1098586.873663 282.455347 398.537093 0.017053 0.015183
1973812.054831 723.250145 257.504018 0.015637 0.017482
717421.361579 684.405506 190.613680 -0.003729 0.000396
1128238.588166 568.345617 265.746591 0.000397 0.003058
1906900.824936 103.361943 396.819890 0.014913 0.005400
311031.282093 514.343162 50.810555 -0.004960 0.016684
1119457.958787 738.693355 161.531419 -0.010704 0.013996
295815.608602 167.836141 451.448725 0.003001 -0.015984
1365835.790227 746.497594 573.996864 -0.019995 -0.006452
933742.419320 452.568642 29.899492 0.016423 -0.016950
1254474.420685 689.964224 122.266096 -0.008480 0.009407
1674721.783807 355.773539 227.834352 0.016822 0.012742
589441.845468 384.443718 445.879933 0.002573 0.008106
1186208.380939 568.248263 547.201009 -0.006139 -0.008544
28320.921598 24.740123 131.489452 0.018881 -0.018778
1123059.363627 350.797705 356.714284 0.004343 -0.006042
1339490.994503 192.741663 126.496998 0.014922 0.001167
1892333.765464 567.731068 583.364178 -0.007254 0.005394
1580513.963280 495.710017 66.073584 0.001225 -0.012658
1628540.167412 101.109079 535.764338 0.009075 -0.001120
358744.990248 592.711325 301.871658 -0.004045 0.008489
1065496.480589 768.543275 90.573989 -0.014938 0.002934
996930.964755 638.430088 488.960687 0.008374 0.006815
685065.261407 523.917914 229.171814 -0.007698 0.019131
22284.613001 82.959850 360.117664 -0.014785 0.005078
1564209.169505 749.612744 458.225552 0.006965 0.006548
471659.941818 684.079653 242.333657 0.009524 -0.009784
234378.384535 216.337764 129.511883 -0.009222 -0.004011
1581110.075852 613.301683 117.724967 0.004189 -0.000947
1733102.233956 757.464662 78.087812 -0.010153 -0.009493
222272.466972 206.868544 219.634479 0.008457 -0.004764
7593.072023 394.933779 189.520382 0.010728 -0.013132
1961038.188991 2.008881 14.068334 -0.004564 0.009665
554464.627316 401.913049 7.760313 -0.000263 0.010871
821613.773155 227.381748 322.778393 0.003871 0.015643
24485.756655 378.209234 502.252552 -0.014261 0.008806
196372.594776 203.378711 588.097427 -0.001422 0.018532
718005.964867 375.096654 274.418054 0.007058 -0.010210
1252709.545778 525.479294 142.008256 0.005944 -0.018312
1958473.456073 741.962804 326.304143 0.019618 -0.003224
628831.249023 322.361786 421.203451 0.014054 -0.019647
1185057.482303 690.526190 288.715190 -0.002876 -0.019708
406775.272641 421.023519 157.460750 -0.012926 0.019345
452064.211691 433.179564 275.526113 0.007345 -0.011361
1391094.198167 249.337550 524.985221 0.017204 0.018295
1830316.959801 730.301846 532.305848 -0.001630 0.016123
610994.441719 617.969921 184.047947 -0.019668 0.004983
631021.334152 481.912375 291.939912 0.011825 -0.018547
989235.750860 1.883985 333.942753 0.010264 -0.012655
1098658.789461 784.203170 435.181213 -0.019669 0.006629
1883467.686308 564.649820 586.062148 0.012842 0.005348
1871849.530317 584.919863 330.429919 0.012870 -0.012448
911993.535660 102.333939 577.255690 0.010594 -0.014606
1176139.691461 61.433608 443.572028 -0.016927 0.015015
1537174.407177 456.292034 526.392886 -0.006936 -0.006927
123261.179832 701.001598 185.373993 0.011704 0.014820
1946848.674653 583.386644 354.105729 0.017979 0.001706
457599.283409 709.090768 164.610055 0.011210 0.008296
926562.791190 189.181955 501.820376 0.000176 0.019972
1942178.605097 12.134616 45.216673 0.008407 -0.016361
1905775.863633 382.834187 397.575654 0.013283 0.012158
1975712.466974 713.521067 408.030286 -0.008349 0.007174
1128937.655654 214.502031 243.593379 -0.013912 -0.011207
1900458.380534 306.093932 61.973287 -0.011066 -0.013421
1623668.112617 550.030271 239.465149 0.005845 -0.015474
798515.523224 494.050007 76.697444 -0.000980 -0.006942
438456.544857 343.839115 482.204676 0.015100 -0.009801
1216805.763178 694.543684 90.568256 -0.008499 -0.013389
1661706.700764 681.344000 258.975646 -0.010496 -0.019706
1303971.794110 150.908608 233.907047 0.010280 -0.003514
1107963.914568 455.476022 58.875388 0.018168 -0.011401
425643.800956 282.557339 500.095306 -0.007735 0.013918
318262.858465 449.282078 154.959502 0.018573 -0.002259
1036196.117772 457.947977 186.724774 0.006838 0.014650
948553.069005 401.616472 427.790476 0.016407 0.009319
1438074.149861 446.839482 555.694120 -0.015616 -0.007630
677338.477540 530.400141 530.705665 -0.002503 0.004692
197747.041563 521.301827 583.664262 0.017216 0.019648
1601492.672973 71.429299 330.457848 -0.017644 -0.017804
1987075.958395 461.451932 375.101146 -0.007819 -0.010046
971748.938305 621.659266 449.443575 -0.012076 0.007402
974474.447302 733.521373 145.984944 -0.003455 -0.018907
1121549.802423 602.036711 413.051563 -0.002209 -0.012399
613932.794246 434.576369 504.537681 -0.008852 -0.001014
1665525.531241 62.864950 338.519181 -0.004458 -0.014549
1238773.710671 302.324425 429.580511 -0.010180 0.007296
1925637.924078 585.428974 276.795557 0.008457 0.017212
290519.337305 158.596253 508.096471 -0.004361 0.004491
1745488.432117 760.847606 218.919818 0.002436 -0.004213
1111265.337612 695.114033 563.051369 -0.004291 -0.013820
829182.160473 184.452787 135.905802 0.019241 0.004582
728391.627189 478.664908 596.425849 -0.016892 0.013629
1349985.243450 33.182688 346.119288 -0.014487 0.010169
1010733.056353 223.832499 571.642734 -0.005910 0.006790
1129411.861826 180.506660 373.287085 0.017224 0.011492
33999.050983 389.412775 394.310207 0.024537 0.016965
1606354.705806 295.998816 66.627685 -0.018768 -0.005950
1451822.744427 315.237966 570.265809 0.008765 -0.000993
1590584.168020 314.795976 309.323853 -0.005147 0.001138
538209.161040 700.794536 484.782979 -0.011163 -0.010865
958317.440449 627.996329 272.272820 -0.015994 0.008652
479655.517489 94.669437 120.029553 0.015865 -0.017009
167238.956395 558.526712 267.507062 -0.012160 0.009131
1592486.357127 737.343802 73.314389 0.009843 0.005644
1189583.299304 432.879669 21.043777 -0.015522 0.016591
1124831.962923 303.216497 474.238790 -0.005199 0.004002
37146.621401 680.298862 232.859815 -0.001137 0.018060
205026.889315 568.789426 41.105591 -0.007906 0.004319
284161.461650 310.244422 183.839444 0.003495 0.003360
68690.410847 306.049876 301.556042 -0.013744 -0.014784
287411.349028 600.050577 404.066619 -0.012907 0.014469
1171263.018237 591.613868 143.495085 -0.004983 -0.015500
1682127.158941 314.877361 577.655085 -0.010869 0.014492
1824708.168313 265.101106 346.701508 0.019210 0.005356
369206.509725 98.052357 13.463280 -0.000372 0.008417
1208981.916871 419.281216 56.264493 -0.015647 0.007270
446720.970071 202.393639 259.063525 0.015798 -0.002838
586212.983628 385.059776 102.257418 0.001334 0.014310
560717.814863 299.176603 150.930925 -0.010357 0.004157
234257.601311 123.800939 558.756654 0.007814 -0.014628
1133248.557864 703.475132 154.161227 0.003533 -0.005174
1934248.125150 153.416234 536.560192 -0.017562 -0.007936
1152133.833222 225.951105 331.266069 -0.019690 -0.013026
1965200.129880 240.256052 396.969724 -0.013822 0.013360
1034901.121182 346.302135 125.946557 0.010913 0.006862
1623246.405098 709.115587 497.192374 0.009740 0.003206
1926329.093951 248.018925 276.453352 -0.011182 0.015960
1658576.383096 150.567361 54.667464 0.008985 -0.010062
786221.519479 241.106099 318.585088 0.017775 -0.007702
1421758.733421 742.865744 364.870480 -0.004743 -0.017488
888519.625593 711.370628 308.074379 0.005889 0.006127
374128.679919 371.216975 325.399804 -0.019385 -0.011587
247207.860577 783.057690 311.421755 0.003276 -0.012053
838233.393076 329.893780 231.364878 0.000755 -0.014300
1269501.125100 722.834317 262.955864 0.010726 0.017911
1490342.234955 701.503089 467.111351 -0.005845 -0.010059
1720173.599068 638.916606 82.389917 -0.005152 -0.001848
1589947.016719 447.754412 550.823036 -0.006498 0.003123
254199.274003 369.788313 331.596379 0.005917 -0.018218
1506623.924480 52.284165 274.496511 -0.014409 0.003086
1187558.641279 618.958009 289.763904 -0.018796 0.017646
663885.182079 619.844681 490.344674 -0.015549 -0.014783
134186.233456 776.516173 557.352626 -0.011874 -0.006224
763995.101100 799.232090 542.380518 -0.008057 -0.006508
960104.740672 340.583031 478.960982 -0.018583 -0.016978
1689167.128731 629.632067 85.005290 -0.007878 0.017130
1435140.350571 715.884634 422.346971 -0.012035 0.017046
1287450.956780 425.488245 421.059324 0.005707 -0.012284
1664884.491668 423.949100 368.662614 0.010652 0.009308
1916152.068375 115.815175 439.917436 0.014345 -0.002301
142374.806172 274.841750 522.079107 0.014830 -0.004938
1889104.925044 571.529549 97.671577 -0.016727 -0.019289
184043.514628 642.490964 546.733042 0.011780 -0.019918
1678137.485719 350.680353 320.253532 0.001590 0.016087
349432.717240 299.355604 257.107450 0.011499 -0.014631
327130.583267 597.953834 167.756321 0.015864 0.004361
1445781.852792 774.693757 571.674841 0.003711 0.013529
657045.848974 430.372040 332.908773 -0.000289 0.004925
1143416.638087 467.909557 254.868947 -0.000622 -0.004813
853229.746620 259.826903 491.342252 0.018361 0.014543
1436276.935710 106.311907 143.738892 -0.014012 0.017006
747046.145027 249.441527 400.577307 0.006112 -0.011892
555282.349025 299.981307 106.835716 -0.010820 0.018771
31011.744417 446.407953 303.345068 0.002808 -0.017981
259713.421697 113.434027 381.649894 0.002214 0.005068
30230.289339 785.980313 570.803036 0.013288 0.017718
1629124.594680 439.875684 45.068067 -0.017903 0.007950
1993199.337271 341.327567 5.307587 0.006601 -0.016781
437214.899080 754.064892 272.142076 -0.004250 -0.013122
847463.854052 329.351568 438.948530 0.017214 0.019223
1561464.248021 48.354167 73.563676 -0.003320 0.004594
1496915.452879 345.606002 357.934528 0.008045 -0.009434
1076064.875850 410.541834 489.298155 0.004505 0.002589
1028186.607653 487.317667 594.675931 0.000921 -0.009096
141764.248787 594.398534 129.562526 0.000988 -0.014452
778578.041484 758.657998 329.957907 -0.015289 0.015190
1058486.954802 720.304643 564.068935 0.005804 -0.007099
1112790.978101 319.254147 447.956899 -0.013857 -0.016078
24501.685065 554.060973 366.307751 0.013084 -0.007844
353571.678676 272.642945 548.730048 -0.013271 0.014601
375264.103699 191.445945 365.860080 -0.003806 0.010619
1493884.026769 634.836835 429.428143 -0.008215 0.016519
1188817.119779 659.957212 487.963392 0.001401 -0.000906
259519.063057 73.961404 525.248158 0.015154 -0.010161
1949033.547169 712.118136 562.638258 0.003485 0.008713
482529.103981 609.285210 36.310551 -0.013827 0.017270
1850091.109914 273.859436 102.890096 0.001409 0.009859
1871495.037280 225.005593 324.780656 0.006250 0.002835
908785.677938 195.143029 241.367597 -0.009270 0.011231
1755362.652128 318.504561 522.235751 0.010157 -0.009001
232765.271437 581.868546 98.707845 -0.018159 -0.007176
1765166.354256 236.602810 45.856220 0.017678 -0.001988
15434.920795 692.737772 474.703990 -0.012887 -0.004012
1077013.659792 90.472741 409.445127 -0.016796 0.010612
516053.778360 427.482253 5.839353 0.006392 0.012137
1576709.125925 429.966926 119.106034 0.006444 -0.008337
948767.654108 620.976012 12.323998 0.005600 0.013214
667159.362075 417.489434 74.283787 -0.003588 -0.001434
1146380.339352 334.045700 198.478793 -0.005340 0.003864
1462269.868451 722.384144 427.200562 -0.003610 0.019236
949273.004639 536.523356 309.694846 -0.000655 -0.006846
636841.273232 217.413111 521.136889 0.000688 0.017238
316267.470045 792.962857 424.514855 -0.012945 0.005322
1072709.865436 409.248562 92.990424 0.006416 0.016886
1234697.917120 187.665065 203.730857 0.017932 0.003947
1871003.135047 543.460058 300.008430 0.005847 -0.016345
968257.898916 95.452316 457.604709 -0.019770 0.004267
184803.100389 256.325824 526.050895 0.018272 0.013469
1613704.762242 94.165220 496.932288 0.000562 -0.008171
920804.219749 40.471417 484.265400 0.004898 0.008271
1455508.939668 184.214339 565.791262 -0.017308 -0.012833
1084419.887087 1.081616 515.173558 -0.018211 0.005931
1899527.167855 422.582252 461.418814 0.008446 0.001109
745706.753221 643.092194 509.218338 -0.010149 0.010539
1369434.811813 44.303100 529.158862 0.000581 0.002795
353913.564400 780.169832 371.922601 0.019269 0.003543
660308.989072 568.455341 492.160847 -0.009060 0.011117
1997036.600484 653.835621 469.069715 0.014265 0.014410
857968.969670 644.531912 232.649490 -0.012096 0.000744
1832483.595159 457.176910 194.401873 0.011893 0.011229
174050.590104 359.957855 525.683656 0.018772 0.018475
887791.815627 115.681938 561.112372 -0.017426 -0.014862
1048845.100705 314.593688 504.445263 -0.006252 0.006682
1236598.032171 273.631943 289.945614 -0.004023 -0.012103
688449.854352 662.759960 2.273231 0.009245 -0.018932
1047717.716101 519.212801 357.771835 0.013924 -0.003475
831685.772553 746.686038 517.402860 -0.008473 0.016127
1646809.537731 587.995569 29.565563 0.010384 0.011947
354697.854423 226.437212 115.127858 -0.019272 0.005156
1718570.137265 508.358121 581.258235 -0.006293 -0.018652
338487.908402 549.555426 517.402048 -0.012995 -0.003257
1776805.868268 558.735683 40.781467 -0.000623 0.001854
960078.654327 720.328301 286.897170 -0.006898 -0.012568
763596.911339 131.423046 556.218611 -0.002739 0.017030
1446903.674606 486.795792 125.365048 0.018073 0.005350
1673049.761761 619.960424 155.729172 0.012204 -0.015277
591079.477496 780.178785 482.587442 -0.013715 -0.013988
450261.526019 36.827899 509.539411 -0.008237 0.001254
788880.985598 619.130889 258.642341 0.014933 -0.015421
1247242.441982 204.443847 167.458316 0.002032 0.007426
405506.701397 217.983989 175.158448 -0.003529 -0.012338
1835863.754077 197.594397 576.194684 -0.012858 -0.017854
159031.381905 380.190281 18.677578 0.015405 0.005330
362722.217274 87.167535 407.196014 -0.018495 -0.003718
420997.232395 340.231829 105.239845 0.005881 -0.007667
580167.091722 213.310286 333.021029 0.002820 0.012585
479025.265425 617.120545 52.418431 0.001285 -0.012670
552036.800679 359.801657 258.478218 -0.010467 0.005051
969986.005207 253.902498 61.465144 0.000847 -0.011956
1471710.388303 557.466905 187.912710 -0.003392 0.009244
1430984.936390 501.038178 91.018944 0.015642 -0.009257
902052.609670 144.319882 321.278456 -0.019776 0.010000
700700.571156 195.504270 313.457250 -0.002450 0.011056
1408199.004553 571.100095 137.339795 -0.014607 0.018119
1713095.736556 496.486936 161.233780 0.018425 -0.014617
944491.339356 557.229106 498.545082 0.011371 -0.015566
1119457.834922 400.555171 441.376808 0.008483 -0.004377
8319.607940 130.652580 343.344151 0.001566 -0.013274
647061.014849 712.002627 247.323079 0.013814 -0.006809
379545.065751 439.150189 25.977750 -0.003347 0.007309
1990576.603445 218.513316 181.322758 -0.009382 -0.010685
876473.971119 589.515624 557.762323 -0.009188 0.000888
80381.552726 664.675741 13.468691 0.011016 0.001701
828036.629980 625.238199 422.986623 0.019525 -0.007170
1747623.103553 248.285497 124.288135 -0.008532 -0.013737
1072386.123739 381.242549 423.825044 0.003243 0.015733
777386.485961 459.716925 101.026037 0.007629 0.013598
801906.589792 103.676043 345.916279 -0.006817 -0.003933
197987.358178 295.788275 137.664844 -0.015163 -0.014147
1545926.498969 428.225387 556.371028 -0.000405 0.001315
492654.834172 281.813322 500.396363 -0.000599 0.004877
1978982.283724 793.027750 69.310413 0.007741 0.002835
17631.095842 65.964794 86.861039 -0.012954 0.010994
1966499.848276 461.775730 543.798489 0.003813 0.014708
611006.784537 527.350324 167.464520 0.001463 0.011202
850069.038966 246.967477 190.001396 -0.005924 0.011501
1676786.882652 479.184446 83.090171 0.006897 -0.017857
1557780.060711 529.937855 26.096324 0.015762 -0.005712
1227310.625476 722.736742 262.549329 -0.014704 -0.020989
428616.731627 591.856878 393.254784 -0.015228 -0.007965
1127178.874392 340.570722 576.893385 0.013654 0.018402
1480731.590409 212.563643 162.270654 -0.017761 0.004811
115335.758829 714.982427 130.682947 -0.012100 0.002661
541498.807511 780.845793 137.461723 -0.007452 0.014836
1167776.423119 741.752838 464.577417 -0.019055 0.007382
1705487.274428 189.989495 255.707895 0.000303 -0.005708
1455042.508177 58.305423 469.839358 0.007534 0.016570
1485351.840726 341.314865 108.562694 -0.019559 -0.000668
1600046.444498 55.363483 226.589870 -0.019269 -0.009265
1889695.885540 230.037429 146.932199 -0.013079 0.004152
230475.999522 606.060247 319.422936 0.015485 0.011170
434670.210087 593.617585 9.849186 0.005754 -0.009932
748135.628527 296.528219 192.869067 -0.013615 -0.017666
474188.291689 718.588299 292.918456 -0.003336 0.016164
1941577.332067 174.188892 588.415028 -0.006004 -0.010710
499196.726130 235.229655 314.380267 -0.000267 -0.001291
254300.674542 487.820455 134.030020 0.006375 -0.000121
6325.354803 699.795317 144.021507 -0.019182 0.000841
980919.682878 316.196949 534.955513 0.012560 0.001945
1900851.625903 40.242084 269.140893 -0.002611 -0.001275
719689.197242 326.137599 412.504341 -0.006338 0.010298
1844748.197982 472.703810 29.971666 -0.002193 -0.016550
1036199.990211 459.358023 416.190631 0.009631 -0.010779
385683.919483 595.589453 65.404946 -0.002702 0.010635
1256102.471266 738.647078 96.206448 0.000366 0.010578
1419511.694191 375.248841 473.065559 -0.013611 0.016233
511292.832210 415.495743 189.862428 0.017686 0.014411
145034.134456 690.995571 270.047351 -0.015049 -0.007553
1071721.370831 513.015915 530.604126 -0.010818 -0.004679
233847.819378 338.046790 77.555248 -0.011043 0.014186
1786277.592083 681.597058 467.340700 -0.017913 -0.005082
1031918.257955 609.543630 506.329720 -0.007876 0.016817
1499349.890975 446.103236 263.475133 -0.017302 0.000089
597617.807145 110.447530 218.937798 0.010025 -0.009530
1353622.215499 228.420486 541.962038 0.002472 0.000628
573296.933702 542.600272 564.208517 -0.003395 0.016133
1590131.532210 246.445915 453.697466 0.003022 -0.005539
258416.177825 73.212788 73.558965 0.018867 -0.004276
87595.200207 577.066391 571.833305 -0.000689 0.011451
906233.425674 626.013146 554.304074 0.012744 0.001238
370032.188655 395.673786 489.087441 -0.016451 -0.017752
664767.085884 299.453096 441.940613 -0.009128 0.011569
1278253.811075 52.965524 58.771059 -0.004106 0.005618
916040.443311 420.125383 438.710848 0.003213 -0.000174
249204.321880 498.975191 130.040924 -0.016950 -0.015723
8661.484350 424.712513 533.347492 0.017166 -0.006051
841302.204338 89.947450 505.951527 -0.010462 -0.011996
1802783.200425 455.988231 346.396986 0.005475 0.013644
731632.451868 220.832834 544.843921 -0.001388 0.006836
1096714.972098 736.621936 118.099588 -0.008788 -0.000143
1386984.768969 324.142187 76.201058 0.016473 -0.000730
469499.863903 731.940270 7.101744 -0.015000 0.013823
718651.906922 435.263287 574.762530 -0.011849 0.011208
316653.122342 84.454976 211.491914 0.010302 0.008733
385530.231700 79.482229 10.982042 -0.015987 0.002583
1379939.433830 519.668622 291.832849 0.015397 0.017188
1974529.288697 463.469832 199.386068 -0.015551 -0.000431
1626419.535664 279.905732 244.554204 0.012990 -0.001060
503204.831157 146.009260 10.609014 -0.011603 -0.004495
1600260.999799 292.859062 294.265020 -0.013936 -0.015951
467442.890847 275.202133 120.975852 -0.009909 -0.002200
1530910.291491 752.930335 56.763913 -0.010016 0.013191
43405.273949 189.863933 245.038293 -0.005773 -0.005877
1801413.789299 133.421931 421.632849 -0.007709 0.019693
348673.859774 447.380803 105.168422 -0.012276 0.010758
1122384.702378 793.129630 80.615273 -0.017934 -0.014256
474000.488629 229.217772 293.471983 -0.002426 0.001568
1867761.544822 162.475254 288.070403 -0.018841 -0.001855
617712.498930 39.714846 415.236266 0.008771 -0.003830
88793.583256 495.247521 343.081430 0.009909 0.016881
1123119.018564 736.329599 291.323231 0.009347 -0.015514
510837.786138 237.500076 62.549058 -0.004321 -0.005980
498234.962345 502.836242 381.202107 0.009535 -0.017336
350510.791107 537.901384 163.010971 0.006264 0.007945
1451432.125387 771.338243 449.458005 -0.003425 0.007377
303273.376219 370.433696 179.762673 0.008883 -0.011662
454803.713809 227.302501 75.736377 0.008613 -0.019195
480071.545802 775.403809 189.739118 -0.006265 -0.005551
1333575.176696 474.730143 592.797013 -0.007759 -0.006721
110627.538576 382.703539 1.675652 -0.007018 -0.014476
1406769.050940 41.551841 59.171379 -0.001855 -0.001177
1561676.394922 481.978851 559.239381 -0.016771 -0.007005
281255.947557 246.588431 364.540698 -0.009243 -0.019068
1257382.930842 407.664864 596.303937 0.017778 0.014114
706537.016996 489.422370 269.117527 -0.006346 0.016661
1558318.719993 318.268442 237.166966 0.011354 0.008937
1057752.200895 389.484762 466.186470 0.005111 0.017480
491364.625511 326.107203 325.135798 -0.012859 -0.000414
1734950.389590 255.116979 479.361641 -0.000919 0.003491
1643357.573842 84.871753 56.633778 0.012566 -0.017960
1898263.090243 133.890236 397.738282 -0.004153 0.000414
1157183.811607 141.294654 544.852189 0.018948 0.018327
1260090.642264 401.418666 266.348301 -0.003785 -0.014831
767107.214205 521.849044 323.472540 0.016966 0.013171
55740.578126 635.010696 88.662371 0.012999 -0.009344
1471867.368311 519.201622 224.850182 0.012725 -0.001708
851158.514084 623.935604 377.460243 -0.016453 -0.012927
279214.015361 532.727026 211.880536 -0.018209 0.005641
622537.959657 541.488105 84.476057 0.010271 -0.016706
543551.074594 112.598984 438.974636 0.012997 -0.017296
1125283.938425 670.560072 515.362667 0.008408 0.006505
255944.995329 357.696170 186.997129 0.000111 -0.008823
1549879.616848 742.561223 34.959319 -0.003812 -0.019283
474171.187949 435.948967 410.530851 0.003553 0.003662
648167.413030 720.752128 160.583251 -0.001358 0.006316
697835.028496 589.597945 478.530808 -0.016731 0.001911
1725670.433475 516.124843 231.041473 0.008572 -0.005196
99429.388577 679.090495 481.451637 -0.005528 -0.005964
163663.104253 109.202963 168.323478 -0.006183 0.000413
594763.153510 303.977736 53.052817 0.019286 0.018833
1355525.087265 245.192099 522.275541 0.017966 0.010970
1053977.892294 234.690203 305.559598 -0.007009 -0.004917
115031.983757 149.659288 13.043606 -0.002339 0.016300
752375.869431 393.565981 455.297050 -0.012738 0.014188
219437.964363 208.526149 594.946900 -0.004391 -0.003963
1068114.026016 550.320516 469.179805 0.004823 0.006946
1499866.051366 239.186029 584.058991 0.004709 -0.010302
1491842.997955 116.700659 322.363471 -0.009693 -0.001107
1826279.228472 251.347883 395.355422 0.017281 0.010256
1133058.067007 247.425643 149.316545 -0.007047 -0.000431
207507.431604 346.320954 450.490405 -0.016175 0.012952
304737.184339 504.631270 306.538673 0.017354 -0.010034
361247.467977 546.276654 329.206005 -0.013814 -0.007894
1585793.637478 720.325507 269.117734 -0.006743 -0.013881
1841064.114050 194.879719 281.082643 0.003204 -0.012806
451362.950938 116.062126 291.930069 -0.000989 -0.001230
1950936.490647 463.072254 542.323927 0.007520 0.008525
1454702.783122 701.548394 182.840414 -0.010465 0.012514
1108684.254395 334.973474 297.180075 -0.015859 0.002983
1596490.624173 716.668038 284.738707 -0.013109 -0.009566
1263706.185512 133.968545 282.629752 -0.015921 0.009880
1294332.516982 260.928071 535.916760 -0.014678 0.012035
723046.520130 86.962957 228.650550 -0.009384 0.013348
107937.715067 793.398133 426.714175 -0.005772 -0.010895
1046872.077066 728.651999 389.561699 -0.019419 -0.019588
450965.188654 653.785564 546.486611 0.008003 -0.017434
278162.196408 266.429989 139.729177 0.004373 -0.002623
1960316.196066 205.922846 456.515721 0.014896 -0.004400
1125740.257616 187.982699 299.747399 0.017726 -0.000075
668170.334151 796.553765 294.151311 -0.018204 -0.005848
1443825.863043 455.431830 160.078027 -0.005094 0.003564
564375.188464 478.012949 242.499778 -0.012222 -0.008027
938961.728913 267.216308 380.049597 0.008058 0.017681
132214.712972 546.847912 119.698469 0.013418 0.002241
1179224.623916 311.343458 473.054699 -0.016510 -0.006647
575213.267736 339.172866 197.861812 0.010957 -0.001182
1368718.602401 401.097337 24.174690 0.018036 0.014961
1254302.726711 185.514965 282.647331 -0.018619 -0.002903
1541011.519516 400.975528 456.017091 -0.003929 -0.011884
1407684.757098 375.653896 531.662738 0.016166 -0.008188
883750.411162 393.687446 411.821428 -0.010506 0.003306
38293.802197 414.466250 2.746781 -0.006034 -0.008070
949396.727117 26.729374 479.193836 0.000626 0.019470
1340193.529306 112.015553 129.725633 -0.014270 -0.013044
1289556.392138 729.348210 404.241179 -0.003845 -0.007439
1756783.113702 88.225531 468.794050 0.010418 -0.019800
157687.638028 166.164521 303.209124 0.010658 -0.002499
175039.783202 626.463251 573.085389 -0.016254 -0.014656
506304.289450 453.081934 99.057927 -0.017933 -0.016697
301433.914481 575.975707 133.995968 -0.005400 0.014575
790027.673724 9.374530 464.021123 -0.017175 -0.003249
176035.711624 758.938237 317.342773 0.014783 0.008527
1081972.172988 758.943671 552.413493 -0.018304 0.008732
715741.816310 106.880830 298.760392 -0.007394 -0.010926
1263880.632475 454.493479 476.808835 0.011928 0.004694
1751026.801649 758.508156 202.366992 -0.016201 -0.007298
399196.095951 395.066780 198.074818 0.019143 0.002326
1496994.359185 48.560829 306.720019 -0.008888 0.017278
445396.929255 653.437916 529.937743 -0.014305 0.014533
1193553.106484 399.634252 599.593302 -0.016103 0.012522
450224.472419 581.089073 229.338683 -0.019256 0.001035
1999453.321099 715.687110 286.027816 -0.003841 0.018744
1584501.028799 429.016169 291.147525 -0.015104 0.000395
94458.571679 696.651602 342.317664 0.002261 -0.014110
1007827.074736 623.533456 579.869269 -0.004564 0.016839
1658558.308919 786.822863 252.911128 0.013084 -0.016924
475365.567242 42.362508 482.687814 0.004223 -0.016850
663714.367274 496.250787 581.102895 0.012206 0.018141
1919117.403179 479.264939 297.059949 -0.002156 0.008816
9624.167350 393.752005 354.345647 0.003062 -0.018036
1478876.057770 64.728609 497.152724 0.007635 -0.001369
1502145.321808 426.371781 269.172615 -0.013015 -0.005532
1054818.871922 329.005420 247.478125 -0.006669 -0.018736
972186.690649 532.027129 390.576227 -0.001905 -0.001131
1216433.286302 329.334551 43.509213 -0.015856 0.014313
1585452.240699 85.690029 210.010701 -0.004648 0.007055
796849.675848 98.836927 459.245563 -0.011166 0.013048
461377.134761 782.913698 216.808094 0.007125 -0.013899
1447663.852688 165.023635 338.393439 -0.014467 0.001604
1190708.408687 498.646833 122.529838 -0.010117 -0.017121
1355477.244293 684.194410 294.715456 0.010009 0.018246
694211.989964 433.829670 39.613183 0.007925 0.017123
1497031.391364 75.988943 30.140781 0.000516 -0.007089
1759090.904966 594.313064 180.014671 -0.010333 -0.003083
904928.793621 771.738603 377.499073 -0.019380 -0.015859
341892.055395 489.094231 437.304004 -0.004959 0.014370
1609370.418642 43.038943 428.225086 -0.008158 0.012129
1339833.364515 513.645950 206.787067 0.009443 -0.006370
543533.833951 386.081506 260.756273 -0.007103 0.019763
1510075.678821 160.825407 443.538944 -0.017781 -0.002229
325429.097901 406.805647 246.077333 0.011708 0.000975
1027532.088117 770.794173 81.150549 -0.010414 -0.006328
1987715.010526 37.295169 236.690243 0.008298 -0.006358
396776.620483 301.270877 588.395809 0.001759 -0.015617
639902.701899 652.767836 355.710176 0.010166 -0.014512
1179865.857204 406.017717 204.158095 -0.006883 0.002542
1568458.621189 393.044541 42.201092 -0.012223 -0.008570
1190290.628555 566.893152 150.524964 0.009231 0.017977
1180185.991889 580.784220 597.204168 0.019379 -0.002824
672088.553511 146.428255 485.142936 -0.007434 0.009055
1837656.663655 510.380340 325.215571 0.000515 -0.004378
1360614.323691 81.295507 539.143781 -0.019221 -0.002769
924125.776125 643.737410 555.521588 0.001302 0.019919
418950.309241 102.515232 424.855913 -0.001835 0.014207
1312754.557148 39.466572 349.445227 0.006046 -0.018705
30587.249450 791.033215 130.146708 0.012876 -0.007747
1889215.610870 593.528486 565.869311 -0.000556 -0.009849
669560.509114 133.313541 213.958845 -0.010651 -0.012483
1579576.984783 556.939684 594.811895 0.008606 -0.010944
1982244.182370 739.181221 213.967826 0.007925 -0.004711
432350.935616 284.123773 257.804463 0.011964 -0.019781
930735.730068 652.699032 596.884828 0.007299 0.005503
600671.720971 501.517030 227.523302 -0.010144 -0.015436
1270601.892504 464.212117 169.715558 0.019696 0.012530
938976.299455 626.099115 304.952608 -0.001556 -0.000157
1474031.937064 361.485387 251.437481 -0.016260 -0.013939
1605130.416157 247.626309 302.413831 -0.010675 -0.015572
1023340.410098 559.404643 555.210601 0.000256 -0.004741
1128556.229700 645.966396 4.922602 0.017716 -0.017928
248420.950141 463.850699 377.933117 -0.004154 0.002508
884577.235619 701.311591 213.099702 0.017990 -0.006653
1704879.713107 549.605904 474.632840 -0.009085 0.011139
1882055.445519 60.068512 54.692145 -0.002200 -0.007585
404206.608610 765.668146 4.929356 -0.014907 -0.001410
780987.060993 553.497988 162.505784 -0.004097 0.005533
642018.800900 420.407610 131.018059 0.018040 0.017208
1579863.075903 313.665762 483.258602 -0.014254 -0.006317
286431.929230 799.324601 18.200442 0.017334 -0.009093
1625355.291937 700.300573 207.220600 0.016184 -0.007090
1310099.705732 85.576686 166.706478 0.006611 -0.010564
1485499.756171 42.136849 555.828054 -0.019431 -0.001826
1126826.147142 267.873733 586.641845 0.011206 -0.008660
1817754.082297 456.654589 407.099862 0.008594 0.008664
42605.713030 685.559938 428.977637 -0.017395 0.011451
1969490.396776 691.720282 399.991748 -0.006745 0.010789
1972945.507603 788.134903 525.951363 -0.009432 0.005961
221002.463354 5.436676 420.857377 -0.018473 -0.019153
314139.836614 479.633900 212.899809 -0.014574 -0.004781
1280098.799281 35.157509 571.163666 -0.007233 0.010296
1334025.561499 271.072862 370.146512 -0.004796 -0.004311
817314.073824 291.770500 154.349010 -0.016972 0.007882
52254.755074 49.511733 408.988660 0.016123 -0.006910
662711.798522 9.254442 199.523095 -0.018594 -0.017989
710212.109941 153.567313 389.776804 0.008414 -0.006920
61999.699130 281.263526 223.147439 0.019327 0.006781
261157.692532 519.769911 3.482062 0.009906 -0.018745
797766.605764 125.512058 236.997597 0.006235 -0.010782
184709.901076 545.831948 175.253021 0.010999 0.003283
1235796.007903 85.642846 357.216341 0.018131 -0.014408
1292608.929469 245.220604 198.084206 -0.008130 -0.019340
1317389.029692 261.071948 220.270823 -0.018775 -0.007595
71927.786838 127.596485 576.021125 -0.018264 0.016270
1977614.946653 353.530844 38.191010 -0.004685 -0.016028
591803.305127 381.813548 467.082339 0.003541 -0.009940
726241.200569 165.403230 213.854555 0.018404 -0.013690
995710.504705 485.432571 279.539058 0.013132 0.016104
963862.695249 391.323259 138.026371 0.013999 0.000717
1079147.418532 708.513264 408.230675 0.000064 0.017231
1174876.041326 389.957672 223.434261 0.006102 0.014862
937689.950195 758.154513 209.356054 -0.010107 0.001353
1200871.358253 489.913456 445.129211 0.018291 0.002818
1798372.363578 364.406777 105.717518 -0.005469 -0.008546
158766.744732 676.172837 464.624841 -0.007512 0.007890
584123.108808 680.086129 348.300165 0.018803 -0.006104
1019930.488905 447.525925 499.989486 0.015235 -0.011571
1412068.961846 279.094208 95.715243 -0.017832 0.003995
1390465.348675 524.099722 125.845392 -0.002537 0.004574
1560588.704217 269.760701 41.869571 0.018295 0.008046
709118.110458 28.529015 326.993981 -0.014807 -0.006344
481739.437432 336.913578 116.718958 0.012800 -0.004328
1084185.081108 265.226554 569.330498 -0.004955 -0.011513
321427.933090 65.551374 337.049514 -0.007632 -0.014289
322096.383349 11.860384 475.420126 -0.005124 -0.001935
811598.476400 120.517597 472.077962 -0.000988 -0.015695
975828.599639 662.657222 87.601460 -0.018663 0.018343
980873.326296 219.800400 226.065344 0.007431 -0.016137
1538962.265262 182.372378 257.009628 0.008862 0.004174
1281944.833362 703.439208 411.112011 -0.011720 -0.012087
1646853.441208 292.198167 129.519096 0.004648 0.009432
1334224.681991 17.314027 531.642875 -0.001744 -0.000145
1987979.200663 753.779139 196.637365 -0.014444 0.019167
567825.405192 503.456707 150.132271 0.006643 -0.007342
693992.653253 345.752902 324.301769 0.011209 -0.014029
290886.182473 333.436916 18.747961 0.013265 0.004845
461579.700216 523.933691 590.451762 -0.002185 -0.009220
1440439.939238 90.602672 175.789084 0.004291 0.002717
1578856.275221 479.471690 307.259976 -0.015373 0.009475
975708.803616 320.065733 219.741984 0.009551 -0.017497
1363849.989774 67.997380 296.525440 -0.011051 0.014438
1287670.666020 295.568906 165.400460 0.006994 -0.011985
1793086.186886 725.135139 513.128363 0.015254 -0.005937
253419.465503 481.133039 278.024959 -0.003009 -0.011628
65064.939701 167.202784 484.574430 0.001755 -0.007021
1093948.624606 26.184435 434.913734 0.016646 0.010809
1570950.974510 476.825126 514.277889 -0.008968 0.012905
1433502.711092 738.838058 113.712442 0.019638 0.003970
779698.448619 711.455160 302.030426 -0.010248 0.010926
1707668.152502 297.449688 224.349474 -0.007308 0.011721
1161722.038482 280.345345 1.158711 -0.004380 0.015823
650195.260835 747.939372 556.446603 -0.017955 0.014023
1393276.303724 667.733422 267.601657 0.002118 -0.015476
534900.189626 215.480355 20.743669 -0.001720 -0.009443
1264731.390059 676.472086 90.882438 -0.014611 -0.016289
1848317.172308 790.543678 278.204619 -0.008164 -0.007745
512088.236637 701.891888 394.076447 -0.009760 -0.009254
1104225.446984 465.371014 122.104194 -0.000853 0.005252
107543.810321 140.002840 279.670892 -0.000016 0.009162
1156781.673039 615.028045 597.753398 0.004528 -0.011050
520065.349769 196.717052 42.751731 -0.003455 -0.004741
327390.441823 269.860203 222.053703 0.005080 0.005382
1353004.063178 706.917207 306.537875 -0.006490 -0.014420
1558240.596931 709.897496 433.223344 0.019296 -0.005484
706633.334377 29.406002 323.804761 0.012782 0.001691
534505.464385 317.188539 182.344797 -0.009454 -0.019527
1061346.780072 419.767195 155.027191 0.004203 0.017632
1275778.349152 611.834221 164.375858 -0.019716 -0.004280
1816858.008419 547.071889 165.889298 -0.003171 -0.019296
837596.447597 158.995034 541.932450 -0.014425 -0.012822
537634.699856 396.294557 130.307770 0.012319 -0.007435
1509630.032587 59.444816 425.575552 -0.010033 -0.032130
1442342.147903 473.759255 518.080175 0.019200 -0.012384
1603574.954720 491.950426 575.852442 -0.016928 0.004959
706735.606634 787.881909 184.347819 0.005200 -0.003777
651319.147391 39.658756 362.194221 -0.010769 -0.012391
1573016.600485 398.016399 411.299083 -0.019960 -0.007656
1998835.487291 607.710573 230.270165 0.008373 0.012762
1445522.677826 344.927484 246.100731 0.003475 -0.003646
1207599.107738 311.352500 14.951179 0.002537 -0.001309
1297106.122271 734.111090 269.891518 0.018114 0.001902
1709409.523620 225.337349 358.941416 -0.001613 0.000448
1579454.636005 196.665954 5.782245 -0.000953 -0.009958
635151.660366 380.620675 4.964782 0.008028 -0.012566
1657542.871152 337.935974 368.625135 -0.010399 -0.019608
50074.195513 673.539758 239.421836 -0.017989 -0.003728
1728956.987955 558.526936 193.921768 -0.007469 0.006068
1741304.677791 135.013328 562.155203 -0.001270 0.005043
896425.988943 206.780543 524.936016 -0.001632 0.009337
248631.410417 620.272516 125.783686 -0.014696 -0.000945
789536.960791 768.949823 539.180249 -0.019612 -0.011930
1819863.026878 28.262362 25.988264 -0.007614 -0.016540
901731.744829 139.547141 470.669524 0.010951 -0.000462
878442.611954 515.125103 393.275812 -0.004976 -0.015507
569936.175165 658.474794 222.554553 -0.013657 -0.008683
212161.644461 226.357988 35.155906 -0.007360 -0.003232
1070836.321949 568.323606 228.100117 -0.002631 0.008850
1162154.364009 276.225367 454.583741 0.005046 0.006160
1685995.778854 61.565911 497.496044 0.005631 0.014002
631794.399876 54.304046 296.527607 0.018933 -0.002272
