120102.793966 630.570960 121.764468 -0.006073 -0.005539
269277.329682 300.522419 155.802714 -0.018245 0.015170
1260731.205931 301.897081 191.795857 0.013096 -0.002982
973263.179405 632.674081 573.080316 0.008533 -0.005924
1683880.506867 289.671179 229.632251 -0.016848 -0.013038
1760997.696668 175.091421 580.964589 0.011711 -0.019845
354965.669268 682.099292 474.927758 -0.004782 -0.011979
306862.422408 412.103643 346.375535 -0.003487 0.002371
913598.742761 34.647828 562.195698 0.011090 0.014841
723511.401901 210.426526 397.266434 -0.007315 0.019071
27418.055584 127.115876 203.432740 -0.004129 -0.010487
1026719.971107 221.772967 273.430954 -0.000716 -0.017203
919235.655535 527.522095 553.300083 -0.009943 -0.018401
247720.705461 324.007874 333.364694 0.008049 0.012696
229642.751734 126.070076 516.684984 -0.017948 0.017310
1463437.116455 330.523590 118.678244 -0.004260 0.009199
349002.480669 325.688143 533.698659 0.000744 0.011943
253345.397419 21.771725 48.639493 0.003306 0.000368
301882.374241 33.688332 101.180076 -0.017051 -0.008247
417897.793659 158.059725 419.449564 0.010569 0.015939
1032678.423930 703.200516 34.070764 -0.004918 0.017232
1981626.739717 86.867489 206.273711 -0.012498 0.000208
148080.320166 290.575827 545.781536 0.018531 0.015059
1426235.401736 72.109153 542.408284 0.011777 0.006907
826207.458426 756.138191 428.809113 0.003268 -0.019253
17939.873048 632.815523 129.654562 0.008294 0.002216
229060.592236 179.038186 260.591016 -0.013109 0.003993
729567.630556 129.500663 425.860612 0.008368 -0.006017
424191.899795 625.878803 427.953488 -0.015142 0.009805
1179453.697605 667.598363 501.553241 -0.000282 0.005142
1017047.714916 725.195447 344.269999 -0.011057 -0.000457
1184883.571782 186.265710 167.936572 0.012329 0.017632
1669257.284919 738.281714 98.372049 -0.009273 -0.016392
1530870.404807 506.896806 153.309695 -0.001013 -0.006331
1211583.405366 549.849563 75.061762 -0.007249 0.012365
1741377.547263 726.952763 385.940948 0.008269 -0.003879
544004.606336 172.204185 185.255115 0.013843 -0.002453
1594854.852927 350.356486 402.630628 -0.016923 -0.010136
1223177.906695 729.387913 101.661787 0.011009 -0.012881
527324.168257 433.093317 488.155134 0.000771 -0.019339
312490.830343 99.969477 422.447225 -0.009041 -0.002365
1025907.483430 121.212026 211.689117 -0.013743 0.014337
1509229.653286 342.382537 43.831082 -0.017574 -0.009136
1023852.793045 688.510712 427.630832 -0.012672 0.017507
1918069.081343 635.634705 509.629589 -0.014838 0.002820
59433.087734 314.132689 67.470307 0.013736 0.016467
257531.464220 800.183254 21.999606 0.013302 -0.008768
961609.428265 276.865243 259.690336 0.013345 0.000077
582120.371322 470.248688 558.329696 -0.005429 0.006035
408974.288222 701.228781 307.071446 0.016715 -0.017635
899929.745542 700.558236 512.281053 -0.008029 -0.019825
849952.291162 263.219755 238.037911 0.001491 -0.013090
617567.269419 532.565155 103.650530 -0.006174 -0.000041
907629.657959 661.378723 506.825144 0.015475 0.006368
693382.430213 142.029109 148.613573 -0.008913 0.001680
1797970.130014 385.221877 250.899318 -0.003544 -0.004071
955435.349120 688.820497 164.348565 -0.006718 -0.013579
557659.864685 605.658817 293.540020 0.007028 -0.008243
1324351.926951 787.900944 575.793629 0.013381 -0.006799
917046.023028 230.885364 93.872269 -0.007874 -0.012959
1632997.046985 519.579645 212.074053 -0.017454 0.017092
1790149.784549 770.404316 245.010286 -0.007445 -0.005005
1613713.184192 632.609778 141.063270 -0.016770 -0.015074
791753.703166 288.143850 527.731210 0.015412 -0.018576
347958.385175 437.778359 12.187052 -0.014651 -0.004675
701432.257286 473.855951 402.906586 0.000306 0.015821
1693039.169392 259.007669 327.043298 -0.012022 -0.004477
944105.254926 75.936820 210.699430 0.015260 -0.003682
1451122.988691 550.154962 119.574664 0.018433 0.010749
644142.737912 285.348190 76.881011 -0.011910 -0.010308
328294.663843 300.651030 473.805737 -0.012457 0.000403
344141.964030 428.416244 61.029290 0.013722 -0.018292
1995072.262359 551.813349 220.246677 0.001703 0.015575
1509670.835691 11.593541 590.605164 -0.015747 0.015803
783939.521193 665.367990 349.756561 0.003605 0.011715
702233.533702 730.456498 89.519289 -0.000820 -0.015330
783487.379916 514.733274 294.881021 -0.012727 0.013106
1976.599918 282.566066 217.924592 -0.015868 -0.012116
812477.567611 80.679858 531.941350 0.010923 0.005755
1551513.418346 422.378182 394.955975 0.010385 0.005358
1106838.468046 121.162407 279.450174 -0.014544 0.009714
516376.429478 389.703831 393.739608 -0.003733 0.018683
1541877.001311 639.456137 366.457622 -0.009514 0.019234
877046.727052 210.641426 200.552269 0.012086 -0.005351
1062152.807164 166.553663 280.393714 -0.003295 0.019269
220503.739184 154.764212 305.650504 0.010748 0.018116
285758.867062 257.505904 62.801166 0.004313 -0.001793
1694852.848395 693.277478 566.922020 0.000168 -0.009092
1823523.613542 219.346285 44.311884 0.000896 0.001458
109429.840049 768.422535 479.764316 -0.004444 0.010499
331166.874772 736.207915 582.428647 0.005301 -0.006510
1904142.131984 594.150110 318.576759 -0.001566 0.000441
967910.745632 483.209522 499.587457 0.003538 -0.011505
581591.096978 348.726149 47.613278 -0.010595 0.017546
706572.319710 118.068331 128.186157 -0.002946 0.006815
1499518.371885 385.483738 378.398530 0.001967 0.014845
785875.055374 571.691030 474.564130 -0.005454 -0.006113
257524.722376 252.786641 54.084520 0.006412 0.011116
1201976.699383 114.898559 228.665235 -0.002636 0.009288
1186503.038363 579.850749 101.308492 0.006866 0.018414
215485.423904 20.292238 64.896720 -0.007140 -0.001900
1555844.913030 56.740284 560.715503 -0.003679 0.004800
1610655.802121 640.999163 200.707602 0.003850 -0.013398
1363983.919548 580.287304 288.450462 0.010876 -0.004604
515601.680854 298.369162 317.301622 0.005551 0.012264
521772.659627 185.518636 319.098900 -0.002824 0.016151
984056.433190 429.695801 557.979282 0.003806 0.014076
764465.851134 302.423148 557.720741 -0.007330 0.011450
1098768.237559 97.790722 352.670693 0.015029 0.008774
1505133.839094 452.810346 266.044152 -0.010690 -0.006490
1656881.889169 392.900805 426.359519 -0.005693 -0.014809
1035409.796534 494.055483 216.870083 -0.018024 -0.018109
532033.862794 432.785726 350.347429 -0.012175 -0.014341
885049.308131 462.239790 311.966753 -0.005121 0.015777
611963.250959 737.161094 10.076309 0.015729 0.012217
1469794.933437 516.728302 223.160398 -0.012726 0.015353
1419313.830053 5.471911 222.392604 -0.003165 -0.005442
1001399.715897 750.841976 589.331252 0.014496 0.019480
57920.523946 102.929891 317.098090 0.004539 -0.007028
1340168.589419 44.410624 541.236508 -0.012403 -0.002901
1593328.125585 396.690820 209.160294 0.012532 -0.004436
308175.125303 438.473159 21.331126 0.000992 0.009081
1829796.170737 188.142972 440.139621 -0.008571 0.006237
194622.977727 628.869482 356.617909 -0.016832 0.005962
1163384.351490 86.218380 466.640410 -0.015516 0.008971
203536.384834 624.073919 466.443161 -0.019844 0.018802
408990.508136 640.477926 279.511756 0.002217 0.004584
1709918.606891 566.044360 96.938808 0.015653 -0.010661
1776676.395804 644.227394 280.743039 0.004843 -0.016374
248411.979642 575.378423 526.518269 0.008741 0.011926
1052401.075630 239.990815 543.667668 -0.007846 -0.003565
1254879.329007 324.345403 114.496135 -0.003794 -0.003606
322021.593490 487.191856 125.782466 0.004454 -0.013929
1647379.426121 385.642633 521.563518 0.019420 -0.005117
204691.412954 699.109667 106.329849 0.002814 -0.000174
536197.156895 555.670964 128.754674 -0.014190 -0.003470
25648.950611 537.475275 428.296432 0.016725 0.018989
247729.502734 437.065008 228.718284 -0.007406 0.018034
1580350.309415 380.352225 335.647218 -0.019999 -0.015899
1443766.372951 659.105028 350.728257 0.003661 0.012378
1912564.341869 554.692828 409.763698 -0.014664 -0.009430
357511.299829 321.221671 575.474395 -0.004317 0.001866
744693.135258 324.771991 131.009613 -0.016563 -0.006999
387589.365424 167.722110 523.051375 0.002984 0.000968
1645202.005117 291.736258 0.022430 -0.004708 -0.005391
205411.871060 83.513326 113.327037 0.007488 0.007829
1996032.971887 514.701129 233.644338 0.007365 0.010814
1306804.762830 688.005242 106.876081 0.004500 -0.009863
1450619.077985 788.109102 395.526616 0.017741 -0.017179
1969754.747101 110.285875 168.218679 0.013891 0.008600
1609086.544071 543.535074 45.923365 0.012189 -0.017529
883645.576836 726.001864 99.561786 0.005366 0.003729
1722771.757153 502.692084 142.472401 -0.009976 -0.007593
28763.775727 722.985754 101.792337 -0.012182 0.000599
845989.907554 734.205498 300.953857 -0.016713 0.014454
1143645.596292 54.177783 599.922365 0.014083 0.016951
1423342.375748 525.386071 361.955276 0.011525 -0.001558
1329764.171191 184.532233 221.389074 0.013235 0.014441
1926056.274178 553.528760 293.941799 -0.011983 0.017712
1598411.507718 172.290492 507.910541 0.018760 -0.003692
726058.746095 313.673441 195.478121 0.014565 -0.001022
375371.614646 348.713867 325.035022 -0.012550 -0.008521
932014.105344 718.831785 566.881884 -0.017198 0.007351
811741.037672 587.498725 550.768597 0.010981 0.002609
1557690.799962 589.910260 154.462303 -0.009265 0.017521
399385.155365 53.786272 91.690245 -0.018143 -0.018548
1122038.441301 327.673476 256.813715 0.015478 -0.009074
1805346.826001 59.600527 425.705190 -0.000554 -0.008652
1995636.369100 728.725558 96.582776 0.017698 0.019268
1695958.700821 278.803716 428.243468 0.010639 -0.015088
558004.577904 435.789932 516.406115 0.001447 0.012516
1597187.265566 588.832522 528.515451 0.018077 0.011280
1833981.536251 410.200134 114.753462 -0.006187 -0.004005
929917.220459 198.136371 284.639400 -0.013079 0.007657
1471826.909795 138.216054 361.641896 0.015862 -0.015402
1165988.196230 595.424621 277.966152 -0.008138 0.000414
1172216.120722 460.836684 32.786094 -0.002158 -0.015503
1736107.381869 196.209630 508.540707 0.009948 -0.012139
1259741.624473 532.692548 425.600695 0.012849 -0.019569
218963.730251 228.988313 155.235448 0.003353 -0.001580
1902503.935575 255.724030 379.854028 0.002176 -0.011351
1496596.111682 109.710362 576.251934 -0.011543 -0.002636
941537.357374 638.153163 6.159262 0.001045 -0.010219
245239.558744 315.318498 293.358603 0.018818 -0.014297
1372376.816986 480.212734 484.828514 -0.004166 -0.003137
1637971.852737 404.130624 424.413623 -0.016936 -0.016408
337179.376901 23.366929 245.312250 0.012098 0.003339
1249672.392965 440.238517 432.552865 0.003401 0.010463
310196.676436 44.683453 335.732270 -0.013371 0.003281
1607296.809371 230.460910 585.273144 -0.008266 -0.009671
236307.595035 783.513310 515.345380 0.017046 -0.004986
561161.337682 596.477322 528.494211 0.019504 0.012918
1939371.158341 125.456520 511.458005 -0.004859 0.018357
870700.636353 2.448900 305.500080 -0.013747 0.003546
541779.813609 249.085931 386.807647 0.013230 -0.000914
453110.709066 507.048649 459.204390 -0.011916 0.017073
47266.968548 256.521013 543.473333 0.015302 -0.010151
562186.379247 130.403442 594.959292 -0.013533 -0.013952
1629854.769274 105.136218 185.079949 0.006680 0.000389
534606.907766 81.980762 307.706066 0.011058 -0.009666
203362.833803 37.958904 341.875794 0.009843 0.015143
92345.910190 778.521862 306.818429 0.012437 -0.012993
877177.283576 667.717192 297.454611 -0.006212 0.008691
1484435.888699 500.692863 528.548394 0.009364 0.011490
64404.659935 439.164310 551.019966 -0.006355 -0.011386
856791.879449 486.614689 190.907049 0.017652 -0.004623
1153201.109335 34.318944 259.138533 -0.014181 0.011610
618554.387530 153.951945 457.203197 0.012840 -0.019872
1875266.974734 207.586314 502.912985 -0.002682 0.004170
1111007.126566 140.291840 138.133214 -0.002551 0.016395
34336.430968 374.931278 275.290350 0.017838 0.006784
1349224.196444 291.626564 250.079684 0.019709 -0.007777
1602661.077679 455.450527 209.397893 -0.010670 0.008600
276647.354605 434.012727 544.580790 0.016123 -0.005494
1822198.850020 670.873770 373.498509 0.009959 -0.009130
453696.245539 243.732397 268.345238 -0.001720 0.009655
713133.517985 379.262938 125.472143 0.012606 -0.003610
36437.158490 391.796225 464.300852 -0.002700 -0.000662
159010.190591 189.182553 31.294536 -0.002861 -0.001213
1535456.720523 453.398522 7.018266 0.007015 -0.001285
749811.288319 469.545904 183.409521 0.019886 -0.006555
1154889.427663 179.306500 384.385522 -0.019014 0.007235
762647.938338 304.875177 92.841256 0.003622 -0.012147
1129345.827331 486.907371 411.348530 -0.006481 -0.018266
337378.635228 334.268404 168.473922 -0.011167 0.013857
1499918.929068 791.027010 247.866014 0.010431 0.006588
1760744.261444 109.100176 150.206487 -0.012552 -0.014643
1172923.453698 610.769391 215.359602 -0.010934 0.011531
79642.974809 486.440505 101.321481 -0.012204 -0.012043
730713.756164 607.359727 484.298708 -0.017945 -0.016078
1702955.846536 175.834633 309.604078 -0.014711 -0.002371
724785.897287 705.678810 257.794824 0.011026 0.005751
187236.443249 524.492855 468.300927 -0.006229 0.013674
1828784.213322 744.482836 363.159753 -0.009178 -0.013548
787390.226865 250.339256 459.580204 0.002502 0.000284
1929498.061505 742.708677 160.601465 0.010795 0.019198
730520.102536 499.220163 119.904613 0.015246 0.010336
1281053.293162 194.733781 382.305300 -0.017199 -0.019242
562426.321470 130.694083 404.877972 -0.017530 0.000301
1033437.869061 780.424667 263.099814 -0.015112 -0.010061
1192859.900739 412.719151 336.806350 -0.005502 -0.016842
138898.690296 261.621100 3.999202 -0.006525 -0.016012
1973181.982512 561.375729 433.956868 -0.012557 0.003326
957790.512106 661.165561 496.402629 -0.015335 0.015870
1692076.045876 318.193133 36.244267 0.000832 -0.001632
1136829.509929 29.765153 260.763069 -0.019652 -0.013616
1367539.427880 482.720065 405.761240 -0.010182 0.018649
1509350.044424 252.105244 175.947064 0.010446 0.006082
785056.476847 598.427803 212.378554 -0.015370 0.017385
1873643.585422 475.832427 456.847090 0.010550 0.008440
1315983.134935 487.986496 65.105493 0.008759 -0.014755
1135951.929323 229.206134 100.809658 -0.019874 -0.008247
656102.584980 549.057204 538.782661 -0.019844 0.017284
1727078.126616 606.662677 148.281341 -0.013742 0.000820
1797488.349396 439.201168 161.236272 -0.009899 0.006599
406141.346510 151.560550 155.946674 0.018573 0.018119
1941231.998588 497.591252 337.565442 -0.016819 -0.006376
1386830.762674 518.152803 376.623243 0.014463 0.006008
1843128.023596 151.914559 202.030671 0.012772 -0.012251
538331.757550 546.149867 571.464820 0.000653 0.013560
944807.663069 332.153844 233.187886 0.009524 0.006644
106756.882792 755.136154 514.104625 -0.007508 0.016338
1618777.323337 226.720005 318.295266 -0.005106 -0.005395
1742666.514471 52.447340 6.472968 -0.000041 0.017096
1321460.731012 336.646465 69.968453 0.019903 -0.010407
620834.287545 213.385819 553.522836 -0.009489 0.011316
1523195.320518 587.766448 118.910201 -0.014003 -0.000955
1731081.362688 162.897984 251.996200 0.008892 0.000656
656632.629529 425.313708 480.120741 0.014356 0.016135
325566.043298 584.032868 581.309383 -0.013075 -0.010842
1792559.657149 666.857255 389.962035 -0.019481 0.013251
1778465.217808 259.012679 59.168614 0.012432 0.003476
1763427.173609 458.251814 192.752896 -0.017108 0.009154
1593951.392730 756.211597 556.092630 -0.011317 0.006669
886016.743670 436.074090 119.262885 -0.010321 -0.003825
204796.643092 324.259813 80.725864 -0.017151 0.003094
727276.621725 773.951894 247.889517 -0.019533 0.019195
488690.041233 721.915029 182.795081 -0.006278 0.008562
1781116.410057 179.515355 172.163789 -0.011514 -0.007822
20635.784613 7.106157 149.831895 0.017487 -0.010975
1834876.302553 303.782639 462.551322 -0.015342 0.004925
350019.654422 174.851609 16.955395 -0.007618 -0.008388
1214501.650638 538.230100 154.884976 -0.019202 0.007469
477760.385944 211.466007 353.393990 0.001745 0.004284
605806.972182 347.169501 499.145616 0.003599 0.005811
272576.070518 480.210011 392.471936 -0.004556 0.001503
1759240.741729 243.042141 550.347294 0.006007 -0.003228
1080301.612187 660.386652 383.013876 0.002761 -0.014600
1857771.559552 140.510112 484.653460 -0.012509 -0.012174
988850.145130 340.358247 276.327519 -0.016669 0.018759
134591.829094 309.196535 242.049331 0.015973 0.019041
96963.198901 28.399896 345.907203 0.008166 -0.003139
227820.812831 465.490746 435.043488 -0.018755 -0.010701
290631.014058 457.261849 34.630233 0.011401 -0.014432
385931.693197 570.039258 189.723553 -0.019982 0.015992
1023297.854244 396.602277 195.334968 0.018857 0.003188
589125.026292 31.356195 579.219926 0.007918 0.017500
1882412.602139 596.826589 584.065070 0.000703 -0.002071
790218.714061 505.150953 18.555370 -0.015184 0.006530
526777.357108 212.496365 140.338149 -0.007132 -0.018002
748590.766801 411.627942 457.596086 0.007600 0.000608
1324791.236466 161.695250 6.319126 0.019518 -0.013050
1179151.767483 225.984927 127.827325 0.002187 0.019209
301466.356172 396.388707 435.333323 -0.015014 -0.019474
349183.755158 415.302667 387.219475 -0.011778 0.005602
616335.581344 375.028278 543.462545 0.001707 0.011586
1910511.639859 733.540234 182.817477 0.008709 0.004278
1640005.631205 304.420973 485.140820 0.013250 -0.005296
1964468.728734 336.160341 390.635621 -0.012201 0.018997
1261209.360911 276.377336 282.400806 -0.005740 -0.001195
968463.258337 424.755517 593.605738 -0.014823 0.009449
1257770.379660 350.127827 123.459689 0.001340 0.019225
1991034.577596 391.605352 537.972571 -0.007999 -0.011711
1007596.648767 95.993062 352.955417 -0.007121 0.017987
1912045.142572 235.836893 222.812619 0.004267 -0.000416
692628.538559 189.961586 501.126223 0.010899 0.003303
609848.141023 240.879472 74.996540 -0.008232 -0.002770
1723251.459991 738.108055 520.984269 -0.017332 -0.001708
1696924.347289 50.108954 568.104780 0.009819 -0.005524
309029.791648 199.454641 289.652890 0.009674 0.002418
867302.640745 558.873854 513.709078 0.012192 -0.007807
691843.061099 120.887067 325.623709 -0.012797 0.018699
272265.500516 388.649135 161.903456 -0.009550 0.011203
1400582.436193 98.291760 421.604675 0.002832 -0.012381
320566.674844 333.462771 151.152906 -0.015710 -0.013503
1229627.376064 209.190798 246.687983 -0.016081 -0.019842
1946485.269790 425.061579 421.351312 0.002321 -0.014907
15066.369444 140.448111 292.425723 0.001998 -0.005745
911695.870064 548.877518 505.779775 0.009026 0.017881
1245159.992597 340.480690 42.243237 -0.006836 0.019915
519428.529087 388.664962 246.926426 0.000438 0.003771
1147820.552414 101.676717 512.752300 0.019419 -0.011037
1717933.562453 767.039234 453.420995 0.002471 0.011507
183230.377819 455.249429 578.120941 0.003166 -0.015265
640928.558372 27.791030 482.997553 -0.013471 0.010377
1503776.668340 628.656775 111.457616 0.012863 -0.015546
360957.489517 65.291678 358.228786 0.003687 0.003732
380073.533570 132.425787 431.962032 -0.018213 -0.013971
1889061.825298 723.186424 66.051170 0.008003 -0.001372
1796955.322752 633.466206 20.524053 0.014491 -0.005171
306282.549308 146.515782 243.321284 0.018331 -0.006174
332156.324914 567.747128 78.884955 -0.005918 0.001283
485168.456326 426.328498 367.696994 0.013385 -0.014982
413343.113108 23.902387 174.041409 0.017085 -0.017017
883643.182406 697.197231 587.022841 0.002076 0.002840
887249.075289 360.320807 217.702806 -0.000889 -0.007473
1467432.667253 504.674047 297.414265 -0.014419 0.003560
1682910.725327 244.639188 179.352478 0.018935 0.006310
1660796.624450 172.357006 113.963397 -0.002249 -0.017789
629926.086697 520.253148 50.811271 0.004207 0.003095
318150.466456 37.597872 269.235198 -0.014248 0.003955
40123.955365 464.739682 29.516853 -0.004697 -0.017600
724761.667999 93.628798 413.893681 0.014323 -0.009770
558074.092752 559.598726 337.087986 0.003111 0.006888
438651.350531 326.517546 532.893889 -0.003791 0.014214
1885724.248311 579.448833 301.121990 -0.018901 -0.006807
158400.153815 149.256750 226.287138 0.001123 -0.007023
1952982.963972 438.054986 543.201226 -0.018953 0.017251
1927788.328346 310.863516 28.514198 0.006172 -0.010124
607879.136041 746.585173 567.550148 0.014626 0.000442
1236504.919471 67.939265 551.398236 0.000247 -0.000234
1541570.438790 359.030645 131.526030 -0.009098 -0.000951
1098586.873663 281.845341 397.993969 0.017061 0.015191
1973812.054831 722.690259 256.883132 0.015668 0.017247
717421.361579 684.539040 190.599626 -0.003738 0.000390
1128238.588166 568.331365 265.637462 0.000400 0.003045
1906900.824936 102.828790 396.627103 0.014902 0.005382
311031.282093 514.521169 50.214394 -0.004995 0.016654
1119457.958787 739.080419 161.030716 -0.010959 0.014010
295815.608602 167.728481 452.019838 0.003019 -0.015954
1365835.790227 747.212490 574.226474 -0.019983 -0.006389
933742.419320 451.981870 30.506489 0.016392 -0.016995
1254474.420685 690.267411 121.929540 -0.008475 0.009414
1674721.783807 355.171848 227.378726 0.016826 0.012738
589441.845468 384.352496 445.589795 0.002529 0.008119
1186208.380939 568.467650 547.506606 -0.006130 -0.008546
28320.921598 24.065225 132.161136 0.018861 -0.018784
1123059.363627 350.640173 356.930977 0.004465 -0.006076
1339490.994503 192.208172 126.455790 0.014913 0.001138
1892333.765464 567.987093 583.173716 -0.007069 0.005267
1580513.963280 495.665116 66.526888 0.001286 -0.012692
1628540.167412 100.784478 535.804048 0.009078 -0.001101
358744.990248 592.855377 301.567913 -0.004011 0.008497
1065496.480589 769.076874 90.468558 -0.014903 0.002963
996930.964755 638.130688 488.717007 0.008369 0.006812
685065.261407 524.189635 228.486563 -0.007499 0.019189
22284.613001 83.491997 359.932396 -0.014992 0.005316
1564209.169505 749.363144 457.991407 0.006994 0.006545
471659.941818 683.738960 242.684002 0.009528 -0.009808
234378.384535 216.668366 129.655838 -0.009266 -0.004039
1581110.075852 613.151767 117.759220 0.004195 -0.000969
1733102.233956 757.827366 78.427752 -0.010131 -0.009517
222272.466972 206.566368 219.805127 0.008442 -0.004779
7593.072023 394.550713 189.991753 0.010693 -0.013231
1961038.188991 2.172450 13.722984 -0.004584 0.009648
554464.627316 401.922454 7.372275 -0.000263 0.010829
821613.773155 227.237384 322.220884 0.004186 0.015554
24485.756655 378.719411 501.937412 -0.014270 0.008818
196372.594776 203.429505 587.433705 -0.001418 0.018586
718005.964867 374.844845 274.784591 0.007019 -0.010325
1252709.545778 525.266513 142.663405 0.005956 -0.018326
1958473.456073 741.260763 326.419326 0.019642 -0.003217
628831.249023 321.859305 421.905878 0.014046 -0.019636
1185057.482303 690.628693 289.420457 -0.002855 -0.019732
406775.272641 421.483222 156.764219 -0.012779 0.019594
452064.211691 432.916573 275.931925 0.007363 -0.011333
1391094.198167 248.720455 524.329778 0.017307 0.018359
1830316.959801 730.360136 531.728628 -0.001630 0.016157
610994.441719 618.672896 183.869640 -0.019644 0.004989
631021.334152 481.488336 292.605688 0.011895 -0.018697
989235.750860 1.517505 334.395274 0.010231 -0.012652
1098658.789461 784.905988 434.944144 -0.019634 0.006629
1883467.686308 564.193758 585.867933 0.012667 0.005504
1871849.530317 584.459580 330.874662 0.012870 -0.012424
911993.535660 101.956455 577.777253 0.010519 -0.014561
1176139.691461 62.039308 443.034640 -0.016946 0.015038
1537174.407177 456.540281 526.640896 -0.006947 -0.006943
123261.179832 700.585636 184.835700 0.011540 0.015264
1946848.674653 582.743515 354.044377 0.017987 0.001725
457599.283409 708.689724 164.313356 0.011218 0.008297
926562.791190 189.201406 501.098576 -0.001582 0.020312
1942178.605097 11.834485 45.801867 0.008377 -0.016365
1905775.863633 382.359836 397.140851 0.013245 0.012157
1975712.466974 713.817362 407.774023 -0.008223 0.007157
1128937.655654 214.998378 243.994721 -0.013845 -0.011238
1900458.380534 306.489428 62.453547 -0.011051 -0.013438
1623668.112617 549.821032 240.018231 0.005857 -0.015456
798515.523224 494.084819 76.945562 -0.000967 -0.006933
438456.544857 343.297492 482.553281 0.015193 -0.009683
1216805.763178 694.847454 91.047606 -0.008489 -0.013418
1661706.700764 681.719278 259.680681 -0.010491 -0.019721
1303971.794110 150.541274 234.032850 0.010262 -0.003521
1107963.914568 454.826175 59.283238 0.018173 -0.011407
425643.800956 282.811303 499.608235 -0.006613 0.013354
318262.858465 448.618245 155.041458 0.018551 -0.002324
1036196.117772 457.703758 186.204216 0.006817 0.014463
948553.069005 401.030788 427.453905 0.016338 0.009497
1438074.149861 447.398256 555.963451 -0.015630 -0.007435
677338.477540 530.489495 530.537760 -0.002494 0.004698
197747.041563 520.685737 582.961298 0.017239 0.019664
1601492.672973 72.060151 331.095053 -0.017635 -0.017830
1987075.958395 461.732001 375.461102 -0.007845 -0.010085
971748.938305 622.091153 449.178699 -0.012077 0.007411
974474.447302 733.644721 146.661636 -0.003443 -0.018936
1121549.802423 602.115636 413.494785 -0.002205 -0.012387
613932.794246 434.893227 504.573755 -0.008868 -0.001003
1665525.531241 63.026233 339.038559 -0.004561 -0.014497
1238773.710671 302.688559 429.319735 -0.010183 0.007287
1925637.924078 585.126624 276.180499 0.008452 0.017184
290519.337305 158.752641 507.935727 -0.004385 0.004498
1745488.432117 760.759799 219.069905 0.002474 -0.004180
1111265.337612 695.265598 563.549349 -0.004182 -0.014029
829182.160473 183.765200 135.742033 0.019211 0.004577
728391.627189 479.268128 595.936276 -0.016840 0.013748
1349985.243450 33.702311 345.755846 -0.014572 0.010154
1010733.056353 224.044098 571.399633 -0.005923 0.006805
1129411.861826 179.891015 372.876366 0.017204 0.011476
33999.050983 388.695391 393.756051 0.018586 0.015294
1606354.705806 296.670780 66.840523 -0.018810 -0.005953
1451822.744427 314.924593 570.302336 0.008758 -0.001052
1590584.168020 314.980061 309.283027 -0.005147 0.001145
538209.161040 701.193573 485.171476 -0.011153 -0.010861
958317.440449 628.568218 271.963576 -0.015988 0.008641
479655.517489 94.102503 120.638296 0.015839 -0.017034
167238.956395 558.962003 267.180532 -0.012184 0.009129
1592486.357127 736.991420 73.113158 0.009863 0.005609
1189583.299304 433.435632 20.451128 -0.015570 0.016551
1124831.962923 303.401938 474.095357 -0.005167 0.004019
37146.621401 680.339487 232.214300 -0.001135 0.018039
205026.889315 569.071311 40.951512 -0.007859 0.004297
284161.461650 310.119533 183.719922 0.003489 0.003324
68690.410847 306.541551 302.084882 -0.013753 -0.014790
287411.349028 600.512146 403.549516 -0.012905 0.014450
1171263.018237 591.791948 144.050092 -0.004975 -0.015539
1682127.158941 315.266403 577.134995 -0.010887 0.014594
1824708.168313 264.413959 346.509831 0.019217 0.005363
369206.509725 98.065646 13.162593 -0.000371 0.008398
1208981.916871 419.841076 56.004795 -0.015662 0.007253
446720.970071 201.828307 259.164834 0.015817 -0.002827
586212.983628 385.011957 101.746056 0.001340 0.014287
560717.814863 299.546580 150.783092 -0.010333 0.004110
234257.601311 123.521994 559.279558 0.007788 -0.014614
1133248.557864 703.348751 154.346665 0.003534 -0.005197
1934248.125150 154.044651 536.844251 -0.017581 -0.007949
1152133.833222 226.655177 331.729228 -0.019682 -0.012879
1965200.129880 240.751665 396.491548 -0.013895 0.013381
1034901.121182 345.914212 125.699786 0.010787 0.006937
1623246.405098 708.766934 497.077644 0.009757 0.003210
1926329.093951 248.418796 275.882537 -0.011180 0.015962
1658576.383096 150.246243 55.027578 0.008973 -0.010076
786221.519479 240.469456 318.860099 0.017829 -0.007677
1421758.733421 743.040769 365.486123 -0.005039 -0.016955
888519.625593 711.157049 307.852917 0.006063 0.006256
374128.679919 371.910208 325.814736 -0.019383 -0.011617
247207.860577 782.939944 311.852560 0.003309 -0.012039
838233.393076 329.869917 231.879170 0.000559 -0.014466
1269501.125100 723.151550 262.287638 -0.013637 0.014429
1490342.234955 701.711709 467.471043 -0.005821 -0.010056
1720173.599068 639.099931 82.456674 -0.005100 -0.001884
1589947.016719 447.986352 550.712776 -0.006475 0.003046
254199.274003 369.577123 332.247729 0.005894 -0.018207
1506623.924480 52.799302 274.386053 -0.014399 0.003091
1187558.641279 619.629953 289.132790 -0.018781 0.017648
663885.182079 620.400760 490.873340 -0.015548 -0.014782
134186.233456 776.940095 557.575216 -0.011833 -0.006224
763995.101100 799.519610 542.613016 -0.008022 -0.006494
960104.740672 341.248190 479.568741 -0.018616 -0.017015
1689167.128731 629.914433 84.392964 -0.007913 0.017113
1435140.350571 716.315073 421.737330 -0.012037 0.017047
1287450.956780 424.852254 421.354856 0.014895 0.018324
1664884.491668 423.570167 368.328969 0.010532 0.009347
1916152.068375 115.300219 439.999010 0.014456 -0.002263
142374.806172 274.311323 522.255546 0.014833 -0.004929
1889104.925044 572.125838 98.361613 -0.016630 -0.019302
184043.514628 642.069626 547.445620 0.011782 -0.019933
1678137.485719 350.622728 319.679160 0.001630 0.016035
349432.717240 298.943892 257.630098 0.011525 -0.014598
327130.583267 597.386306 167.600351 0.015874 0.004361
1445781.852792 774.560704 571.190595 0.003730 0.013551
657045.848974 430.382298 332.732815 -0.000285 0.004915
1143416.638087 467.931735 255.041181 -0.000618 -0.004819
853229.746620 259.170239 490.821591 0.018362 0.014574
1436276.935710 106.814056 143.132401 -0.014067 0.016915
747046.145027 249.223076 400.999575 0.006107 -0.011725
555282.349025 300.368362 106.164517 -0.010825 0.018765
31011.744417 446.307656 303.987993 0.002801 -0.017973
259713.421697 113.355016 381.468890 0.002205 0.005054
30230.289339 785.504889 570.170675 0.013302 0.017649
1629124.594680 440.515773 44.783694 -0.017893 0.007952
1993199.337271 341.091412 5.908490 0.006606 -0.016823
437214.899080 754.216178 272.611250 -0.004210 -0.013116
847463.854052 328.735707 438.261037 0.017227 0.019223
1561464.248021 48.473205 73.398958 -0.003337 0.004618
1496915.452879 345.319760 358.271816 0.007964 -0.009429
1076064.875850 410.380786 489.205100 0.004501 0.002615
1028186.607653 487.284090 595.000375 0.000957 -0.009047
141764.248787 594.362766 130.079725 0.001012 -0.014471
778578.041484 759.203995 329.414495 -0.015245 0.015199
1058486.954802 720.093974 564.325159 0.005982 -0.007248
1112790.978101 319.749650 448.531798 -0.013853 -0.016072
24501.685065 553.592817 366.588090 0.013096 -0.007834
353571.678676 273.117328 548.207391 -0.013258 0.014628
375264.103699 191.582097 365.480534 -0.003808 0.010607
1493884.026769 635.130132 428.837170 -0.008187 0.016530
1188817.119779 659.907050 487.996283 0.001404 -0.000934
259519.063057 73.420024 525.611934 0.015121 -0.010182
1949033.547169 711.994268 562.326847 0.003442 0.008702
482529.103981 609.779572 35.693240 -0.013819 0.017252
1850091.109914 273.809713 102.537203 0.001372 0.009875
1871495.037280 224.785433 324.676357 0.006067 0.002997
908785.677938 195.474813 240.966550 -0.009285 0.011197
1755362.652128 318.141303 522.557537 0.010157 -0.008995
232765.271437 582.514562 98.968081 -0.017957 -0.007372
1765166.354256 235.970729 45.927853 0.017670 -0.002018
15434.920795 693.198350 474.846991 -0.012870 -0.003985
1077013.659792 91.073860 409.066109 -0.016816 0.010582
516053.778360 427.253873 5.406189 0.006380 0.012087
1576709.125925 429.737372 119.404510 0.006395 -0.008354
948767.654108 620.775999 11.851964 0.005586 0.013183
667159.362075 417.617830 74.335262 -0.003592 -0.001445
1146380.339352 334.237512 198.340763 -0.005389 0.003855
1462269.868451 722.511741 426.511678 -0.003526 0.019289
949273.004639 536.546906 309.939066 -0.000662 -0.006811
636841.273232 217.388281 520.520258 0.000700 0.017246
316267.470045 793.425244 424.325413 -0.012911 0.005275
1072709.865436 409.019170 92.386937 0.006413 0.016862
1234697.917120 187.024008 203.589956 0.017918 0.003932
1871003.135047 543.251136 300.592841 0.005838 -0.016337
968257.898916 96.161626 457.453498 -0.019903 0.004188
184803.100389 255.670927 525.569141 0.018351 0.013473
1613704.762242 94.145171 497.224756 0.000559 -0.008184
920804.219749 40.299851 483.967338 0.004677 0.008393
1455508.939668 184.833496 566.250217 -0.017317 -0.012833
1084419.887087 1.733499 514.961386 -0.018244 0.005934
1899527.167855 422.279723 461.378733 0.008473 0.001133
745706.753221 643.454028 508.841129 -0.010085 0.010555
1369434.811813 44.282791 529.059205 0.000555 0.002778
353913.564400 779.479864 371.796159 0.019316 0.003527
660308.989072 568.778980 491.763177 -0.009039 0.011122
1997036.600484 653.325436 468.554500 0.014266 0.014402
857968.969670 644.964334 232.622932 -0.012087 0.000741
1832483.595159 456.769171 193.972480 0.010895 0.012551
174050.590104 359.286796 525.022650 0.018755 0.018490
887791.815627 116.305590 561.643594 -0.017451 -0.014845
1048845.100705 314.817242 504.205898 -0.006250 0.006704
1236598.032171 273.776117 290.377658 -0.004039 -0.012059
688449.854352 662.428926 2.950777 0.009268 -0.018958
1047717.716101 518.715464 357.896581 0.013888 -0.003501
831685.772553 746.987866 516.826372 -0.008407 0.016111
1646809.537731 587.624096 29.138738 0.010390 0.011922
354697.854423 227.126799 114.943910 -0.019291 0.005130
1718570.137265 508.582722 581.924782 -0.006268 -0.018623
338487.908402 550.020417 517.517968 -0.013009 -0.003226
1776805.868268 558.757674 40.715690 -0.000607 0.001824
960078.654327 720.567844 287.344025 -0.006503 -0.012415
763596.911339 131.521775 555.610349 -0.002781 0.016986
1446903.674606 486.180278 125.176621 0.016747 0.005102
1673049.761761 619.523097 156.275704 0.012253 -0.015287
591079.477496 780.668756 483.087505 -0.013686 -0.013977
450261.526019 37.123055 509.494472 -0.008269 0.001259
788880.985598 618.596661 259.194069 0.014942 -0.015434
1247242.441982 204.372007 167.192790 0.001986 0.007423
405506.701397 218.110413 175.601730 -0.003542 -0.012452
1835863.754077 198.054138 576.832705 -0.012852 -0.017826
159031.381905 379.639414 18.487381 0.015401 0.005306
362722.217274 87.832414 407.331038 -0.018693 -0.003833
420997.232395 340.023366 105.519447 0.005768 -0.007961
580167.091722 213.210427 332.570384 0.002764 0.012616
479025.265425 617.074411 52.871896 0.001295 -0.012689
552036.800679 360.176205 258.296177 -0.010480 0.005131
969986.005207 253.874996 61.892201 0.000690 -0.011924
1471710.388303 557.588398 187.583998 -0.003403 0.009140
1430984.936390 500.478523 91.350217 0.015656 -0.009269
902052.609670 145.027434 320.920714 -0.019793 0.010006
700700.571156 195.591903 313.061535 -0.002450 0.011073
1408199.004553 571.622662 136.692008 -0.014617 0.018108
1713095.736556 495.828346 161.756225 0.018406 -0.014600
944491.339356 556.822255 499.101848 0.011382 -0.015571
1119457.834922 400.251739 441.532782 0.008486 -0.004345
8319.607940 130.596759 343.818816 0.001556 -0.013271
647061.014849 711.508734 247.567542 0.013806 -0.006863
379545.065751 439.269450 25.715892 -0.003322 0.007335
1990576.603445 218.848970 181.704474 -0.009389 -0.010661
876473.971119 589.844182 557.730580 -0.009185 0.000887
80381.552726 664.281374 13.407951 0.011038 0.001696
828036.629980 624.540240 423.243877 0.019505 -0.007217
1747623.103553 248.590703 124.779745 -0.008536 -0.013756
1072386.123739 381.127728 423.262256 0.003179 0.015739
777386.485961 459.443616 100.539993 0.007657 0.013582
801906.589792 103.919390 346.057586 -0.006791 -0.003969
197987.358178 296.330348 138.170456 -0.015152 -0.014130
1545926.498969 428.244872 556.328556 -0.000704 0.001043
492654.834172 281.854602 500.212130 -0.001583 0.005398
1978982.283724 792.750361 69.209641 0.007771 0.002800
17631.095842 66.428114 86.467766 -0.012956 0.010999
1966499.848276 461.654876 543.254430 0.002888 0.015772
611006.784537 527.298243 167.063705 0.001450 0.011212
850069.038966 247.179185 189.590105 -0.005915 0.011502
1676786.882652 478.938039 83.728999 0.006883 -0.017869
1557780.060711 529.374094 26.301218 0.015765 -0.005746
1227310.625476 722.536481 263.326584 0.010568 -0.017286
428616.731627 592.401454 393.539632 -0.015226 -0.007965
1127178.874392 340.082196 576.234794 0.013666 0.018429
1480731.590409 213.198765 162.099264 -0.017757 0.004774
115335.758829 715.415102 130.587822 -0.012096 0.002658
541498.807511 781.111777 136.931253 -0.007423 0.014830
1167776.423119 742.434527 464.312768 -0.019068 0.007419
1705487.274428 189.978001 255.912277 0.000340 -0.005722
1455042.508177 58.036429 469.246794 0.007509 0.016568
1485351.840726 342.013560 108.586155 -0.019512 -0.000646
1600046.444498 56.052951 226.921398 -0.019288 -0.009275
1889695.885540 230.505345 146.784079 -0.013088 0.004131
230475.999522 605.505538 319.023183 0.015536 0.011185
434670.210087 593.411730 10.205005 0.005758 -0.009967
748135.628527 297.016984 193.500686 -0.013722 -0.017652
474188.291689 718.706745 292.336963 -0.003290 0.016360
1941577.332067 174.403997 588.796313 -0.006025 -0.010611
499196.726130 235.238782 314.426891 -0.000243 -0.001317
254300.674542 487.592875 134.033650 0.006352 -0.000082
6325.354803 700.481356 143.992005 -0.019184 0.000809
980919.682878 315.748095 534.885124 0.012541 0.001991
1900851.625903 40.334332 269.186314 -0.002543 -0.001264
719689.197242 326.364324 412.136172 -0.006342 0.010292
1844748.197982 472.781571 30.564112 -0.002156 -0.016581
1036199.990211 459.013212 416.575230 0.009652 -0.010730
385683.919483 595.685890 65.025029 -0.002691 0.010611
1256102.471266 738.626359 95.846073 0.000719 0.009679
1419511.694191 375.736252 472.484334 -0.013647 0.016271
511292.832210 414.863155 189.347334 0.017690 0.014394
145034.134456 691.533754 270.317497 -0.015047 -0.007554
1071721.370831 513.402346 530.771265 -0.010793 -0.004667
233847.819378 338.441209 77.047241 -0.011012 0.014225
1786277.592083 682.237420 467.522639 -0.017899 -0.005093
1031918.257955 609.825325 505.728070 -0.007877 0.016829
1499349.890975 446.723304 263.472555 -0.017374 0.000055
597617.807145 110.089571 219.278852 0.009993 -0.009543
1353622.215499 228.332229 541.939536 0.002464 0.000630
573296.933702 542.721888 563.631440 -0.003406 0.016139
1590131.532210 246.338421 453.896073 0.002989 -0.005567
258416.177825 72.538036 73.711727 0.018868 -0.004267
87595.200207 577.090946 571.423774 -0.000685 0.011451
906233.425674 625.557271 554.259652 0.012750 0.001246
370032.188655 396.262380 489.721824 -0.016465 -0.017725
664767.085884 299.779748 441.526656 -0.009140 0.011580
1278253.811075 53.113164 58.569924 -0.004151 0.005630
916040.443311 420.010151 438.716545 0.003231 -0.000145
249204.321880 499.581143 130.602808 -0.016937 -0.015700
8661.484350 424.099165 533.563958 0.017135 -0.006054
841302.204338 90.322208 506.379913 -0.010496 -0.011961
1802783.200425 455.792350 345.909064 0.005479 0.013642
731632.451868 220.883478 544.598932 -0.001445 0.006864
1096714.972098 736.936781 118.101805 -0.008815 0.000023
1386984.768969 323.553183 76.227626 0.016465 -0.000756
469499.863903 732.477113 6.608178 -0.015023 0.013777
718651.906922 435.687153 574.360724 -0.011855 0.011262
316653.122342 84.098815 211.165417 0.009624 0.009471
385530.231700 80.054009 10.890149 -0.015989 0.002556
1379939.433830 519.117065 291.218837 0.015450 0.017147
1974529.288697 464.024299 199.400076 -0.015459 -0.000354
1626419.535664 279.441613 244.592239 0.012965 -0.001067
503204.831157 146.424861 10.770200 -0.011639 -0.004519
1600260.999799 293.357322 294.835361 -0.013928 -0.015944
467442.890847 275.556759 121.054583 -0.009922 -0.002203
1530910.291491 753.288109 56.292779 -0.009992 0.013156
43405.273949 190.071288 245.249004 -0.005822 -0.005907
1801413.789299 133.696980 420.929255 -0.007675 0.019657
348673.859774 447.820157 104.783869 -0.012295 0.010748
1122384.702378 793.770344 81.124699 -0.017897 -0.014233
474000.488629 229.304816 293.416289 -0.002442 0.001547
1867761.544822 163.149909 288.136185 -0.018887 -0.001824
617712.498930 39.401952 415.373812 0.008727 -0.003862
88793.583256 494.894062 342.475257 0.009852 0.017019
1123119.018564 735.994149 291.877998 0.009412 -0.015511
510837.786138 237.655124 62.763130 -0.004350 -0.005992
498234.962345 502.495383 381.822034 0.009527 -0.017332
350510.791107 537.677932 162.726422 0.006232 0.007967
1451432.125387 771.458831 449.195385 -0.003318 0.007310
303273.376219 370.116036 180.179988 0.008882 -0.011675
454803.713809 226.995045 76.423143 0.008581 -0.019211
480071.545802 775.627149 189.937971 -0.006225 -0.005569
1333575.176696 475.008835 593.037397 -0.007828 -0.006721
110627.538576 382.953620 2.195419 -0.006967 -0.014588
1406769.050940 41.619085 59.213690 -0.001905 -0.001189
1561676.394922 482.578267 559.489560 -0.016751 -0.006985
281255.947557 246.919241 365.222764 -0.009257 -0.019075
1257382.930842 407.028657 595.798897 0.017803 0.014128
706537.016996 489.649078 268.522107 -0.006332 0.016637
1558318.719993 317.862747 236.847322 0.011334 0.008938
1057752.200895 389.302027 465.560560 0.005107 0.017522
491364.625511 326.567187 325.150508 -0.012865 -0.000409
1734950.389590 255.150056 479.236719 -0.000931 0.003495
1643357.573842 84.422256 57.276251 0.012572 -0.017969
1898263.090243 134.038697 397.723945 -0.004150 0.000388
1157183.811607 140.617298 544.196500 0.018932 0.018340
1260090.642264 401.553930 266.878526 -0.003779 -0.014820
767107.214205 521.241619 323.001316 0.017004 0.013181
55740.578126 634.544943 88.994928 0.013046 -0.009253
1471867.368311 518.739541 224.909885 0.013123 -0.001598
851158.514084 624.524156 377.922359 -0.016460 -0.012916
279214.015361 533.377513 211.679241 -0.018168 0.005616
622537.959657 541.120995 85.073785 0.010260 -0.016721
543551.074594 112.141620 439.594712 0.012571 -0.017371
1125283.938425 670.258857 515.129212 0.008436 0.006550
255944.995329 357.692154 187.312938 0.000113 -0.008838
1549879.616848 742.697335 35.649487 -0.003800 -0.019313
474171.187949 435.821405 410.400219 0.003580 0.003643
648167.413030 720.800591 160.357619 -0.001352 0.006302
697835.028496 590.196179 478.462418 -0.016724 0.001913
1725670.433475 515.815570 231.233321 0.008743 -0.005565
99429.388577 679.288026 481.664337 -0.005519 -0.005931
163663.104253 109.474886 168.311651 -0.009824 0.000387
594763.153510 303.288430 52.380537 0.019262 0.018765
1355525.087265 244.551716 521.884587 0.017845 0.010894
1053977.892294 234.941084 305.736106 -0.007021 -0.004954
115031.983757 149.742321 12.460191 -0.002301 0.016327
752375.869431 394.022793 454.789525 -0.012809 0.014194
219437.964363 208.683176 595.087755 -0.004391 -0.003914
1068114.026016 550.147779 468.933762 0.004835 0.006811
1499866.051366 239.016740 584.426848 0.004759 -0.010270
1491842.997955 117.048313 322.403819 -0.009751 -0.001149
1826279.228472 250.729072 394.988833 0.017324 0.010247
1133058.067007 247.677488 149.332172 -0.007037 -0.000443
207507.431604 346.899413 450.027016 -0.016174 0.012961
304737.184339 504.010645 306.896718 0.017352 -0.009990
361247.467977 546.770547 329.488047 -0.013806 -0.007878
1585793.637478 720.567340 269.612304 -0.006779 -0.013779
1841064.114050 194.765814 281.542182 0.003163 -0.012892
451362.950938 116.097863 291.974002 -0.001009 -0.001227
1950936.490647 462.786791 542.036759 0.008502 0.007480
1454702.783122 701.922349 182.393725 -0.010446 0.012468
1108684.254395 335.540562 297.073379 -0.015855 0.002984
1596490.624173 717.107200 285.107289 -0.011130 -0.010895
1263706.185512 134.538228 282.276377 -0.015938 0.009882
1294332.516982 261.452590 535.485941 -0.014655 0.012058
723046.520130 87.298899 228.172771 -0.009403 0.013371
107937.715067 793.603429 427.101669 -0.005712 -0.010784
1046872.077066 729.344377 390.258898 -0.019302 -0.019417
450965.188654 653.498927 547.109835 0.008027 -0.017419
278162.196408 266.273600 139.823119 0.004373 -0.002631
1960316.196066 205.390136 456.672917 0.014895 -0.004391
1125740.257616 187.348911 299.749818 0.017717 -0.000060
668170.334151 797.204148 294.360105 -0.018167 -0.005828
1443825.863043 455.613932 159.951065 -0.005090 0.003536
564375.188464 478.450059 242.786921 -0.012222 -0.008031
938961.728913 266.927531 379.416845 0.008091 0.017704
132214.712972 546.372089 119.618933 0.013188 0.002210
1179224.623916 311.932875 473.292838 -0.016453 -0.006670
575213.267736 338.778929 197.904602 0.011078 -0.001211
1368718.602401 400.452326 23.640138 0.018035 0.014933
1254302.726711 186.182079 282.751125 -0.018690 -0.002901
1541011.519516 401.115695 456.441535 -0.003909 -0.011852
1407684.757098 375.076252 531.955267 0.016137 -0.008171
883750.411162 394.066693 411.703441 -0.010698 0.003289
38293.802197 414.682113 3.036140 -0.006038 -0.008112
949396.727117 26.707931 478.498906 0.000572 0.019395
1340193.529306 112.526857 130.192681 -0.014323 -0.013074
1289556.392138 729.484741 404.507043 -0.003790 -0.007429
1756783.113702 87.849805 469.498375 0.010576 -0.019579
157687.638028 165.784148 303.298323 0.010614 -0.002489
175039.783202 627.044965 573.609783 -0.016278 -0.014670
506304.289450 453.723919 99.655788 -0.017972 -0.016737
301433.914481 576.167343 133.476036 -0.005315 0.014500
790027.673724 9.989415 464.137413 -0.017211 -0.003255
176035.711624 758.408827 317.037937 0.014823 0.008520
1081972.172988 759.596114 552.103125 -0.018183 0.008627
715741.816310 107.145743 299.151152 -0.007421 -0.010927
1263880.632475 454.066776 476.640835 0.011934 0.004701
1751026.801649 759.086120 202.628122 -0.016122 -0.007307
399196.095951 394.384948 197.989635 0.018988 0.002437
1496994.359185 48.879253 306.101988 -0.008920 0.017285
445396.929255 653.949368 529.417531 -0.014297 0.014559
1193553.106484 400.211015 599.144631 -0.016153 0.012570
450224.472419 581.777314 229.301611 -0.019232 0.001038
1999453.321099 715.851342 285.337859 -0.005597 0.019716
1584501.028799 429.556467 291.133105 -0.015111 0.000411
94458.571679 696.570496 342.822229 0.002275 -0.014107
1007827.074736 623.696629 579.266335 -0.004562 0.016879
1658558.308919 786.354780 253.515608 0.013095 -0.016881
475365.567242 42.205626 483.294456 0.004590 -0.017066
663714.367274 495.813419 580.452430 0.012255 0.018239
1919117.403179 479.342650 296.744301 -0.002192 0.008839
9624.167350 393.642519 354.990735 0.003061 -0.018039
1478876.057770 64.448667 497.201846 0.008024 -0.001367
1502145.321808 426.837560 269.370637 -0.013033 -0.005542
1054818.871922 329.243921 248.148230 -0.006669 -0.018738
972186.690649 532.094882 390.616473 -0.001884 -0.001120
1216433.286302 329.902128 42.997523 -0.015885 0.014302
1585452.240699 85.855375 209.755021 -0.004607 0.007257
796849.675848 99.233293 458.777705 -0.010994 0.013118
461377.134761 782.658038 217.305358 0.007172 -0.013909
1447663.852688 165.541262 338.335878 -0.014481 0.001615
1190708.408687 499.009569 123.138985 -0.010151 -0.016958
1355477.244293 683.837005 294.062358 0.009977 0.018277
694211.989964 433.547102 39.001634 0.007878 0.017079
1497031.391364 75.970514 30.394674 0.000514 -0.007109
1759090.904966 594.682414 180.124731 -0.010322 -0.003072
904928.793621 772.431270 378.066158 -0.019356 -0.015854
341892.055395 489.271320 436.790722 -0.004944 0.014335
1609370.418642 43.331574 427.791240 -0.008207 0.012133
1339833.364515 513.309004 207.016347 0.009399 -0.006451
543533.833951 386.335461 260.048595 -0.007099 0.019814
1510075.678821 161.461396 443.618713 -0.017785 -0.002232
325429.097901 406.386687 246.042610 0.011722 0.000967
1027532.088117 771.165691 81.377405 -0.010363 -0.006359
1987715.010526 36.998859 236.917926 0.008272 -0.006375
396776.620483 301.208201 588.953595 0.001747 -0.015576
639902.701899 652.404980 356.228776 0.010128 -0.014490
1179865.857204 406.263114 204.067327 -0.006841 0.002534
1568458.621189 393.481753 42.507851 -0.012227 -0.008584
1190290.628555 566.562940 149.882013 0.009235 0.017978
1180185.991889 580.090842 597.304171 0.019397 -0.002768
672088.553511 146.692209 484.818664 -0.007325 0.009077
1837656.663655 510.361919 325.371995 0.000515 -0.004369
1360614.323691 81.982443 539.242108 -0.019195 -0.002729
924125.776125 643.690550 554.808772 0.001318 0.019944
418950.309241 102.578733 424.345778 -0.001708 0.014322
1312754.557148 39.249887 350.113364 0.006071 -0.018658
30587.249450 790.572116 130.423944 0.012911 -0.007757
1889215.610870 593.547896 566.220994 -0.000530 -0.009818
669560.509114 133.694522 214.405425 -0.010655 -0.012491
1579576.984783 556.632512 595.202068 0.008572 -0.010876
1982244.182370 738.897844 214.136246 0.007922 -0.004707
432350.935616 283.695381 258.511466 0.011993 -0.019756
930735.730068 652.437757 596.687524 0.007312 0.005531
600671.720971 501.880895 228.075129 -0.010205 -0.015424
1270601.892504 463.507449 169.267776 0.019711 0.012511
938976.299455 626.154426 304.957875 -0.001537 -0.000138
1474031.937064 362.066649 251.936271 -0.016245 -0.013956
1605130.416157 248.007702 302.970939 -0.010654 -0.015583
1023340.410098 559.395685 555.379805 0.000245 -0.004721
1128556.229700 645.331901 5.564381 0.017768 -0.017962
248420.950141 463.994721 377.838497 -0.003887 0.002793
884577.235619 700.667789 213.335781 0.018013 -0.006549
1704879.713107 549.930983 474.232901 -0.009093 0.011228
1882055.445519 60.146523 54.964073 -0.002162 -0.007622
404206.608610 766.201002 4.980165 -0.014892 -0.001431
780987.060993 553.643101 162.308642 -0.004020 0.005491
642018.800900 419.762596 130.402530 0.018031 0.017214
1579863.075903 314.174451 483.483795 -0.014195 -0.006276
286431.929230 798.704667 18.526656 0.017334 -0.009149
1625355.291937 699.721860 207.475219 0.016180 -0.007149
1310099.705732 85.341219 167.085030 0.006557 -0.010607
1485499.756171 42.832331 555.893518 -0.019462 -0.001835
1126826.147142 267.472865 586.950878 0.011212 -0.008622
1817754.082297 456.347271 406.790365 0.008593 0.008644
42605.713030 686.188526 428.565775 -0.017760 0.011589
1969490.396776 691.961854 399.605998 -0.006764 0.010783
1972945.507603 788.471724 525.738121 -0.009404 0.005964
221002.463354 6.097911 421.542403 -0.018506 -0.019156
314139.836614 480.155175 213.070615 -0.014578 -0.004771
1280098.799281 35.416872 570.794491 -0.007272 0.010349
1334025.561499 271.243914 370.301033 -0.004770 -0.004331
817314.073824 292.378138 154.067443 -0.017009 0.007865
52254.755074 48.935559 409.236396 0.016098 -0.006944
662711.798522 9.919824 200.166705 -0.018616 -0.018004
710212.109941 153.266413 390.024317 0.008413 -0.006921
61999.699130 280.572945 222.905655 0.019294 0.006742
261157.692532 519.415542 4.153085 0.009912 -0.018781
797766.605764 125.289263 237.382954 0.006224 -0.010768
184709.901076 545.438761 175.134749 0.010989 0.003332
1235796.007903 84.995164 357.731333 0.018090 -0.014392
1292608.929469 245.511501 198.775387 -0.008138 -0.019314
1317389.029692 261.743683 220.542726 -0.018791 -0.007610
71927.786838 128.249703 575.438373 -0.018266 0.016319
1977614.946653 353.697494 38.765049 -0.004634 -0.016074
591803.305127 381.687428 467.437735 0.003515 -0.009936
726241.200569 164.745256 214.344258 0.018392 -0.013696
995710.504705 484.962365 278.963164 0.013166 0.016101
963862.695249 390.822756 138.000525 0.013990 0.000729
1079147.418532 708.512730 407.615247 -0.000033 0.017182
1174876.041326 389.739502 222.902642 0.006098 0.014868
937689.950195 758.515537 209.306557 -0.010083 0.001416
1200871.358253 489.258937 445.028183 0.018312 0.002832
1798372.363578 364.602117 106.023623 -0.005455 -0.008572
158766.744732 676.443072 464.343683 -0.007597 0.007834
584123.108808 679.413184 348.518569 0.018830 -0.006110
1019930.488905 446.980939 500.403225 0.015242 -0.011566
1412068.961846 279.731618 95.573304 -0.017813 0.003943
1390465.348675 524.190305 125.682380 -0.002528 0.004543
1560588.704217 269.106501 41.582513 0.018290 0.008008
709118.110458 29.059639 327.218426 -0.014859 -0.006209
481739.437432 336.454973 116.873906 0.012850 -0.004339
1084185.081108 265.403631 569.741826 -0.004948 -0.011490
321427.933090 65.818674 337.563493 -0.007319 -0.014451
322096.383349 12.044392 475.489132 -0.005167 -0.001924
811598.476400 120.553118 472.639119 -0.000999 -0.015687
975828.599639 663.324676 86.945861 -0.018663 0.018320
980873.326296 219.534885 226.642661 0.007418 -0.016149
1538962.265262 182.056630 256.860571 0.008797 0.004160
1281944.833362 703.860027 411.543233 -0.011812 -0.012027
1646853.441208 292.032069 129.181995 0.004641 0.009420
1334224.681991 17.377009 531.647919 -0.001778 -0.000137
1987979.200663 754.295992 195.953296 -0.014458 0.019089
567825.405192 503.221232 150.396107 0.006526 -0.007409
693992.653253 345.355184 324.802721 0.011046 -0.013985
290886.182473 332.962499 18.575342 0.013265 0.004809
461579.700216 524.011579 590.780719 -0.002171 -0.009176
1440439.939238 90.449729 175.691794 0.004263 0.002724
1578856.275221 480.021545 306.920141 -0.015376 0.009529
975708.803616 319.724206 220.368278 0.009548 -0.017527
1363849.989774 68.392661 296.009215 -0.011055 0.014430
1287670.666020 295.318846 165.828928 0.006989 -0.011976
1793086.186886 724.589598 513.340822 0.015255 -0.005944
253419.465503 481.242991 278.441647 -0.003150 -0.011673
65064.939701 167.140032 484.825516 0.001754 -0.007021
1093948.624606 25.589892 434.527068 0.016603 0.010814
1570950.974510 477.144267 513.817902 -0.008885 0.012827
1433502.711092 738.134334 113.571525 0.019713 0.003908
779698.448619 711.820676 301.640691 -0.010195 0.010871
1707668.152502 297.710565 223.930955 -0.007282 0.011684
1161722.038482 280.502736 0.593330 -0.004421 0.015794
650195.260835 748.582554 555.945021 -0.018014 0.014027
1393276.303724 667.657807 268.155157 0.002111 -0.015478
534900.189626 215.542058 21.081926 -0.001730 -0.009473
1264731.390059 676.994556 91.465361 -0.014607 -0.016310
1848317.172308 790.835023 278.481361 -0.008129 -0.007731
512088.236637 702.240593 394.408238 -0.009741 -0.009301
1104225.446984 465.401673 121.916600 -0.000862 0.005238
107543.810321 140.002725 279.343878 0.000024 0.009125
1156781.673039 614.865833 598.147851 0.004544 -0.011009
520065.349769 196.841008 42.921561 -0.003477 -0.004756
327390.441823 269.678075 221.861459 0.005107 0.005369
1353004.063178 707.150972 307.052974 -0.006589 -0.014386
1558240.596931 709.207532 433.418600 0.019289 -0.005436
706633.334377 28.949040 323.747089 0.012765 0.001536
534505.464385 317.526253 183.043690 -0.009432 -0.019556
1061346.780072 419.618276 154.398607 0.004124 0.017525
1275778.349152 612.539077 164.528427 -0.019703 -0.004252
1816858.008419 547.185430 166.579133 -0.003178 -0.019281
837596.447597 159.509910 542.389802 -0.014369 -0.012754
537634.699856 395.853791 130.574103 0.012330 -0.007459
1509630.032587 60.235204 426.118093 -0.019563 -0.007442
1442342.147903 473.073786 518.521272 0.019139 -0.012292
1603574.954720 492.556161 575.675238 -0.016947 0.004949
706735.606634 787.695189 184.483176 0.005242 -0.003792
651319.147391 40.044330 362.636694 -0.010793 -0.012353
1573016.600485 398.728451 411.573704 -0.019862 -0.007700
1998835.487291 607.410899 229.813530 0.008386 0.012774
1445522.677826 344.803014 246.231026 0.003486 -0.003640
1207599.107738 311.261913 14.999118 0.002529 -0.001371
1297106.122271 733.461615 269.823280 0.018207 0.001914
1709409.523620 225.395178 358.925134 -0.001621 0.000463
1579454.636005 196.700201 6.138807 -0.000962 -0.009982
635151.660366 380.333760 5.414577 0.008017 -0.012588
1657542.871152 338.308295 369.326122 -0.010422 -0.019593
50074.195513 674.183198 239.555467 -0.017995 -0.003746
1728956.987955 558.793627 193.703164 -0.007444 0.006156
1741304.677791 135.058415 561.973708 -0.001252 0.005106
896425.988943 206.839189 524.601567 -0.001647 0.009366
248631.410417 620.797563 125.817390 -0.014666 -0.000940
789536.960791 769.650669 539.606963 -0.019581 -0.011933
1819863.026878 28.534855 26.580112 -0.007625 -0.016558
901731.744829 139.155604 470.686348 0.010945 -0.000478
878442.611954 515.303013 393.830000 -0.004973 -0.015485
569936.175165 658.962945 222.865250 -0.013642 -0.008692
212161.644461 226.621308 35.272611 -0.007366 -0.003294
1070836.321949 568.417288 227.783578 -0.002608 0.008852
1162154.364009 276.045113 454.363301 0.005035 0.006167
1685995.778854 61.371260 496.994799 0.005251 0.014019
631794.399876 53.627322 296.609231 0.018912 -0.002293
