120102.793966 630.503151 121.702668 -0.006085 -0.005541
269277.329682 300.318814 155.971894 -0.018259 0.015161
1260731.205931 302.043105 191.762649 0.013084 -0.002972
973263.179405 632.769194 573.014205 0.008520 -0.005929
1683880.506867 289.483286 229.486799 -0.016838 -0.013039
1760997.696668 175.222086 580.743273 0.011715 -0.019834
354965.669268 682.045933 474.793996 -0.004785 -0.012003
306862.422408 412.064761 346.401950 -0.003484 0.002365
913598.742761 34.771664 562.361266 0.011112 0.014843
723511.401901 210.344938 397.479150 -0.007312 0.019066
27418.055584 127.069819 203.315812 -0.004128 -0.010476
1026719.971107 221.764981 273.239060 -0.000716 -0.017201
919235.655535 527.411179 553.094784 -0.009943 -0.018406
247720.705461 324.097693 333.506279 0.008054 0.012688
229642.751734 125.869833 516.877775 -0.017952 0.017255
1463437.116455 330.476080 118.780809 -0.004258 0.009190
349002.480669 325.697380 533.830838 0.000915 0.011752
253345.397419 21.808588 48.643587 0.003302 0.000366
301882.374241 33.498162 101.088076 -0.017044 -0.008247
417897.793659 158.177613 419.627375 0.010567 0.015939
1032678.423930 703.145644 34.263032 -0.004919 0.017239
1981626.739717 86.727939 206.276565 -0.012521 0.000303
148080.320166 290.782554 545.949490 0.018532 0.015052
1426235.401736 72.240580 542.485329 0.011786 0.006906
826207.458426 756.174600 428.594347 0.003260 -0.019252
17939.873048 632.907991 129.679329 0.008284 0.002225
229060.592236 178.892187 260.635352 -0.013066 0.003956
729567.630556 129.594133 425.793381 0.008390 -0.006037
424191.899795 625.709912 428.062730 -0.015137 0.009781
1179453.697605 667.595102 501.610588 -0.000303 0.005139
1017047.714916 725.072086 344.264888 -0.011060 -0.000459
1184883.571782 186.403196 168.133352 0.012320 0.017647
1669257.284919 738.178203 98.188371 -0.009283 -0.016545
1530870.404807 506.885385 153.238983 -0.001035 -0.006347
1211583.405366 549.768682 75.199757 -0.007251 0.012375
1741377.547263 727.045060 385.897864 0.008278 -0.003845
544004.606336 172.358656 185.227749 0.013852 -0.002453
1594854.852927 350.167702 402.517536 -0.016923 -0.010140
1223177.906695 729.510587 101.517621 0.010984 -0.012967
527324.168257 433.101904 487.939373 0.000769 -0.019344
312490.830343 99.867284 422.420111 -0.009283 -0.002502
1025907.483430 121.058738 211.849079 -0.013739 0.014342
1509229.653286 342.185813 43.728638 -0.017703 -0.009233
1023852.793045 688.369346 427.826104 -0.012673 0.017503
1918069.081343 635.469224 509.661003 -0.014830 0.002813
59433.087734 314.285871 67.653999 0.013727 0.016466
257531.464220 800.331583 21.901743 0.013291 -0.008777
961609.428265 277.014171 259.691161 0.013356 0.000071
582120.371322 470.188125 558.396943 -0.005429 0.006021
408974.288222 701.415457 306.874659 0.016753 -0.017646
899929.745542 700.468666 512.059862 -0.008029 -0.019832
849952.291162 263.236422 237.891883 0.001498 -0.013091
617567.269419 532.496282 103.650117 -0.006174 -0.000033
907629.657959 661.551392 506.896087 0.015482 0.006351
693382.430213 141.929698 148.632305 -0.008910 0.001679
1797970.130014 385.182390 250.853869 -0.003536 -0.004077
955435.349120 688.745572 164.197106 -0.006715 -0.013575
557659.864685 605.737192 293.448045 0.007023 -0.008246
1324351.926951 788.050141 575.717739 0.013368 -0.006807
917046.023028 230.797533 93.727817 -0.007873 -0.012939
1632997.046985 519.384856 212.264789 -0.017469 0.017105
1790149.784549 770.321354 244.954563 -0.007429 -0.004985
1613713.184192 632.422647 140.895134 -0.016780 -0.015070
791753.703166 288.315779 527.523956 0.015412 -0.018582
347958.385175 437.614914 12.135024 -0.014652 -0.004653
701432.257286 473.859398 403.083092 0.000312 0.015825
1693039.169392 258.873540 326.993347 -0.012026 -0.004478
944105.254926 76.107227 210.658350 0.015292 -0.003683
1451122.988691 550.360561 119.694619 0.018428 0.010757
644142.737912 285.215372 76.766044 -0.011903 -0.010304
328294.663843 300.512758 473.810274 -0.012335 0.000411
344141.964030 428.569287 60.825229 0.013716 -0.018293
1995072.262359 551.832318 220.420436 0.001698 0.015577
1509670.835691 11.417926 590.781412 -0.015739 0.015796
783939.521193 665.408045 349.887293 0.003576 0.011723
702233.533702 730.447364 89.348558 -0.000818 -0.015280
783487.379916 514.591372 295.027144 -0.012714 0.013092
1976.599918 282.389086 217.789509 -0.015862 -0.012103
812477.567611 80.801723 532.005646 0.010926 0.005772
1551513.418346 422.494013 395.015764 0.010382 0.005361
1106838.468046 121.000224 279.558557 -0.014533 0.009718
516376.429478 389.661933 393.948089 -0.003782 0.018695
1541877.001311 639.350015 366.672170 -0.009512 0.019232
877046.727052 210.776268 200.492580 0.012090 -0.005350
1062152.807164 166.516921 280.608764 -0.003292 0.019286
220503.739184 154.884164 305.852576 0.010758 0.018113
285758.867062 257.553939 62.780676 0.004300 -0.001881
1694852.848395 693.279528 566.820302 0.000199 -0.009145
1823523.613542 219.356331 44.328187 0.000906 0.001465
109429.840049 768.372925 479.881411 -0.004450 0.010494
331166.874772 736.267062 582.355946 0.005303 -0.006524
1904142.131984 594.132605 318.581668 -0.001573 0.000439
967910.745632 483.248946 499.459116 0.003530 -0.011505
581591.096978 348.607819 47.808891 -0.010619 0.017525
706572.319710 118.035337 128.262298 -0.002970 0.006835
1499518.371885 385.505682 378.564171 0.001968 0.014852
785875.055374 571.630163 474.495944 -0.005459 -0.006112
257524.722376 252.858283 54.208700 0.006432 0.011148
1201976.699383 114.869188 228.768826 -0.002630 0.009284
1186503.038363 579.927254 101.513865 0.006850 0.018406
215485.423904 20.212630 64.875511 -0.007132 -0.001903
1555844.913030 56.699204 560.769024 -0.003686 0.004796
1610655.802121 641.042084 200.558153 0.003845 -0.013396
1363983.919548 580.408636 288.399104 0.010877 -0.004604
515601.680854 298.431093 317.438401 0.005553 0.012259
521772.659627 185.487158 319.279012 -0.002820 0.016140
984056.433190 429.737494 558.135265 0.003672 0.013892
764465.851134 302.341397 557.848446 -0.007327 0.011445
1098768.237559 97.957251 352.768742 0.014837 0.008804
1505133.839094 452.690973 265.971702 -0.010712 -0.006500
1656881.889169 392.837422 426.194297 -0.005671 -0.014813
1035409.796534 493.854454 216.668078 -0.018017 -0.018107
532033.862794 432.649901 350.187464 -0.012176 -0.014339
885049.308131 462.182698 312.142727 -0.005115 0.015773
611963.250959 737.336492 10.212611 0.015718 0.012220
1469794.933437 516.586993 223.332321 -0.012609 0.015467
1419313.830053 5.436654 222.331915 -0.003156 -0.005439
1001399.715897 751.003650 589.548480 0.014490 0.019466
57920.523946 102.980580 317.019704 0.004548 -0.007026
1340168.589419 44.272317 541.204135 -0.012394 -0.002903
1593328.125585 396.830650 209.110782 0.012537 -0.004441
308175.125303 438.484075 21.432527 0.000966 0.009099
1829796.170737 188.047362 440.209198 -0.008570 0.006237
194622.977727 628.681734 356.684430 -0.016828 0.005965
1163384.351490 86.045710 466.741039 -0.015439 0.009070
203536.384834 623.852550 466.652901 -0.019844 0.018801
408990.508136 640.503071 279.563024 0.002292 0.004607
1709918.606891 566.219185 96.819971 0.015691 -0.010644
1776676.395804 644.281291 280.560340 0.004820 -0.016381
248411.979642 575.475947 526.651303 0.008744 0.011925
1052401.075630 239.903317 543.627961 -0.007841 -0.003554
1254879.329007 324.303212 114.455995 -0.003770 -0.003591
322021.593490 487.237304 125.624744 0.003626 -0.014363
1647379.426121 385.859268 521.506445 0.019420 -0.005115
204691.412954 699.141013 106.327918 0.002806 -0.000172
536197.156895 555.512650 128.715960 -0.014194 -0.003471
25648.950611 537.661705 428.508159 0.016700 0.018971
247729.502734 436.982404 228.919452 -0.007404 0.018033
1580350.309415 380.129112 335.469850 -0.020002 -0.015900
1443766.372951 659.145911 350.866361 0.003669 0.012382
1912564.341869 554.529224 409.658499 -0.014668 -0.009430
357511.299829 321.173274 575.495154 -0.004360 0.001856
744693.135258 324.587257 130.931489 -0.016557 -0.007007
387589.365424 167.755407 523.062136 0.002985 0.000962
1645202.005117 291.683724 -0.037640 -0.004711 -0.005379
205411.871060 83.596903 113.414400 0.007496 0.007834
1996032.971887 514.783731 233.763927 0.007443 0.010630
1306804.762830 688.055446 106.766073 0.004501 -0.009860
1450619.077985 788.306955 395.334973 0.017731 -0.017180
1969754.747101 110.439974 168.314695 0.013750 0.008611
1609086.544071 543.671059 45.727858 0.012191 -0.017523
883645.576836 726.062420 99.603178 0.005492 0.003692
1722771.757153 502.580811 142.387781 -0.009974 -0.007578
28763.775727 722.850335 101.798777 -0.012098 0.000557
845989.907554 734.018989 301.115010 -0.016726 0.014439
1143645.596292 54.334901 600.111402 0.014086 0.016941
1423342.375748 525.514552 361.937868 0.011510 -0.001563
1329764.171191 184.679901 221.550185 0.013240 0.014444
1926056.274178 553.395046 294.139404 -0.011991 0.017716
1598411.507718 172.499790 507.869338 0.018765 -0.003695
726058.746095 313.835891 195.466720 0.014560 -0.001022
375371.614646 348.573671 324.939738 -0.012585 -0.008562
932014.105344 718.640055 566.963324 -0.017177 0.007253
811741.037672 587.621230 550.797763 0.010982 0.002620
1557690.799962 589.806910 154.657727 -0.009264 0.017516
399385.155365 53.583895 91.483314 -0.018140 -0.018552
1122038.441301 327.846156 256.712403 0.015481 -0.009090
1805346.826001 59.604649 425.616355 0.001416 -0.007057
1995636.369100 728.922989 96.798067 0.017698 0.019331
1695958.700821 278.922415 428.075156 0.010642 -0.015088
558004.577904 435.806105 516.545710 0.001452 0.012511
1597187.265566 589.034200 528.641274 0.018081 0.011279
1833981.536251 410.131127 114.708820 -0.006185 -0.003999
929917.220459 197.990197 284.724608 -0.013128 0.007619
1471826.909795 138.393015 361.470075 0.015865 -0.015403
1165988.196230 595.333740 277.970783 -0.008156 0.000416
1172216.120722 460.812523 32.613205 -0.002174 -0.015493
1736107.381869 196.320604 508.405214 0.009948 -0.012153
1259741.624473 532.835880 425.382378 0.012849 -0.019572
218963.730251 229.025741 155.217760 0.003357 -0.001592
1902503.935575 255.748318 379.727436 0.002178 -0.011345
1496596.111682 109.581561 576.222478 -0.011549 -0.002645
941537.357374 638.164872 6.045331 0.001055 -0.010207
245239.558744 315.528414 293.199133 0.018817 -0.014294
1372376.816986 480.166242 484.793527 -0.004170 -0.003136
1637971.852737 403.941505 424.230719 -0.016971 -0.016383
337179.376901 23.501973 245.349516 0.012114 0.003343
1249672.392965 440.276407 432.669544 0.003392 0.010456
310196.676436 44.534320 335.768909 -0.013367 0.003287
1607296.809371 230.368768 585.165184 -0.008253 -0.009685
236307.595035 783.703447 515.289808 0.017042 -0.004977
561161.337682 596.694767 528.638305 0.019481 0.012916
1939371.158341 125.402325 511.662796 -0.004857 0.018359
870700.636353 2.295601 305.539648 -0.013737 0.003548
541779.813609 249.233592 386.797516 0.013243 -0.000902
453110.709066 506.915691 459.394828 -0.011921 0.017070
47266.968548 256.691689 543.360007 0.015298 -0.010167
562186.379247 130.252487 594.803594 -0.013531 -0.013963
1629854.769274 105.210752 185.084273 0.006683 0.000387
534606.907766 82.104131 307.598243 0.011060 -0.009665
203362.833803 38.068650 342.044884 0.009833 0.015172
92345.910190 778.660563 306.673483 0.012430 -0.012993
877177.283576 667.647907 297.551538 -0.006209 0.008687
1484435.888699 500.797318 528.676551 0.009363 0.011487
64404.659935 439.093505 550.892827 -0.006340 -0.011408
856791.879449 486.811572 190.855494 0.017647 -0.004620
1153201.109335 34.160636 259.268162 -0.014201 0.011631
618554.387530 154.095195 456.981494 0.012843 -0.019876
1875266.974734 207.556345 502.959517 -0.002691 0.004173
1111007.126566 140.263400 138.316161 -0.002548 0.016405
34336.430968 375.128375 275.357019 0.017507 0.005339
1349224.196444 291.846394 249.992919 0.019703 -0.007779
1602661.077679 455.331544 209.493735 -0.010661 0.008583
276647.354605 434.193090 544.519393 0.016216 -0.005515
1822198.850020 670.984830 373.396680 0.009952 -0.009126
453696.245539 243.713270 268.453036 -0.001710 0.009672
713133.517985 379.403552 125.431893 0.012604 -0.003606
36437.158490 391.765642 464.293638 -0.002782 -0.000630
159010.190591 189.150673 31.281032 -0.002855 -0.001208
1535456.720523 453.476761 7.004008 0.007012 -0.001271
749811.288319 469.767666 183.336459 0.019872 -0.006544
1154889.427663 179.094433 384.466188 -0.019007 0.007227
762647.938338 304.915593 92.705777 0.003624 -0.012143
1129345.827331 486.834967 411.144652 -0.006501 -0.018287
337378.635228 334.143823 168.628519 -0.011169 0.013860
1499918.929068 791.143200 247.939617 0.010400 0.006608
1760744.261444 108.960156 150.043074 -0.012552 -0.014655
1172923.453698 610.647373 215.488271 -0.010942 0.011537
79642.974809 486.304368 101.187158 -0.012203 -0.012039
730713.756164 607.159544 484.119353 -0.017945 -0.016078
1702955.846536 175.670575 309.577599 -0.014702 -0.002377
724785.897287 705.801869 257.859014 0.011036 0.005757
187236.443249 524.423370 468.453457 -0.006229 0.013672
1828784.213322 744.379980 363.009304 -0.009262 -0.013425
787390.226865 250.367109 459.583269 0.002492 0.000265
1929498.061505 742.828714 160.815681 0.010727 0.019208
730520.102536 499.390160 120.020481 0.015230 0.010440
1281053.293162 194.541908 382.090625 -0.017201 -0.019246
562426.321470 130.498585 404.881247 -0.017519 0.000287
1033437.869061 780.256069 262.987513 -0.015115 -0.010073
1192859.900739 412.657777 336.618497 -0.005501 -0.016838
138898.690296 261.548344 3.820631 -0.006519 -0.016003
1973181.982512 561.235635 433.993957 -0.012560 0.003323
957790.512106 660.994520 496.579664 -0.015330 0.015870
1692076.045876 318.202409 36.226080 0.000831 -0.001629
1136829.509929 29.546211 260.611137 -0.019601 -0.013623
1367539.427880 482.606481 405.969333 -0.010182 0.018659
1509350.044424 252.221669 176.014984 0.010427 0.006095
785056.476847 598.256354 212.572514 -0.015368 0.017389
1873643.585422 475.950103 456.941222 0.010548 0.008436
1315983.134935 488.084307 64.940985 0.008777 -0.014739
1135951.929323 228.984479 100.717630 -0.019865 -0.008252
656102.584980 548.835839 538.975462 -0.019844 0.017282
1727078.126616 606.509352 148.290533 -0.013748 0.000828
1797488.349396 439.090776 161.309899 -0.009893 0.006601
406141.346510 151.767744 156.148809 0.018574 0.018121
1941231.998588 497.403636 337.494293 -0.016817 -0.006380
1386830.762674 518.314134 376.690246 0.014461 0.006004
1843128.023596 152.057072 201.894039 0.012778 -0.012245
538331.757550 546.157163 571.616029 0.000655 0.013550
944807.663069 332.259649 233.261800 0.009448 0.006608
106756.882792 755.052297 514.286906 -0.007526 0.016342
1618777.323337 226.663085 318.235449 -0.005099 -0.005330
1742666.514471 52.446896 6.663720 -0.000039 0.017103
1321460.731012 336.868454 69.852395 0.019897 -0.010400
620834.287545 213.280011 553.649023 -0.009481 0.011307
1523195.320518 587.610208 118.899576 -0.014009 -0.000950
1731081.362688 162.997227 252.003532 0.008901 0.000658
656632.629529 425.473850 480.300702 0.014355 0.016130
325566.043298 583.887006 581.188400 -0.013076 -0.010849
1792559.657149 666.639912 390.109783 -0.019485 0.013238
1778465.217808 259.151236 59.207533 0.012409 0.003501
1763427.173609 458.059394 192.856471 -0.017395 0.009433
1593951.392730 756.085371 556.166895 -0.011313 0.006645
886016.743670 435.958787 119.220242 -0.010351 -0.003820
204796.643092 324.068459 80.760116 -0.017155 0.003047
727276.621725 773.733734 248.103447 -0.019580 0.019159
488690.041233 721.845020 182.890594 -0.006273 0.008562
1781116.410057 179.387011 172.076524 -0.011496 -0.007823
20635.784613 7.301263 149.709474 0.017493 -0.010973
1834876.302553 303.611513 462.606320 -0.015338 0.004935
350019.654422 174.766643 16.861844 -0.007615 -0.008384
1214501.650638 538.015897 154.968362 -0.019202 0.007481
477760.385944 211.485524 353.441757 0.001754 0.004280
605806.972182 347.209640 499.210397 0.003597 0.005803
272576.070518 480.159166 392.488746 -0.004560 0.001511
1759240.741729 243.109102 550.311158 0.005998 -0.003250
1080301.612187 660.417518 382.851030 0.002773 -0.014596
1857771.559552 140.370645 484.517627 -0.012496 -0.012179
988850.145130 340.172296 276.536768 -0.016670 0.018756
134591.829094 309.374768 242.261703 0.015982 0.019034
96963.198901 28.491293 345.872178 0.008221 -0.003141
227820.812831 465.281509 434.924090 -0.018758 -0.010705
290631.014058 457.389230 34.469082 0.011437 -0.014460
385931.693197 569.816253 189.901959 -0.020000 0.015994
1023297.854244 396.812575 195.370703 0.018846 0.003219
589125.026292 31.444603 579.415035 0.007932 0.017480
1882412.602139 596.834394 584.041909 0.000696 -0.002082
790218.714061 504.981565 18.628265 -0.015185 0.006539
526777.357108 212.416857 140.137365 -0.007123 -0.017996
748590.766801 411.712700 457.602834 0.007596 0.000602
1324791.236466 161.913001 6.173593 0.019521 -0.013042
1179151.767483 226.009341 128.041657 0.002191 0.019217
301466.356172 396.221290 435.116011 -0.015001 -0.019488
349183.755158 415.171311 387.282018 -0.011772 0.005611
616335.581344 375.047357 543.591691 0.001713 0.011568
1910511.639859 733.637360 182.865208 0.008704 0.004279
1640005.631205 304.568865 485.081641 0.013265 -0.005314
1964468.728734 336.024263 390.847531 -0.012196 0.018996
1261209.360911 276.313291 282.387533 -0.005743 -0.001184
968463.258337 424.590157 593.711087 -0.014824 0.009438
1257770.379660 350.142611 123.674246 0.001310 0.019242
1991034.577596 391.516109 537.841874 -0.008001 -0.011721
1007596.648767 95.914891 353.155845 -0.006904 0.017948
1912045.142572 235.884491 222.807990 0.004267 -0.000414
692628.538559 190.077250 501.163309 0.009899 0.003380
609848.141023 240.787667 74.965640 -0.008227 -0.002769
1723251.459991 737.914662 520.965212 -0.017340 -0.001709
1696924.347289 50.218518 568.043041 0.009824 -0.005545
309029.791648 199.562457 289.679648 0.009656 0.002380
867302.640745 559.009829 513.621957 0.012186 -0.007813
691843.061099 120.744156 325.832143 -0.012825 0.018670
272265.500516 388.542608 162.028434 -0.009548 0.011204
1400582.436193 98.323742 421.466724 0.002902 -0.012350
320566.674844 333.287518 151.002272 -0.015710 -0.013504
1229627.376064 209.011488 246.466606 -0.016066 -0.019848
1946485.269790 424.992580 421.275648 -0.006377 0.004864
15066.369444 140.470430 292.361603 0.002003 -0.005751
911695.870064 548.978252 505.979234 0.009034 0.017879
1245159.992597 340.405282 42.466122 -0.006675 0.020049
519428.529087 388.669659 246.968705 0.000404 0.003809
1147820.552414 101.893342 512.629145 0.019418 -0.011043
1717933.562453 767.066853 453.549241 0.002481 0.011485
183230.377819 455.284747 577.950575 0.003166 -0.015279
640928.558372 27.640801 483.113118 -0.013463 0.010342
1503776.668340 628.800223 111.284237 0.012855 -0.015539
360957.489517 65.332847 358.270382 0.003694 0.003726
380073.533570 132.222585 431.806060 -0.018219 -0.013993
1889061.825298 723.275726 66.035933 0.008007 -0.001360
1796955.322752 633.627839 20.466376 0.014488 -0.005170
306282.549308 146.720338 243.252373 0.018343 -0.006181
332156.324914 567.681089 78.899343 -0.005922 0.001297
485168.456326 426.476991 367.530082 0.013240 -0.014941
413343.113108 24.093018 173.851598 0.017092 -0.017013
883643.182406 697.220385 587.054453 0.002075 0.002827
887249.075289 360.310852 217.619515 -0.000895 -0.007460
1467432.667253 504.513225 297.453976 -0.014414 0.003560
1682910.725327 244.850496 179.422888 0.018950 0.006313
1660796.624450 172.331948 113.765001 -0.002243 -0.017781
629926.086697 520.300041 50.845830 0.004200 0.003101
318150.466456 37.439978 269.279234 -0.014063 0.003940
40123.955365 464.687200 29.320712 -0.004713 -0.017565
724761.667999 93.788574 413.784613 0.014323 -0.009784
558074.092752 559.633423 337.164796 0.003110 0.006883
438651.350531 326.474395 533.053178 -0.003947 0.014347
1885724.248311 579.237985 301.046010 -0.018901 -0.006815
158400.153815 149.269321 226.208886 0.001131 -0.007007
1952982.963972 437.843564 543.393720 -0.018953 0.017261
1927788.328346 310.932433 28.401336 0.006184 -0.010110
607879.136041 746.748338 567.555127 0.014627 0.000451
1236504.919471 67.942038 551.395547 0.000250 -0.000248
1541570.438790 358.929106 131.515378 -0.009107 -0.000958
1098586.873663 282.035646 398.163411 0.017058 0.015188
1973812.054831 722.865011 257.075909 0.015662 0.017316
717421.361579 684.497355 190.603985 -0.003735 0.000392
1128238.588166 568.335822 265.671452 0.000399 0.003049
1906900.824936 102.995049 396.687168 0.014906 0.005387
311031.282093 514.465509 50.400234 -0.004984 0.016664
1119457.958787 738.958684 161.186954 -0.010868 0.014002
295815.608602 167.762132 451.841812 0.003014 -0.015964
1365835.790227 746.989546 574.155092 -0.019987 -0.006408
933742.419320 452.164777 30.316984 0.016401 -0.016981
1254474.420685 690.172857 122.034546 -0.008477 0.009412
1674721.783807 355.359541 227.520830 0.016825 0.012739
589441.845468 384.380781 445.680343 0.002542 0.008115
1186208.380939 568.399253 547.411277 -0.006133 -0.008545
28320.921598 24.275666 131.951600 0.018867 -0.018782
1123059.363627 350.689778 356.863254 0.004428 -0.006065
1339490.994503 192.374546 126.468531 0.014915 0.001147
1892333.765464 567.907935 583.232653 -0.007123 0.005301
1580513.963280 495.679356 66.385360 0.001267 -0.012681
1628540.167412 100.885738 535.791734 0.009077 -0.001107
358744.990248 592.810575 301.662686 -0.004022 0.008495
1065496.480589 768.910569 90.501557 -0.014914 0.002953
996930.964755 638.224061 488.793003 0.008371 0.006813
685065.261407 524.105639 228.700527 -0.007560 0.019172
22284.613001 83.325192 359.991130 -0.014916 0.005219
1564209.169505 749.441110 458.064427 0.006984 0.006546
471659.941818 683.845246 242.574633 0.009527 -0.009801
234378.384535 216.565075 129.610827 -0.009252 -0.004031
1581110.075852 613.198551 117.748450 0.004193 -0.000962
1733102.233956 757.714313 78.321624 -0.010138 -0.009510
222272.466972 206.660565 219.751840 0.008446 -0.004774
7593.072023 394.670065 189.844338 0.010705 -0.013198
1961038.188991 2.121353 13.830641 -0.004577 0.009653
554464.627316 401.919519 7.493149 -0.000263 0.010842
821613.773155 227.283596 322.394469 0.004098 0.015569
24485.756655 378.560242 502.035757 -0.014267 0.008814
196372.594776 203.413681 587.640942 -0.001419 0.018569
718005.964867 374.923231 274.669809 0.007034 -0.010262
1252709.545778 525.332929 142.458995 0.005952 -0.018322
1958473.456073 741.479834 326.383427 0.019634 -0.003219
628831.249023 322.016009 421.686817 0.014049 -0.019639
1185057.482303 690.596803 289.200381 -0.002862 -0.019725
406775.272641 421.340405 156.982415 -0.012826 0.019525
452064.211691 432.998675 275.805455 0.007357 -0.011342
1391094.198167 248.913338 524.534473 0.017274 0.018339
1830316.959801 730.341957 531.908805 -0.001630 0.016146
610994.441719 618.453715 183.925280 -0.019652 0.004987
631021.334152 481.620879 292.397427 0.011869 -0.018642
989235.750860 1.631688 334.254134 0.010241 -0.012653
1098658.789461 784.686898 435.018089 -0.019645 0.006629
1883467.686308 564.335349 585.929095 0.012719 0.005461
1871849.530317 584.603152 330.736028 0.012870 -0.012431
911993.535660 102.073915 577.614738 0.010541 -0.014575
1176139.691461 61.850305 443.202350 -0.016940 0.015030
1537174.407177 456.462804 526.563471 -0.006944 -0.006938
123261.179832 700.714719 185.005284 0.011602 0.015138
1946848.674653 582.944150 354.063587 0.017984 0.001719
457599.283409 708.814850 164.405907 0.011215 0.008296
926562.791190 189.188297 501.325077 -0.000814 0.020271
1942178.605097 11.927986 45.619315 0.008386 -0.016364
1905775.863633 382.507651 397.276471 0.013256 0.012158
1975712.466974 713.725423 407.853893 -0.008261 0.007162
1128937.655654 214.843814 243.869413 -0.013866 -0.011228
1900458.380534 306.366125 62.303676 -0.011056 -0.013432
1623668.112617 549.886345 239.845781 0.005853 -0.015462
798515.523224 494.074014 76.868203 -0.000971 -0.006936
438456.544857 343.466799 482.445010 0.015162 -0.009727
1216805.763178 694.752738 90.897974 -0.008492 -0.013409
1661706.700764 681.602240 259.460710 -0.010492 -0.019717
1303971.794110 150.655785 233.993579 0.010268 -0.003519
1107963.914568 455.028893 59.155995 0.018172 -0.011405
425643.800956 282.736110 499.758049 -0.006877 0.013509
318262.858465 448.825224 155.015647 0.018557 -0.002304
1036196.117772 457.779853 186.365877 0.006825 0.014520
948553.069005 401.213193 427.559568 0.016364 0.009446
1438074.149861 447.223911 555.880184 -0.015627 -0.007494
677338.477540 530.461658 530.590159 -0.002497 0.004696
197747.041563 520.877999 583.180631 0.017231 0.019659
1601492.672973 71.863409 330.896193 -0.017638 -0.017822
1987075.958395 461.644540 375.348675 -0.007836 -0.010072
971748.938305 621.956436 449.261353 -0.012076 0.007408
974474.447302 733.606290 146.450450 -0.003447 -0.018927
1121549.802423 602.091030 413.356580 -0.002206 -0.012391
613932.794246 434.794327 504.562544 -0.008863 -0.001007
1665525.531241 62.975530 338.876756 -0.004529 -0.014512
1238773.710671 302.574967 429.401041 -0.010182 0.007290
1925637.924078 585.220917 276.372241 0.008453 0.017193
290519.337305 158.703769 507.985895 -0.004377 0.004496
1745488.432117 760.787331 219.023215 0.002462 -0.004191
1111265.337612 695.218743 563.393218 -0.004218 -0.013963
829182.160473 183.979558 135.793097 0.019220 0.004578
728391.627189 479.080173 596.089438 -0.016857 0.013712
1349985.243450 33.539902 345.869150 -0.014546 0.010160
1010733.056353 223.978050 571.475522 -0.005919 0.006800
1129411.861826 180.082972 373.004416 0.017211 0.011481
33999.050983 388.905110 393.926739 0.019061 0.015312
1606354.705806 296.461017 66.774122 -0.018797 -0.005952
1451822.744427 315.022311 570.290714 0.008761 -0.001032
1590584.168020 314.922640 309.295791 -0.005147 0.001143
538209.161040 701.069144 485.050312 -0.011156 -0.010862
958317.440449 628.389856 272.059991 -0.015990 0.008645
479655.517489 94.279243 120.448322 0.015847 -0.017026
167238.956395 558.826134 267.282377 -0.012176 0.009130
1592486.357127 737.101411 73.175791 0.009857 0.005620
1189583.299304 433.262029 20.635835 -0.015554 0.016564
1124831.962923 303.344222 474.140161 -0.005180 0.004014
37146.621401 680.326822 232.415571 -0.001136 0.018046
205026.889315 568.983565 40.999487 -0.007873 0.004304
284161.461650 310.158464 183.757066 0.003491 0.003335
68690.410847 306.388152 301.919904 -0.013750 -0.014788
287411.349028 600.368181 403.710740 -0.012906 0.014455
1171263.018237 591.736432 143.876822 -0.004978 -0.015526
1682127.158941 315.144982 577.297617 -0.010882 0.014561
1824708.168313 264.628323 346.569646 0.019215 0.005361
369206.509725 98.061504 13.256309 -0.000371 0.008404
1208981.916871 419.666387 56.085733 -0.015657 0.007258
446720.970071 202.004717 259.133276 0.015811 -0.002831
586212.983628 385.026893 101.905471 0.001338 0.014294
560717.814863 299.431271 150.829024 -0.010340 0.004125
234257.601311 123.608904 559.116508 0.007794 -0.014618
1133248.557864 703.388177 154.288734 0.003534 -0.005189
1934248.125150 153.848562 536.755599 -0.017575 -0.007945
1152133.833222 226.435595 331.585317 -0.019686 -0.012922
1965200.129880 240.596791 396.640780 -0.013872 0.013374
1034901.121182 346.034737 125.777046 0.010822 0.006914
1623246.405098 708.875750 497.113449 0.009752 0.003209
1926329.093951 248.294077 276.060597 -0.011181 0.015961
1658576.383096 150.346361 54.915196 0.008977 -0.010072
786221.519479 240.668248 318.774416 0.017812 -0.007685
1421758.733421 742.985049 365.296113 -0.004950 -0.017112
888519.625593 711.224345 307.922488 0.006003 0.006217
374128.679919 371.693983 325.685197 -0.019383 -0.011608
247207.860577 782.976798 311.718235 0.003299 -0.012043
838233.393076 329.876586 231.718104 0.000634 -0.014411
1269501.125100 722.997086 262.452474 -0.014118 0.015258
1490342.234955 701.646728 467.358860 -0.005829 -0.010057
1720173.599068 639.042949 82.435714 -0.005116 -0.001873
1589947.016719 447.914090 550.746881 -0.006481 0.003068
254199.274003 369.642908 332.044600 0.005901 -0.018211
1506623.924480 52.638658 274.420525 -0.014402 0.003089
1187558.641279 619.420416 289.329656 -0.018786 0.017647
663885.182079 620.227310 490.708443 -0.015549 -0.014782
134186.233456 776.808020 557.505788 -0.011846 -0.006224
763995.101100 799.430060 542.540552 -0.008033 -0.006498
960104.740672 341.040584 479.379021 -0.018605 -0.017000
1689167.128731 629.826223 84.583895 -0.007902 0.017118
1435140.350571 716.180804 421.927493 -0.012036 0.017047
1287450.956780 425.161807 421.422239 0.028032 -0.011568
1664884.491668 423.687894 368.433184 0.010574 0.009337
1916152.068375 115.461276 439.973708 0.014419 -0.002273
142374.806172 274.476786 522.200546 0.014832 -0.004932
1889104.925044 571.940201 98.146325 -0.016653 -0.019296
184043.514628 642.201056 547.223291 0.011782 -0.019927
1678137.485719 350.640851 319.858121 0.001619 0.016050
349432.717240 299.072416 257.467199 0.011517 -0.014608
327130.583267 597.563370 167.649003 0.015871 0.004361
1445781.852792 774.602278 571.341726 0.003724 0.013544
657045.848974 430.379111 332.787664 -0.000286 0.004918
1143416.638087 467.924830 254.987432 -0.000619 -0.004817
853229.746620 259.375068 490.984118 0.018361 0.014564
1436276.935710 106.657217 143.321234 -0.014051 0.016941
747046.145027 249.291202 400.868496 0.006107 -0.011775
555282.349025 300.247611 106.373855 -0.010824 0.018766
31011.744417 446.338913 303.787480 0.002803 -0.017976
259713.421697 113.379628 381.525297 0.002208 0.005059
30230.289339 785.653245 570.367663 0.013296 0.017668
1629124.594680 440.316151 44.872404 -0.017896 0.007952
1993199.337271 341.165094 5.720893 0.006604 -0.016810
437214.899080 754.169140 272.464927 -0.004223 -0.013118
847463.854052 328.927857 438.475478 0.017223 0.019223
1561464.248021 48.436007 73.450430 -0.003332 0.004610
1496915.452879 345.408735 358.166628 0.007988 -0.009430
1076064.875850 410.431004 489.234225 0.004502 0.002607
1028186.607653 487.294704 594.899361 0.000946 -0.009063
141764.248787 594.374016 129.918330 0.001005 -0.014465
778578.041484 759.033854 329.584031 -0.015259 0.015196
1058486.954802 720.160379 564.244647 0.005924 -0.007189
1112790.978101 319.595109 448.352499 -0.013854 -0.016074
24501.685065 553.738892 366.500685 0.013093 -0.007837
353571.678676 272.969407 548.370521 -0.013262 0.014619
375264.103699 191.539619 365.598878 -0.003807 0.010610
1493884.026769 635.038757 429.021548 -0.008196 0.016527
1188817.119779 659.922710 487.985913 0.001403 -0.000925
259519.063057 73.588762 525.498385 0.015131 -0.010176
1949033.547169 712.032741 562.423943 0.003455 0.008705
482529.103981 609.625403 35.885722 -0.013821 0.017257
1850091.109914 273.825082 102.647338 0.001383 0.009870
1871495.037280 224.853414 324.709512 0.006121 0.002947
908785.677938 195.371265 241.091518 -0.009280 0.011208
1755362.652128 318.254613 522.457188 0.010157 -0.008996
232765.271437 582.313849 98.886156 -0.018027 -0.007315
1765166.354256 236.167857 45.905393 0.017672 -0.002009
15434.920795 693.054747 474.802492 -0.012875 -0.003993
1077013.659792 90.886285 409.184215 -0.016813 0.010592
516053.778360 427.325063 5.541110 0.006384 0.012102
1576709.125925 429.808791 119.311346 0.006409 -0.008349
948767.654108 620.838332 11.999081 0.005590 0.013193
667159.362075 417.577768 74.319162 -0.003591 -0.001441
1146380.339352 334.177492 198.383780 -0.005372 0.003858
1462269.868451 722.472263 426.726758 -0.003552 0.019272
949273.004639 536.539532 309.863024 -0.000660 -0.006822
636841.273232 217.396072 520.712627 0.000696 0.017243
316267.470045 793.281149 424.384326 -0.012923 0.005288
1072709.865436 409.090710 92.575085 0.006414 0.016870
1234697.917120 187.223916 203.633850 0.017922 0.003937
1871003.135047 543.316271 300.410582 0.005840 -0.016339
968257.898916 95.939857 457.500360 -0.019857 0.004213
184803.100389 255.875505 525.719427 0.018327 0.013471
1613704.762242 94.151413 497.133478 0.000560 -0.008180
920804.219749 40.352489 484.060776 0.004759 0.008358
1455508.939668 184.640333 566.107057 -0.017314 -0.012833
1084419.887087 1.530036 515.027580 -0.018234 0.005933
1899527.167855 422.374193 461.391328 0.008464 0.001125
745706.753221 643.341410 508.958852 -0.010105 0.010551
1369434.811813 44.289026 529.090223 0.000563 0.002783
353913.564400 779.695263 371.835539 0.019301 0.003533
660308.989072 568.678108 491.887238 -0.009046 0.011120
1997036.600484 653.484574 468.715177 0.014266 0.014405
857968.969670 644.829488 232.631205 -0.012089 0.000742
1832483.595159 456.892407 194.111079 0.011205 0.012281
174050.590104 359.496048 525.228889 0.018760 0.018485
887791.815627 116.110964 561.477962 -0.017443 -0.014850
1048845.100705 314.747518 504.280647 -0.006251 0.006697
1236598.032171 273.731087 290.243064 -0.004034 -0.012072
688449.854352 662.532271 2.739337 0.009261 -0.018950
1047717.716101 518.870455 357.857569 0.013899 -0.003493
831685.772553 746.893971 517.006128 -0.008427 0.016116
1646809.537731 587.739991 29.271780 0.010388 0.011930
354697.854423 226.911629 115.001188 -0.019285 0.005139
1718570.137265 508.512758 581.716986 -0.006275 -0.018632
338487.908402 549.875318 517.481931 -0.013005 -0.003235
1776805.868268 558.750877 40.736091 -0.000612 0.001834
960078.654327 720.494638 287.205240 -0.006623 -0.012467
763596.911339 131.490819 555.799911 -0.002769 0.016999
1446903.674606 486.368112 125.234109 0.016943 0.005208
1673049.761761 619.659699 156.105193 0.012238 -0.015283
591079.477496 780.516037 482.931566 -0.013695 -0.013980
450261.526019 37.030864 509.508509 -0.008259 0.001258
788880.985598 618.763331 259.021924 0.014939 -0.015430
1247242.441982 204.394243 167.275600 0.002000 0.007424
405506.701397 218.070925 175.463026 -0.003537 -0.012416
1835863.754077 197.910757 576.633800 -0.012854 -0.017835
159031.381905 379.811225 18.546615 0.015402 0.005314
362722.217274 87.624253 407.288480 -0.018627 -0.003797
420997.232395 340.087943 105.431116 0.005809 -0.007875
580167.091722 213.241360 332.711071 0.002782 0.012607
479025.265425 617.088840 52.730378 0.001292 -0.012683
552036.800679 360.059324 258.353272 -0.010475 0.005105
969986.005207 253.882967 61.759119 0.000739 -0.011935
1471710.388303 557.550460 187.686134 -0.003399 0.009172
1430984.936390 500.653147 91.246842 0.015651 -0.009265
902052.609670 144.806669 321.032321 -0.019787 0.010004
700700.571156 195.564571 313.185033 -0.002450 0.011068
1408199.004553 571.459625 136.894023 -0.014614 0.018111
1713095.736556 496.033702 161.593330 0.018411 -0.014605
944491.339356 556.949202 498.928160 0.011378 -0.015569
1119457.834922 400.346399 441.484256 0.008485 -0.004355
8319.607940 130.614132 343.670767 0.001559 -0.013272
647061.014849 711.662756 247.491082 0.013808 -0.006846
379545.065751 439.232345 25.797669 -0.003330 0.007327
1990576.603445 218.744248 181.585501 -0.009387 -0.010669
876473.971119 589.741708 557.740476 -0.009187 0.000887
80381.552726 664.404471 13.426876 0.011031 0.001697
828036.629980 624.757868 423.163454 0.019512 -0.007202
1747623.103553 248.495491 124.626330 -0.008535 -0.013750
1072386.123739 381.163299 423.437825 0.003198 0.015738
777386.485961 459.528975 100.691540 0.007647 0.013588
801906.589792 103.843583 346.013372 -0.006800 -0.003958
197987.358178 296.161308 138.012810 -0.015155 -0.014134
1545926.498969 428.237626 556.340740 -0.000598 0.001139
492654.834172 281.838193 500.271550 -0.001350 0.005253
1978982.283724 792.837000 69.240940 0.007762 0.002811
17631.095842 66.283586 86.590458 -0.012956 0.010998
1966499.848276 461.688957 543.428279 0.003215 0.015404
611006.784537 527.314437 167.188765 0.001454 0.011209
850069.038966 247.113186 189.718402 -0.005918 0.011500
1676786.882652 479.014847 83.529689 0.006887 -0.017865
1557780.060711 529.549957 26.237175 0.015764 -0.005736
1227310.625476 722.656649 263.129610 0.011040 -0.018168
428616.731627 592.231598 393.450781 -0.015227 -0.007965
1127178.874392 340.234623 576.440326 0.013662 0.018420
1480731.590409 213.000670 162.152585 -0.017758 0.004785
115335.758829 715.280157 130.617481 -0.012097 0.002659
541498.807511 781.028924 137.096696 -0.007432 0.014832
1167776.423119 742.221843 464.395463 -0.019063 0.007407
1705487.274428 189.981727 255.848472 0.000328 -0.005718
1455042.508177 58.120239 469.431621 0.007517 0.016569
1485351.840726 341.795807 108.578917 -0.019528 -0.000651
1600046.444498 55.837818 226.817948 -0.019282 -0.009272
1889695.885540 230.359360 146.830200 -0.013085 0.004138
230475.999522 605.678759 319.147932 0.015520 0.011181
434670.210087 593.475955 10.093884 0.005757 -0.009956
748135.628527 296.864115 193.303730 -0.013686 -0.017659
474188.291689 718.669972 292.519102 -0.003303 0.016295
1941577.332067 174.336821 588.677763 -0.006019 -0.010643
499196.726130 235.236027 314.412246 -0.000251 -0.001308
254300.674542 487.663774 134.032665 0.006359 -0.000094
6325.354803 700.267359 144.001086 -0.019183 0.000819
980919.682878 315.888031 534.907256 0.012547 0.001977
1900851.625903 40.305824 269.172189 -0.002567 -0.001268
719689.197242 326.293589 412.250992 -0.006340 0.010293
1844748.197982 472.757456 30.379194 -0.002167 -0.016572
1036199.990211 459.120847 416.455454 0.009645 -0.010745
385683.919483 595.655848 65.143443 -0.002695 0.010619
1256102.471266 738.634020 95.955219 0.000651 0.009896
1419511.694191 375.584079 472.665778 -0.013635 0.016259
511292.832210 415.060491 189.507937 0.017689 0.014400
145034.134456 691.365892 270.233227 -0.015048 -0.007554
1071721.370831 513.281906 530.719177 -0.010800 -0.004671
233847.819378 338.318302 77.205853 -0.011023 0.014212
1786277.592083 682.037731 467.465848 -0.017903 -0.005089
1031918.257955 609.737454 505.915783 -0.007877 0.016825
1499349.890975 446.529613 263.473228 -0.017352 0.000066
597617.807145 110.201102 219.172419 0.010003 -0.009539
1353622.215499 228.359727 541.946562 0.002466 0.000630
573296.933702 542.683909 563.811463 -0.003403 0.016137
1590131.532210 246.371822 453.834015 0.002999 -0.005559
258416.177825 72.748509 73.664109 0.018867 -0.004270
87595.200207 577.083302 571.551518 -0.000686 0.011451
906233.425674 625.699490 554.273540 0.012748 0.001244
370032.188655 396.078732 489.524052 -0.016460 -0.017733
664767.085884 299.677814 441.655819 -0.009136 0.011577
1278253.811075 53.066939 58.632707 -0.004136 0.005626
916040.443311 420.046166 438.714878 0.003226 -0.000154
249204.321880 499.392186 130.427632 -0.016941 -0.015707
8661.484350 424.290362 533.496426 0.017144 -0.006053
841302.204338 90.205181 506.246426 -0.010485 -0.011972
1802783.200425 455.853462 346.061251 0.005478 0.013643
731632.451868 220.867460 544.675458 -0.001427 0.006856
1096714.972098 736.838475 118.101755 -0.008809 -0.000031
1386984.768969 323.736876 76.219240 0.016468 -0.000748
469499.863903 732.309571 6.761955 -0.015015 0.013792
718651.906922 435.554918 574.486263 -0.011853 0.011245
316653.122342 84.207314 211.270001 0.009829 0.009275
385530.231700 79.875654 10.918709 -0.015988 0.002564
1379939.433830 519.289313 291.410200 0.015432 0.017161
1974529.288697 463.851698 199.396000 -0.015486 -0.000377
1626419.535664 279.586289 244.580346 0.012973 -0.001065
503204.831157 146.295087 10.719832 -0.011627 -0.004511
1600260.999799 293.201932 294.657487 -0.013931 -0.015946
467442.890847 275.446094 121.030014 -0.009918 -0.002202
1530910.291491 753.176602 56.439603 -0.009999 0.013167
43405.273949 190.006424 245.183163 -0.005807 -0.005897
1801413.789299 133.611315 421.148585 -0.007684 0.019666
348673.859774 447.683036 104.903779 -0.012289 0.010751
1122384.702378 793.570634 80.965887 -0.017908 -0.014240
474000.488629 229.277604 293.433583 -0.002437 0.001553
1867761.544822 162.939292 288.115785 -0.018873 -0.001833
617712.498930 39.499381 415.330787 0.008741 -0.003852
88793.583256 495.004084 342.664871 0.009873 0.016976
1123119.018564 736.099035 291.704966 0.009392 -0.015511
510837.786138 237.606647 62.696311 -0.004341 -0.005988
498234.962345 502.601674 381.628685 0.009529 -0.017333
350510.791107 537.747512 162.815263 0.006242 0.007961
1451432.125387 771.421629 449.277043 -0.003352 0.007330
303273.376219 370.215117 180.049768 0.008882 -0.011671
454803.713809 227.090824 76.208862 0.008591 -0.019206
480071.545802 775.557641 189.875875 -0.006237 -0.005564
1333575.176696 474.921636 592.962417 -0.007805 -0.006722
110627.538576 382.875815 2.032870 -0.006983 -0.014555
1406769.050940 41.597916 59.200445 -0.001890 -0.001185
1561676.394922 482.391372 559.411600 -0.016757 -0.006992
281255.947557 246.816002 365.009985 -0.009252 -0.019073
1257382.930842 407.227202 595.956479 0.017794 0.014124
706537.016996 489.578414 268.707742 -0.006337 0.016644
1558318.719993 317.989213 236.947029 0.011340 0.008938
1057752.200895 389.359007 465.755954 0.005109 0.017509
491364.625511 326.423686 325.145941 -0.012863 -0.000410
1734950.389590 255.139694 479.275699 -0.000927 0.003494
1643357.573842 84.562487 57.075817 0.012570 -0.017966
1898263.090243 133.992402 397.728318 -0.004151 0.000396
1157183.811607 140.828515 544.401070 0.018937 0.018336
1260090.642264 401.511762 266.713181 -0.003781 -0.014824
767107.214205 521.431235 323.148336 0.016992 0.013178
55740.578126 634.690398 88.891549 0.013032 -0.009282
1471867.368311 518.885221 224.891730 0.012995 -0.001654
851158.514084 624.340550 377.778261 -0.016458 -0.012919
279214.015361 533.174769 211.741933 -0.018181 0.005624
622537.959657 541.235463 84.887281 0.010263 -0.016716
543551.074594 112.282630 439.401024 0.012710 -0.017354
1125283.938425 670.352920 515.202205 0.008428 0.006536
255944.995329 357.693416 187.214376 0.000113 -0.008833
1549879.616848 742.654923 35.434095 -0.003804 -0.019304
474171.187949 435.861296 410.440892 0.003572 0.003649
648167.413030 720.785499 160.427947 -0.001354 0.006306
697835.028496 590.009606 478.483757 -0.016726 0.001913
1725670.433475 515.912715 231.172025 0.008676 -0.005429
99429.388577 679.226445 481.598121 -0.005522 -0.005941
163663.104253 109.375662 168.315176 -0.008117 0.000287
594763.153510 303.503345 52.589975 0.019269 0.018785
1355525.087265 244.750996 522.006244 0.017883 0.010917
1053977.892294 234.862785 305.680907 -0.007017 -0.004942
115031.983757 149.716574 12.642273 -0.002315 0.016318
752375.869431 393.880033 454.947855 -0.012786 0.014192
219437.964363 208.634195 595.044008 -0.004391 -0.003929
1068114.026016 550.201705 469.009985 0.004833 0.006854
1499866.051366 239.069737 584.312230 0.004743 -0.010280
1491842.997955 116.939649 322.391072 -0.009731 -0.001136
1826279.228472 250.922256 395.103148 0.017311 0.010248
1133058.067007 247.598973 149.327252 -0.007040 -0.000439
207507.431604 346.718984 450.171591 -0.016174 0.012959
304737.184339 504.204222 306.785204 0.017353 -0.010003
361247.467977 546.616520 329.400134 -0.013809 -0.007883
1585793.637478 720.491775 269.458425 -0.006769 -0.013809
1841064.114050 194.801181 281.398512 0.003177 -0.012866
451362.950938 116.086639 291.960307 -0.001003 -0.001228
1950936.490647 462.879664 542.122264 0.008156 0.007843
1454702.783122 701.805780 182.532885 -0.010453 0.012481
1108684.254395 335.363691 297.106664 -0.015856 0.002984
1596490.624173 716.978369 284.987191 -0.011948 -0.010601
1263706.185512 134.360467 282.386607 -0.015932 0.009881
1294332.516982 261.289067 535.620409 -0.014662 0.012051
723046.520130 87.194040 228.321889 -0.009397 0.013364
107937.715067 793.539615 426.981213 -0.005729 -0.010813
1046872.077066 729.128855 390.042055 -0.019338 -0.019461
450965.188654 653.588426 546.915493 0.008019 -0.017423
278162.196408 266.322378 139.793786 0.004373 -0.002628
1960316.196066 205.556294 456.623916 0.014895 -0.004394
1125740.257616 187.546569 299.749122 0.017720 -0.000065
668170.334151 797.001420 294.295055 -0.018179 -0.005834
1443825.863043 455.557147 159.990559 -0.005091 0.003545
564375.188464 478.313714 242.697340 -0.012222 -0.008030
938961.728913 267.017734 379.614304 0.008081 0.017697
132214.712972 546.519621 119.643629 0.013262 0.002218
1179224.623916 311.749240 473.218470 -0.016470 -0.006663
575213.267736 338.902277 197.891144 0.011037 -0.001202
1368718.602401 400.653514 23.806767 0.018035 0.014941
1254302.726711 185.973716 282.718757 -0.018667 -0.002902
1541011.519516 401.072051 456.309265 -0.003915 -0.011862
1407684.757098 375.256319 531.864089 0.016146 -0.008176
883750.411162 393.947667 411.740176 -0.010641 0.003296
38293.802197 414.614766 2.945721 -0.006037 -0.008099
949396.727117 26.714409 478.715383 0.000589 0.019417
1340193.529306 112.367168 130.046884 -0.014307 -0.013065
1289556.392138 729.442365 404.424153 -0.003807 -0.007432
1756783.113702 87.967588 469.279554 0.010538 -0.019653
157687.638028 165.902627 303.270539 0.010628 -0.002492
175039.783202 626.863424 573.446158 -0.016270 -0.014665
506304.289450 453.523517 99.469149 -0.017958 -0.016725
301433.914481 576.107895 133.637924 -0.005343 0.014524
790027.673724 9.797480 464.101117 -0.017200 -0.003253
176035.711624 758.574116 317.132993 0.014811 0.008522
1081972.172988 759.393065 552.199538 -0.018220 0.008658
715741.816310 107.063008 299.029263 -0.007412 -0.010926
1263880.632475 454.199897 476.693263 0.011932 0.004699
1751026.801649 758.906142 202.546632 -0.016146 -0.007303
399196.095951 394.597033 198.016632 0.019036 0.002403
1496994.359185 48.779807 306.294794 -0.008910 0.017282
445396.929255 653.789870 529.579894 -0.014299 0.014551
1193553.106484 400.030916 599.284764 -0.016136 0.012554
450224.472419 581.562729 229.313185 -0.019240 0.001037
1999453.321099 715.792934 285.556821 -0.004891 0.019512
1584501.028799 429.387914 291.137665 -0.015109 0.000406
94458.571679 696.595848 342.664859 0.002270 -0.014108
1007827.074736 623.645740 579.454555 -0.004562 0.016866
1658558.308919 786.500830 253.327222 0.013090 -0.016894
475365.567242 42.256025 483.104403 0.004450 -0.017006
663714.367274 495.950036 580.655706 0.012238 0.018206
1919117.403179 479.318273 296.842853 -0.002179 0.008830
9624.167350 393.676665 354.789509 0.003061 -0.018038
1478876.057770 64.537489 497.186548 0.007900 -0.001375
1502145.321808 426.692202 269.308830 -0.013027 -0.005539
1054818.871922 329.169528 247.939201 -0.006669 -0.018737
972186.690649 532.073828 390.603963 -0.001891 -0.001123
1216433.286302 329.724977 43.157087 -0.015876 0.014306
1585452.240699 85.803946 209.835573 -0.004614 0.007185
796849.675848 99.110326 458.923912 -0.011052 0.013095
461377.134761 782.737965 217.150215 0.007158 -0.013906
1447663.852688 165.379749 338.353873 -0.014476 0.001611
1190708.408687 498.896328 122.949587 -0.010151 -0.017000
1355477.244293 683.948362 294.266193 0.009988 0.018268
694211.989964 433.635062 39.192222 0.007892 0.017091
1497031.391364 75.976256 30.315404 0.000515 -0.007103
1759090.904966 594.567246 180.090442 -0.010326 -0.003075
904928.793621 772.215303 377.889293 -0.019363 -0.015856
341892.055395 489.216139 436.950694 -0.004949 0.014346
1609370.418642 43.240111 427.926584 -0.008191 0.012132
1339833.364515 513.413935 206.944522 0.009413 -0.006426
543533.833951 386.256263 260.269530 -0.007100 0.019797
1510075.678821 161.263001 443.593820 -0.017784 -0.002231
325429.097901 406.517424 246.053411 0.011717 0.000969
1027532.088117 771.050002 81.306522 -0.010379 -0.006349
1987715.010526 37.091186 236.846845 0.008280 -0.006369
396776.620483 301.227706 588.779770 0.001750 -0.015589
639902.701899 652.518020 356.067095 0.010139 -0.014497
1179865.857204 406.186730 204.095606 -0.006854 0.002536
1568458.621189 393.345361 42.412113 -0.012226 -0.008580
1190290.628555 566.665956 150.082568 0.009234 0.017978
1180185.991889 580.307191 597.273194 0.019391 -0.002786
672088.553511 146.610298 484.919894 -0.007360 0.009072
1837656.663655 510.367666 325.323237 0.000515 -0.004372
1360614.323691 81.768272 539.211593 -0.019203 -0.002742
924125.776125 643.705229 555.031212 0.001313 0.019936
418950.309241 102.559422 424.505342 -0.001753 0.014286
1312754.557148 39.317569 349.905143 0.006064 -0.018673
30587.249450 790.716077 130.337432 0.012900 -0.007754
1889215.610870 593.541941 566.111413 -0.000538 -0.009828
669560.509114 133.575670 214.266098 -0.010653 -0.012488
1579576.984783 556.728197 595.080627 0.008583 -0.010897
1982244.182370 738.986224 214.083728 0.007923 -0.004708
432350.935616 283.829117 258.291034 0.011984 -0.019764
930735.730068 652.519303 596.749173 0.007308 0.005522
600671.720971 501.767165 227.903048 -0.010185 -0.015428
1270601.892504 463.727307 169.407376 0.019706 0.012517
938976.299455 626.137244 304.956304 -0.001543 -0.000144
1474031.937064 361.885399 251.780621 -0.016250 -0.013950
1605130.416157 247.888820 302.797124 -0.010660 -0.015580
1023340.410098 559.398437 555.327104 0.000248 -0.004727
1128556.229700 645.530014 5.364066 0.017751 -0.017951
248420.950141 463.950839 377.869118 -0.003979 0.002698
884577.235619 700.868694 213.262539 0.018006 -0.006582
1704879.713107 549.829556 474.357990 -0.009091 0.011199
1882055.445519 60.122335 54.879111 -0.002174 -0.007610
404206.608610 766.034851 4.964238 -0.014897 -0.001425
780987.060993 553.598133 162.369974 -0.004043 0.005505
642018.800900 419.963753 130.594551 0.018034 0.017212
1579863.075903 314.016006 483.413713 -0.014212 -0.006289
286431.929230 798.898037 18.424688 0.017334 -0.009132
1625355.291937 699.902357 207.395574 0.016181 -0.007130
1310099.705732 85.414458 166.966786 0.006574 -0.010593
1485499.756171 42.615276 555.873065 -0.019453 -0.001832
1126826.147142 267.597927 586.854630 0.011210 -0.008634
1817754.082297 456.443128 406.886827 0.008593 0.008650
42605.713030 685.991052 428.694785 -0.017644 0.011541
1969490.396776 691.886428 399.726300 -0.006758 0.010785
1972945.507603 788.366773 525.804648 -0.009413 0.005963
221002.463354 5.891531 421.328719 -0.018495 -0.019155
314139.836614 479.992564 213.017372 -0.014576 -0.004774
1280098.799281 35.335821 570.909846 -0.007260 0.010333
1334025.561499 271.190659 370.252758 -0.004778 -0.004324
817314.073824 292.188460 154.155205 -0.016997 0.007870
52254.755074 49.115185 409.158994 0.016106 -0.006933
662711.798522 9.712190 199.965892 -0.018609 -0.017999
710212.109941 153.360267 389.947109 0.008413 -0.006921
61999.699130 280.788225 222.980926 0.019303 0.006753
261157.692532 519.526099 3.943639 0.009910 -0.018770
797766.605764 125.358714 237.262805 0.006228 -0.010773
184709.901076 545.561363 175.171829 0.010992 0.003316
1235796.007903 85.197035 357.570755 0.018102 -0.014397
1292608.929469 245.420735 198.559893 -0.008135 -0.019321
1317389.029692 261.534093 220.457856 -0.018786 -0.007606
71927.786838 128.045941 575.620335 -0.018265 0.016304
1977614.946653 353.645712 38.585816 -0.004650 -0.016060
591803.305127 381.726670 467.326895 0.003521 -0.009937
726241.200569 164.950443 214.191485 0.018395 -0.013694
995710.504705 485.109167 279.142788 0.013154 0.016102
963862.695249 390.978841 138.008633 0.013993 0.000725
1079147.418532 708.512526 407.807016 -0.000003 0.017199
1174876.041326 389.807539 223.068488 0.006100 0.014866
937689.950195 758.403018 209.322236 -0.010090 0.001396
1200871.358253 489.463175 445.059751 0.018305 0.002828
1798372.363578 364.541238 105.928042 -0.005459 -0.008564
158766.744732 676.358460 464.431171 -0.007572 0.007851
584123.108808 679.623193 348.450423 0.018822 -0.006108
1019930.488905 447.150957 500.274190 0.015240 -0.011568
1412068.961846 279.532869 95.617378 -0.017819 0.003959
1390465.348675 524.162086 125.733108 -0.002531 0.004552
1560588.704217 269.310540 41.671907 0.018291 0.008019
709118.110458 28.893936 327.148937 -0.014848 -0.006250
481739.437432 336.598217 116.825530 0.012832 -0.004334
1084185.081108 265.348422 569.613612 -0.004950 -0.011497
321427.933090 65.736493 337.402555 -0.007415 -0.014402
322096.383349 11.986832 475.467652 -0.005153 -0.001927
811598.476400 120.541995 472.464113 -0.000995 -0.015689
975828.599639 663.116482 87.150267 -0.018663 0.018327
980873.326296 219.617656 226.462538 0.007422 -0.016145
1538962.265262 182.154868 256.907006 0.008816 0.004165
1281944.833362 703.728415 411.408958 -0.011784 -0.012046
1646853.441208 292.083851 129.287095 0.004643 0.009423
1334224.681991 17.357230 531.646380 -0.001768 -0.000139
1987979.200663 754.134722 196.166374 -0.014455 0.019113
567825.405192 503.294234 150.313559 0.006562 -0.007390
693992.653253 345.478635 324.646636 0.011088 -0.013999
290886.182473 333.110480 18.629049 0.013265 0.004820
461579.700216 523.987340 590.678279 -0.002175 -0.009190
1440439.939238 90.497327 175.722171 0.004271 0.002722
1578856.275221 479.850022 307.026351 -0.015375 0.009512
975708.803616 319.830725 220.172808 0.009549 -0.017518
1363849.989774 68.269349 296.170205 -0.011053 0.014433
1287670.666020 295.396826 165.695313 0.006991 -0.011979
1793086.186886 724.759768 513.274526 0.015254 -0.005942
253419.465503 481.208141 278.311503 -0.003099 -0.011660
65064.939701 167.159602 484.747195 0.001754 -0.007021
1093948.624606 25.775176 434.647694 0.016616 0.010813
1570950.974510 477.045029 513.961096 -0.008907 0.012846
1433502.711092 738.354126 113.615238 0.019692 0.003929
779698.448619 711.706862 301.762049 -0.010210 0.010887
1707668.152502 297.629291 224.061358 -0.007290 0.011696
1161722.038482 280.453485 0.769571 -0.004409 0.015803
650195.260835 748.381707 556.101488 -0.017995 0.014026
1393276.303724 667.681366 267.982500 0.002113 -0.015477
534900.189626 215.522774 20.976300 -0.001727 -0.009464
1264731.390059 676.831602 91.283454 -0.014608 -0.016303
1848317.172308 790.744279 278.395093 -0.008140 -0.007736
512088.236637 702.131898 394.304568 -0.009747 -0.009286
1104225.446984 465.392075 121.975061 -0.000859 0.005243
107543.810321 140.002916 279.445738 0.000010 0.009137
1156781.673039 614.916491 598.024967 0.004539 -0.011022
520065.349769 196.802258 42.868532 -0.003470 -0.004751
327390.441823 269.734990 221.921376 0.005097 0.005373
1353004.063178 707.077668 306.892436 -0.006554 -0.014396
1558240.596931 709.422722 433.357879 0.019291 -0.005450
706633.334377 29.091498 323.764481 0.012775 0.001583
534505.464385 317.420999 182.825580 -0.009439 -0.019548
1061346.780072 419.664421 154.594273 0.004149 0.017555
1275778.349152 612.319267 164.480947 -0.019706 -0.004261
1816858.008419 547.149990 166.364016 -0.003176 -0.019286
837596.447597 159.349522 542.247408 -0.014386 -0.012775
537634.699856 395.991316 130.490936 0.012326 -0.007452
1509630.032587 60.004705 426.025919 -0.021910 -0.009343
1442342.147903 473.287374 518.384026 0.019155 -0.012315
1603574.954720 492.367144 575.730470 -0.016941 0.004953
706735.606634 787.753589 184.440898 0.005229 -0.003788
651319.147391 39.923969 362.498823 -0.010786 -0.012365
1573016.600485 398.506720 411.487874 -0.019891 -0.007687
1998835.487291 607.504424 229.956008 0.008382 0.012770
1445522.677826 344.841879 246.190406 0.003482 -0.003642
1207599.107738 311.290138 14.983928 0.002531 -0.001352
1297106.122271 733.664557 269.844609 0.018178 0.001910
1709409.523620 225.377107 358.930269 -0.001619 0.000458
1579454.636005 196.689485 6.027492 -0.000959 -0.009975
635151.660366 380.423210 5.274190 0.008020 -0.012581
1657542.871152 338.192074 369.107527 -0.010415 -0.019598
50074.195513 673.982473 239.513716 -0.017993 -0.003740
1728956.987955 558.710536 193.771689 -0.007452 0.006129
1741304.677791 135.044418 562.030559 -0.001257 0.005087
896425.988943 206.820839 524.706000 -0.001643 0.009357
248631.410417 620.633905 125.806898 -0.014675 -0.000941
789536.960791 769.432177 539.473851 -0.019591 -0.011932
1819863.026878 28.449817 26.395431 -0.007621 -0.016552
901731.744829 139.277711 470.681039 0.010947 -0.000473
878442.611954 515.247534 393.657218 -0.004974 -0.015492
569936.175165 658.810737 222.768303 -0.013647 -0.008689
212161.644461 226.539150 35.235970 -0.007364 -0.003275
1070836.321949 568.388158 227.882323 -0.002615 0.008851
1162154.364009 276.101295 454.432086 0.005038 0.006165
1685995.778854 61.430508 497.151198 0.005372 0.014020
631794.399876 53.838330 296.583689 0.018918 -0.002286
