120102.793966 630.390045 121.599796 -0.006104 -0.005545
269277.329682 299.979740 156.253163 -0.018281 0.015149
1260731.205931 302.285754 191.707612 0.013066 -0.002959
973263.179405 632.927119 572.904093 0.008499 -0.005937
1683880.506867 289.170948 229.244800 -0.016820 -0.013039
1760997.696668 175.439557 580.375328 0.011720 -0.019817
354965.669268 681.957064 474.570844 -0.004792 -0.012045
306862.422408 412.000137 346.445737 -0.003480 0.002354
913598.742761 34.978250 562.636751 0.011150 0.014844
723511.401901 210.209275 397.832929 -0.007307 0.019058
27418.055584 126.993233 203.121555 -0.004125 -0.010458
1026719.971107 221.751701 272.919845 -0.000715 -0.017199
919235.655535 527.226639 552.753102 -0.009944 -0.018415
247720.705461 324.247226 333.741652 0.008060 0.012676
229642.751734 125.536611 517.197149 -0.017956 0.017162
1463437.116455 330.397101 118.951219 -0.004254 0.009174
349002.480669 325.717274 534.045612 0.001239 0.011379
253345.397419 21.869817 48.650345 0.003296 0.000362
301882.374241 33.181940 100.935005 -0.017033 -0.008248
417897.793659 158.373706 419.923200 0.010565 0.015940
1032678.423930 703.054324 34.583096 -0.004921 0.017252
1981626.739717 86.495245 206.283650 -0.012553 0.000459
148080.320166 291.126504 546.228749 0.018533 0.015041
1426235.401736 72.459454 542.613461 0.011801 0.006902
826207.458426 756.234982 428.237069 0.003247 -0.019250
17939.873048 633.061565 129.720758 0.008266 0.002240
229060.592236 178.650329 260.708260 -0.012997 0.003902
729567.630556 129.750249 425.680995 0.008435 -0.006075
424191.899795 625.429076 428.243898 -0.015126 0.009743
1179453.697605 667.589167 501.705928 -0.000337 0.005135
1017047.714916 724.866788 344.256347 -0.011064 -0.000461
1184883.571782 186.631719 168.461090 0.012306 0.017670
1669257.284919 738.006105 97.878334 -0.009248 -0.016888
1530870.404807 506.865836 153.120945 -0.001072 -0.006374
1211583.405366 549.634074 75.429590 -0.007255 0.012392
1741377.547263 727.198843 385.827101 0.008294 -0.003778
544004.606336 172.615867 185.182217 0.013866 -0.002454
1594854.852927 349.853617 402.329290 -0.016924 -0.010146
1223177.906695 729.714042 101.275468 0.010940 -0.013133
527324.168257 433.116132 487.580272 0.000764 -0.019354
312490.830343 99.691201 422.370982 -0.009692 -0.002810
1025907.483430 120.803818 212.115347 -0.013732 0.014352
1509229.653286 341.854381 43.555538 -0.018048 -0.009426
1023852.793045 688.134140 428.150882 -0.012674 0.017496
1918069.081343 635.194126 509.713093 -0.014816 0.002801
59433.087734 314.540523 67.959582 0.013715 0.016465
257531.464220 800.578086 21.738706 0.013273 -0.008792
961609.428265 277.262206 259.692367 0.013373 0.000059
582120.371322 470.087348 558.508457 -0.005430 0.005996
408974.288222 701.727033 306.547007 0.016825 -0.017663
899929.745542 700.319639 511.691690 -0.008030 -0.019844
849952.291162 263.264321 237.648925 0.001509 -0.013091
617567.269419 532.381698 103.649637 -0.006174 -0.000019
907629.657959 661.838855 507.013664 0.015495 0.006320
693382.430213 141.764368 148.663439 -0.008906 0.001676
1797970.130014 385.116894 250.778107 -0.003522 -0.004087
955435.349120 688.620981 163.945207 -0.006711 -0.013570
557659.864685 605.867467 293.294959 0.007016 -0.008251
1324351.926951 788.298034 575.591273 0.013346 -0.006821
917046.023028 230.651449 93.487986 -0.007870 -0.012906
1632997.046985 519.060413 212.582433 -0.017493 0.017126
1790149.784549 770.183683 244.862343 -0.007407 -0.004952
1613713.184192 632.111059 140.615503 -0.016798 -0.015064
791753.703166 288.601822 527.179006 0.015413 -0.018591
347958.385175 437.342950 12.049012 -0.014655 -0.004616
701432.257286 473.865289 403.376849 0.000323 0.015832
1693039.169392 258.650288 326.910206 -0.012033 -0.004481
944105.254926 76.391561 210.589966 0.015349 -0.003686
1451122.988691 550.702484 119.894401 0.018419 0.010772
644142.737912 284.994572 76.574859 -0.011891 -0.010299
328294.663843 300.285628 473.818029 -0.012144 0.000425
344141.964030 428.823774 60.485704 0.013708 -0.018295
1995072.262359 551.863764 220.709576 0.001691 0.015581
1509670.835691 11.125953 591.074468 -0.015725 0.015785
783939.521193 665.473969 350.104972 0.003528 0.011735
702233.533702 730.432250 89.065700 -0.000811 -0.015203
783487.379916 514.355574 295.269924 -0.012696 0.013072
1976.599918 282.094788 217.565100 -0.015852 -0.012080
812477.567611 81.004531 532.113057 0.010929 0.005803
1551513.418346 422.686639 395.115304 0.010376 0.005366
1106838.468046 120.730658 279.738979 -0.014516 0.009725
516376.429478 389.590376 394.295161 -0.003974 0.018695
1541877.001311 639.173496 367.029071 -0.009510 0.019229
877046.727052 211.000708 200.393285 0.012097 -0.005350
1062152.807164 166.455848 280.966976 -0.003290 0.019316
220503.739184 155.083974 306.188679 0.010774 0.018107
285758.867062 257.633603 62.744394 0.004287 -0.002029
1694852.848395 693.283672 566.649774 0.000247 -0.009232
1823523.613542 219.373288 44.355461 0.000922 0.001475
109429.840049 768.290238 480.076107 -0.004460 0.010487
331166.874772 736.365515 582.234638 0.005307 -0.006548
1904142.131984 594.103308 318.589785 -0.001585 0.000436
967910.745632 483.314359 499.245600 0.003519 -0.011505
581591.096978 348.410375 48.133835 -0.010658 0.017492
706572.319710 117.979849 128.389444 -0.003010 0.006866
1499518.371885 385.542224 378.839922 0.001970 0.014864
785875.055374 571.528782 474.382512 -0.005467 -0.006112
257524.722376 252.977961 54.416089 0.006465 0.011202
1201976.699383 114.820488 228.941069 -0.002618 0.009277
1186503.038363 580.054150 101.855325 0.006825 0.018391
215485.423904 20.080393 64.840156 -0.007118 -0.001907
1555844.913030 56.630678 560.857989 -0.003699 0.004791
1610655.802121 641.113366 200.309567 0.003837 -0.013392
1363983.919548 580.610516 288.313658 0.010878 -0.004604
515601.680854 298.534183 317.665828 0.005557 0.012250
521772.659627 185.434878 319.578384 -0.002814 0.016121
984056.433190 429.803908 558.390516 0.003492 0.013621
764465.851134 302.205467 558.060792 -0.007321 0.011438
1098768.237559 98.230335 352.932528 0.014607 0.008845
1505133.839094 452.491837 265.850932 -0.010748 -0.006515
1656881.889169 392.732489 425.919303 -0.005637 -0.014821
1035409.796534 493.520173 216.332060 -0.018006 -0.018103
532033.862794 432.423904 349.921375 -0.012178 -0.014336
885049.308131 462.087858 312.435402 -0.005105 0.015767
611963.250959 737.628046 10.439455 0.015701 0.012226
1469794.933437 516.354772 223.620851 -0.012418 0.015617
1419313.830053 5.378220 222.231005 -0.003141 -0.005435
1001399.715897 751.272486 589.909526 0.014481 0.019442
57920.523946 103.065139 316.889345 0.004564 -0.007022
1340168.589419 44.042431 541.150231 -0.012379 -0.002906
1593328.125585 397.063408 209.028297 0.012546 -0.004448
308175.125303 438.501622 21.601691 0.000926 0.009131
1829796.170737 187.888325 440.324954 -0.008568 0.006237
194622.977727 628.369463 356.795172 -0.016823 0.005969
1163384.351490 85.760644 466.910827 -0.015274 0.009222
203536.384834 623.484258 467.001813 -0.019844 0.018799
408990.508136 640.546822 279.648813 0.002424 0.004635
1709918.606891 566.511068 96.622717 0.015766 -0.010612
1776676.395804 644.370381 280.256243 0.004780 -0.016389
248411.979642 575.638267 526.872623 0.008748 0.011925
1052401.075630 239.757855 543.562184 -0.007834 -0.003535
1254879.329007 324.233587 114.389584 -0.003733 -0.003566
322021.593490 487.281621 125.350842 0.000619 -0.015073
1647379.426121 386.219678 521.411537 0.019419 -0.005112
204691.412954 699.192947 106.324745 0.002791 -0.000170
536197.156895 555.249169 128.651512 -0.014200 -0.003474
25648.950611 537.971307 428.859954 0.016665 0.018940
247729.502734 436.845035 229.254114 -0.007400 0.018031
1580350.309415 379.757834 335.174738 -0.020008 -0.015902
1443766.372951 659.214111 351.096233 0.003681 0.012390
1912564.341869 554.256949 409.483475 -0.014674 -0.009431
357511.299829 321.091725 575.529440 -0.004428 0.001839
744693.135258 324.280068 130.801315 -0.016547 -0.007021
387589.365424 167.810828 523.079891 0.002987 0.000952
1645202.005117 291.596260 -0.137291 -0.004715 -0.005360
205411.871060 83.736144 113.559890 0.007509 0.007844
1996032.971887 514.922897 233.958639 0.007550 0.010360
1306804.762830 688.138983 106.583113 0.004502 -0.009856
1450619.077985 788.635886 395.016107 0.017715 -0.017182
1969754.747101 110.693807 168.474518 0.013618 0.008610
1609086.544071 543.897328 45.402742 0.012193 -0.017513
883645.576836 726.166401 99.671142 0.005716 0.003632
1722771.757153 502.395743 142.247365 -0.009970 -0.007554
28763.775727 722.627056 101.808523 -0.011965 0.000495
845989.907554 733.708367 301.382749 -0.016748 0.014414
1143645.596292 54.596367 600.425652 0.014091 0.016924
1423342.375748 525.727919 361.908764 0.011484 -0.001573
1329764.171191 184.925690 221.818286 0.013247 0.014448
1926056.274178 553.172377 294.468275 -0.012005 0.017724
1598411.507718 172.848124 507.800723 0.018773 -0.003699
726058.746095 314.106034 195.447758 0.014552 -0.001021
375371.614646 348.339459 324.780130 -0.012657 -0.008640
932014.105344 718.321501 567.096631 -0.017153 0.007118
811741.037672 587.825047 550.846558 0.010982 0.002639
1557690.799962 589.634989 154.982733 -0.009263 0.017508
399385.155365 53.247294 91.138959 -0.018133 -0.018557
1122038.441301 328.133518 256.543475 0.015486 -0.009115
1805346.826001 59.668275 425.564886 0.003338 0.006235
1995636.369100 729.251434 97.157899 0.017696 0.019448
1695958.700821 279.119979 427.795111 0.010648 -0.015090
558004.577904 435.833130 516.777839 0.001460 0.012504
1597187.265566 589.369810 528.850579 0.018086 0.011277
1833981.536251 410.016389 114.634694 -0.006180 -0.003989
929917.220459 197.745870 284.865399 -0.013200 0.007552
1471826.909795 138.687505 361.184211 0.015870 -0.015403
1165988.196230 595.182087 277.978547 -0.008187 0.000420
1172216.120722 460.771922 32.325831 -0.002202 -0.015475
1736107.381869 196.505251 508.179461 0.009950 -0.012175
1259741.624473 533.074337 425.019089 0.012848 -0.019577
218963.730251 229.088100 155.188027 0.003363 -0.001613
1902503.935575 255.788782 379.516963 0.002182 -0.011336
1496596.111682 109.367119 576.173231 -0.011560 -0.002662
941537.357374 638.184592 5.856066 0.001070 -0.010188
245239.558744 315.877638 292.933897 0.018816 -0.014289
1372376.816986 480.088800 484.735339 -0.004176 -0.003135
1637971.852737 403.626047 423.927081 -0.017023 -0.016337
337179.376901 23.727045 245.411623 0.012141 0.003350
1249672.392965 440.339217 432.863482 0.003377 0.010444
310196.676436 44.286312 335.830015 -0.013360 0.003298
1607296.809371 230.215790 584.985211 -0.008232 -0.009709
236307.595035 784.019675 515.197579 0.017035 -0.004962
561161.337682 597.055961 528.877987 0.019443 0.012913
1939371.158341 125.312197 512.003569 -0.004855 0.018364
870700.636353 2.040792 305.605511 -0.013722 0.003550
541779.813609 249.479567 386.780941 0.013264 -0.000884
453110.709066 506.694372 459.711578 -0.011929 0.017064
47266.968548 256.975569 543.171067 0.015294 -0.010195
562186.379247 130.001390 594.544283 -0.013528 -0.013981
1629854.769274 105.334814 185.091422 0.006687 0.000384
534606.907766 82.309431 307.418886 0.011064 -0.009663
203362.833803 38.251020 342.326910 0.009820 0.015220
92345.910190 778.891161 306.432335 0.012420 -0.012993
877177.283576 667.532704 297.712686 -0.006205 0.008679
1484435.888699 500.971084 528.889699 0.009362 0.011483
64404.659935 438.976059 550.680732 -0.006317 -0.011448
856791.879449 487.138999 190.769787 0.017638 -0.004616
1153201.109335 33.896758 259.484314 -0.014235 0.011662
618554.387530 154.333579 456.612529 0.012846 -0.019885
1875266.974734 207.506274 503.037014 -0.002705 0.004178
1111007.126566 140.216147 138.620792 -0.002544 0.016423
34336.430968 375.449285 275.444027 0.017107 0.004188
1349224.196444 292.211988 249.848513 0.019694 -0.007783
1602661.077679 455.133813 209.652761 -0.010647 0.008554
276647.354605 434.495881 544.416668 0.016428 -0.005557
1822198.850020 671.169429 373.227362 0.009941 -0.009120
453696.245539 243.681689 268.632805 -0.001694 0.009701
713133.517985 379.637464 125.365010 0.012603 -0.003601
36437.158490 391.712823 464.282521 -0.002907 -0.000566
159010.190591 189.097778 31.258707 -0.002845 -0.001198
1535456.720523 453.606847 6.980649 0.007007 -0.001246
749811.288319 470.136269 183.215159 0.019850 -0.006528
1154889.427663 178.741780 384.600176 -0.018996 0.007212
762647.938338 304.982861 92.480475 0.003626 -0.012137
1129345.827331 486.713984 410.804938 -0.006538 -0.018323
337378.635228 333.936517 168.885799 -0.011171 0.013865
1499918.929068 791.335720 248.062589 0.010346 0.006644
1760744.261444 108.727172 149.770892 -0.012555 -0.014678
1172923.453698 610.444153 215.702478 -0.010957 0.011547
79642.974809 486.077917 100.963789 -0.012200 -0.012032
730713.756164 606.826509 483.820969 -0.017944 -0.016077
1702955.846536 175.397845 309.533398 -0.014688 -0.002387
724785.897287 706.006853 257.965961 0.011053 0.005768
187236.443249 524.307757 468.707164 -0.006230 0.013668
1828784.213322 744.206740 362.762148 -0.009408 -0.013206
787390.226865 250.413219 459.587895 0.002477 0.000233
1929498.061505 743.026849 161.172285 0.010627 0.019221
730520.102536 499.672355 120.216074 0.015171 0.010644
1281053.293162 194.222655 381.733374 -0.017203 -0.019253
562426.321470 130.173612 404.886353 -0.017501 0.000264
1033437.869061 779.975491 262.800391 -0.015121 -0.010092
1192859.900739 412.555710 336.306058 -0.005498 -0.016832
138898.690296 261.427453 3.523762 -0.006509 -0.015988
1973181.982512 561.002474 434.055584 -0.012566 0.003318
957790.512106 660.710082 496.874190 -0.015322 0.015869
1692076.045876 318.217824 36.195892 0.000830 -0.001624
1136829.509929 29.183236 260.358243 -0.019514 -0.013629
1367539.427880 482.417534 406.315784 -0.010179 0.018676
1509350.044424 252.414900 176.128326 0.010396 0.006119
785056.476847 597.971150 212.895309 -0.015366 0.017396
1873643.585422 476.145839 457.097735 0.010545 0.008430
1315983.134935 488.247484 64.667681 0.008808 -0.014713
1135951.929323 228.615925 100.564400 -0.019851 -0.008260
656102.584980 548.467564 539.296174 -0.019843 0.017279
1727078.126616 606.254115 148.306004 -0.013758 0.000840
1797488.349396 438.907275 161.432459 -0.009882 0.006606
406141.346510 152.112489 156.485148 0.018577 0.018124
1941231.998588 497.091546 337.375832 -0.016814 -0.006386
1386830.762674 518.582499 376.801624 0.014459 0.005998
1843128.023596 152.294308 201.666855 0.012787 -0.012237
538331.757550 546.169338 571.867338 0.000657 0.013532
944807.663069 332.434018 233.383917 0.009347 0.006553
106756.882792 754.912328 514.590258 -0.007557 0.016348
1618777.323337 226.568579 318.137443 -0.005085 -0.005233
1742666.514471 52.446217 6.981249 -0.000035 0.017115
1321460.731012 337.237639 69.659475 0.019887 -0.010389
620834.287545 213.104160 553.858748 -0.009469 0.011293
1523195.320518 587.350136 118.882043 -0.014018 -0.000940
1731081.362688 163.162570 252.015780 0.008917 0.000662
656632.629529 425.740262 480.599980 0.014354 0.016122
325566.043298 583.644286 580.986956 -0.013080 -0.010860
1792559.657149 666.278210 390.355293 -0.019492 0.013218
1778465.217808 259.381169 59.272891 0.012369 0.003541
1763427.173609 457.731868 193.037849 -0.017893 0.010184
1593951.392730 755.875475 556.289840 -0.011306 0.006603
886016.743670 435.766179 119.149420 -0.010406 -0.003812
204796.643092 323.750066 80.815926 -0.017154 0.002968
727276.621725 773.369693 248.458444 -0.019649 0.019096
488690.041233 721.728664 183.049521 -0.006266 0.008564
1781116.410057 179.173928 171.931325 -0.011466 -0.007824
20635.784613 7.626011 149.505864 0.017503 -0.010969
1834876.302553 303.326929 462.698064 -0.015330 0.004952
350019.654422 174.625341 16.706288 -0.007612 -0.008379
1214501.650638 537.659538 155.107367 -0.019201 0.007499
477760.385944 211.518221 353.521151 0.001769 0.004275
605806.972182 347.276383 499.317989 0.003595 0.005791
272576.070518 480.074455 392.516904 -0.004568 0.001524
1759240.741729 243.220297 550.250494 0.005984 -0.003287
1080301.612187 660.469171 382.580193 0.002793 -0.014590
1857771.559552 140.138939 484.291529 -0.012474 -0.012186
988850.145130 339.862906 276.884822 -0.016671 0.018751
134591.829094 309.671501 242.614856 0.015995 0.019023
96963.198901 28.644786 345.813879 0.008322 -0.003141
227820.812831 464.933315 434.725333 -0.018764 -0.010713
290631.014058 457.602098 34.200217 0.011504 -0.014515
385931.693197 569.444781 190.198812 -0.020031 0.015996
1023297.854244 397.162178 195.430928 0.018828 0.003271
589125.026292 31.592014 579.739135 0.007953 0.017446
1882412.602139 596.847208 584.003097 0.000685 -0.002101
790218.714061 504.699730 18.749786 -0.015187 0.006556
526777.357108 212.284795 139.803477 -0.007108 -0.017985
748590.766801 411.853622 457.613899 0.007590 0.000591
1324791.236466 162.275342 5.931644 0.019526 -0.013031
1179151.767483 226.050057 128.398442 0.002197 0.019231
301466.356172 395.943092 434.754098 -0.014979 -0.019514
349183.755158 414.952916 387.386286 -0.011763 0.005625
616335.581344 375.079258 543.806125 0.001724 0.011540
1910511.639859 733.798819 182.944654 0.008695 0.004282
1640005.631205 304.815273 484.982711 0.013289 -0.005347
1964468.728734 335.797987 391.200067 -0.012188 0.018995
1261209.360911 276.206657 282.365728 -0.005748 -0.001165
968463.258337 424.315014 593.886088 -0.014826 0.009420
1257770.379660 350.166416 124.031651 0.001254 0.019273
1991034.577596 391.367568 537.624175 -0.008006 -0.011739
1007596.648767 95.789326 353.488397 -0.006644 0.017891
1912045.142572 235.963694 222.800324 0.004268 -0.000412
692628.538559 190.250380 501.228997 0.008863 0.003713
609848.141023 240.635048 74.914257 -0.008219 -0.002768
1723251.459991 737.592714 520.933486 -0.017354 -0.001710
1696924.347289 50.400921 567.939783 0.009832 -0.005582
309029.791648 199.741383 289.723255 0.009625 0.002320
867302.640745 559.235889 513.476856 0.012175 -0.007824
691843.061099 120.505742 326.178220 -0.012866 0.018624
272265.500516 388.365423 162.236393 -0.009546 0.011206
1400582.436193 98.378688 421.238118 0.003018 -0.012281
320566.674844 332.995948 150.751641 -0.015710 -0.013505
1229627.376064 208.713537 246.098171 -0.016041 -0.019856
1946485.269790 425.029283 421.411408 0.006909 0.006470
15066.369444 140.507678 292.254770 0.002011 -0.005762
911695.870064 549.146019 506.311005 0.009045 0.017874
1245159.992597 340.284948 42.840566 -0.006251 0.020309
519428.529087 388.676624 247.039996 0.000346 0.003873
1147820.552414 102.253723 512.424104 0.019417 -0.011053
1717933.562453 767.113034 453.762046 0.002496 0.011447
183230.377819 455.343518 577.666786 0.003167 -0.015303
640928.558372 27.391050 483.304496 -0.013450 0.010280
1503776.668340 629.038677 110.995959 0.012842 -0.015527
360957.489517 65.401523 358.339432 0.003707 0.003715
380073.533570 131.884373 431.546000 -0.018228 -0.014033
1889061.825298 723.424393 66.010889 0.008014 -0.001339
1796955.322752 633.896670 20.370438 0.014482 -0.005169
306282.549308 147.060959 243.137564 0.018363 -0.006192
332156.324914 567.571108 78.923641 -0.005930 0.001321
485168.456326 426.720715 367.253541 0.013031 -0.014857
413343.113108 24.410335 173.535900 0.017103 -0.017007
883643.182406 697.258881 587.106717 0.002073 0.002805
887249.075289 360.294154 217.481262 -0.000904 -0.007439
1467432.667253 504.245775 297.520054 -0.014407 0.003561
1682910.725327 245.202427 179.540096 0.018975 0.006317
1660796.624450 172.290413 113.435127 -0.002233 -0.017768
629926.086697 520.377874 50.903494 0.004188 0.003113
318150.466456 37.181602 269.352092 -0.013787 0.003910
40123.955365 464.599484 28.995245 -0.004740 -0.017508
724761.667999 94.054370 413.602858 0.014319 -0.009802
558074.092752 559.691120 337.292466 0.003108 0.006875
438651.350531 326.398498 533.321787 -0.004239 0.014610
1885724.248311 578.887198 300.919410 -0.018901 -0.006828
158400.153815 149.290435 226.079091 0.001144 -0.006981
1952982.963972 437.491765 543.714241 -0.018960 0.017280
1927788.328346 311.047372 28.213911 0.006202 -0.010087
607879.136041 747.019785 567.563637 0.014625 0.000466
1236504.919471 67.946738 551.390721 0.000256 -0.000272
1541570.438790 358.759952 131.497485 -0.009122 -0.000970
1098586.873663 282.352193 398.445250 0.017054 0.015184
1973812.054831 723.155533 257.398401 0.015645 0.017439
717421.361579 684.428070 190.611287 -0.003731 0.000395
1128238.588166 568.343214 265.728101 0.000398 0.003056
1906900.824936 103.271739 396.787237 0.014911 0.005397
311031.282093 514.373183 50.709648 -0.004966 0.016679
1119457.958787 738.758211 161.446758 -0.010740 0.013996
295815.608602 167.817978 451.545396 0.003004 -0.015979
1365835.790227 746.618538 574.035857 -0.019993 -0.006441
933742.419320 452.469315 30.002045 0.016418 -0.016958
1254474.420685 690.015515 122.209189 -0.008479 0.009408
1674721.783807 355.671780 227.757279 0.016823 0.012741
589441.845468 384.428178 445.830891 0.002565 0.008109
1186208.380939 568.285392 547.252692 -0.006137 -0.008544
28320.921598 24.625924 131.603043 0.018877 -0.018779
1123059.363627 350.771369 356.750849 0.004364 -0.006048
1339490.994503 192.651407 126.489954 0.014920 0.001162
1892333.765464 567.774845 583.331629 -0.007220 0.005368
1580513.963280 495.702578 66.150169 0.001235 -0.012664
1628540.167412 101.054184 535.771102 0.009075 -0.001117
358744.990248 592.735775 301.820302 -0.004039 0.008491
1065496.480589 768.633616 90.556229 -0.014932 0.002938
996930.964755 638.379437 488.919463 0.008373 0.006815
685065.261407 523.964373 229.056061 -0.007663 0.019141
22284.613001 83.049366 360.086865 -0.014813 0.005106
1564209.169505 749.570599 458.185942 0.006970 0.006548
471659.941818 684.022040 242.392854 0.009525 -0.009788
234378.384535 216.393571 129.536159 -0.009230 -0.004016
1581110.075852 613.276342 117.730704 0.004190 -0.000950
1733102.233956 757.526063 78.145247 -0.010149 -0.009497
222272.466972 206.817397 219.663304 0.008454 -0.004767
7593.072023 394.868902 189.599864 0.010723 -0.013148
1961038.188991 2.036497 14.009880 -0.004567 0.009662
554464.627316 401.914638 7.694575 -0.000263 0.010864
821613.773155 227.358147 322.683841 0.003932 0.015620
24485.756655 378.295501 502.199280 -0.014262 0.008808
196372.594776 203.387314 587.985301 -0.001422 0.018541
718005.964867 375.053974 274.479835 0.007053 -0.010217
1252709.545778 525.443335 142.119030 0.005946 -0.018314
1958473.456073 741.844122 326.323643 0.019622 -0.003223
628831.249023 322.276777 421.322287 0.014053 -0.019645
1185057.482303 690.543577 288.834418 -0.002873 -0.019713
406775.272641 421.101639 157.343588 -0.012903 0.019393
452064.211691 433.135128 275.594823 0.007348 -0.011357
1391094.198167 249.233433 524.874525 0.017221 0.018306
1830316.959801 730.311707 532.208303 -0.001630 0.016129
610994.441719 618.088880 184.017803 -0.019664 0.004984
631021.334152 481.840821 292.052161 0.011834 -0.018567
989235.750860 1.821915 334.019298 0.010258 -0.012654
1098658.789461 784.322131 435.141114 -0.019663 0.006629
1883467.686308 564.572234 586.029705 0.012810 0.005379
1871849.530317 584.842012 330.505201 0.012870 -0.012444
911993.535660 102.269899 577.344018 0.010580 -0.014598
1176139.691461 61.536006 443.481192 -0.016930 0.015019
1537174.407177 456.333993 526.434792 -0.006938 -0.006929
123261.179832 700.930856 185.284096 0.011685 0.014903
1946848.674653 583.277887 354.095399 0.017980 0.001709
457599.283409 709.022957 164.559875 0.011211 0.008296
926562.791190 189.181423 501.699334 -0.000005 0.020049
1942178.605097 12.083777 45.315639 0.008402 -0.016361
1905775.863633 382.753859 397.502110 0.013276 0.012158
1975712.466974 713.571503 407.986898 -0.008327 0.007171
1128937.655654 214.586151 243.661182 -0.013901 -0.011212
1900458.380534 306.160864 62.054475 -0.011064 -0.013423
1623668.112617 549.994911 239.558741 0.005847 -0.015471
798515.523224 494.055930 76.739432 -0.000978 -0.006941
438456.544857 343.747734 482.263915 0.015114 -0.009785
1216805.763178 694.595086 90.649258 -0.008497 -0.013394
1661706.700764 681.407486 259.094857 -0.010495 -0.019709
1303971.794110 150.846434 233.928305 0.010277 -0.003515
1107963.914568 455.366120 58.944353 0.018169 -0.011402
425643.800956 282.603320 500.011452 -0.007475 0.013808
318262.858465 449.169741 154.973200 0.018569 -0.002270
1036196.117772 457.906623 186.636257 0.006835 0.014617
948553.069005 401.517250 427.734010 0.016399 0.009351
1438074.149861 446.933952 555.740168 -0.015619 -0.007595
677338.477540 530.415277 530.677283 -0.002501 0.004693
197747.041563 521.197680 583.545405 0.017219 0.019650
1601492.672973 71.536022 330.565555 -0.017642 -0.017808
1987075.958395 461.499240 375.161934 -0.007823 -0.010052
971748.938305 621.732312 449.398797 -0.012076 0.007403
974474.447302 733.542265 146.099326 -0.003453 -0.018912
1121549.802423 602.050068 413.126558 -0.002208 -0.012397
613932.794246 434.629920 504.543810 -0.008854 -0.001012
1665525.531241 62.891968 338.607161 -0.004475 -0.014540
1238773.710671 302.386007 429.536381 -0.010181 0.007295
1925637.924078 585.377823 276.691456 0.008456 0.017207
290519.337305 158.622645 508.069302 -0.004365 0.004492
1745488.432117 760.832849 218.945285 0.002443 -0.004207
1111265.337612 695.139937 563.135071 -0.004274 -0.013855
829182.160473 184.336415 135.878090 0.019236 0.004581
728391.627189 478.767063 596.343346 -0.016884 0.013650
1349985.243450 33.270361 346.057780 -0.014501 0.010167
1010733.056353 223.868258 571.601656 -0.005913 0.006792
1129411.861826 180.402482 373.217577 0.017221 0.011490
33999.050983 389.275118 394.212625 0.021485 0.015679
1606354.705806 296.112364 66.663675 -0.018775 -0.005950
1451822.744427 315.184947 570.271842 0.008765 -0.001002
1590584.168020 314.827110 309.316967 -0.005147 0.001139
538209.161040 700.862054 484.848700 -0.011161 -0.010864
958317.440449 628.093071 272.220487 -0.015993 0.008651
479655.517489 94.573483 120.132452 0.015861 -0.017013
167238.956395 558.600276 267.451829 -0.012163 0.009131
1592486.357127 737.284250 73.280265 0.009847 0.005638
1189583.299304 432.973583 20.943440 -0.015530 0.016584
1124831.962923 303.247935 474.214573 -0.005195 0.004005
37146.621401 680.305737 232.750582 -0.001136 0.018056
205026.889315 568.837222 41.079474 -0.007897 0.004316
284161.461650 310.223282 183.819140 0.003494 0.003354
68690.410847 306.133014 301.645475 -0.013745 -0.014785
287411.349028 600.128649 403.979109 -0.012907 0.014465
1171263.018237 591.644007 143.588861 -0.004982 -0.015506
1682127.158941 314.943115 577.567373 -0.010872 0.014509
1824708.168313 264.984903 346.669105 0.019211 0.005357
369206.509725 98.054607 13.412373 -0.000372 0.008414
1208981.916871 419.375872 56.220525 -0.015650 0.007267
446720.970071 202.298067 259.080688 0.015801 -0.002836
586212.983628 385.051701 102.170869 0.001335 0.014306
560717.814863 299.239241 150.905804 -0.010353 0.004149
234257.601311 123.753689 558.845133 0.007809 -0.014626
1133248.557864 703.453760 154.192534 0.003533 -0.005177
1934248.125150 153.522475 536.608205 -0.017565 -0.007938
1152133.833222 226.070207 331.344783 -0.019689 -0.013000
1965200.129880 240.339698 396.888898 -0.013834 0.013364
1034901.121182 346.236196 125.905009 0.010889 0.006875
1623246.405098 709.056659 497.172980 0.009743 0.003206
1926329.093951 248.086564 276.356813 -0.011182 0.015960
1658576.383096 150.513018 54.728337 0.008983 -0.010065
786221.519479 240.998555 318.631665 0.017784 -0.007698
1421758.733421 742.894594 364.975972 -0.004796 -0.017392
888519.625593 711.334926 308.037250 0.005915 0.006149
374128.679919 371.334232 325.469909 -0.019385 -0.011592
247207.860577 783.037858 311.494654 0.003281 -0.012050
838233.393076 329.889288 231.451454 0.000730 -0.014326
1269501.125100 722.768899 262.829995 0.009637 0.026633
1490342.234955 701.538434 467.172196 -0.005841 -0.010059
1720173.599068 638.947743 82.401117 -0.005143 -0.001855
1589947.016719 447.793703 550.804191 -0.006493 0.003108
254199.274003 369.752533 331.706574 0.005913 -0.018216
1506623.924480 52.371319 274.477841 -0.014407 0.003087
1187558.641279 619.071698 289.657164 -0.018793 0.017646
663885.182079 619.938737 490.434094 -0.015549 -0.014783
134186.233456 776.587975 557.390277 -0.011867 -0.006224
763995.101100 799.280808 542.419879 -0.008051 -0.006506
960104.740672 340.695454 479.063693 -0.018588 -0.016982
1689167.128731 629.679738 84.901681 -0.007884 0.017127
1435140.350571 715.957434 422.243859 -0.012035 0.017046
1287450.956780 425.447448 421.138784 0.007925 -0.013995
1664884.491668 423.884719 368.606285 0.010635 0.009316
1916152.068375 115.728352 439.931334 0.014362 -0.002294
142374.806172 274.752042 522.108972 0.014831 -0.004937
1889104.925044 571.630667 97.788260 -0.016706 -0.019290
184043.514628 642.419705 546.853530 0.011781 -0.019920
1678137.485719 350.670711 320.156251 0.001598 0.016078
349432.717240 299.286036 257.195932 0.011503 -0.014625
327130.583267 597.857871 167.729942 0.015865 0.004361
1445781.852792 774.671300 571.592993 0.003714 0.013533
657045.848974 430.373784 332.878989 -0.000288 0.004923
1143416.638087 467.913317 254.898062 -0.000621 -0.004814
853229.746620 259.715838 491.254267 0.018361 0.014548
1436276.935710 106.396697 143.636075 -0.014022 0.016989
747046.145027 249.404561 400.649152 0.006110 -0.011863
555282.349025 300.046759 106.722176 -0.010821 0.018770
31011.744417 446.390971 303.453829 0.002807 -0.017980
259713.421697 113.420641 381.619245 0.002212 0.005066
30230.289339 785.899932 570.695901 0.013289 0.017705
1629124.594680 439.983971 45.019976 -0.017901 0.007951
1993199.337271 341.287638 5.409116 0.006601 -0.016788
437214.899080 754.090579 272.221445 -0.004243 -0.013121
847463.854052 329.247436 438.832248 0.017216 0.019223
1561464.248021 48.374256 73.535877 -0.003323 0.004598
1496915.452879 345.557383 357.991589 0.008031 -0.009433
1076064.875850 410.514584 489.282481 0.004505 0.002593
1028186.607653 487.312077 594.730929 0.000927 -0.009088
141764.248787 594.392546 129.649958 0.000992 -0.014456
778578.041484 758.750456 329.866019 -0.015281 0.015192
1058486.954802 720.269452 564.111930 0.005832 -0.007117
1112790.978101 319.337965 448.054151 -0.013856 -0.016077
24501.685065 553.981822 366.355192 0.013086 -0.007842
353571.678676 272.723213 548.641714 -0.013269 0.014605
375264.103699 191.468968 365.795855 -0.003806 0.010617
1493884.026769 634.886514 429.328215 -0.008211 0.016521
1188817.119779 659.948737 487.968884 0.001401 -0.000910
259519.063057 73.869752 525.309634 0.015149 -0.010165
1949033.547169 712.097076 562.585560 0.003478 0.008711
482529.103981 609.368847 36.206095 -0.013826 0.017267
1850091.109914 273.850934 102.830450 0.001402 0.009862
1871495.037280 224.967890 324.763422 0.006217 0.002863
908785.677938 195.199108 241.299681 -0.009272 0.011225
1755362.652128 318.443123 522.290192 0.010157 -0.009000
232765.271437 581.978299 98.751356 -0.018130 -0.007211
1765166.354256 236.495881 45.868259 0.017677 -0.001993
15434.920795 692.815713 474.728246 -0.012884 -0.004008
1077013.659792 90.574354 409.380947 -0.016801 0.010608
516053.778360 427.443595 5.765963 0.006390 0.012128
1576709.125925 429.927974 119.156475 0.006435 -0.008340
948767.654108 620.942146 12.244081 0.005597 0.013209
667159.362075 417.511143 74.292465 -0.003589 -0.001436
1146380.339352 334.078025 198.455423 -0.005347 0.003863
1462269.868451 722.405936 427.084177 -0.003596 0.019245
949273.004639 536.527321 309.736241 -0.000656 -0.006840
636841.273232 217.408941 521.032612 0.000690 0.017239
316267.470045 793.041148 424.482689 -0.012940 0.005313
1072709.865436 409.209755 92.888291 0.006415 0.016882
1234697.917120 187.556605 203.706989 0.017929 0.003945
1871003.135047 543.424697 300.107297 0.005845 -0.016344
968257.898916 95.571962 457.578936 -0.019790 0.004254
184803.100389 256.215255 525.969421 0.018286 0.013469
1613704.762242 94.161822 496.981722 0.000562 -0.008173
920804.219749 40.441877 484.215301 0.004869 0.008293
1455508.939668 184.319038 565.868886 -0.017309 -0.012833
1084419.887087 1.191791 515.137681 -0.018217 0.005931
1899527.167855 422.531152 461.412095 0.008450 0.001113
745706.753221 643.153553 509.154581 -0.010138 0.010542
1369434.811813 44.299600 529.141962 0.000576 0.002792
353913.564400 780.053252 371.901178 0.019277 0.003541
660308.989072 568.510132 492.093598 -0.009056 0.011118
1997036.600484 653.749330 468.982553 0.014265 0.014409
857968.969670 644.605074 232.644991 -0.012094 0.000744
1832483.595159 457.105409 194.332931 0.011743 0.011558
174050.590104 359.844310 525.571893 0.018769 0.018478
887791.815627 115.787359 561.202265 -0.017430 -0.014859
1048845.100705 314.631504 504.404834 -0.006251 0.006686
1236598.032171 273.656289 290.018802 -0.004026 -0.012095
688449.854352 662.704028 2.387764 0.009249 -0.018937
1047717.716101 519.128592 357.792868 0.013918 -0.003479
831685.772553 746.737254 517.305315 -0.008461 0.016125
1646809.537731 587.932756 29.493309 0.010385 0.011943
354697.854423 226.553798 115.096680 -0.019276 0.005152
1718570.137265 508.396172 581.371046 -0.006288 -0.018647
338487.908402 549.634036 517.421733 -0.012997 -0.003252
1776805.868268 558.739444 40.770265 -0.000620 0.001849
960078.654327 720.369820 286.973125 -0.006829 -0.012545
763596.911339 131.439637 556.115619 -0.002747 0.017022
1446903.674606 486.687873 125.332534 0.017633 0.005381
1673049.761761 619.886579 155.821589 0.012212 -0.015279
591079.477496 780.261732 482.672048 -0.013710 -0.013986
450261.526019 36.877739 509.531823 -0.008242 0.001255
788880.985598 619.040553 258.735626 0.014935 -0.015423
1247242.441982 204.431582 167.413398 0.002024 0.007425
405506.701397 218.005340 175.233140 -0.003531 -0.012357
1835863.754077 197.672171 576.302668 -0.012857 -0.017849
159031.381905 380.097098 18.645348 0.015404 0.005326
362722.217274 87.279501 407.218564 -0.018526 -0.003737
420997.232395 340.196302 105.286382 0.005866 -0.007720
580167.091722 213.293255 332.944888 0.002811 0.012590
479025.265425 617.112768 52.495081 0.001287 -0.012673
552036.800679 359.864976 258.447628 -0.010469 0.005063
969986.005207 253.897451 61.537452 0.000821 -0.011952
1471710.388303 557.487427 187.856850 -0.003394 0.009226
1430984.936390 500.943556 91.074946 0.015644 -0.009259
902052.609670 144.439513 321.217962 -0.019779 0.010001
700700.571156 195.519093 313.390363 -0.002450 0.011059
1408199.004553 571.188456 137.230201 -0.014609 0.018117
1713095.736556 496.375496 161.322190 0.018421 -0.014614
944491.339356 557.160318 498.639239 0.011373 -0.015566
1119457.834922 400.503858 441.403270 0.008483 -0.004372
8319.607940 130.643113 343.424441 0.001564 -0.013273
647061.014849 711.919070 247.364291 0.013813 -0.006818
379545.065751 439.170423 25.933524 -0.003343 0.007313
1990576.603445 218.570071 181.387381 -0.009383 -0.010681
876473.971119 589.571199 557.756952 -0.009188 0.000888
80381.552726 664.609095 13.458403 0.011020 0.001700
828036.629980 625.120100 423.030017 0.019522 -0.007178
1747623.103553 248.337111 124.371237 -0.008533 -0.013740
1072386.123739 381.222967 423.729873 0.003232 0.015734
777386.485961 459.670764 100.943790 0.007633 0.013596
801906.589792 103.717264 345.940089 -0.006813 -0.003939
197987.358178 295.879989 137.750409 -0.015161 -0.014144
1545926.498969 428.227966 556.363190 -0.000448 0.001276
492654.834172 281.817652 500.366558 -0.000827 0.004977
1978982.283724 792.980909 69.293280 0.007746 0.002829
17631.095842 66.043153 86.794536 -0.012954 0.010995
1966499.848276 461.753067 543.709046 0.003679 0.014867
611006.784537 527.341482 167.396752 0.001461 0.011204
850069.038966 247.003309 189.931831 -0.005923 0.011500
1676786.882652 479.142735 83.198191 0.006894 -0.017859
1557780.060711 529.842511 26.130892 0.015762 -0.005718
1227310.625476 722.826210 262.694350 -0.013567 -0.029989
428616.731627 591.948991 393.302962 -0.015228 -0.007965
1127178.874392 340.488124 576.782061 0.013656 0.018406
1480731.590409 212.671075 162.241573 -0.017760 0.004804
115335.758829 715.055618 130.666850 -0.012099 0.002661
541498.807511 780.890855 137.371986 -0.007447 0.014835
1167776.423119 741.868105 464.532748 -0.019057 0.007388
1705487.274428 189.987645 255.742428 0.000309 -0.005710
1455042.508177 58.259864 469.739129 0.007530 0.016569
1485351.840726 341.433155 108.566721 -0.019552 -0.000663
1600046.444498 55.480050 226.645917 -0.019272 -0.009267
1889695.885540 230.116550 146.907094 -0.013081 0.004149
230475.999522 605.966552 319.355361 0.015494 0.011173
434670.210087 593.582777 9.909281 0.005755 -0.009938
748135.628527 296.610628 192.975927 -0.013632 -0.017665
474188.291689 718.608451 292.820586 -0.003327 0.016195
1941577.332067 174.225220 588.479764 -0.006008 -0.010694
499196.726130 235.231259 314.388088 -0.000263 -0.001295
254300.674542 487.781904 134.030731 0.006371 -0.000114
6325.354803 699.911346 144.016439 -0.019182 0.000835
980919.682878 316.120984 534.943722 0.012557 0.001953
1900851.625903 40.257850 269.148600 -0.002601 -0.001274
719689.197242 326.175938 412.442056 -0.006338 0.010296
1844748.197982 472.717054 30.071791 -0.002186 -0.016555
1036199.990211 459.299756 416.255807 0.009634 -0.010770
385683.919483 595.605790 65.340629 -0.002700 0.010631
1256102.471266 738.644559 96.143079 0.000463 0.010378
1419511.694191 375.331191 472.967347 -0.013617 0.016239
511292.832210 415.388761 189.775264 0.017686 0.014408
145034.134456 691.086603 270.093039 -0.015049 -0.007553
1071721.370831 513.081339 530.632425 -0.010814 -0.004677
233847.819378 338.113576 77.469422 -0.011039 0.014192
1786277.592083 681.705402 467.371446 -0.017910 -0.005084
1031918.257955 609.591273 506.227988 -0.007876 0.016819
1499349.890975 446.207931 263.474613 -0.017314 0.000083
597617.807145 110.386904 218.995450 0.010020 -0.009532
1353622.215499 228.405537 541.958237 0.002471 0.000629
573296.933702 542.620812 564.110925 -0.003397 0.016134
1590131.532210 246.427650 453.730988 0.003017 -0.005544
258416.177825 73.098665 73.584823 0.018867 -0.004274
87595.200207 577.070554 571.764039 -0.000688 0.011451
906233.425674 625.936055 554.296582 0.012745 0.001239
370032.188655 395.773305 489.194807 -0.016453 -0.017747
664767.085884 299.508316 441.870624 -0.009130 0.011571
1278253.811075 52.990385 58.737070 -0.004114 0.005620
916040.443311 420.105940 438.711883 0.003216 -0.000169
249204.321880 499.077715 130.136019 -0.016948 -0.015719
8661.484350 424.608695 533.384096 0.017160 -0.006052
841302.204338 90.010750 506.024072 -0.010467 -0.011990
1802783.200425 455.955109 346.314457 0.005476 0.013644
731632.451868 220.841256 544.802556 -0.001397 0.006841
1096714.972098 736.675112 118.100372 -0.008794 -0.000117
1386984.768969 324.042548 76.205487 0.016472 -0.000734
469499.863903 732.031014 7.018152 -0.015003 0.013816
718651.906922 435.334964 574.694706 -0.011850 0.011217
316653.122342 84.393015 211.438633 0.010184 0.008882
385530.231700 79.578935 10.966432 -0.015987 0.002578
1379939.433830 519.575465 291.728898 0.015405 0.017182
1974529.288697 463.563847 199.388634 -0.015534 -0.000417
1626419.535664 279.827172 244.560618 0.012985 -0.001061
503204.831157 146.079465 10.636218 -0.011609 -0.004499
1600260.999799 292.943355 294.361504 -0.013934 -0.015950
467442.890847 275.262081 120.989161 -0.009912 -0.002200
1530910.291491 752.990907 56.684139 -0.010012 0.013185
43405.273949 189.898879 245.073857 -0.005782 -0.005882
1801413.789299 133.468542 421.513749 -0.007702 0.019686
348673.859774 447.455066 105.103353 -0.012278 0.010756
1122384.702378 793.238090 80.701495 -0.017927 -0.014252
474000.488629 229.232454 293.462512 -0.002429 0.001564
1867761.544822 162.589245 288.081608 -0.018849 -0.001850
617712.498930 39.661814 415.259451 0.008764 -0.003836
88793.583256 495.187603 342.979251 0.009902 0.016903
1123119.018564 736.273026 291.417072 0.009358 -0.015513
510837.786138 237.526226 62.585236 -0.004326 -0.005982
498234.962345 502.778570 381.306972 0.009533 -0.017336
350510.791107 537.863510 162.962899 0.006258 0.007949
1451432.125387 771.358907 449.413415 -0.003407 0.007366
303273.376219 370.379965 179.833224 0.008883 -0.011664
454803.713809 227.250418 75.852493 0.008607 -0.019197
480071.545802 775.441686 189.772706 -0.006258 -0.005554
1333575.176696 474.777108 592.837670 -0.007770 -0.006721
110627.538576 382.745967 1.763280 -0.007010 -0.014496
1406769.050940 41.563088 59.178504 -0.001864 -0.001179
1561676.394922 482.080285 559.281746 -0.016767 -0.007002
281255.947557 246.644349 364.656043 -0.009245 -0.019069
1257382.930842 407.557317 596.218552 0.017781 0.014117
706537.016996 489.460748 269.016760 -0.006343 0.016656
1558318.719993 318.199771 237.112904 0.011351 0.008937
1057752.200895 389.453844 466.080712 0.005111 0.017487
491364.625511 326.184988 325.138301 -0.012860 -0.000413
1734950.389590 255.122544 479.340522 -0.000921 0.003492
1643357.573842 84.795742 56.742422 0.012567 -0.017962
1898263.090243 133.915355 397.735793 -0.004152 0.000409
1157183.811607 141.180046 544.741320 0.018945 0.018330
1260090.642264 401.441560 266.438010 -0.003784 -0.014830
767107.214205 521.746401 323.392863 0.016972 0.013173
55740.578126 634.932039 88.718848 0.013008 -0.009329
1471867.368311 519.124461 224.860502 0.012788 -0.001703
851158.514084 624.035134 377.538433 -0.016455 -0.012925
279214.015361 532.837151 211.846426 -0.018202 0.005637
622537.959657 541.425985 84.577117 0.010268 -0.016708
543551.074594 112.520570 439.079311 0.012929 -0.017313
1125283.938425 670.509196 515.323295 0.008413 0.006513
255944.995329 357.695497 187.050508 0.000112 -0.008826
1549879.616848 742.584274 35.075977 -0.003810 -0.019288
474171.187949 435.927459 410.508708 0.003558 0.003659
648167.413030 720.760341 160.545054 -0.001357 0.006313
697835.028496 589.699147 478.519245 -0.016730 0.001912
1725670.433475 516.072927 231.073051 0.008593 -0.005246
99429.388577 679.123927 481.487697 -0.005526 -0.005959
163663.104253 109.241372 168.321104 -0.006526 0.000372
594763.153510 303.861088 52.938933 0.019282 0.018821
1355525.087265 245.083484 522.209225 0.017946 0.010957
1053977.892294 234.732607 305.589359 -0.007011 -0.004923
115031.983757 149.673422 12.944994 -0.002334 0.016304
752375.869431 393.643068 455.211226 -0.012750 0.014189
219437.964363 208.552708 594.970847 -0.004391 -0.003955
1068114.026016 550.291335 469.137853 0.004826 0.006924
1499866.051366 239.157520 584.121291 0.004717 -0.010297
1491842.997955 116.759318 322.370190 -0.009702 -0.001114
1826279.228472 251.243327 395.293393 0.017289 0.010253
1133058.067007 247.468266 149.319159 -0.007045 -0.000433
207507.431604 346.418797 450.412051 -0.016175 0.012954
304737.184339 504.526295 306.599344 0.017354 -0.010026
361247.467977 546.360208 329.253749 -0.013812 -0.007892
1585793.637478 720.366319 269.201644 -0.006750 -0.013863
1841064.114050 194.860354 281.160149 0.003198 -0.012821
451362.950938 116.068120 291.937506 -0.000993 -0.001229
1950936.490647 463.026333 542.272829 0.007664 0.008369
1454702.783122 701.611689 182.764745 -0.010463 0.012505
1108684.254395 335.069400 297.162031 -0.015858 0.002983
1596490.624173 716.746767 284.797359 -0.012914 -0.009828
1263706.185512 134.064857 282.569986 -0.015924 0.009880
1294332.516982 261.016843 535.843950 -0.014674 0.012039
723046.520130 87.019730 228.569798 -0.009387 0.013352
107937.715067 793.433011 426.780007 -0.005760 -0.010872
1046872.077066 728.769400 389.680074 -0.019399 -0.019552
450965.188654 653.737141 546.592058 0.008007 -0.017431
278162.196408 266.403536 139.745046 0.004373 -0.002624
1960316.196066 205.832742 456.542329 0.014896 -0.004398
1125740.257616 187.875480 299.747847 0.017724 -0.000073
668170.334151 796.663860 294.186676 -0.018198 -0.005845
1443825.863043 455.462642 160.056484 -0.005093 0.003559
564375.188464 478.086880 242.548334 -0.012222 -0.008028
938961.728913 267.167549 379.942635 0.008064 0.017685
132214.712972 546.766862 119.684934 0.013380 0.002234
1179224.623916 311.443293 473.094918 -0.016500 -0.006651
575213.267736 339.106533 197.868977 0.010975 -0.001187
1368718.602401 400.988240 24.084206 0.018036 0.014956
1254302.726711 185.627622 282.664891 -0.018630 -0.002903
1541011.519516 400.999286 456.088959 -0.003926 -0.011878
1407684.757098 375.556121 531.712260 0.016161 -0.008185
883750.411162 393.751102 411.801435 -0.010540 0.003304
38293.802197 414.502752 2.795616 -0.006035 -0.008077
949396.727117 26.725611 479.076104 0.000618 0.019456
1340193.529306 112.101901 129.804551 -0.014279 -0.013049
1289556.392138 729.371440 404.286172 -0.003836 -0.007437
1756783.113702 88.162410 468.913722 0.010452 -0.019767
157687.638028 166.100076 303.224235 0.010650 -0.002497
175039.783202 626.561583 573.174048 -0.016258 -0.014658
506304.289450 453.190424 99.158946 -0.017938 -0.016704
301433.914481 576.008330 133.907842 -0.005386 0.014563
790027.673724 9.478438 464.040777 -0.017181 -0.003250
176035.711624 758.848797 317.291195 0.014790 0.008526
1081972.172988 759.054328 552.360732 -0.018283 0.008713
715741.816310 106.925569 298.826482 -0.007398 -0.010926
1263880.632475 454.421323 476.780436 0.011929 0.004695
1751026.801649 758.606113 202.411140 -0.016187 -0.007299
399196.095951 394.951067 198.060689 0.019116 0.002345
1496994.359185 48.614606 306.615505 -0.008893 0.017279
445396.929255 653.524444 529.849820 -0.014304 0.014537
1193553.106484 399.731680 599.517532 -0.016111 0.012530
450224.472419 581.205541 229.332419 -0.019252 0.001036
1999453.321099 715.710888 285.913848 -0.004028 0.018939
1584501.028799 429.107538 291.145127 -0.015106 0.000398
94458.571679 696.637918 342.403014 0.002263 -0.014110
1007827.074736 623.561061 579.767389 -0.004563 0.016846
1658558.308919 786.743716 253.013479 0.013085 -0.016917
475365.567242 42.336830 482.789858 0.004269 -0.016889
663714.367274 496.176932 580.993116 0.012213 0.018156
1919117.403179 479.277998 297.006614 -0.002161 0.008819
9624.167350 393.733484 354.454749 0.003062 -0.018037
1478876.057770 64.682232 497.161017 0.007699 -0.001373
1502145.321808 426.450515 269.206083 -0.013018 -0.005534
1054818.871922 329.045759 247.591460 -0.006669 -0.018736
972186.690649 532.038641 390.583063 -0.001901 -0.001129
1216433.286302 329.430477 43.422640 -0.015861 0.014311
1585452.240699 85.718115 209.967942 -0.004638 0.007083
796849.675848 98.904388 459.166603 -0.011139 0.013059
461377.134761 782.870576 216.892176 0.007133 -0.013901
1447663.852688 165.111149 338.383729 -0.014469 0.001606
1190708.408687 498.708073 122.633302 -0.010131 -0.017088
1355477.244293 684.133880 294.605073 0.010004 0.018251
694211.989964 433.781757 39.509635 0.007917 0.017114
1497031.391364 75.985821 30.183674 0.000516 -0.007093
1759090.904966 594.375560 180.033314 -0.010331 -0.003081
904928.793621 771.855818 377.595001 -0.019376 -0.015858
341892.055395 489.124218 437.217101 -0.004956 0.014364
1609370.418642 43.088317 428.151719 -0.008166 0.012129
1339833.364515 513.588852 206.825642 0.009436 -0.006384
543533.833951 386.124469 260.636702 -0.007102 0.019771
1510075.678821 160.932965 443.552428 -0.017782 -0.002229
325429.097901 406.734821 246.071440 0.011710 0.000973
1027532.088117 770.857138 81.188840 -0.010405 -0.006333
1987715.010526 37.244987 236.728712 0.008294 -0.006361
396776.620483 301.260246 588.490257 0.001756 -0.015610
639902.701899 652.706364 355.797945 0.010159 -0.014508
1179865.857204 406.059330 204.142721 -0.006876 0.002541
1568458.621189 393.118479 42.252941 -0.012224 -0.008573
1190290.628555 566.837312 150.416221 0.009232 0.017977
1180185.991889 580.666990 597.221223 0.019382 -0.002815
672088.553511 146.473171 485.088149 -0.007417 0.009060
1837656.663655 510.377225 325.242050 0.000515 -0.004377
1360614.323691 81.411759 539.160513 -0.019216 -0.002763
924125.776125 643.729525 555.401087 0.001305 0.019923
418950.309241 102.526276 424.769918 -0.001817 0.014226
1312754.557148 39.429986 349.558352 0.006051 -0.018698
30587.249450 790.955314 130.193575 0.012881 -0.007749
1889215.610870 593.531835 565.928871 -0.000551 -0.009844
669560.509114 133.377969 214.034359 -0.010651 -0.012484
1579576.984783 556.887645 594.878060 0.008600 -0.010932
1982244.182370 739.133283 213.996323 0.007925 -0.004711
432350.935616 284.051388 257.924106 0.011969 -0.019777
930735.730068 652.654872 596.851526 0.007301 0.005508
600671.720971 501.578422 227.616666 -0.010154 -0.015434
1270601.892504 464.092968 169.639773 0.019699 0.012527
938976.299455 626.108517 304.953546 -0.001553 -0.000153
1474031.937064 361.583737 251.521803 -0.016258 -0.013941
1605130.416157 247.690871 302.508031 -0.010671 -0.015574
1023340.410098 559.403100 555.239271 0.000254 -0.004738
1128556.229700 645.859208 5.031065 0.017724 -0.017934
248420.950141 463.875706 377.917814 -0.004114 0.002552
884577.235619 701.202759 213.139891 0.017994 -0.006635
1704879.713107 549.660865 474.565415 -0.009087 0.011154
1882055.445519 60.081800 54.738045 -0.002194 -0.007591
404206.608610 765.758309 4.937898 -0.014904 -0.001414
780987.060993 553.522730 162.472335 -0.004083 0.005526
642018.800900 420.298490 130.913966 0.018039 0.017209
1579863.075903 313.751952 483.296795 -0.014243 -0.006310
286431.929230 799.219747 18.255476 0.017334 -0.009103
1625355.291937 700.202681 207.263519 0.016183 -0.007100
1310099.705732 85.536724 166.770398 0.006602 -0.010571
1485499.756171 42.254403 555.839104 -0.019436 -0.001828
1126826.147142 267.805946 586.694209 0.011207 -0.008654
1817754.082297 456.602608 407.047463 0.008593 0.008661
42605.713030 685.665343 428.908311 -0.017456 0.011471
1969490.396776 691.761091 399.926489 -0.006748 0.010788
1972945.507603 788.191944 525.915304 -0.009428 0.005961
221002.463354 5.548432 420.973233 -0.018478 -0.019153
314139.836614 479.722057 212.928722 -0.014574 -0.004779
1280098.799281 35.201278 571.101357 -0.007239 0.010305
1334025.561499 271.101858 370.172598 -0.004791 -0.004314
817314.073824 291.873180 154.301343 -0.016978 0.007879
52254.755074 49.414218 409.030478 0.016119 -0.006916
662711.798522 9.366926 199.631915 -0.018597 -0.017991
710212.109941 153.516417 389.818666 0.008414 -0.006921
61999.699130 281.146636 223.106445 0.019321 0.006773
261157.692532 519.709988 3.595466 0.009907 -0.018751
797766.605764 125.474347 237.062809 0.006233 -0.010780
184709.901076 545.765421 175.233137 0.010997 0.003291
1235796.007903 85.533195 357.303486 0.018124 -0.014405
1292608.929469 245.269785 198.201179 -0.008131 -0.019335
1317389.029692 261.185524 220.316774 -0.018777 -0.007598
71927.786838 127.706962 575.922683 -0.018264 0.016278
1977614.946653 353.559159 38.287986 -0.004677 -0.016036
591803.305127 381.792147 467.142461 0.003535 -0.009939
726241.200569 165.291910 213.937366 0.018402 -0.013691
995710.504705 485.353124 279.441648 0.013136 0.016103
963862.695249 391.238584 138.022029 0.013998 0.000719
1079147.418532 708.512929 408.126464 0.000047 0.017224
1174876.041326 389.920762 223.344358 0.006102 0.014863
937689.950195 758.215637 209.347837 -0.010103 0.001363
1200871.358253 489.802806 445.112160 0.018294 0.002820
1798372.363578 364.439850 105.769226 -0.005466 -0.008550
158766.744732 676.218326 464.577146 -0.007528 0.007880
584123.108808 679.972376 348.337091 0.018808 -0.006105
1019930.488905 447.433764 500.059477 0.015236 -0.011570
1412068.961846 279.202064 95.691103 -0.017829 0.003986
1390465.348675 524.115066 125.817742 -0.002536 0.004568
1560588.704217 269.650039 41.820923 0.018294 0.008039
709118.110458 28.618619 327.032288 -0.014819 -0.006321
481739.437432 336.836131 116.745140 0.012807 -0.004329
1084185.081108 265.256521 569.400126 -0.004954 -0.011509
321427.933090 65.597376 337.136037 -0.007578 -0.014318
322096.383349 11.891399 475.431826 -0.005131 -0.001933
811598.476400 120.523577 472.172894 -0.000990 -0.015693
975828.599639 662.770112 87.490516 -0.018663 0.018339
980873.326296 219.755459 226.162960 0.007428 -0.016139
1538962.265262 182.318807 256.984382 0.008850 0.004173
1281944.833362 703.510150 411.185095 -0.011736 -0.012077
1646853.441208 292.170056 129.462047 0.004647 0.009430
1334224.681991 17.324593 531.643751 -0.001750 -0.000144
1987979.200663 753.866518 196.521465 -0.014447 0.019154
567825.405192 503.416586 150.176723 0.006623 -0.007355
693992.653253 345.685201 324.386608 0.011176 -0.014022
290886.182473 333.356675 18.718675 0.013265 0.004838
461579.700216 523.946902 590.507512 -0.002183 -0.009213
1440439.939238 90.576732 175.772648 0.004286 0.002718
1578856.275221 479.564682 307.202633 -0.015374 0.009484
975708.803616 320.007961 219.847838 0.009550 -0.017502
1363849.989774 68.064226 296.438107 -0.011051 0.014437
1287670.666020 295.526599 165.472952 0.006994 -0.011983
1793086.186886 725.042870 513.164280 0.015254 -0.005938
253419.465503 481.151298 278.095320 -0.003029 -0.011636
65064.939701 167.192167 484.616897 0.001755 -0.007021
1093948.624606 26.083767 434.848345 0.016639 0.010810
1570950.974510 476.879322 514.199881 -0.008951 0.012888
1433502.711092 738.719228 113.688456 0.019652 0.003961
779698.448619 711.517117 301.964365 -0.010238 0.010916
1707668.152502 297.493878 224.278595 -0.007303 0.011715
1161722.038482 280.371863 1.063011 -0.004387 0.015819
650195.260835 748.048012 556.361776 -0.017965 0.014024
1393276.303724 667.720615 267.695269 0.002117 -0.015476
534900.189626 215.490767 20.800805 -0.001722 -0.009448
1264731.390059 676.560466 90.980978 -0.014610 -0.016292
1848317.172308 790.593043 278.251461 -0.008158 -0.007743
512088.236637 701.950915 394.132450 -0.009757 -0.009262
1104225.446984 465.376177 122.072430 -0.000854 0.005250
107543.810321 140.002918 279.615491 -0.000010 0.009156
1156781.673039 615.000649 597.820216 0.004530 -0.011043
520065.349769 196.737961 42.780419 -0.003459 -0.004744
327390.441823 269.829463 222.021156 0.005084 0.005380
1353004.063178 706.956506 306.625085 -0.006504 -0.014414
1558240.596931 709.780780 433.256491 0.019295 -0.005476
706633.334377 29.328682 323.794612 0.012782 0.001665
534505.464385 317.245716 182.462933 -0.009450 -0.019532
1061346.780072 419.741810 154.920596 0.004190 0.017612
1275778.349152 611.953472 164.401732 -0.019713 -0.004275
1816858.008419 547.091075 166.006012 -0.003173 -0.019294
837596.447597 159.082259 542.009977 -0.014415 -0.012811
537634.699856 396.220033 130.352757 0.012321 -0.007439
1509630.032587 59.553560 425.757549 -0.024193 -0.025227
1442342.147903 473.643154 518.155027 0.019187 -0.012365
1603574.954720 492.052831 575.822448 -0.016931 0.004958
706735.606634 787.850432 184.370675 0.005207 -0.003780
651319.147391 39.723910 362.269155 -0.010773 -0.012385
1573016.600485 398.137083 411.345416 -0.019943 -0.007664
1998835.487291 607.659920 230.192960 0.008375 0.012764
1445522.677826 344.906457 246.122783 0.003477 -0.003645
1207599.107738 311.337158 14.959131 0.002536 -0.001320
1297106.122271 734.001471 269.880005 0.018130 0.001904
1709409.523620 225.347109 358.938699 -0.001614 0.000450
1579454.636005 196.671724 5.842490 -0.000955 -0.009962
635151.660366 380.572118 5.040803 0.008026 -0.012570
1657542.871152 337.998890 368.743735 -0.010403 -0.019606
50074.195513 673.648573 239.444393 -0.017990 -0.003731
1728956.987955 558.572106 193.885017 -0.007465 0.006083
1741304.677791 135.020998 562.124663 -0.001266 0.005054
896425.988943 206.790424 524.879521 -0.001635 0.009342
248631.410417 620.361397 125.789401 -0.014691 -0.000944
789536.960791 769.068438 539.252415 -0.019607 -0.011931
1819863.026878 28.308423 26.088321 -0.007616 -0.016543
901731.744829 139.480904 470.672329 0.010950 -0.000465
878442.611954 515.155204 393.369599 -0.004976 -0.015503
569936.175165 658.557395 222.607081 -0.013654 -0.008685
212161.644461 226.402510 35.175490 -0.007361 -0.003243
1070836.321949 568.339511 228.046585 -0.002627 0.008850
1162154.364009 276.194851 454.546473 0.005044 0.006162
1685995.778854 61.532038 497.411325 0.005568 0.014009
631794.399876 54.189535 296.541362 0.018929 -0.002275
