120102.793966 630.455032 121.658871 -0.006093 -0.005543
269277.329682 300.174480 156.091692 -0.018268 0.015156
1260731.205931 302.146471 191.739184 0.013076 -0.002966
973263.179405 632.836489 572.967336 0.008511 -0.005932
1683880.506867 289.350246 229.383752 -0.016831 -0.013039
1760997.696668 175.314678 580.586557 0.011717 -0.019827
354965.669268 682.008106 474.699068 -0.004788 -0.012021
306862.422408 412.037234 346.420619 -0.003482 0.002360
913598.742761 34.859548 562.478569 0.011128 0.014843
723511.401901 210.287158 397.629814 -0.007310 0.019063
27418.055584 127.037201 203.233052 -0.004127 -0.010468
1026719.971107 221.759325 273.103126 -0.000716 -0.017200
919235.655535 527.332599 552.949308 -0.009943 -0.018410
247720.705461 324.161351 333.606533 0.008057 0.012683
229642.751734 125.727950 517.013982 -0.017954 0.017215
1463437.116455 330.442440 118.853407 -0.004256 0.009183
349002.480669 325.705121 533.923131 0.001046 0.011603
253345.397419 21.834675 48.646473 0.003300 0.000364
301882.374241 33.363483 101.022897 -0.017039 -0.008248
417897.793659 158.261119 419.753343 0.010566 0.015939
1032678.423930 703.106762 34.399293 -0.004920 0.017245
1981626.739717 86.628927 206.279228 -0.012536 0.000370
148080.320166 290.929012 546.068430 0.018532 0.015048
1426235.401736 72.333747 542.539899 0.011792 0.006904
826207.458426 756.200341 428.442207 0.003254 -0.019251
17939.873048 632.973427 129.696936 0.008276 0.002231
229060.592236 178.789042 260.666521 -0.013037 0.003932
729567.630556 129.660511 425.745612 0.008408 -0.006052
424191.899795 625.590299 428.139962 -0.015133 0.009764
1179453.697605 667.592653 501.651195 -0.000317 0.005137
1017047.714916 724.984675 344.261256 -0.011061 -0.000460
1184883.571782 186.500538 168.272858 0.012314 0.017657
1669257.284919 738.104851 98.057118 -0.009279 -0.016675
1530870.404807 506.877146 153.188781 -0.001051 -0.006358
1211583.405366 549.711371 75.297585 -0.007253 0.012382
1741377.547263 727.110508 385.867582 0.008285 -0.003818
544004.606336 172.468148 185.208361 0.013858 -0.002453
1594854.852927 350.033959 402.437392 -0.016923 -0.010143
1223177.906695 729.597323 101.414880 0.010966 -0.013034
527324.168257 433.107972 487.786483 0.000767 -0.019348
312490.830343 99.793236 422.399882 -0.009457 -0.002620
1025907.483430 120.950172 211.962440 -0.013736 0.014346
1509229.653286 342.045443 43.655365 -0.017825 -0.009311
1023852.793045 688.269193 427.964416 -0.012673 0.017500
1918069.081343 635.352050 509.683211 -0.014824 0.002808
59433.087734 314.394334 67.784125 0.013722 0.016465
257531.464220 800.436590 21.832353 0.013283 -0.008784
961609.428265 277.119750 259.691700 0.013363 0.000066
582120.371322 470.145214 558.444484 -0.005430 0.006010
408974.288222 701.547972 306.735177 0.016783 -0.017653
899929.745542 700.405208 511.903113 -0.008030 -0.019837
849952.291162 263.248276 237.788428 0.001502 -0.013091
617567.269419 532.447491 103.649881 -0.006174 -0.000027
907629.657959 661.673770 506.946223 0.015488 0.006338
693382.430213 141.859288 148.645567 -0.008909 0.001678
1797970.130014 385.154470 250.821632 -0.003530 -0.004081
955435.349120 688.692509 164.089830 -0.006713 -0.013573
557659.864685 605.792683 293.382869 0.007020 -0.008248
1324351.926951 788.155749 575.663919 0.013359 -0.006813
917046.023028 230.735322 93.625618 -0.007871 -0.012925
1632997.046985 519.246757 212.400001 -0.017480 0.017114
1790149.784549 770.262681 244.915219 -0.007419 -0.004971
1613713.184192 632.290006 140.776046 -0.016788 -0.015067
791753.703166 288.437581 527.377091 0.015412 -0.018586
347958.385175 437.499112 12.098316 -0.014654 -0.004637
701432.257286 473.861883 403.208164 0.000317 0.015828
1693039.169392 258.778490 326.957950 -0.012029 -0.004480
944105.254926 76.228173 210.629237 0.015316 -0.003684
1451122.988691 550.506179 119.779657 0.018424 0.010763
644142.737912 285.121325 76.684621 -0.011898 -0.010302
328294.663843 300.415609 473.813545 -0.012252 0.000417
344141.964030 428.677672 60.680656 0.013713 -0.018294
1995072.262359 551.845726 220.543549 0.001695 0.015579
1509670.835691 11.293568 590.906227 -0.015733 0.015791
783939.521193 665.436226 349.979957 0.003556 0.011728
702233.533702 730.440913 89.227935 -0.000815 -0.015246
783487.379916 514.490923 295.130570 -0.012706 0.013083
1976.599918 282.263746 217.693901 -0.015858 -0.012093
812477.567611 80.888075 532.051315 0.010927 0.005785
1551513.418346 422.576050 395.058140 0.010379 0.005363
1106838.468046 120.885398 279.635368 -0.014526 0.009721
516376.429478 389.631852 394.095864 -0.003834 0.018702
1541877.001311 639.274844 366.824152 -0.009511 0.019231
877046.727052 210.871824 200.450297 0.012093 -0.005350
1062152.807164 166.490909 280.761231 -0.003291 0.019299
220503.739184 154.969210 305.995709 0.010765 0.018110
285758.867062 257.587891 62.765562 0.004293 -0.001944
1694852.848395 693.281183 566.747886 0.000220 -0.009182
1823523.613542 219.363515 44.339778 0.000912 0.001469
109429.840049 768.337738 479.964334 -0.004455 0.010491
331166.874772 736.308977 582.304345 0.005305 -0.006534
1904142.131984 594.120157 318.585132 -0.001578 0.000438
967910.745632 483.276827 499.368197 0.003525 -0.011505
581591.096978 348.523831 47.947333 -0.010636 0.017511
706572.319710 118.011799 128.316370 -0.002987 0.006849
1499518.371885 385.521238 378.681565 0.001969 0.014857
785875.055374 571.587011 474.447640 -0.005462 -0.006112
257524.722376 252.909169 54.296888 0.006446 0.011170
1201976.699383 114.848425 228.842186 -0.002625 0.009281
1186503.038363 579.981347 101.659301 0.006839 0.018400
215485.423904 20.156289 64.860467 -0.007126 -0.001905
1555844.913030 56.670053 560.806918 -0.003691 0.004794
1610655.802121 641.072456 200.452292 0.003841 -0.013394
1363983.919548 580.494597 288.362720 0.010877 -0.004604
515601.680854 298.474982 317.535264 0.005554 0.012255
521772.659627 185.464882 319.406533 -0.002817 0.016132
984056.433190 429.766185 558.244574 0.003590 0.013772
764465.851134 302.283503 557.938885 -0.007325 0.011442
1098768.237559 98.074061 352.838393 0.014728 0.008822
1505133.839094 452.606258 265.920310 -0.010727 -0.006506
1656881.889169 392.792662 426.077217 -0.005656 -0.014817
1035409.796534 493.712085 216.524986 -0.018012 -0.018105
532033.862794 432.553671 350.074151 -0.012177 -0.014337
885049.308131 462.142291 312.267368 -0.005111 0.015770
611963.250959 737.460680 10.309192 0.015711 0.012222
1469794.933437 516.487675 223.454840 -0.012526 0.015537
1419313.830053 5.411738 222.288936 -0.003150 -0.005437
1001399.715897 751.118147 589.702275 0.014486 0.019455
57920.523946 103.016552 316.964186 0.004555 -0.007024
1340168.589419 44.174394 541.181189 -0.012388 -0.002904
1593328.125585 396.929743 209.075676 0.012541 -0.004444
308175.125303 438.491636 21.504487 0.000948 0.009112
1829796.170737 187.979636 440.258489 -0.008569 0.006237
194622.977727 628.548750 356.731575 -0.016826 0.005967
1163384.351490 85.923951 466.812991 -0.015374 0.009138
203536.384834 623.695724 466.801480 -0.019844 0.018800
408990.508136 640.521403 279.599489 0.002347 0.004621
1709918.606891 566.343307 96.735905 0.015721 -0.010631
1776676.395804 644.319317 280.430869 0.004803 -0.016385
248411.979642 575.545056 526.745547 0.008746 0.011925
1052401.075630 239.841359 543.599910 -0.007838 -0.003545
1254879.329007 324.273479 114.427659 -0.003754 -0.003580
322021.593490 487.262598 125.509864 0.002717 -0.014713
1647379.426121 386.012739 521.466024 0.019420 -0.005114
204691.412954 699.163160 106.326560 0.002799 -0.000171
536197.156895 555.400469 128.688524 -0.014196 -0.003472
25648.950611 537.793619 428.658030 0.016684 0.018957
247729.502734 436.923901 229.061961 -0.007402 0.018032
1580350.309415 379.971027 335.344189 -0.020005 -0.015901
1443766.372951 659.174925 350.964228 0.003674 0.012385
1912564.341869 554.413297 409.583971 -0.014670 -0.009431
357511.299829 321.138704 575.509793 -0.004389 0.001849
744693.135258 324.456426 130.876089 -0.016553 -0.007013
387589.365424 167.779002 523.069718 0.002986 0.000957
1645202.005117 291.646489 -0.080118 -0.004712 -0.005371
205411.871060 83.656165 113.476331 0.007502 0.007838
1996032.971887 514.842746 233.847455 0.007492 0.010510
1306804.762830 688.091016 106.688155 0.004501 -0.009858
1450619.077985 788.447056 395.199198 0.017725 -0.017181
1969754.747101 110.548360 168.382754 0.013683 0.008612
1609086.544071 543.767404 45.589394 0.012192 -0.017518
883645.576836 726.106189 99.632255 0.005585 0.003666
1722771.757153 502.501997 142.327933 -0.009972 -0.007568
28763.775727 722.754957 101.803066 -0.012040 0.000529
845989.907554 733.886769 301.229074 -0.016735 0.014428
1143645.596292 54.446228 600.245254 0.014088 0.016934
1423342.375748 525.605467 361.925497 0.011498 -0.001567
1329764.171191 184.784545 221.664338 0.013243 0.014445
1926056.274178 553.300262 294.279426 -0.011997 0.017719
1598411.507718 172.648098 507.840130 0.018768 -0.003697
726058.746095 313.950942 195.458644 0.014556 -0.001022
375371.614646 348.474100 324.871949 -0.012614 -0.008594
932014.105344 718.504351 567.020397 -0.017166 0.007192
811741.037672 587.708019 550.818499 0.010982 0.002628
1557690.799962 589.733700 154.796139 -0.009263 0.017512
399385.155365 53.440550 91.336694 -0.018137 -0.018554
1122038.441301 327.968510 256.640527 0.015483 -0.009100
1805346.826001 59.623091 425.569189 0.003323 -0.004573
1995636.369100 729.062851 96.951027 0.017697 0.019379
1695958.700821 279.006529 427.955911 0.010645 -0.015089
558004.577904 435.817595 516.644572 0.001456 0.012508
1597187.265566 589.177098 528.730404 0.018083 0.011278
1833981.536251 410.082259 114.677234 -0.006183 -0.003995
929917.220459 197.886322 284.784712 -0.013160 0.007591
1471826.909795 138.518403 361.348350 0.015867 -0.015403
1165988.196230 595.269234 277.974080 -0.008169 0.000418
1172216.120722 460.795298 32.490795 -0.002185 -0.015486
1736107.381869 196.399228 508.309135 0.009949 -0.012162
1259741.624473 532.937420 425.227694 0.012848 -0.019574
218963.730251 229.052281 155.205147 0.003360 -0.001600
1902503.935575 255.765539 379.637791 0.002180 -0.011341
1496596.111682 109.490273 576.201544 -0.011554 -0.002652
941537.357374 638.173235 5.964695 0.001061 -0.010199
245239.558744 315.677123 293.086179 0.018817 -0.014292
1372376.816986 480.133279 484.768747 -0.004172 -0.003135
1637971.852737 403.807296 424.101317 -0.016994 -0.016364
337179.376901 23.597752 245.375946 0.012125 0.003346
1249672.392965 440.303187 432.752155 0.003385 0.010451
310196.676436 44.428697 335.794906 -0.013364 0.003292
1607296.809371 230.303580 585.088603 -0.008244 -0.009695
236307.595035 783.838120 515.250500 0.017039 -0.004971
561161.337682 596.848658 528.740374 0.019465 0.012915
1939371.158341 125.363941 511.807894 -0.004856 0.018361
870700.636353 2.187062 305.567689 -0.013731 0.003549
541779.813609 249.338286 386.790418 0.013252 -0.000894
453110.709066 506.821467 459.529719 -0.011924 0.017067
47266.968548 256.812581 543.279616 0.015296 -0.010178
562186.379247 130.145558 594.693216 -0.013530 -0.013971
1629854.769274 105.263571 185.087324 0.006684 0.000385
534606.907766 82.191545 307.521865 0.011062 -0.009664
203362.833803 38.146338 342.164869 0.009827 0.015193
92345.910190 778.758780 306.570797 0.012426 -0.012993
877177.283576 667.598842 297.620174 -0.006208 0.008683
1484435.888699 500.871313 528.767324 0.009363 0.011485
64404.659935 439.043442 550.802603 -0.006330 -0.011425
856791.879449 486.951016 190.818989 0.017643 -0.004618
1153201.109335 34.048349 259.360134 -0.014216 0.011645
618554.387530 154.196695 456.824400 0.012844 -0.019880
1875266.974734 207.535057 502.992504 -0.002697 0.004175
1111007.126566 140.243269 138.445839 -0.002546 0.016413
34336.430968 375.265941 275.396691 0.017313 0.004736
1349224.196444 292.002092 249.931436 0.019699 -0.007781
1602661.077679 455.247313 209.561517 -0.010655 0.008571
276647.354605 434.321552 544.475747 0.016296 -0.005531
1822198.850020 671.063463 373.324567 0.009947 -0.009124
453696.245539 243.699786 268.529521 -0.001703 0.009684
713133.517985 379.503161 125.403401 0.012604 -0.003604
36437.158490 391.743433 464.288759 -0.002837 -0.000604
159010.190591 189.128127 31.271504 -0.002851 -0.001204
1535456.720523 453.532167 6.994006 0.007010 -0.001260
749811.288319 469.924676 183.284769 0.019863 -0.006537
1154889.427663 178.944241 384.523276 -0.019002 0.007221
762647.938338 304.944232 92.609825 0.003624 -0.012140
1129345.827331 486.783535 411.000076 -0.006516 -0.018302
337378.635228 334.055554 168.738062 -0.011170 0.013862
1499918.929068 791.225302 247.991900 0.010377 0.006623
1760744.261444 108.860953 149.927225 -0.012553 -0.014664
1172923.453698 610.560871 215.579463 -0.010949 0.011541
79642.974809 486.207934 101.092027 -0.012202 -0.012036
730713.756164 607.017730 483.992294 -0.017944 -0.016077
1702955.846536 175.554409 309.558800 -0.014696 -0.002381
724785.897287 705.889116 257.904531 0.011044 0.005762
187236.443249 524.374142 468.561499 -0.006229 0.013670
1828784.213322 744.306540 362.903566 -0.009323 -0.013334
787390.226865 250.386777 459.585311 0.002486 0.000252
1929498.061505 742.913310 160.967501 0.010683 0.019214
730520.102536 499.510454 120.103306 0.015211 0.010522
1281053.293162 194.405969 381.938516 -0.017202 -0.019249
562426.321470 130.360163 404.883473 -0.017511 0.000277
1033437.869061 780.136606 262.907875 -0.015118 -0.010081
1192859.900739 412.614309 336.485440 -0.005500 -0.016835
138898.690296 261.496843 3.694184 -0.006515 -0.015997
1973181.982512 561.136364 434.020211 -0.012563 0.003321
957790.512106 660.873381 496.705081 -0.015327 0.015870
1692076.045876 318.208975 36.213215 0.000831 -0.001627
1136829.509929 29.391452 260.503465 -0.019564 -0.013626
1367539.427880 482.526016 406.116819 -0.010181 0.018666
1509350.044424 252.304022 176.063194 0.010414 0.006105
785056.476847 598.134903 212.709951 -0.015367 0.017392
1873643.585422 476.033458 457.007882 0.010547 0.008434
1315983.134935 488.153722 64.824547 0.008790 -0.014728
1135951.929323 228.827509 100.652400 -0.019859 -0.008256
656102.584980 548.679019 539.112035 -0.019843 0.017281
1727078.126616 606.400689 148.297094 -0.013752 0.000833
1797488.349396 439.012613 161.362077 -0.009888 0.006603
406141.346510 151.914537 156.292021 0.018575 0.018122
1941231.998588 497.270734 337.443864 -0.016816 -0.006382
1386830.762674 518.428416 376.737688 0.014460 0.006002
1843128.023596 152.158070 201.797279 0.012782 -0.012242
538331.757550 546.162342 571.723080 0.000656 0.013542
944807.663069 332.334129 233.313923 0.009402 0.006584
106756.882792 754.992765 514.416065 -0.007539 0.016345
1618777.323337 226.622812 318.193493 -0.005093 -0.005288
1742666.514471 52.446598 6.798904 -0.000037 0.017108
1321460.731012 337.025682 69.770221 0.019893 -0.010396
620834.287545 213.205103 553.738361 -0.009476 0.011301
1523195.320518 587.499484 118.892088 -0.014012 -0.000945
1731081.362688 163.067598 252.008740 0.008908 0.000660
656632.629529 425.587295 480.428159 0.014355 0.016126
325566.043298 583.783658 581.102646 -0.013078 -0.010853
1792559.657149 666.485907 390.214372 -0.019489 0.013230
1778465.217808 259.249237 59.235273 0.012392 0.003519
1763427.173609 457.921071 192.932037 -0.017611 0.009701
1593951.392730 755.995975 556.219342 -0.011310 0.006628
886016.743670 435.876893 119.190066 -0.010374 -0.003817
204796.643092 323.932878 80.784060 -0.017156 0.003013
727276.621725 773.578875 248.254755 -0.019610 0.019133
488690.041233 721.795456 182.958265 -0.006270 0.008563
1781116.410057 179.296209 172.014696 -0.011483 -0.007824
20635.784613 7.439525 149.622763 0.017497 -0.010971
1834876.302553 303.490314 462.645349 -0.015334 0.004942
350019.654422 174.706465 16.795593 -0.007614 -0.008382
1214501.650638 537.864150 155.027511 -0.019201 0.007488
477760.385944 211.499412 353.475576 0.001761 0.004278
605806.972182 347.238066 499.256240 0.003596 0.005798
272576.070518 480.123112 392.500707 -0.004564 0.001516
1759240.741729 243.156483 550.285409 0.005992 -0.003266
1080301.612187 660.439468 382.735688 0.002782 -0.014594
1857771.559552 140.271931 484.421366 -0.012486 -0.012182
988850.145130 340.040555 276.684988 -0.016670 0.018754
134591.829094 309.501092 242.412109 0.015987 0.019029
96963.198901 28.556425 345.847355 0.008262 -0.003141
227820.812831 465.133254 434.839473 -0.018761 -0.010709
290631.014058 457.479724 34.354717 0.011464 -0.014482
385931.693197 569.658144 190.028359 -0.020013 0.015995
1023297.854244 396.961484 195.396229 0.018839 0.003241
589125.026292 31.507325 579.553121 0.007941 0.017466
1882412.602139 596.839876 584.025424 0.000691 -0.002090
790218.714061 504.861557 18.679974 -0.015186 0.006547
526777.357108 212.360589 139.995165 -0.007117 -0.017991
748590.766801 411.772721 457.607571 0.007593 0.000597
1324791.236466 162.067283 6.070540 0.019523 -0.013037
1179151.767483 226.026664 128.193552 0.002193 0.019223
301466.356172 396.102776 434.961961 -0.014991 -0.019498
349183.755158 415.078293 387.326385 -0.011768 0.005617
616335.581344 375.060916 543.683066 0.001718 0.011556
1910511.639859 733.706132 182.899032 0.008700 0.004280
1640005.631205 304.673734 485.039588 0.013275 -0.005328
1964468.728734 335.927892 390.997650 -0.012193 0.018995
1261209.360911 276.267897 282.378205 -0.005745 -0.001176
968463.258337 424.473001 593.785647 -0.014825 0.009431
1257770.379660 350.152873 123.826367 0.001287 0.019255
1991034.577596 391.452868 537.749213 -0.008003 -0.011729
1007596.648767 95.860829 353.297582 -0.006781 0.017922
1912045.142572 235.918215 222.804720 0.004268 -0.000413
692628.538559 190.153345 501.190515 0.009380 0.003511
609848.141023 240.722661 74.943756 -0.008224 -0.002769
1723251.459991 737.777600 520.951705 -0.017346 -0.001709
1696924.347289 50.296170 567.999155 0.009827 -0.005561
309029.791648 199.638717 289.698353 0.009643 0.002354
867302.640745 559.106115 513.560194 0.012181 -0.007817
691843.061099 120.642729 325.979615 -0.012843 0.018651
272265.500516 388.467153 162.116982 -0.009547 0.011205
1400582.436193 98.346875 421.369225 0.002952 -0.012324
320566.674844 333.163362 150.895552 -0.015710 -0.013504
1229627.376064 208.884558 246.309738 -0.016056 -0.019851
1946485.269790 424.978134 421.332788 0.001912 0.008038
15066.369444 140.486273 292.316135 0.002006 -0.005756
911695.870064 549.049665 506.120519 0.009039 0.017877
1245159.992597 340.353106 42.624978 -0.006524 0.020155
519428.529087 388.672756 246.998918 0.000380 0.003837
1147820.552414 102.046802 512.541857 0.019418 -0.011047
1717933.562453 767.086483 453.639944 0.002487 0.011469
183230.377819 455.309771 577.829786 0.003167 -0.015289
640928.558372 27.534422 483.194751 -0.013458 0.010317
1503776.668340 628.901792 111.161457 0.012849 -0.015534
360957.489517 65.362063 358.299809 0.003699 0.003721
380073.533570 132.078589 431.695412 -0.018223 -0.014009
1889061.825298 723.339017 66.025223 0.008010 -0.001351
1796955.322752 633.742325 20.425520 0.014485 -0.005169
306282.549308 146.865335 243.203510 0.018352 -0.006185
332156.324914 567.634274 78.909634 -0.005925 0.001307
485168.456326 426.581251 367.412134 0.013146 -0.014907
413343.113108 24.228113 173.717153 0.017097 -0.017011
883643.182406 697.236782 587.076758 0.002074 0.002818
887249.075289 360.303762 217.560596 -0.000899 -0.007451
1467432.667253 504.399323 297.482111 -0.014411 0.003560
1682910.725327 245.000297 179.472788 0.018961 0.006315
1660796.624450 172.314238 113.624504 -0.002239 -0.017775
629926.086697 520.333211 50.870359 0.004195 0.003106
318150.466456 37.329329 269.310326 -0.013941 0.003928
40123.955365 464.649911 29.181991 -0.004724 -0.017541
724761.667999 93.901763 413.707260 0.014322 -0.009792
558074.092752 559.657996 337.219179 0.003109 0.006880
438651.350531 326.442735 533.166965 -0.004066 0.014451
1885724.248311 579.088612 300.992131 -0.018901 -0.006820
158400.153815 149.278281 226.153557 0.001137 -0.006996
1952982.963972 437.693777 543.530162 -0.018954 0.017269
1927788.328346 310.981334 28.321474 0.006192 -0.010100
607879.136041 746.863930 567.558716 0.014626 0.000457
1236504.919471 67.944026 551.393546 0.000253 -0.000258
1541570.438790 358.857112 131.507786 -0.009113 -0.000963
1098586.873663 282.170448 398.283433 0.017056 0.015186
1973812.054831 722.988759 257.212954 0.015655 0.017367
717421.361579 684.467842 190.607087 -0.003734 0.000393
1128238.588166 568.338973 265.695559 0.000398 0.003052
1906900.824936 103.112857 396.729759 0.014908 0.005391
311031.282093 514.426154 50.531954 -0.004976 0.016671
1119457.958787 738.873027 161.297597 -0.010810 0.013999
295815.608602 167.785935 451.715627 0.003010 -0.015970
1365835.790227 746.831577 574.104393 -0.019990 -0.006422
933742.419320 452.294418 30.182824 0.016408 -0.016971
1254474.420685 690.105862 122.108921 -0.008478 0.009410
1674721.783807 355.492503 227.621510 0.016824 0.012740
589441.845468 384.400912 445.744464 0.002552 0.008112
1186208.380939 568.350779 547.343746 -0.006135 -0.008545
28320.921598 24.424790 131.803170 0.018872 -0.018781
1123059.363627 350.724665 356.815349 0.004401 -0.006058
1339490.994503 192.492429 126.477619 0.014917 0.001153
1892333.765464 567.851483 583.274647 -0.007164 0.005327
1580513.963280 495.689317 66.285170 0.001254 -0.012674
1628540.167412 100.957469 535.782971 0.009076 -0.001111
358744.990248 592.778764 301.729811 -0.004029 0.008493
1065496.480589 768.792678 90.524872 -0.014921 0.002947
996930.964755 638.290218 488.846848 0.008372 0.006814
685065.261407 524.045719 228.851989 -0.007604 0.019159
22284.613001 83.207505 360.032154 -0.014868 0.005165
1564209.169505 749.496282 458.116167 0.006978 0.006547
471659.941818 683.920533 242.497200 0.009526 -0.009795
234378.384535 216.491993 129.578998 -0.009243 -0.004024
1581110.075852 613.231683 117.740867 0.004192 -0.000957
1733102.233956 757.634178 78.246490 -0.010142 -0.009504
222272.466972 206.727329 219.714122 0.008450 -0.004771
7593.072023 394.754693 189.740120 0.010712 -0.013176
1961038.188991 2.085196 13.906945 -0.004573 0.009657
554464.627316 401.917440 7.578870 -0.000263 0.010851
821613.773155 227.315716 322.517577 0.004030 0.015587
24485.756655 378.447500 502.105403 -0.014265 0.008811
196372.594776 203.402459 587.787640 -0.001421 0.018557
718005.964867 374.978861 274.588812 0.007044 -0.010238
1252709.545778 525.379956 142.314214 0.005949 -0.018318
1958473.456073 741.634983 326.357979 0.019629 -0.003221
628831.249023 322.127040 421.531606 0.014050 -0.019641
1185057.482303 690.574162 289.044518 -0.002867 -0.019720
406775.272641 421.238908 157.136508 -0.012860 0.019471
452064.211691 433.056800 275.715797 0.007353 -0.011348
1391094.198167 249.049762 524.679351 0.017251 0.018325
1830316.959801 730.329077 532.036377 -0.001630 0.016139
610994.441719 618.298389 183.964685 -0.019657 0.004986
631021.334152 481.714614 292.250234 0.011853 -0.018608
989235.750860 1.712651 334.154140 0.010248 -0.012653
1098658.789461 784.531614 435.070475 -0.019653 0.006629
1883467.686308 564.436011 585.972123 0.012757 0.005428
1871849.530317 584.704864 330.637765 0.012870 -0.012436
911993.535660 102.157279 577.499512 0.010557 -0.014585
1176139.691461 61.716447 443.321113 -0.016936 0.015025
1537174.407177 456.407940 526.508657 -0.006941 -0.006934
123261.179832 700.806564 185.124541 0.011641 0.015041
1946848.674653 583.086271 354.077155 0.017983 0.001715
457599.283409 708.903475 164.471471 0.011213 0.008296
926562.791190 189.183517 501.484953 -0.000411 0.020185
1942178.605097 11.994290 45.489998 0.008393 -0.016363
1905775.863633 382.612447 397.372552 0.013265 0.012158
1975712.466974 713.660030 407.910509 -0.008288 0.007166
1128937.655654 214.734176 243.780707 -0.013881 -0.011221
1900458.380534 306.278739 62.197541 -0.011059 -0.013428
1623668.112617 549.932589 239.723574 0.005850 -0.015465
798515.523224 494.066329 76.813379 -0.000974 -0.006938
438456.544857 343.586535 482.368029 0.015140 -0.009754
1216805.763178 694.685617 90.792031 -0.008494 -0.013402
1661706.700764 681.519316 259.304905 -0.010493 -0.019713
1303971.794110 150.736946 233.965775 0.010272 -0.003517
1107963.914568 455.172497 59.065866 0.018170 -0.011404
425643.800956 282.680896 499.865278 -0.007102 0.013629
318262.858465 448.971899 154.997496 0.018562 -0.002290
1036196.117772 457.833811 186.480790 0.006830 0.014561
948553.069005 401.342587 427.634063 0.016381 0.009407
1438074.149861 447.100423 555.820793 -0.015624 -0.007537
677338.477540 530.441919 530.627266 -0.002499 0.004695
197747.041563 521.014153 583.335978 0.017226 0.019655
1601492.672973 71.724012 330.755369 -0.017640 -0.017816
1987075.958395 461.582639 375.269112 -0.007830 -0.010063
971748.938305 621.860998 449.319890 -0.012076 0.007406
974474.447302 733.579041 146.300900 -0.003449 -0.018920
1121549.802423 602.073592 413.258646 -0.002207 -0.012393
613932.794246 434.724300 504.554579 -0.008859 -0.001009
1665525.531241 62.939826 338.762020 -0.004506 -0.014524
1238773.710671 302.494500 429.458660 -0.010182 0.007292
1925637.924078 585.287726 276.508136 0.008454 0.017199
290519.337305 158.669197 508.021420 -0.004372 0.004494
1745488.432117 760.806758 218.990069 0.002454 -0.004198
1111265.337612 695.185312 563.283048 -0.004242 -0.013917
829182.160473 184.131480 135.829283 0.019227 0.004579
728391.627189 478.946904 596.197698 -0.016869 0.013686
1349985.243450 33.425025 345.949455 -0.014527 0.010163
1010733.056353 223.931283 571.529250 -0.005916 0.006797
1129411.861826 180.219002 373.095165 0.017215 0.011485
33999.050983 389.057861 394.047883 0.019646 0.015354
1606354.705806 296.312504 66.727088 -0.018788 -0.005951
1451822.744427 315.091557 570.282610 0.008763 -0.001019
1590584.168020 314.881961 309.304817 -0.005147 0.001141
538209.161040 700.980973 484.964467 -0.011158 -0.010863
958317.440449 628.263486 272.128320 -0.015991 0.008647
479655.517489 94.404506 120.313789 0.015853 -0.017021
167238.956395 558.729931 267.354532 -0.012170 0.009130
1592486.357127 737.179291 73.220237 0.009852 0.005628
1189583.299304 433.139146 20.766774 -0.015544 0.016573
1124831.962923 303.303257 474.171867 -0.005187 0.004010
37146.621401 680.317846 232.558201 -0.001136 0.018050
205026.889315 568.921304 41.033521 -0.007883 0.004309
284161.461650 310.186057 183.783457 0.003492 0.003343
68690.410847 306.279498 301.803040 -0.013748 -0.014787
287411.349028 600.266185 403.824994 -0.012906 0.014459
1171263.018237 591.697085 143.754157 -0.004980 -0.015517
1682127.158941 315.059001 577.412604 -0.010878 0.014539
1824708.168313 264.780171 346.612006 0.019213 0.005359
369206.509725 98.058568 13.322741 -0.000372 0.008408
1208981.916871 419.542662 56.143110 -0.015654 0.007262
446720.970071 202.129653 259.110896 0.015807 -0.002833
586212.983628 385.037463 102.018455 0.001337 0.014299
560717.814863 299.349529 150.861664 -0.010346 0.004135
234257.601311 123.670525 559.000968 0.007800 -0.014622
1133248.557864 703.416105 154.247743 0.003534 -0.005184
1934248.125150 153.709685 536.692821 -0.017571 -0.007942
1152133.833222 226.280015 331.483067 -0.019687 -0.012954
1965200.129880 240.487231 396.746458 -0.013855 0.013370
1034901.121182 346.120372 125.831624 0.010850 0.006898
1623246.405098 708.952805 497.138804 0.009748 0.003208
1926329.093951 248.205716 276.186735 -0.011181 0.015961
1658576.383096 150.417313 54.835611 0.008979 -0.010069
786221.519479 240.808963 318.713660 0.017799 -0.007691
1421758.733421 742.946182 365.160423 -0.004886 -0.017228
888519.625593 711.271633 307.971510 0.005964 0.006189
374128.679919 371.540796 325.593488 -0.019384 -0.011601
247207.860577 783.002837 311.623046 0.003291 -0.012046
838233.393076 329.881775 231.604364 0.000679 -0.014373
1269501.125100 722.882966 262.578455 -0.014855 0.016924
1490342.234955 701.600643 467.279378 -0.005834 -0.010058
1720173.599068 639.002469 82.420939 -0.005128 -0.001866
1589947.016719 447.862855 550.771194 -0.006486 0.003085
254199.274003 369.689561 331.900674 0.005906 -0.018213
1506623.924480 52.524831 274.444937 -0.014404 0.003088
1187558.641279 619.271942 289.469118 -0.018789 0.017647
663885.182079 620.104431 490.591621 -0.015549 -0.014782
134186.233456 776.714368 557.456602 -0.011855 -0.006224
763995.101100 799.366546 542.489185 -0.008041 -0.006501
960104.740672 340.893582 479.244708 -0.018597 -0.016991
1689167.128731 629.763806 84.719195 -0.007894 0.017122
1435140.350571 716.085687 422.062209 -0.012036 0.017046
1287450.956780 425.328957 421.302548 0.015492 -0.016367
1664884.491668 423.771568 368.506942 0.010601 0.009329
1916152.068375 115.575133 439.955711 0.014395 -0.002281
142374.806172 274.593999 522.161563 0.014831 -0.004934
1889104.925044 571.808513 97.993839 -0.016674 -0.019293
184043.514628 642.294163 547.065822 0.011781 -0.019924
1678137.485719 350.653614 319.985009 0.001611 0.016062
349432.717240 299.163411 257.351727 0.011511 -0.014615
327130.583267 597.688787 167.683470 0.015869 0.004361
1445781.852792 774.631691 571.448747 0.003720 0.013539
657045.848974 430.376847 332.826541 -0.000287 0.004920
1143416.638087 467.919932 254.949369 -0.000620 -0.004816
853229.746620 259.520175 491.099190 0.018361 0.014557
1436276.935710 106.546217 143.455190 -0.014040 0.016960
747046.145027 249.339466 400.775292 0.006107 -0.011812
555282.349025 300.162078 106.522170 -0.010822 0.018768
31011.744417 446.361072 303.645413 0.002805 -0.017977
259713.421697 113.397082 381.565286 0.002210 0.005062
30230.289339 785.758306 570.507351 0.013292 0.017683
1629124.594680 440.174714 44.935246 -0.017898 0.007952
1993199.337271 341.217282 5.588082 0.006603 -0.016801
437214.899080 754.135734 272.361254 -0.004231 -0.013119
847463.854052 329.063956 438.627398 0.017220 0.019223
1561464.248021 48.409692 73.486843 -0.003328 0.004605
1496915.452879 345.471937 358.092099 0.008006 -0.009431
1076064.875850 410.466589 489.254804 0.004503 0.002601
1028186.607653 487.302144 594.827696 0.000937 -0.009074
141764.248787 594.381935 129.804030 0.000999 -0.014461
778578.041484 758.913229 329.704118 -0.015268 0.015194
1058486.954802 720.207033 564.187968 0.005883 -0.007155
1112790.978101 319.485617 448.225463 -0.013855 -0.016075
24501.685065 553.842351 366.438743 0.013090 -0.007839
353571.678676 272.864587 548.486032 -0.013265 0.014613
375264.103699 191.509532 365.682741 -0.003807 0.010613
1493884.026769 634.973963 429.152146 -0.008202 0.016524
1188817.119779 659.933797 487.978628 0.001403 -0.000919
259519.063057 73.708374 525.417987 0.015139 -0.010171
1949033.547169 712.060085 562.492751 0.003465 0.008708
482529.103981 609.516166 36.022122 -0.013823 0.017261
1850091.109914 273.836047 102.725329 0.001392 0.009867
1871495.037280 224.901945 324.732658 0.006161 0.002911
908785.677938 195.297939 241.180119 -0.009277 0.011215
1755362.652128 318.334885 522.386085 0.010157 -0.008998
232765.271437 582.171199 98.828519 -0.018073 -0.007271
1765166.354256 236.307527 45.889545 0.017674 -0.002002
15434.920795 692.952981 474.770908 -0.012879 -0.003999
1077013.659792 90.753432 409.267953 -0.016808 0.010599
516053.778360 427.375521 5.636798 0.006386 0.012113
1576709.125925 429.859484 119.245379 0.006420 -0.008345
948767.654108 620.882522 12.103370 0.005593 0.013200
667159.362075 417.549394 74.307780 -0.003590 -0.001439
1146380.339352 334.135080 198.414276 -0.005361 0.003860
1462269.868451 722.444118 426.879016 -0.003571 0.019260
949273.004639 536.534324 309.809079 -0.000658 -0.006830
636841.273232 217.401565 520.848892 0.000694 0.017242
316267.470045 793.178991 424.426155 -0.012930 0.005298
1072709.865436 409.141398 92.708427 0.006414 0.016875
1234697.917120 187.365566 203.664977 0.017925 0.003940
1871003.135047 543.362430 300.281447 0.005842 -0.016341
968257.898916 95.783046 457.533727 -0.019827 0.004231
184803.100389 256.020270 525.825884 0.018309 0.013470
1613704.762242 94.155842 497.068842 0.000561 -0.008177
920804.219749 40.390300 484.126724 0.004809 0.008331
1455508.939668 184.503508 566.005638 -0.017312 -0.012833
1084419.887087 1.385965 515.074467 -0.018226 0.005933
1899527.167855 422.441061 461.400200 0.008458 0.001120
745706.753221 643.261491 509.042217 -0.010120 0.010547
1369434.811813 44.293498 529.112234 0.000569 0.002787
353913.564400 779.847758 371.863472 0.019291 0.003536
660308.989072 568.606605 491.975116 -0.009050 0.011119
1997036.600484 653.597313 468.829022 0.014265 0.014406
857968.969670 644.733939 232.637072 -0.012091 0.000743
1832483.595159 456.981872 194.207155 0.011437 0.012023
174050.590104 359.644325 525.374965 0.018764 0.018482
887791.815627 115.973138 561.360585 -0.017437 -0.014854
1048845.100705 314.698119 504.333555 -0.006251 0.006692
1236598.032171 273.699218 290.147621 -0.004031 -0.012082
688449.854352 662.605435 2.589600 0.009255 -0.018944
1047717.716101 518.980332 357.829987 0.013907 -0.003487
831685.772553 746.827315 517.133510 -0.008442 0.016120
1646809.537731 587.822082 29.366083 0.010387 0.011935
354697.854423 226.759235 115.041820 -0.019281 0.005144
1718570.137265 508.463143 581.569712 -0.006281 -0.018639
338487.908402 549.772558 517.456335 -0.013001 -0.003242
1776805.868268 558.746027 40.750608 -0.000615 0.001840
960078.654327 720.441956 287.106580 -0.006710 -0.012501
763596.911339 131.468975 555.934294 -0.002759 0.017009
1446903.674606 486.502797 125.275596 0.017154 0.005292
1673049.761761 619.756367 155.984418 0.012227 -0.015281
591079.477496 780.407783 482.821070 -0.013701 -0.013983
450261.526019 36.965621 509.518442 -0.008252 0.001256
788880.985598 618.881388 258.899997 0.014937 -0.015427
1247242.441982 204.410089 167.334274 0.002010 0.007425
405506.701397 218.042982 175.365003 -0.003534 -0.012391
1835863.754077 197.809169 576.492830 -0.012855 -0.017841
159031.381905 379.932950 18.588629 0.015403 0.005319
362722.217274 87.477219 407.258573 -0.018583 -0.003772
420997.232395 340.133953 105.369135 0.005835 -0.007811
580167.091722 213.263392 332.810672 0.002794 0.012600
479025.265425 617.099041 52.630161 0.001290 -0.012679
552036.800679 359.976552 258.393546 -0.010472 0.005087
969986.005207 253.888949 61.664765 0.000774 -0.011943
1471710.388303 557.523607 187.758706 -0.003397 0.009194
1430984.936390 500.776826 91.173631 0.015648 -0.009262
902052.609670 144.650307 321.111377 -0.019784 0.010003
700700.571156 195.545206 313.272487 -0.002450 0.011064
1408199.004553 571.344144 137.037161 -0.014611 0.018113
1713095.736556 496.179222 161.477893 0.018416 -0.014609
944491.339356 557.039111 498.805126 0.011376 -0.015568
1119457.834922 400.413452 441.449808 0.008484 -0.004362
8319.607940 130.626460 343.565879 0.001561 -0.013272
647061.014849 711.771890 247.437028 0.013810 -0.006834
379545.065751 439.206006 25.855549 -0.003336 0.007321
1990576.603445 218.670072 181.501166 -0.009385 -0.010674
876473.971119 589.669105 557.747490 -0.009187 0.000888
80381.552726 664.491630 13.440295 0.011026 0.001698
828036.629980 624.912091 423.106578 0.019517 -0.007192
1747623.103553 248.428046 124.517684 -0.008534 -0.013745
1072386.123739 381.188632 423.562193 0.003213 0.015736
777386.485961 459.589384 100.798935 0.007641 0.013591
801906.589792 103.789823 345.982124 -0.006805 -0.003950
197987.358178 296.041530 137.901095 -0.015157 -0.014138
1545926.498969 428.233172 556.349988 -0.000530 0.001201
492654.834172 281.828280 500.312629 -0.001153 0.005141
1978982.283724 792.898315 69.263186 0.007755 0.002819
17631.095842 66.181202 86.677365 -0.012955 0.010996
1966499.848276 461.715200 543.549058 0.003423 0.015165
611006.784537 527.325937 167.277342 0.001457 0.011207
850069.038966 247.066410 189.809285 -0.005920 0.011500
1676786.882652 479.069289 83.388516 0.006890 -0.017862
1557780.060711 529.674537 26.191877 0.015763 -0.005728
1227310.625476 722.746470 262.980360 0.011786 -0.019913
428616.731627 592.111260 393.387836 -0.015227 -0.007965
1127178.874392 340.342583 576.585876 0.013659 0.018414
1480731.590409 212.860326 162.190435 -0.017759 0.004793
115335.758829 715.184548 130.638500 -0.012098 0.002660
541498.807511 780.970166 137.213913 -0.007438 0.014833
1167776.423119 742.071199 464.453966 -0.019060 0.007398
1705487.274428 189.984291 255.803299 0.000320 -0.005714
1455042.508177 58.179665 469.562562 0.007522 0.016569
1485351.840726 341.641437 108.573751 -0.019539 -0.000656
1600046.444498 55.685451 226.744681 -0.019278 -0.009270
1889695.885540 230.255956 146.862918 -0.013083 0.004142
230475.999522 605.801367 319.236277 0.015509 0.011177
434670.210087 593.521447 10.015235 0.005756 -0.009948
748135.628527 296.756051 193.164160 -0.013662 -0.017662
474188.291689 718.643830 292.647708 -0.003313 0.016252
1941577.332067 174.289274 588.593567 -0.006014 -0.010665
499196.726130 235.234025 314.401928 -0.000256 -0.001303
254300.674542 487.714049 134.031887 0.006364 -0.000103
6325.354803 700.115759 144.007587 -0.019183 0.000826
980919.682878 315.987206 534.922838 0.012551 0.001967
1900851.625903 40.285474 269.162156 -0.002583 -0.001271
719689.197242 326.243486 412.332344 -0.006339 0.010295
1844748.197982 472.740295 30.248258 -0.002175 -0.016565
1036199.990211 459.197055 416.370499 0.009641 -0.010755
385683.919483 595.634544 65.227381 -0.002697 0.010624
1256102.471266 738.638919 96.034136 0.000586 0.010080
1419511.694191 375.476352 472.794237 -0.013627 0.016250
511292.832210 415.200281 189.621751 0.017688 0.014403
145034.134456 691.246967 270.173530 -0.015048 -0.007554
1071721.370831 513.196530 530.682250 -0.010806 -0.004674
233847.819378 338.231161 77.318132 -0.011030 0.014203
1786277.592083 681.896235 467.425637 -0.017906 -0.005087
1031918.257955 609.675206 506.048740 -0.007877 0.016823
1499349.890975 446.392549 263.473778 -0.017335 0.000073
597617.807145 110.280182 219.097046 0.010010 -0.009536
1353622.215499 228.379224 541.951536 0.002468 0.000629
573296.933702 542.657027 563.938986 -0.003400 0.016136
1590131.532210 246.395556 453.790111 0.003007 -0.005552
258416.177825 72.897614 73.630357 0.018867 -0.004272
87595.200207 577.077878 571.642014 -0.000687 0.011451
906233.425674 625.800231 554.283362 0.012747 0.001242
370032.188655 395.948659 489.383885 -0.016457 -0.017739
664767.085884 299.605624 441.747300 -0.009133 0.011574
1278253.811075 53.034289 58.677161 -0.004126 0.005624
916040.443311 420.071641 438.713636 0.003221 -0.000160
249204.321880 499.258294 130.303485 -0.016944 -0.015712
8661.484350 424.425878 533.448590 0.017151 -0.006053
841302.204338 90.122348 506.151785 -0.010478 -0.011979
1802783.200425 455.896750 346.169070 0.005477 0.013643
731632.451868 220.856234 544.729612 -0.001414 0.006849
1096714.972098 736.768878 118.101360 -0.008804 -0.000068
1386984.768969 323.867029 76.213354 0.016470 -0.000742
469499.863903 732.190929 6.870996 -0.015010 0.013803
718651.906922 435.461250 574.575086 -0.011852 0.011233
316653.122342 84.285584 211.342691 0.009979 0.009119
385530.231700 79.749303 10.938999 -0.015988 0.002570
1379939.433830 519.411224 291.545861 0.015420 0.017170
1974529.288697 463.729234 199.392955 -0.015506 -0.000394
1626419.535664 279.688834 244.571937 0.012978 -0.001063
503204.831157 146.203229 10.684200 -0.011619 -0.004506
1600260.999799 293.091833 294.531460 -0.013932 -0.015948
467442.890847 275.367722 121.012614 -0.009915 -0.002201
1530910.291491 753.097557 56.543691 -0.010005 0.013175
43405.273949 189.960571 245.136583 -0.005797 -0.005891
1801413.789299 133.550561 421.304036 -0.007691 0.019674
348673.859774 447.585939 104.988749 -0.012284 0.010753
1122384.702378 793.429073 80.853331 -0.017917 -0.014245
474000.488629 229.258359 293.445877 -0.002433 0.001558
1867761.544822 162.790180 288.101269 -0.018863 -0.001840
617712.498930 39.568496 415.300373 0.008750 -0.003845
88793.583256 495.082164 342.798904 0.009887 0.016945
1123119.018564 736.173201 291.582379 0.009377 -0.015512
510837.786138 237.572367 62.648999 -0.004334 -0.005985
498234.962345 502.676991 381.491699 0.009531 -0.017334
350510.791107 537.796869 162.878156 0.006249 0.007956
1451432.125387 771.395046 449.335033 -0.003375 0.007345
303273.376219 370.285311 179.957543 0.008882 -0.011668
454803.713809 227.158745 76.057093 0.008598 -0.019202
480071.545802 775.508313 189.831922 -0.006246 -0.005560
1333575.176696 474.860012 592.909297 -0.007790 -0.006722
110627.538576 382.820584 1.917941 -0.006994 -0.014530
1406769.050940 41.583026 59.191088 -0.001879 -0.001183
1561676.394922 482.258928 559.356329 -0.016761 -0.006996
281255.947557 246.742893 364.859261 -0.009249 -0.019071
1257382.930842 407.367800 596.068091 0.017788 0.014122
706537.016996 489.528325 268.839301 -0.006340 0.016649
1558318.719993 318.078849 237.017663 0.011344 0.008938
1057752.200895 389.399386 465.894293 0.005110 0.017500
491364.625511 326.322036 325.142694 -0.012862 -0.000411
1734950.389590 255.132377 479.303306 -0.000925 0.003493
1643357.573842 84.661818 56.933840 0.012568 -0.017964
1898263.090243 133.959598 397.731471 -0.004151 0.000402
1157183.811607 140.978184 544.545971 0.018940 0.018334
1260090.642264 401.481876 266.596020 -0.003782 -0.014826
767107.214205 521.565484 323.252472 0.016983 0.013176
55740.578126 634.793349 88.818118 0.013022 -0.009302
1471867.368311 518.987566 224.878547 0.012906 -0.001681
851158.514084 624.210490 377.676151 -0.016457 -0.012922
279214.015361 533.031053 211.786398 -0.018190 0.005629
622537.959657 541.316579 84.755189 0.010265 -0.016713
543551.074594 112.383450 439.263940 0.012805 -0.017338
1125283.938425 670.419499 515.253821 0.008421 0.006526
255944.995329 357.694305 187.144581 0.000112 -0.008830
1549879.616848 742.624853 35.281566 -0.003806 -0.019297
474171.187949 435.889501 410.469747 0.003566 0.003653
648167.413030 720.774794 160.477798 -0.001355 0.006309
697835.028496 589.877415 478.498870 -0.016728 0.001912
1725670.433475 515.981127 231.129462 0.008637 -0.005344
99429.388577 679.182801 481.551140 -0.005523 -0.005949
163663.104253 109.314848 168.317504 -0.007311 0.000308
594763.153510 303.655651 52.738487 0.019275 0.018800
1355525.087265 244.892434 522.092588 0.017910 0.010934
1053977.892294 234.807339 305.641880 -0.007015 -0.004934
115031.983757 149.698242 12.771208 -0.002324 0.016312
752375.869431 393.779045 455.060011 -0.012771 0.014191
219437.964363 208.599495 595.012912 -0.004391 -0.003940
1068114.026016 550.239887 469.064275 0.004830 0.006885
1499866.051366 239.107175 584.230963 0.004732 -0.010287
1491842.997955 116.862793 322.382131 -0.009719 -0.001127
1826279.228472 251.059024 395.184147 0.017301 0.010250
1133058.067007 247.543327 149.323792 -0.007042 -0.000437
207507.431604 346.591160 450.273994 -0.016175 0.012957
304737.184339 504.341365 306.706113 0.017354 -0.010013
361247.467977 546.507386 329.337819 -0.013810 -0.007887
1585793.637478 720.438311 269.349203 -0.006761 -0.013832
1841064.114050 194.826330 281.296909 0.003187 -0.012847
451362.950938 116.078730 291.950601 -0.000999 -0.001228
1950936.490647 462.943241 542.185179 0.007936 0.008077
1454702.783122 701.723154 182.631561 -0.010457 0.012491
1108684.254395 335.238380 297.130242 -0.015857 0.002983
1596490.624173 716.881979 284.904588 -0.012430 -0.010294
1263706.185512 134.234571 282.464695 -0.015929 0.009881
1294332.516982 261.173175 535.715624 -0.014667 0.012046
723046.520130 87.119793 228.427481 -0.009393 0.013359
107937.715067 793.494291 426.895668 -0.005741 -0.010836
1046872.077066 728.975930 389.888120 -0.019363 -0.019496
450965.188654 653.651780 546.777785 0.008014 -0.017427
278162.196408 266.356936 139.773022 0.004373 -0.002626
1960316.196066 205.674010 456.589184 0.014895 -0.004396
1125740.257616 187.686616 299.748597 0.017722 -0.000068
668170.334151 796.857723 294.248929 -0.018187 -0.005839
1443825.863043 455.516911 160.018599 -0.005092 0.003551
564375.188464 478.217124 242.633885 -0.012222 -0.008029
938961.728913 267.081567 379.754142 0.008074 0.017692
132214.712972 546.624632 119.661180 0.013313 0.002224
1179224.623916 311.619028 473.165832 -0.016483 -0.006658
575213.267736 338.989394 197.881671 0.011010 -0.001196
1368718.602401 400.796046 23.924873 0.018035 0.014948
1254302.726711 185.826259 282.695823 -0.018651 -0.002902
1541011.519516 401.041090 456.215491 -0.003920 -0.011869
1407684.757098 375.383947 531.799457 0.016153 -0.008180
883750.411162 393.863738 411.766243 -0.010599 0.003300
38293.802197 414.567064 2.881754 -0.006036 -0.008090
949396.727117 26.719115 478.868895 0.000602 0.019433
1340193.529306 112.254149 129.943658 -0.014295 -0.013059
1289556.392138 729.412228 404.365410 -0.003819 -0.007434
1756783.113702 88.050743 469.124037 0.010505 -0.019704
157687.638028 165.986653 303.250833 0.010637 -0.002495
175039.783202 626.734866 573.330272 -0.016264 -0.014662
506304.289450 453.381635 99.337011 -0.017949 -0.016716
301433.914481 576.065598 133.752773 -0.005362 0.014541
790027.673724 9.661582 464.075416 -0.017192 -0.003251
176035.711624 758.691129 317.200350 0.014802 0.008524
1081972.172988 759.248966 552.268054 -0.018247 0.008681
715741.816310 107.004452 298.942914 -0.007406 -0.010926
1263880.632475 454.294192 476.730390 0.011931 0.004697
1751026.801649 758.778477 202.488927 -0.016163 -0.007301
399196.095951 394.747605 198.035523 0.019070 0.002378
1496994.359185 48.709423 306.431368 -0.008903 0.017281
445396.929255 653.676856 529.694864 -0.014301 0.014545
1193553.106484 399.903437 599.383937 -0.016125 0.012544
450224.472419 581.410659 229.321378 -0.019245 0.001036
1999453.321099 715.756008 285.710159 -0.004467 0.019286
1584501.028799 429.268517 291.140861 -0.015107 0.000403
94458.571679 696.613778 342.553364 0.002267 -0.014108
1007827.074736 623.609685 579.587812 -0.004562 0.016857
1658558.308919 786.604268 253.193675 0.013087 -0.016903
475365.567242 42.290849 482.970199 0.004365 -0.016957
663714.367274 496.046710 580.799495 0.012227 0.018184
1919117.403179 479.301083 296.912611 -0.002171 0.008824
9624.167350 393.700858 354.646959 0.003061 -0.018037
1478876.057770 64.599582 497.175674 0.007814 -0.001377
1502145.321808 426.589265 269.265067 -0.013023 -0.005537
1054818.871922 329.116824 247.791123 -0.006669 -0.018737
972186.690649 532.058868 390.595077 -0.001895 -0.001126
1216433.286302 329.599539 43.270152 -0.015869 0.014308
1585452.240699 85.767450 209.892172 -0.004622 0.007139
796849.675848 99.022833 459.027336 -0.011090 0.013079
461377.134761 782.794489 217.040326 0.007147 -0.013904
1447663.852688 165.265357 338.366599 -0.014473 0.001609
1190708.408687 498.816123 122.815106 -0.010146 -0.017034
1355477.244293 684.027322 294.410532 0.009995 0.018261
694211.989964 433.697472 39.327331 0.007902 0.017101
1497031.391364 75.980327 30.259287 0.000515 -0.007099
1759090.904966 594.485634 180.066128 -0.010328 -0.003078
904928.793621 772.062255 377.763984 -0.019369 -0.015857
341892.055395 489.177014 437.064095 -0.004952 0.014353
1609370.418642 43.175417 428.022457 -0.008181 0.012131
1339833.364515 513.488367 206.893806 0.009423 -0.006409
543533.833951 386.200147 260.425938 -0.007101 0.019786
1510075.678821 161.122459 443.576191 -0.017783 -0.002230
325429.097901 406.610013 246.061079 0.011714 0.000971
1027532.088117 770.967936 81.256374 -0.010390 -0.006342
1987715.010526 37.156647 236.796522 0.008286 -0.006366
396776.620483 301.241548 588.656539 0.001753 -0.015598
639902.701899 652.598175 355.952511 0.010147 -0.014501
1179865.857204 406.132530 204.115658 -0.006863 0.002538
1568458.621189 393.248744 42.344318 -0.012225 -0.008577
1190290.628555 566.738928 150.224646 0.009233 0.017978
1180185.991889 580.460423 597.251129 0.019387 -0.002798
672088.553511 146.552035 484.991568 -0.007385 0.009067
1837656.663655 510.371737 325.288676 0.000515 -0.004374
1360614.323691 81.616492 539.189890 -0.019208 -0.002751
924125.776125 643.715594 555.188742 0.001310 0.019930
418950.309241 102.545453 424.618139 -0.001782 0.014260
1312754.557148 39.365468 349.757528 0.006058 -0.018684
30587.249450 790.817990 130.276164 0.012892 -0.007752
1889215.610870 593.537669 566.033719 -0.000544 -0.009834
669560.509114 133.491480 214.167409 -0.010653 -0.012487
1579576.984783 556.796054 594.994450 0.008590 -0.010912
1982244.182370 739.048841 214.046514 0.007924 -0.004709
432350.935616 283.923799 258.134818 0.011977 -0.019770
930735.730068 652.577046 596.792790 0.007305 0.005516
600671.720971 501.686723 227.781115 -0.010172 -0.015430
1270601.892504 463.883030 169.506313 0.019703 0.012521
938976.299455 626.125034 304.955151 -0.001547 -0.000148
1474031.937064 361.756963 251.670391 -0.016253 -0.013946
1605130.416157 247.804554 302.674009 -0.010665 -0.015577
1023340.410098 559.400410 555.289726 0.000251 -0.004732
1128556.229700 645.670252 5.222227 0.017739 -0.017944
248420.950141 463.919153 377.890185 -0.004039 0.002634
884577.235619 701.010974 213.210434 0.018001 -0.006605
1704879.713107 549.757715 474.446420 -0.009090 0.011180
1882055.445519 60.105119 54.818998 -0.002183 -0.007602
404206.608610 765.917111 4.952998 -0.014900 -0.001420
780987.060993 553.566117 162.413513 -0.004060 0.005514
642018.800900 420.106280 130.730572 0.018036 0.017211
1579863.075903 313.903637 483.363976 -0.014225 -0.006298
286431.929230 799.035028 18.352568 0.017334 -0.009120
1625355.291937 700.030237 207.339274 0.016182 -0.007118
1310099.705732 85.466458 166.883109 0.006586 -0.010583
1485499.756171 42.461572 555.858594 -0.019446 -0.001830
1126826.147142 267.686513 586.786365 0.011209 -0.008642
1817754.082297 456.511037 406.955205 0.008593 0.008655
42605.713030 685.851930 428.785868 -0.017564 0.011510
1969490.396776 691.833034 399.811538 -0.006754 0.010786
1972945.507603 788.292361 525.851771 -0.009419 0.005962
221002.463354 5.745394 421.177343 -0.018488 -0.019154
314139.836614 479.877372 212.979634 -0.014575 -0.004776
1280098.799281 35.278484 570.991458 -0.007251 0.010321
1334025.561499 271.152876 370.218601 -0.004784 -0.004320
817314.073824 292.054163 154.217414 -0.016989 0.007873
52254.755074 49.242490 409.104230 0.016111 -0.006926
662711.798522 9.565142 199.823660 -0.018604 -0.017996
710212.109941 153.426758 389.892414 0.008414 -0.006921
61999.699130 280.940803 223.034329 0.019310 0.006762
261157.692532 519.604410 3.795337 0.009908 -0.018762
797766.605764 125.407940 237.177659 0.006230 -0.010776
184709.901076 545.648244 175.197992 0.010995 0.003305
1235796.007903 85.340131 357.456965 0.018111 -0.014400
1292608.929469 245.356448 198.407177 -0.008134 -0.019327
1317389.029692 261.385646 220.397762 -0.018782 -0.007602
71927.786838 127.901594 575.749139 -0.018265 0.016293
1977614.946653 353.608916 38.458939 -0.004662 -0.016049
591803.305127 381.754519 467.248364 0.003527 -0.009937
726241.200569 165.095832 214.083268 0.018398 -0.013693
995710.504705 485.213089 279.270047 0.013146 0.016103
963862.695249 391.089435 138.014351 0.013995 0.000722
1079147.418532 708.512583 407.942987 0.000018 0.017211
1174876.041326 389.855748 223.185966 0.006101 0.014865
937689.950195 758.323257 209.333211 -0.010095 0.001382
1200871.358253 489.607822 445.082085 0.018301 0.002824
1798372.363578 364.498081 105.860384 -0.005462 -0.008558
158766.744732 676.298687 464.493265 -0.007554 0.007863
584123.108808 679.771914 348.402157 0.018816 -0.006107
1019930.488905 447.271390 500.182766 0.015238 -0.011569
1412068.961846 279.392027 95.648710 -0.017824 0.003970
1390465.348675 524.142075 125.769110 -0.002533 0.004559
1560588.704217 269.455100 41.735316 0.018293 0.008028
709118.110458 28.776636 327.099427 -0.014837 -0.006280
481739.437432 336.699583 116.791286 0.012821 -0.004332
1084185.081108 265.309297 569.522732 -0.004952 -0.011502
321427.933090 65.677623 337.288875 -0.007484 -0.014367
322096.383349 11.946145 475.452410 -0.005144 -0.001930
811598.476400 120.534139 472.340115 -0.000993 -0.015691
975828.599639 662.968990 87.295125 -0.018663 0.018332
980873.326296 219.676320 226.334958 0.007425 -0.016142
1538962.265262 182.224600 256.939938 0.008831 0.004169
1281944.833362 703.635365 411.313702 -0.011764 -0.012060
1646853.441208 292.120550 129.361578 0.004645 0.009426
1334224.681991 17.343292 531.645271 -0.001760 -0.000141
1987979.200663 754.020497 196.317486 -0.014452 0.019130
567825.405192 503.346196 150.255212 0.006588 -0.007376
693992.653253 345.566400 324.535963 0.011123 -0.014009
290886.182473 333.215315 18.667172 0.013265 0.004828
461579.700216 523.970138 590.605615 -0.002178 -0.009199
1440439.939238 90.531106 175.743674 0.004277 0.002720
1578856.275221 479.728515 307.101480 -0.015375 0.009500
975708.803616 319.906193 220.034393 0.009550 -0.017511
1363849.989774 68.181998 296.284274 -0.011052 0.014435
1287670.666020 295.452081 165.600637 0.006992 -0.011981
1793086.186886 724.880320 513.227573 0.015254 -0.005940
253419.465503 481.183775 278.219393 -0.003067 -0.011650
65064.939701 167.173468 484.691711 0.001755 -0.007021
1093948.624606 25.906529 434.733141 0.016626 0.010812
1570950.974510 476.974566 514.062682 -0.008925 0.012863
1433502.711092 738.509685 113.646343 0.019675 0.003943
779698.448619 711.626127 301.848134 -0.010222 0.010899
1707668.152502 297.571660 224.153819 -0.007295 0.011704
1161722.038482 280.418680 0.894489 -0.004400 0.015810
650195.260835 748.239544 556.212329 -0.017982 0.014025
1393276.303724 667.698071 267.860188 0.002115 -0.015477
534900.189626 215.509133 20.901534 -0.001725 -0.009457
1264731.390059 676.716151 91.154629 -0.014609 -0.016299
1848317.172308 790.679920 278.333948 -0.008148 -0.007739
512088.236637 702.054854 394.231222 -0.009751 -0.009276
1104225.446984 465.385295 122.016507 -0.000857 0.005246
107543.810321 140.002963 279.517980 0.000002 0.009145
1156781.673039 614.952346 597.937827 0.004535 -0.011031
520065.349769 196.774853 42.830994 -0.003465 -0.004748
327390.441823 269.775249 221.963850 0.005091 0.005376
1353004.063178 707.025961 306.778633 -0.006532 -0.014404
1558240.596931 709.575182 433.314763 0.019292 -0.005461
706633.334377 29.192478 323.777126 0.012780 0.001617
534505.464385 317.346386 182.671123 -0.009444 -0.019541
1061346.780072 419.697281 154.733100 0.004167 0.017578
1275778.349152 612.163519 164.447249 -0.019709 -0.004267
1816858.008419 547.124895 166.211588 -0.003175 -0.019289
837596.447597 159.235781 542.146386 -0.014398 -0.012791
537634.699856 396.088721 130.432069 0.012324 -0.007446
1509630.032587 59.822909 425.941811 -0.024183 -0.012309
1442342.147903 473.438800 518.286624 0.019167 -0.012335
1603574.954720 492.233281 575.769626 -0.016936 0.004956
706735.606634 787.794875 184.410978 0.005220 -0.003784
651319.147391 39.838751 362.401070 -0.010780 -0.012373
1573016.600485 398.349438 411.427159 -0.019913 -0.007678
1998835.487291 607.570653 230.056920 0.008379 0.012768
1445522.677826 344.869389 246.161618 0.003480 -0.003643
1207599.107738 311.310150 14.973296 0.002533 -0.001338
1297106.122271 733.808131 269.859695 0.018157 0.001908
1709409.523620 225.364323 358.933876 -0.001617 0.000455
1579454.636005 196.681911 5.948685 -0.000957 -0.009969
635151.660366 380.486604 5.174783 0.008023 -0.012576
1657542.871152 338.109785 368.952635 -0.010410 -0.019601
50074.195513 673.840285 239.484176 -0.017991 -0.003736
1728956.987955 558.651619 193.820051 -0.007458 0.006110
1741304.677791 135.034466 562.070704 -0.001261 0.005073
896425.988943 206.807870 524.779923 -0.001639 0.009351
248631.410417 620.517901 125.799454 -0.014682 -0.000943
789536.960791 769.277325 539.379555 -0.019598 -0.011931
1819863.026878 28.389596 26.264636 -0.007619 -0.016548
901731.744829 139.364228 470.677311 0.010948 -0.000470
878442.611954 515.208222 393.534769 -0.004975 -0.015497
569936.175165 658.702876 222.699641 -0.013650 -0.008687
212161.644461 226.480959 35.210143 -0.007363 -0.003261
1070836.321949 568.367471 227.952272 -0.002620 0.008851
1162154.364009 276.141119 454.480802 0.005040 0.006164
1685995.778854 61.473294 497.261990 0.005456 0.014018
631794.399876 53.987857 296.565641 0.018923 -0.002281
