120102.793966 630.539901 121.736150 -0.006078 -0.005540
269277.329682 300.429132 155.880257 -0.018251 0.015166
1260731.205931 301.964017 191.780625 0.013090 -0.002977
973263.179405 632.717687 573.050026 0.008527 -0.005926
1683880.506867 289.585059 229.565596 -0.016844 -0.013039
1760997.696668 175.151296 580.863151 0.011713 -0.019840
354965.669268 682.074844 474.866492 -0.004783 -0.011990
306862.422408 412.085821 346.387650 -0.003486 0.002368
913598.742761 34.704547 562.271571 0.011100 0.014842
723511.401901 210.389133 397.363922 -0.007314 0.019069
27418.055584 127.094768 203.379139 -0.004129 -0.010482
1026719.971107 221.769307 273.343013 -0.000716 -0.017202
919235.655535 527.471266 553.206007 -0.009943 -0.018403
247720.705461 324.049030 333.429588 0.008051 0.012692
229642.751734 125.978316 516.773411 -0.017950 0.017285
1463437.116455 330.501814 118.725259 -0.004259 0.009195
349002.480669 325.692140 533.759496 0.000820 0.011858
253345.397419 21.788624 48.641372 0.003305 0.000367
301882.374241 33.601173 101.137916 -0.017048 -0.008247
417897.793659 158.113751 419.531050 0.010568 0.015939
1032678.423930 703.175371 34.158864 -0.004919 0.017235
1981626.739717 86.803570 206.274887 -0.012509 0.000252
148080.320166 290.670563 545.858514 0.018531 0.015056
1426235.401736 72.169370 542.443594 0.011781 0.006907
826207.458426 756.154887 428.710690 0.003264 -0.019252
17939.873048 632.857913 129.665900 0.008290 0.002220
229060.592236 178.971220 260.611385 -0.013090 0.003976
729567.630556 129.543466 425.829830 0.008378 -0.006026
424191.899795 625.801399 428.003584 -0.015140 0.009794
1179453.697605 667.596897 501.579526 -0.000291 0.005141
1017047.714916 725.138918 344.267659 -0.011058 -0.000458
1184883.571782 186.328728 168.026730 0.012325 0.017639
1669257.284919 738.234292 98.288086 -0.009279 -0.016458
1530870.404807 506.891603 153.277312 -0.001023 -0.006338
1211583.405366 549.812500 75.124987 -0.007250 0.012370
1741377.547263 726.995048 385.921158 0.008273 -0.003864
544004.606336 172.274962 185.242574 0.013847 -0.002453
1594854.852927 350.269972 402.578807 -0.016923 -0.010138
1223177.906695 729.444165 101.595839 0.010998 -0.012919
527324.168257 433.097255 488.056265 0.000770 -0.019341
312490.830343 99.922980 422.434988 -0.009150 -0.002423
1025907.483430 121.141773 211.762415 -0.013741 0.014339
1509229.653286 342.292562 43.784269 -0.017628 -0.009179
1023852.793045 688.445929 427.720325 -0.012672 0.017505
1918069.081343 635.558858 509.643995 -0.014834 0.002816
59433.087734 314.202900 67.554489 0.013732 0.016467
257531.464220 800.251244 21.954771 0.013297 -0.008772
961609.428265 276.933478 259.690723 0.013350 0.000074
582120.371322 470.220935 558.360534 -0.005429 0.006029
408974.288222 701.314276 306.981279 0.016732 -0.017640
899929.745542 700.517189 512.179697 -0.008029 -0.019828
849952.291162 263.227383 237.970991 0.001494 -0.013090
617567.269419 532.533593 103.650329 -0.006174 -0.000037
907629.657959 661.457842 506.857680 0.015478 0.006360
693382.430213 141.983549 148.622158 -0.008912 0.001679
1797970.130014 385.203770 250.878498 -0.003540 -0.004074
955435.349120 688.786158 164.279151 -0.006717 -0.013577
557659.864685 605.694741 293.497874 0.007026 -0.008245
1324351.926951 787.969335 575.758863 0.013375 -0.006803
917046.023028 230.845112 93.806043 -0.007873 -0.012950
1632997.046985 519.490400 212.161444 -0.017461 0.017098
1790149.784549 770.366275 244.984723 -0.007438 -0.004996
1613713.184192 632.524036 140.986213 -0.016774 -0.015072
791753.703166 288.222640 527.636239 0.015412 -0.018579
347958.385175 437.703459 12.163178 -0.014652 -0.004665
701432.257286 473.857522 402.987468 0.000309 0.015822
1693039.169392 258.946207 327.020409 -0.012024 -0.004478
944105.254926 76.014867 210.680606 0.015274 -0.003682
1451122.988691 550.249190 119.629624 0.018431 0.010753
644142.737912 285.287314 76.828320 -0.011906 -0.010306
328294.663843 300.587495 473.807805 -0.012400 0.000406
344141.964030 428.486387 60.935777 0.013719 -0.018293
1995072.262359 551.822048 220.326303 0.001701 0.015576
1509670.835691 11.513051 590.685943 -0.015743 0.015800
783939.521193 665.386386 349.816462 0.003592 0.011719
702233.533702 730.452309 89.440979 -0.000819 -0.015307
783487.379916 514.668228 294.948005 -0.012721 0.013099
1976.599918 282.484953 217.862669 -0.015865 -0.012110
812477.567611 80.735701 531.970791 0.010924 0.005763
1551513.418346 422.431269 394.983371 0.010384 0.005360
1106838.468046 121.088069 279.499837 -0.014539 0.009716
516376.429478 389.684698 393.835132 -0.003753 0.018688
1541877.001311 639.407502 366.555945 -0.009513 0.019233
877046.727052 210.703215 200.524915 0.012087 -0.005351
1062152.807164 166.536821 280.492241 -0.003294 0.019277
220503.739184 154.819168 305.743112 0.010752 0.018114
285758.867062 257.527935 62.791898 0.004306 -0.001833
1694852.848395 693.278375 566.875479 0.000183 -0.009116
1823523.613542 219.350875 44.319346 0.000900 0.001461
109429.840049 768.399809 479.817983 -0.004447 0.010497
331166.874772 736.235017 582.395350 0.005302 -0.006517
1904142.131984 594.142098 318.579012 -0.001569 0.000440
967910.745632 483.227599 499.528642 0.003534 -0.011505
581591.096978 348.671955 47.702951 -0.010606 0.017536
706572.319710 118.053244 128.221022 -0.002957 0.006825
1499518.371885 385.493793 378.474429 0.001967 0.014848
785875.055374 571.663143 474.532882 -0.005456 -0.006112
257524.722376 252.819446 54.141384 0.006421 0.011130
1201976.699383 114.885090 228.712713 -0.002633 0.009286
1186503.038363 579.885831 101.402620 0.006859 0.018411
215485.423904 20.255744 64.887005 -0.007137 -0.001901
1555844.913030 56.721468 560.740035 -0.003682 0.004798
1610655.802121 641.018839 200.639111 0.003848 -0.013397
1363983.919548 580.342906 288.426926 0.010876 -0.004604
515601.680854 298.397540 317.364311 0.005552 0.012261
521772.659627 185.504205 319.181456 -0.002822 0.016146
984056.433190 429.715093 558.051019 0.003742 0.013990
764465.851134 302.385679 557.779271 -0.007329 0.011448
1098768.237559 97.867304 352.715585 0.014934 0.008788
1505133.839094 452.755671 266.010964 -0.010700 -0.006494
1656881.889169 392.871729 426.283809 -0.005683 -0.014811
1035409.796534 493.963347 216.777507 -0.018021 -0.018108
532033.862794 432.723482 350.274119 -0.012176 -0.014340
885049.308131 462.213618 312.047402 -0.005118 0.015775
611963.250959 737.241489 10.138769 0.015724 0.012218
1469794.933437 516.663383 223.239026 -0.012672 0.015408
1419313.830053 5.455741 222.364789 -0.003161 -0.005440
1001399.715897 750.916074 589.430821 0.014493 0.019474
57920.523946 102.953107 317.062165 0.004544 -0.007027
1340168.589419 44.347230 541.221675 -0.012399 -0.002902
1593328.125585 396.754894 209.137610 0.012534 -0.004438
308175.125303 438.478197 21.377570 0.000980 0.009089
1829796.170737 188.099155 440.171506 -0.008571 0.006237
194622.977727 628.783438 356.648390 -0.016830 0.005963
1163384.351490 86.139144 466.686387 -0.015483 0.009017
203536.384834 623.972472 466.539281 -0.019844 0.018802
408990.508136 640.489344 279.535218 0.002251 0.004595
1709918.606891 566.124425 96.884324 0.015670 -0.010654
1776676.395804 644.252125 280.659323 0.004833 -0.016377
248411.979642 575.423112 526.579235 0.008742 0.011926
1052401.075630 239.950711 543.649455 -0.007844 -0.003560
1254879.329007 324.326036 114.477719 -0.003783 -0.003599
322021.593490 487.213816 125.710786 0.004125 -0.014117
1647379.426121 385.741910 521.537360 0.019420 -0.005116
204691.412954 699.124044 106.328962 0.002810 -0.000173
536197.156895 555.598418 128.736934 -0.014192 -0.003470
25648.950611 537.560745 428.393486 0.016713 0.018981
247729.502734 437.027149 228.810475 -0.007405 0.018033
1580350.309415 380.249983 335.565936 -0.020000 -0.015900
1443766.372951 659.123753 350.791540 0.003665 0.012380
1912564.341869 554.617858 409.715489 -0.014666 -0.009430
357511.299829 321.199551 575.483923 -0.004337 0.001861
744693.135258 324.687324 130.973822 -0.016560 -0.007003
387589.365424 167.737368 523.056315 0.002985 0.000965
1645202.005117 291.712187 -0.005115 -0.004709 -0.005385
205411.871060 83.551616 113.367065 0.007492 0.007831
1996032.971887 514.738875 233.699396 0.007402 0.010727
1306804.762830 688.028248 106.825664 0.004500 -0.009862
1450619.077985 788.199785 395.438794 0.017736 -0.017179
1969754.747101 110.356689 168.262665 0.013817 0.008608
1609086.544071 543.597390 45.833761 0.012190 -0.017526
883645.576836 726.029441 99.580806 0.005423 0.003712
1722771.757153 502.641088 142.433601 -0.009975 -0.007586
28763.775727 722.923579 101.795346 -0.012143 0.000579
845989.907554 734.120044 301.027730 -0.016719 0.014447
1143645.596292 54.249782 600.009009 0.014084 0.016946
1423342.375748 525.444972 361.947306 0.011518 -0.001560
1329764.171191 184.599898 221.462903 0.013237 0.014442
1926056.274178 553.467494 294.032349 -0.011986 0.017714
1598411.507718 172.386401 507.891663 0.018762 -0.003693
726058.746095 313.747894 195.472896 0.014563 -0.001022
375371.614646 348.649667 324.991412 -0.012566 -0.008540
932014.105344 718.743893 566.919341 -0.017188 0.007304
811741.037672 587.554865 550.781948 0.010982 0.002614
1557690.799962 589.862896 154.551868 -0.009265 0.017519
399385.155365 53.693524 91.595419 -0.018142 -0.018550
1122038.441301 327.752606 256.767308 0.015479 -0.009081
1805346.826001 59.599713 425.662334 0.000257 -0.008080
1995636.369100 728.816036 96.681350 0.017698 0.019296
1695958.700821 278.858108 428.166337 0.010640 -0.015088
558004.577904 435.797337 516.470094 0.001450 0.012514
1597187.265566 588.924941 528.573113 0.018079 0.011279
1833981.536251 410.168506 114.732996 -0.006186 -0.004002
929917.220459 198.069452 284.678501 -0.013102 0.007640
1471826.909795 138.297145 361.563156 0.015863 -0.015402
1165988.196230 595.382998 277.968271 -0.008146 0.000415
1172216.120722 460.825633 32.706850 -0.002165 -0.015499
1736107.381869 196.260485 508.478633 0.009948 -0.012145
1259741.624473 532.758233 425.500651 0.012849 -0.019570
218963.730251 229.005459 155.227359 0.003355 -0.001585
1902503.935575 255.735158 379.796007 0.002177 -0.011348
1496596.111682 109.651344 576.238449 -0.011546 -0.002640
941537.357374 638.158515 6.107035 0.001049 -0.010214
245239.558744 315.414698 293.285518 0.018817 -0.014295
1372376.816986 480.191433 484.812479 -0.004168 -0.003136
1637971.852737 404.044005 424.329769 -0.016952 -0.016397
337179.376901 23.428793 245.329322 0.012105 0.003341
1249672.392965 440.255894 432.606346 0.003397 0.010460
310196.676436 44.615104 335.749052 -0.013369 0.003284
1607296.809371 230.418666 585.223689 -0.008260 -0.009677
236307.595035 783.600450 515.319900 0.017045 -0.004982
561161.337682 596.577003 528.560248 0.019493 0.012917
1939371.158341 125.431682 511.551851 -0.004858 0.018358
870700.636353 2.378634 305.518211 -0.013743 0.003547
541779.813609 249.153582 386.802988 0.013236 -0.000909
453110.709066 506.987725 459.291667 -0.011919 0.017071
47266.968548 256.599233 543.421421 0.015300 -0.010158
562186.379247 130.334261 594.887955 -0.013532 -0.013957
1629854.769274 105.170371 185.081933 0.006681 0.000388
534606.907766 82.037296 307.656653 0.011059 -0.009666
203362.833803 38.009211 341.953243 0.009838 0.015157
92345.910190 778.585433 306.752005 0.012434 -0.012993
877177.283576 667.685437 297.499036 -0.006211 0.008689
1484435.888699 500.740733 528.607128 0.009364 0.011488
64404.659935 439.131842 550.961733 -0.006348 -0.011396
856791.879449 486.704922 190.883419 0.017649 -0.004622
1153201.109335 34.246423 259.197909 -0.014190 0.011619
618554.387530 154.017589 457.101603 0.012841 -0.019874
1875266.974734 207.572592 502.934304 -0.002686 0.004171
1111007.126566 140.278803 138.217039 -0.002550 0.016399
34336.430968 375.022064 275.322888 0.017680 0.005994
1349224.196444 291.727313 250.039925 0.019706 -0.007778
1602661.077679 455.395989 209.441838 -0.010666 0.008592
276647.354605 434.095254 544.552682 0.016163 -0.005503
1822198.850020 670.924675 373.451839 0.009956 -0.009128
453696.245539 243.723618 268.394615 -0.001715 0.009663
713133.517985 379.327379 125.453693 0.012605 -0.003608
36437.158490 391.782324 464.297502 -0.002738 -0.000648
159010.190591 189.167935 31.288339 -0.002858 -0.001211
1535456.720523 453.434381 7.011712 0.007014 -0.001279
749811.288319 469.647551 183.376024 0.019880 -0.006550
1154889.427663 179.209307 384.422501 -0.019011 0.007231
762647.938338 304.893697 92.779165 0.003623 -0.012145
1129345.827331 486.874218 411.255127 -0.006490 -0.018275
337378.635228 334.211314 168.544765 -0.011168 0.013858
1499918.929068 791.080299 247.899716 0.010417 0.006597
1760744.261444 109.036009 150.131615 -0.012552 -0.014648
1172923.453698 610.713486 215.418559 -0.010938 0.011534
79642.974809 486.378115 101.259919 -0.012204 -0.012041
730713.756164 607.267988 484.216515 -0.017945 -0.016078
1702955.846536 175.759438 309.591952 -0.014707 -0.002373
724785.897287 705.735190 257.824232 0.011031 0.005754
187236.443249 524.461013 468.370830 -0.006229 0.013673
1828784.213322 744.435816 363.090636 -0.009217 -0.013492
787390.226865 250.352033 459.581635 0.002497 0.000276
1929498.061505 742.763781 160.699620 0.010763 0.019203
730520.102536 499.298089 119.957569 0.015240 0.010382
1281053.293162 194.645853 382.206926 -0.017200 -0.019244
562426.321470 130.604476 404.879493 -0.017525 0.000294
1033437.869061 780.347408 263.048366 -0.015113 -0.010067
1192859.900739 412.691023 336.720257 -0.005502 -0.016840
138898.690296 261.587749 3.917356 -0.006522 -0.016008
1973181.982512 561.311533 433.973869 -0.012558 0.003325
957790.512106 661.087172 496.483760 -0.015333 0.015870
1692076.045876 318.197385 36.235929 0.000832 -0.001630
1136829.509929 29.664747 260.693452 -0.019629 -0.013619
1367539.427880 482.668013 405.856590 -0.010182 0.018654
1509350.044424 252.158624 175.978171 0.010437 0.006088
785056.476847 598.349231 212.467435 -0.015369 0.017387
1873643.585422 475.886357 456.890233 0.010549 0.008438
1315983.134935 488.031295 65.030082 0.008767 -0.014748
1135951.929323 229.104544 100.767491 -0.019870 -0.008249
656102.584980 548.955758 538.871019 -0.019844 0.017283
1727078.126616 606.592421 148.285543 -0.013744 0.000824
1797488.349396 439.150569 161.270010 -0.009896 0.006600
406141.346510 151.655499 156.039304 0.018573 0.018120
1941231.998588 497.505270 337.532841 -0.016818 -0.006378
1386830.762674 518.226739 376.653954 0.014462 0.006007
1843128.023596 151.979861 201.968049 0.012775 -0.012248
538331.757550 546.153208 571.534129 0.000654 0.013555
944807.663069 332.202436 233.221810 0.009487 0.006627
106756.882792 755.097750 514.188154 -0.007516 0.016340
1618777.323337 226.693910 318.267764 -0.005103 -0.005365
1742666.514471 52.447133 6.560375 -0.000040 0.017099
1321460.731012 336.748204 69.915258 0.019900 -0.010404
620834.287545 213.337320 553.580676 -0.009485 0.011312
1523195.320518 587.694855 118.905324 -0.014006 -0.000953
1731081.362688 162.943451 251.999557 0.008896 0.000657
656632.629529 425.387097 480.203219 0.014356 0.016132
325566.043298 583.966026 581.253950 -0.013075 -0.010845
1792559.657149 666.757659 390.029761 -0.019483 0.013245
1778465.217808 259.076208 59.186415 0.012422 0.003488
1763427.173609 458.164031 192.799977 -0.017236 0.009269
1593951.392730 756.153745 556.126697 -0.011315 0.006658
886016.743670 436.021292 119.243336 -0.010335 -0.003823
204796.643092 324.172127 80.741627 -0.017153 0.003072
727276.621725 773.851983 247.987605 -0.019555 0.019179
488690.041233 721.882939 182.838851 -0.006276 0.008562
1781116.410057 179.456514 172.123800 -0.011506 -0.007823
20635.784613 7.195560 149.775789 0.017490 -0.010974
1834876.302553 303.704211 462.576512 -0.015340 0.004930
350019.654422 174.812668 16.912519 -0.007617 -0.008386
1214501.650638 538.131936 154.923174 -0.019202 0.007475
477760.385944 211.474938 353.415884 0.001749 0.004282
605806.972182 347.187898 499.175313 0.003598 0.005807
272576.070518 480.186717 392.479629 -0.004558 0.001507
1759240.741729 243.072839 550.330765 0.006003 -0.003238
1080301.612187 660.400780 382.939244 0.002766 -0.014598
1857771.559552 140.446180 484.591219 -0.012503 -0.012176
988850.145130 340.273033 276.423416 -0.016669 0.018758
134591.829094 309.278202 242.146664 0.015977 0.019038
96963.198901 28.441704 345.891155 0.008191 -0.003140
227820.812831 465.394863 434.988778 -0.018756 -0.010703
290631.014058 457.320174 34.556421 0.011417 -0.014445
385931.693197 569.937087 189.805309 -0.019990 0.015993
1023297.854244 396.698665 195.351301 0.018852 0.003202
589125.026292 31.396691 579.309367 0.007925 0.017491
1882412.602139 596.830175 584.054472 0.000700 -0.002076
790218.714061 505.073328 18.588762 -0.015184 0.006534
526777.357108 212.459916 140.246127 -0.007128 -0.017999
748590.766801 411.666790 457.599188 0.007598 0.000605
1324791.236466 161.795035 6.252423 0.019520 -0.013046
1179151.767483 225.996110 127.925536 0.002188 0.019213
301466.356172 396.311966 435.233755 -0.015008 -0.019480
349183.755158 415.242462 387.248124 -0.011775 0.005606
616335.581344 375.037012 543.521753 0.001710 0.011578
1910511.639859 733.584751 182.839349 0.008707 0.004279
1640005.631205 304.488728 485.113726 0.013257 -0.005304
1964468.728734 336.097974 390.732734 -0.012199 0.018996
1261209.360911 276.347990 282.394708 -0.005741 -0.001190
968463.258337 424.679739 593.654032 -0.014823 0.009444
1257770.379660 350.134644 123.557990 0.001327 0.019233
1991034.577596 391.564458 537.912691 -0.008000 -0.011716
1007596.648767 95.956939 353.047322 -0.007014 0.017968
1912045.142572 235.858705 222.810495 0.004267 -0.000415
692628.538559 190.015980 501.143109 0.010395 0.003313
609848.141023 240.837394 74.982378 -0.008230 -0.002770
1723251.459991 738.019440 520.975537 -0.017336 -0.001708
1696924.347289 50.159158 568.076517 0.009821 -0.005533
309029.791648 199.504074 289.665204 0.009666 0.002400
867302.640745 558.936177 513.669161 0.012189 -0.007809
691843.061099 120.821614 325.719267 -0.012810 0.018686
272265.500516 388.600315 161.960728 -0.009549 0.011203
1400582.436193 98.306319 421.541413 0.002864 -0.012368
320566.674844 333.382458 151.083876 -0.015710 -0.013503
1229627.376064 209.108605 246.586540 -0.016075 -0.019845
1946485.269790 425.045812 421.283643 -0.008305 -0.009184
15066.369444 140.458332 292.396348 0.002001 -0.005748
911695.870064 548.923672 505.871185 0.009030 0.017880
1245159.992597 340.445910 42.345194 -0.006769 0.019974
519428.529087 388.667161 246.945748 0.000422 0.003788
1147820.552414 101.775991 512.695871 0.019419 -0.011040
1717933.562453 767.051878 453.479797 0.002475 0.011497
183230.377819 455.265614 578.042887 0.003166 -0.015271
640928.558372 27.722174 483.050561 -0.013467 0.010361
1503776.668340 628.722524 111.378152 0.012859 -0.015542
360957.489517 65.310535 358.247857 0.003690 0.003729
380073.533570 132.332674 431.890585 -0.018215 -0.013981
1889061.825298 723.227343 66.044170 0.008005 -0.001366
1796955.322752 633.540282 20.497620 0.014489 -0.005170
306282.549308 146.609507 243.289713 0.018336 -0.006177
332156.324914 567.716871 78.891528 -0.005920 0.001289
485168.456326 426.396749 367.620447 0.013317 -0.014965
413343.113108 23.989738 173.954419 0.017088 -0.017015
883643.182406 697.207843 587.037347 0.002076 0.002834
887249.075289 360.316253 217.664618 -0.000892 -0.007467
1467432.667253 504.600341 297.432463 -0.014417 0.003560
1682910.725327 244.736003 179.384741 0.018942 0.006312
1660796.624450 172.345514 113.872467 -0.002247 -0.017785
629926.086697 520.274648 50.827099 0.004204 0.003098
318150.466456 37.525256 269.255399 -0.014161 0.003948
40123.955365 464.715653 29.426920 -0.004704 -0.017584
724761.667999 93.702018 413.843716 0.014323 -0.009777
558074.092752 559.614628 337.123193 0.003110 0.006886
438651.350531 326.497987 532.966704 -0.003861 0.014273
1885724.248311 579.352208 301.087181 -0.018901 -0.006811
158400.153815 149.262500 226.251255 0.001127 -0.007015
1952982.963972 437.958097 543.289426 -0.018952 0.017255
1927788.328346 310.895083 28.462457 0.006177 -0.010118
607879.136041 746.659946 567.552417 0.014627 0.000446
1236504.919471 67.940531 551.397023 0.000248 -0.000240
1541570.438790 358.984124 131.521158 -0.009102 -0.000955
1098586.873663 281.932556 398.071623 0.017060 0.015189
1973812.054831 722.770352 256.971381 0.015666 0.017278
717421.361579 684.519934 190.601621 -0.003737 0.000391
1128238.588166 568.333409 265.653033 0.000400 0.003047
1906900.824936 102.904977 396.654621 0.014904 0.005384
311031.282093 514.495646 50.299546 -0.004990 0.016659
1119457.958787 739.024505 161.102326 -0.010916 0.014006
295815.608602 167.743910 451.938267 0.003017 -0.015958
1365835.790227 747.110327 574.193788 -0.019985 -0.006398
933742.419320 452.065678 30.419625 0.016396 -0.016988
1254474.420685 690.224082 121.977664 -0.008476 0.009413
1674721.783807 355.257863 227.443847 0.016825 0.012739
589441.845468 384.365439 445.631296 0.002535 0.008117
1186208.380939 568.436309 547.462919 -0.006131 -0.008546
28320.921598 24.161655 132.065109 0.018864 -0.018783
1123059.363627 350.662957 356.899926 0.004448 -0.006071
1339490.994503 192.284413 126.461616 0.014914 0.001142
1892333.765464 567.950892 583.200678 -0.007094 0.005282
1580513.963280 495.671667 66.462014 0.001277 -0.012687
1628540.167412 100.830884 535.798413 0.009077 -0.001104
358744.990248 592.834861 301.611348 -0.004016 0.008496
1065496.480589 769.000676 90.483693 -0.014908 0.002958
996930.964755 638.173476 488.751832 0.008370 0.006812
685065.261407 524.151226 228.584640 -0.007527 0.019181
22284.613001 83.415449 359.959447 -0.014955 0.005268
1564209.169505 749.398886 458.024868 0.006989 0.006546
471659.941818 683.787669 242.633871 0.009528 -0.009804
234378.384535 216.621011 129.635199 -0.009260 -0.004035
1581110.075852 613.173209 117.754275 0.004194 -0.000966
1733102.233956 757.775566 78.379106 -0.010134 -0.009514
222272.466972 206.609529 219.780701 0.008444 -0.004777
7593.072023 394.605393 189.924152 0.010699 -0.013216
1961038.188991 2.149025 13.772313 -0.004581 0.009651
554464.627316 401.921109 7.427650 -0.000263 0.010835
821613.773155 227.258683 322.300413 0.004147 0.015560
24485.756655 378.646465 501.982486 -0.014268 0.008816
196372.594776 203.422256 587.528700 -0.001418 0.018578
718005.964867 374.880746 274.731903 0.007026 -0.010290
1252709.545778 525.296955 142.569723 0.005954 -0.018324
1958473.456073 741.361167 326.402878 0.019638 -0.003218
628831.249023 321.931115 421.805493 0.014047 -0.019637
1185057.482303 690.614089 289.319593 -0.002858 -0.019729
406775.272641 421.417839 156.864307 -0.012801 0.019563
452064.211691 432.954206 275.873980 0.007360 -0.011337
1391094.198167 248.808894 524.423612 0.017292 0.018350
1830316.959801 730.351806 531.811213 -0.001630 0.016152
610994.441719 618.572462 183.895141 -0.019648 0.004988
631021.334152 481.549112 292.510172 0.011882 -0.018671
989235.750860 1.569817 334.330595 0.010235 -0.012652
1098658.789461 784.805600 434.978031 -0.019639 0.006629
1883467.686308 564.258574 585.896021 0.012690 0.005485
1871849.530317 584.525375 330.811140 0.012870 -0.012427
911993.535660 102.010253 577.702796 0.010528 -0.014568
1176139.691461 61.952685 443.111507 -0.016943 0.015034
1537174.407177 456.504771 526.605407 -0.006945 -0.006941
123261.179832 700.644705 184.913590 0.011569 0.015208
1946848.674653 582.835464 354.053188 0.017986 0.001722
457599.283409 708.747069 164.355770 0.011217 0.008297
926562.791190 189.194333 501.202434 -0.001196 0.020312
1942178.605097 11.877321 45.718207 0.008381 -0.016365
1905775.863633 382.427560 397.203001 0.013250 0.012157
1975712.466974 713.775282 407.810618 -0.008240 0.007160
1128937.655654 214.927574 243.937282 -0.013855 -0.011233
1900458.380534 306.432929 62.384857 -0.011053 -0.013435
1623668.112617 549.850968 239.939210 0.005855 -0.015459
798515.523224 494.079873 76.910114 -0.000968 -0.006935
438456.544857 343.375124 482.503725 0.015178 -0.009704
1216805.763178 694.804052 90.979021 -0.008490 -0.013414
1661706.700764 681.665645 259.579868 -0.010492 -0.019719
1303971.794110 150.593743 234.014850 0.010265 -0.003520
1107963.914568 454.919077 59.224924 0.018172 -0.011407
425643.800956 282.777208 499.676676 -0.006727 0.013423
318262.858465 448.713089 155.029602 0.018554 -0.002315
1036196.117772 457.738620 186.278222 0.006821 0.014489
948553.069005 401.114341 427.502398 0.016350 0.009474
1438074.149861 447.318354 555.925374 -0.015629 -0.007462
677338.477540 530.476742 530.561776 -0.002495 0.004697
197747.041563 520.773856 583.061819 0.017235 0.019662
1601492.672973 71.969994 331.003910 -0.017636 -0.017827
1987075.958395 461.691908 375.409563 -0.007841 -0.010079
971748.938305 622.029416 449.216581 -0.012076 0.007409
974474.447302 733.627114 146.564842 -0.003445 -0.018932
1121549.802423 602.104361 413.431455 -0.002206 -0.012389
613932.794246 434.847896 504.568622 -0.008866 -0.001005
1665525.531241 63.002953 338.964431 -0.004547 -0.014504
1238773.710671 302.636501 429.356991 -0.010183 0.007288
1925637.924078 585.169834 276.268357 0.008453 0.017188
290519.337305 158.730234 507.958720 -0.004381 0.004497
1745488.432117 760.772432 219.048522 0.002468 -0.004185
1111265.337612 695.244175 563.477708 -0.004199 -0.013999
829182.160473 183.863421 135.765432 0.019215 0.004577
728391.627189 479.182017 596.006516 -0.016848 0.013731
1349985.243450 33.627847 345.807762 -0.014560 0.010157
1010733.056353 224.013825 571.434418 -0.005921 0.006803
1129411.861826 179.978974 372.935041 0.017207 0.011479
33999.050983 388.790853 393.834249 0.018769 0.015299
1606354.705806 296.574633 66.810092 -0.018804 -0.005952
1451822.744427 314.969370 570.296983 0.008760 -0.001043
1590584.168020 314.953747 309.288880 -0.005147 0.001144
538209.161040 701.136555 485.115952 -0.011154 -0.010861
958317.440449 628.486482 272.007755 -0.015989 0.008643
479655.517489 94.183487 120.551226 0.015843 -0.017030
167238.956395 558.899728 267.227204 -0.012180 0.009130
1592486.357127 737.041834 73.141846 0.009860 0.005614
1189583.299304 433.356053 20.535757 -0.015563 0.016557
1124831.962923 303.375505 474.115896 -0.005173 0.004017
37146.621401 680.333684 232.306528 -0.001135 0.018042
205026.889315 569.031119 40.973488 -0.007865 0.004300
284161.461650 310.137372 183.736928 0.003490 0.003329
68690.410847 306.471248 302.009275 -0.013751 -0.014789
287411.349028 600.446172 403.623393 -0.012905 0.014452
1171263.018237 591.766510 143.970670 -0.004977 -0.015533
1682127.158941 315.210752 577.209566 -0.010885 0.014579
1824708.168313 264.512199 346.537245 0.019216 0.005362
369206.509725 98.063748 13.205532 -0.000371 0.008401
1208981.916871 419.761014 56.041879 -0.015660 0.007255
446720.970071 201.909159 259.150377 0.015814 -0.002829
586212.983628 385.018804 101.819101 0.001339 0.014290
560717.814863 299.493748 150.804121 -0.010336 0.004117
234257.601311 123.561813 559.204843 0.007791 -0.014616
1133248.557864 703.366819 154.320107 0.003534 -0.005193
1934248.125150 153.954781 536.803619 -0.017578 -0.007947
1152133.833222 226.554554 331.663337 -0.019684 -0.012899
1965200.129880 240.680658 396.559946 -0.013884 0.013378
1034901.121182 345.969396 125.735224 0.010803 0.006927
1623246.405098 708.816809 497.094055 0.009755 0.003210
1926329.093951 248.361642 275.964138 -0.011180 0.015962
1658576.383096 150.292119 54.976070 0.008975 -0.010074
786221.519479 240.560581 318.820844 0.017821 -0.007681
1421758.733421 743.015112 365.399264 -0.004999 -0.017026
888519.625593 711.187971 307.884853 0.006035 0.006238
374128.679919 371.811119 325.755359 -0.019383 -0.011613
247207.860577 782.956847 311.791008 0.003304 -0.012041
838233.393076 329.872870 231.805281 0.000595 -0.014441
1269501.125100 723.081411 262.362077 -0.013812 0.014711
1490342.234955 701.681941 467.419634 -0.005825 -0.010056
1720173.599068 639.073841 82.447054 -0.005107 -0.001879
1589947.016719 447.953245 550.728376 -0.006477 0.003056
254199.274003 369.607261 332.154646 0.005897 -0.018209
1506623.924480 52.725688 274.401852 -0.014400 0.003090
1187558.641279 619.533934 289.223009 -0.018783 0.017648
663885.182079 620.321274 490.797773 -0.015549 -0.014782
134186.233456 776.879586 557.543399 -0.011839 -0.006224
763995.101100 799.478587 542.579814 -0.008027 -0.006496
960104.740672 341.153034 479.481777 -0.018611 -0.017007
1689167.128731 629.873993 84.480455 -0.007908 0.017115
1435140.350571 716.253540 421.824477 -0.012036 0.017047
1287450.956780 424.970162 421.435618 0.030955 0.009670
1664884.491668 423.624060 368.376741 0.010552 0.009343
1916152.068375 115.374078 439.987429 0.014439 -0.002268
142374.806172 274.387151 522.230345 0.014833 -0.004930
1889104.925044 572.040799 98.262946 -0.016640 -0.019299
184043.514628 642.129857 547.343724 0.011782 -0.019930
1678137.485719 350.631049 319.761152 0.001625 0.016042
349432.717240 299.002802 257.555460 0.011522 -0.014602
327130.583267 597.467454 167.622647 0.015873 0.004361
1445781.852792 774.579764 571.259863 0.003727 0.013548
657045.848974 430.380839 332.757947 -0.000286 0.004917
1143416.638087 467.928572 255.016546 -0.000619 -0.004818
853229.746620 259.264107 490.896086 0.018361 0.014570
1436276.935710 106.742159 143.218902 -0.014060 0.016926
747046.145027 249.254297 400.939575 0.006107 -0.011748
555282.349025 300.313023 106.260449 -0.010825 0.018766
31011.744417 446.321977 303.896107 0.002802 -0.017974
259713.421697 113.366291 381.494734 0.002206 0.005056
30230.289339 785.572885 570.260923 0.013299 0.017658
1629124.594680 440.424295 44.824348 -0.017895 0.007952
1993199.337271 341.125181 5.822501 0.006605 -0.016817
437214.899080 754.194639 272.544197 -0.004216 -0.013117
847463.854052 328.823769 438.359309 0.017225 0.019223
1561464.248021 48.456151 73.422556 -0.003335 0.004614
1496915.452879 345.360501 358.223614 0.007975 -0.009429
1076064.875850 410.403798 489.218458 0.004502 0.002611
1028186.607653 487.288971 594.954104 0.000952 -0.009055
141764.248787 594.367932 130.005754 0.001009 -0.014468
778578.041484 759.126043 329.492192 -0.015251 0.015198
1058486.954802 720.124487 564.288181 0.005955 -0.007219
1112790.978101 319.678830 448.449633 -0.013853 -0.016073
24501.685065 553.659764 366.548039 0.013095 -0.007835
353571.678676 273.049545 548.282160 -0.013260 0.014624
375264.103699 191.562629 365.534763 -0.003808 0.010609
1493884.026769 635.088270 428.921669 -0.008191 0.016528
1188817.119779 659.914228 487.991518 0.001404 -0.000930
259519.063057 73.497337 525.559889 0.015126 -0.010179
1949033.547169 712.011881 562.371339 0.003448 0.008704
482529.103981 609.708925 35.781441 -0.013820 0.017254
1850091.109914 273.816740 102.587681 0.001377 0.009873
1871495.037280 224.816513 324.691621 0.006092 0.002974
908785.677938 195.427354 241.023805 -0.009283 0.011202
1755362.652128 318.193230 522.511552 0.010157 -0.008995
232765.271437 582.422678 98.930458 -0.017990 -0.007347
1765166.354256 236.061064 45.917548 0.017671 -0.002014
15434.920795 693.132548 474.826611 -0.012873 -0.003989
1077013.659792 90.987894 409.120220 -0.016815 0.010587
516053.778360 427.286492 5.467998 0.006381 0.012094
1576709.125925 429.770082 119.361808 0.006402 -0.008352
948767.654108 620.804558 11.919370 0.005588 0.013188
667159.362075 417.599470 74.327879 -0.003591 -0.001443
1146380.339352 334.209983 198.360472 -0.005381 0.003856
1462269.868451 722.493686 426.610267 -0.003538 0.019281
949273.004639 536.543523 309.904234 -0.000661 -0.006816
636841.273232 217.391857 520.608418 0.000698 0.017245
316267.470045 793.359225 424.352393 -0.012917 0.005281
1072709.865436 409.051953 92.473150 0.006413 0.016866
1234697.917120 187.115614 203.610065 0.017920 0.003935
1871003.135047 543.280983 300.509320 0.005839 -0.016338
968257.898916 96.059933 457.474939 -0.019882 0.004200
184803.100389 255.764713 525.638015 0.018340 0.013472
1613704.762242 94.148030 497.182920 0.000559 -0.008183
920804.219749 40.323860 484.010205 0.004716 0.008378
1455508.939668 184.744971 566.184611 -0.017316 -0.012833
1084419.887087 1.640243 514.991722 -0.018239 0.005934
1899527.167855 422.323028 461.384515 0.008469 0.001129
745706.753221 643.402446 508.895085 -0.010095 0.010553
1369434.811813 44.285637 529.073412 0.000559 0.002780
353913.564400 779.578596 371.814198 0.019310 0.003530
660308.989072 568.732762 491.820033 -0.009042 0.011121
1997036.600484 653.398364 468.628130 0.014266 0.014403
857968.969670 644.902542 232.626722 -0.012088 0.000742
1832483.595159 456.825218 194.036367 0.011033 0.012440
174050.590104 359.382683 525.117170 0.018758 0.018488
887791.815627 116.216388 561.567697 -0.017447 -0.014847
1048845.100705 314.785291 504.240164 -0.006250 0.006701
1236598.032171 273.755475 290.315996 -0.004037 -0.012065
688449.854352 662.476296 2.853869 0.009264 -0.018954
1047717.716101 518.786476 357.878692 0.013893 -0.003497
831685.772553 746.944865 516.908742 -0.008416 0.016114
1646809.537731 587.677210 29.199696 0.010389 0.011926
354697.854423 227.028185 114.970148 -0.019289 0.005134
1718570.137265 508.550670 581.829568 -0.006271 -0.018627
338487.908402 549.953916 517.501467 -0.013007 -0.003230
1776805.868268 558.754566 40.725026 -0.000609 0.001828
960078.654327 720.534462 287.280495 -0.006557 -0.012439
763596.911339 131.507572 555.697202 -0.002776 0.016992
1446903.674606 486.266089 125.202820 0.016826 0.005148
1673049.761761 619.585719 156.197559 0.012246 -0.015285
591079.477496 780.598782 483.016047 -0.013690 -0.013979
450261.526019 37.080792 509.500907 -0.008265 0.001258
788880.985598 618.673045 259.115175 0.014941 -0.015432
1247242.441982 204.382178 167.230737 0.001993 0.007423
405506.701397 218.092310 175.538117 -0.003540 -0.012435
1835863.754077 197.988433 576.741565 -0.012853 -0.017830
159031.381905 379.718148 18.514516 0.015402 0.005310
362722.217274 87.736929 407.311485 -0.018663 -0.003817
420997.232395 340.052904 105.478849 0.005787 -0.007922
580167.091722 213.224578 332.634870 0.002772 0.012612
479025.265425 617.081028 52.807034 0.001294 -0.012686
552036.800679 360.122635 258.322379 -0.010478 0.005119
969986.005207 253.878580 61.831229 0.000712 -0.011929
1471710.388303 557.571008 187.630760 -0.003401 0.009154
1430984.936390 500.558554 91.302838 0.015654 -0.009267
902052.609670 144.926256 320.971863 -0.019790 0.010005
700700.571156 195.579378 313.118138 -0.002450 0.011071
1408199.004553 571.547942 136.784581 -0.014615 0.018109
1713095.736556 495.922447 161.681582 0.018408 -0.014602
944491.339356 556.880436 499.022250 0.011380 -0.015570
1119457.834922 400.295121 441.510558 0.008486 -0.004350
8319.607940 130.604716 343.750970 0.001557 -0.013271
647061.014849 711.579314 247.532479 0.013807 -0.006855
379545.065751 439.252457 25.753379 -0.003326 0.007331
1990576.603445 218.800976 181.649963 -0.009388 -0.010665
876473.971119 589.797223 557.735114 -0.009186 0.000887
80381.552726 664.337795 13.416622 0.011035 0.001696
828036.629980 624.639962 423.207001 0.019509 -0.007210
1747623.103553 248.547069 124.709431 -0.008535 -0.013753
1072386.123739 381.144002 423.342717 0.003188 0.015739
777386.485961 459.482747 100.609436 0.007652 0.013585
801906.589792 103.884661 346.037309 -0.006795 -0.003964
197987.358178 296.252887 138.098217 -0.015153 -0.014132
1545926.498969 428.241405 556.334007 -0.000653 0.001089
492654.834172 281.846761 500.239560 -0.001483 0.005333
1978982.283724 792.790078 69.223970 0.007767 0.002805
17631.095842 66.361880 86.523995 -0.012956 0.010998
1966499.848276 461.670041 543.334611 0.003043 0.015598
611006.784537 527.305659 167.121020 0.001451 0.011211
850069.038966 247.148944 189.648902 -0.005916 0.011501
1676786.882652 478.973233 83.637656 0.006885 -0.017867
1557780.060711 529.454688 26.271854 0.015765 -0.005741
1227310.625476 722.590916 263.237491 0.010738 -0.017589
428616.731627 592.323615 393.498914 -0.015226 -0.007965
1127178.874392 340.152054 576.328995 0.013664 0.018425
1480731.590409 213.107985 162.123684 -0.017758 0.004779
115335.758829 715.353262 130.601413 -0.012097 0.002659
541498.807511 781.073820 137.007068 -0.007427 0.014831
1167776.423119 742.337054 464.350682 -0.019066 0.007413
1705487.274428 189.979724 255.883031 0.000335 -0.005720
1455042.508177 58.074826 469.331494 0.007513 0.016568
1485351.840726 341.913792 108.582845 -0.019519 -0.000648
1600046.444498 55.954354 226.873985 -0.019285 -0.009274
1889695.885540 230.438440 146.805206 -0.013087 0.004134
230475.999522 605.584943 319.080358 0.015529 0.011183
434670.210087 593.441164 10.154066 0.005757 -0.009962
748135.628527 296.946879 193.410436 -0.013705 -0.017656
474188.291689 718.689911 292.420522 -0.003296 0.016330
1941577.332067 174.373204 588.742028 -0.006022 -0.010626
499196.726130 235.237530 314.420167 -0.000247 -0.001313
254300.674542 487.625357 134.033215 0.006355 -0.000088
6325.354803 700.383287 143.996153 -0.019183 0.000814
980919.682878 315.812216 534.895286 0.012544 0.001985
1900851.625903 40.321301 269.179846 -0.002555 -0.001266
719689.197242 326.331906 412.188788 -0.006341 0.010293
1844748.197982 472.770536 30.479356 -0.002161 -0.016577
1036199.990211 459.062547 416.520361 0.009649 -0.010736
385683.919483 595.672127 65.079284 -0.002693 0.010615
1256102.471266 738.629963 95.895792 0.000690 0.009773
1419511.694191 375.666499 472.567501 -0.013642 0.016266
511292.832210 414.953590 189.420926 0.017690 0.014397
145034.134456 691.456829 270.278878 -0.015048 -0.007554
1071721.370831 513.347162 530.747400 -0.010796 -0.004669
233847.819378 338.384899 77.119946 -0.011017 0.014219
1786277.592083 682.145914 467.496609 -0.017900 -0.005091
1031918.257955 609.785056 505.814099 -0.007877 0.016827
1499349.890975 446.634509 263.472848 -0.017364 0.000060
597617.807145 110.140669 219.230071 0.009997 -0.009541
1353622.215499 228.344827 541.942757 0.002465 0.000630
573296.933702 542.704478 563.713942 -0.003405 0.016138
1590131.532210 246.353713 453.867621 0.002994 -0.005563
258416.177825 72.634490 73.689909 0.018867 -0.004268
87595.200207 577.087444 571.482316 -0.000685 0.011451
906233.425674 625.622448 554.266020 0.012749 0.001245
370032.188655 396.178213 489.631203 -0.016463 -0.017728
664767.085884 299.733030 441.585853 -0.009138 0.011579
1278253.811075 53.091960 58.598701 -0.004144 0.005628
916040.443311 420.026664 438.715794 0.003229 -0.000149
249204.321880 499.494556 130.522539 -0.016938 -0.015703
8661.484350 424.186771 533.533009 0.017139 -0.006054
841302.204338 90.268563 506.318755 -0.010491 -0.011966
1802783.200425 455.820358 345.978807 0.005478 0.013642
731632.451868 220.876112 544.634013 -0.001437 0.006860
1096714.972098 736.891722 118.101857 -0.008813 -0.000002
1386984.768969 323.637360 76.223772 0.016467 -0.000752
469499.863903 732.400323 6.678629 -0.015019 0.013784
718651.906922 435.626551 574.418279 -0.011854 0.011254
316653.122342 84.148252 211.213616 0.009717 0.009385
385530.231700 79.972274 10.903226 -0.015988 0.002560
1379939.433830 519.196025 291.306514 0.015441 0.017154
1974529.288697 463.945239 199.398239 -0.015471 -0.000364
1626419.535664 279.507904 244.586785 0.012969 -0.001066
503204.831157 146.365372 10.747108 -0.011634 -0.004515
1600260.999799 293.286114 294.753850 -0.013929 -0.015945
467442.890847 275.506039 121.043322 -0.009920 -0.002203
1530910.291491 753.237019 56.360049 -0.009995 0.013161
43405.273949 190.041543 245.218818 -0.005815 -0.005903
1801413.789299 133.657736 421.029754 -0.007679 0.019661
348673.859774 447.757309 104.838816 -0.012292 0.010749
1122384.702378 793.678839 81.051930 -0.017902 -0.014236
474000.488629 229.292339 293.424205 -0.002440 0.001550
1867761.544822 163.053370 288.126849 -0.018881 -0.001828
617712.498930 39.446581 415.354081 0.008733 -0.003857
88793.583256 494.944451 342.562212 0.009862 0.016999
1123119.018564 736.042244 291.798703 0.009403 -0.015511
510837.786138 237.632896 62.732504 -0.004346 -0.005990
498234.962345 502.544090 381.733430 0.009528 -0.017332
350510.791107 537.709805 162.767145 0.006237 0.007964
1451432.125387 771.441829 449.232778 -0.003334 0.007319
303273.376219 370.161441 180.120306 0.008882 -0.011673
454803.713809 227.038924 76.324937 0.008586 -0.019209
480071.545802 775.595313 189.909507 -0.006230 -0.005567
1333575.176696 474.968843 593.003037 -0.007818 -0.006721
110627.538576 382.917987 2.120882 -0.006974 -0.014573
1406769.050940 41.609362 59.207615 -0.001898 -0.001187
1561676.394922 482.492627 559.453841 -0.016754 -0.006988
281255.947557 246.871923 365.125250 -0.009255 -0.019074
1257382.930842 407.119657 595.871117 0.017798 0.014126
706537.016996 489.616700 268.607168 -0.006334 0.016641
1558318.719993 317.920694 236.893015 0.011337 0.008938
1057752.200895 389.328137 465.650121 0.005108 0.017516
491364.625511 326.501422 325.148418 -0.012864 -0.000409
1734950.389590 255.145302 479.254583 -0.000929 0.003494
1643357.573842 84.486522 57.184394 0.012571 -0.017968
1898263.090243 134.017483 397.725938 -0.004150 0.000392
1157183.811607 140.714085 544.290253 0.018934 0.018338
1260090.642264 401.534608 266.802758 -0.003780 -0.014822
767107.214205 521.328532 323.068694 0.016998 0.013179
55740.578126 634.611620 88.947592 0.013040 -0.009266
1471867.368311 518.806479 224.901643 0.013065 -0.001626
851158.514084 624.440012 377.856328 -0.016459 -0.012917
279214.015361 533.284619 211.707961 -0.018174 0.005620
622537.959657 541.173448 84.988309 0.010261 -0.016719
543551.074594 112.206048 439.505927 0.012635 -0.017364
1125283.938425 670.301976 515.162683 0.008432 0.006544
255944.995329 357.692733 187.267764 0.000113 -0.008836
1549879.616848 742.677904 35.550766 -0.003802 -0.019309
474171.187949 435.839697 410.418850 0.003576 0.003646
648167.413030 720.793677 160.389843 -0.001353 0.006304
697835.028496 590.110681 478.472198 -0.016725 0.001913
1725670.433475 515.860181 231.205042 0.008711 -0.005499
99429.388577 679.259809 481.634007 -0.005520 -0.005935
163663.104253 109.427056 168.313399 -0.008928 0.000309
594763.153510 303.386909 52.476489 0.019265 0.018774
1355525.087265 244.642986 521.940306 0.017863 0.010905
1053977.892294 234.905197 305.710793 -0.007019 -0.004949
115031.983757 149.730542 12.543646 -0.002308 0.016323
752375.869431 393.957339 454.862085 -0.012798 0.014193
219437.964363 208.660729 595.067728 -0.004391 -0.003921
1068114.026016 550.172495 468.968633 0.004834 0.006831
1499866.051366 239.041050 584.374336 0.004751 -0.010274
1491842.997955 116.998488 322.397959 -0.009742 -0.001143
1826279.228472 250.817621 395.041218 0.017318 0.010247
1133058.067007 247.641511 149.329912 -0.007038 -0.000441
207507.431604 346.816728 450.093274 -0.016174 0.012960
304737.184339 504.099354 306.845632 0.017353 -0.009996
361247.467977 546.699964 329.447766 -0.013807 -0.007881
1585793.637478 720.532697 269.541828 -0.006774 -0.013793
1841064.114050 194.782002 281.476306 0.003170 -0.012880
451362.950938 116.092711 291.967727 -0.001006 -0.001228
1950936.490647 462.829831 542.075442 0.008338 0.007652
1454702.783122 701.868939 182.457480 -0.010449 0.012474
1108684.254395 335.459509 297.088633 -0.015855 0.002984
1596490.624173 717.049298 285.051846 -0.011519 -0.010787
1263706.185512 134.456758 282.326893 -0.015935 0.009881
1294332.516982 261.377661 535.547573 -0.014658 0.012054
723046.520130 87.250837 228.241118 -0.009400 0.013368
107937.715067 793.574208 427.046508 -0.005720 -0.010797
1046872.077066 729.245659 390.159585 -0.019318 -0.019436
450965.188654 653.539952 547.020780 0.008023 -0.017421
278162.196408 266.295953 139.809673 0.004373 -0.002630
1960316.196066 205.466281 456.650465 0.014895 -0.004393
1125740.257616 187.439488 299.749506 0.017719 -0.000062
668170.334151 797.111260 294.330303 -0.018173 -0.005831
1443825.863043 455.587911 159.969152 -0.005090 0.003540
564375.188464 478.387576 242.745867 -0.012222 -0.008030
938961.728913 266.968883 379.507345 0.008086 0.017701
132214.712972 546.439596 119.630240 0.013222 0.002213
1179224.623916 311.848744 473.258748 -0.016461 -0.006667
575213.267736 338.835513 197.898422 0.011059 -0.001207
1368718.602401 400.544524 23.716487 0.018035 0.014937
1254302.726711 186.086560 282.736292 -0.018679 -0.002901
1541011.519516 401.095703 456.380934 -0.003912 -0.011857
1407684.757098 375.158759 531.913490 0.016141 -0.008173
883750.411162 394.012067 411.720266 -0.010672 0.003293
38293.802197 414.651248 2.994686 -0.006037 -0.008106
949396.727117 26.710875 478.598081 0.000580 0.019405
1340193.529306 112.453653 130.125854 -0.014316 -0.013070
1289556.392138 729.465345 404.469061 -0.003798 -0.007430
1756783.113702 87.903833 469.398198 0.010560 -0.019613
157687.638028 165.838425 303.285595 0.010620 -0.002490
175039.783202 626.961759 573.534792 -0.016274 -0.014668
506304.289450 453.632062 99.570240 -0.017965 -0.016731
301433.914481 576.140138 133.550191 -0.005328 0.014511
790027.673724 9.901441 464.120777 -0.017206 -0.003254
176035.711624 758.484592 317.081495 0.014818 0.008521
1081972.172988 759.503114 552.147265 -0.018200 0.008641
715741.816310 107.107817 299.095293 -0.007417 -0.010926
1263880.632475 454.127784 476.664864 0.011933 0.004700
1751026.801649 759.003674 202.590772 -0.016133 -0.007305
399196.095951 394.482074 198.002055 0.019010 0.002422
1496994.359185 48.833666 306.190349 -0.008915 0.017284
445396.929255 653.876278 529.491948 -0.014298 0.014555
1193553.106484 400.128457 599.208872 -0.016145 0.012563
450224.472419 581.678986 229.306916 -0.019236 0.001037
1999453.321099 715.823593 285.438485 -0.005262 0.019644
1584501.028799 429.479222 291.135202 -0.015110 0.000409
94458.571679 696.582120 342.750112 0.002273 -0.014107
1007827.074736 623.673308 579.352608 -0.004562 0.016873
1658558.308919 786.421717 253.429294 0.013092 -0.016887
475365.567242 42.228916 483.207277 0.004523 -0.017040
663714.367274 495.876050 580.545632 0.012247 0.018223
1919117.403179 479.331462 296.789478 -0.002186 0.008835
9624.167350 393.658167 354.898518 0.003061 -0.018038
1478876.057770 64.489544 497.194847 0.007967 -0.001371
1502145.321808 426.770939 269.342308 -0.013031 -0.005541
1054818.871922 329.209829 248.052437 -0.006669 -0.018738
972186.690649 532.085242 390.610745 -0.001887 -0.001121
1216433.286302 329.820932 43.070641 -0.015881 0.014304
1585452.240699 85.831816 209.792035 -0.004610 0.007224
796849.675848 99.177021 458.844739 -0.011021 0.013107
461377.134761 782.694687 217.234257 0.007166 -0.013908
1447663.852688 165.467239 338.344129 -0.014479 0.001613
1190708.408687 498.957674 123.052247 -0.010151 -0.016976
1355477.244293 683.888022 294.155783 0.009982 0.018273
694211.989964 433.587392 39.088957 0.007884 0.017084
1497031.391364 75.973145 30.358338 0.000515 -0.007106
1759090.904966 594.629640 180.109022 -0.010324 -0.003074
904928.793621 772.332309 377.985108 -0.019360 -0.015855
341892.055395 489.246039 436.864018 -0.004946 0.014340
1609370.418642 43.289639 427.853266 -0.008200 0.012133
1339833.364515 513.357071 206.983398 0.009406 -0.006440
543533.833951 386.299169 260.149866 -0.007099 0.019806
1510075.678821 161.370475 443.607304 -0.017785 -0.002232
325429.097901 406.446607 246.047557 0.011720 0.000968
1027532.088117 771.112696 81.344908 -0.010370 -0.006354
1987715.010526 37.041159 236.885344 0.008276 -0.006372
396776.620483 301.217135 588.873954 0.001748 -0.015582
639902.701899 652.456768 356.154691 0.010133 -0.014493
1179865.857204 406.228126 204.080283 -0.006847 0.002535
1568458.621189 393.419246 42.463971 -0.012227 -0.008582
1190290.628555 566.610151 149.973922 0.009235 0.017978
1180185.991889 580.189997 597.289999 0.019394 -0.002776
672088.553511 146.654720 484.865063 -0.007341 0.009075
1837656.663655 510.364553 325.349654 0.000515 -0.004371
1360614.323691 81.884305 539.228141 -0.019199 -0.002735
924125.776125 643.697284 554.910721 0.001316 0.019940
418950.309241 102.569945 424.418952 -0.001730 0.014305
1312754.557148 39.280913 350.017964 0.006067 -0.018665
30587.249450 790.638104 130.384294 0.012906 -0.007755
1889215.610870 593.545178 566.170789 -0.000533 -0.009823
669560.509114 133.640053 214.341572 -0.010654 -0.012490
1579576.984783 556.676348 595.146444 0.008577 -0.010885
1982244.182370 738.938345 214.112180 0.007923 -0.004708
432350.935616 283.756681 258.410460 0.011989 -0.019760
930735.730068 652.475133 596.715788 0.007310 0.005527
600671.720971 501.828749 227.996275 -0.010196 -0.015426
1270601.892504 463.608210 169.331743 0.019709 0.012514
938976.299455 626.146560 304.957163 -0.001540 -0.000141
1474031.937064 361.983594 251.864933 -0.016248 -0.013953
1605130.416157 247.953231 302.891280 -0.010657 -0.015581
1023340.410098 559.396941 555.355662 0.000247 -0.004724
1128556.229700 645.422714 5.472568 0.017760 -0.017957
248420.950141 463.974739 377.852662 -0.003930 0.002749
884577.235619 700.759868 213.302261 0.018010 -0.006564
1704879.713107 549.884500 474.290265 -0.009092 0.011215
1882055.445519 60.135456 54.925121 -0.002168 -0.007617
404206.608610 766.124866 4.972857 -0.014894 -0.001428
780987.060993 553.622525 162.336730 -0.004030 0.005497
642018.800900 419.854776 130.490530 0.018032 0.017213
1579863.075903 314.101865 483.451697 -0.014203 -0.006282
286431.929230 798.793283 18.479903 0.017334 -0.009141
1625355.291937 699.804575 207.438695 0.016180 -0.007140
1310099.705732 85.374759 167.030823 0.006565 -0.010600
1485499.756171 42.732847 555.884141 -0.019458 -0.001834
1126826.147142 267.530179 586.906787 0.011211 -0.008627
1817754.082297 456.391200 406.834563 0.008593 0.008647
42605.713030 686.097870 428.624963 -0.017707 0.011567
1969490.396776 691.927280 399.661126 -0.006762 0.010784
1972945.507603 788.423640 525.768609 -0.009408 0.005964
221002.463354 6.003319 421.444477 -0.018501 -0.019155
314139.836614 480.080653 213.046219 -0.014577 -0.004773
1280098.799281 35.379712 570.847377 -0.007266 0.010341
1334025.561499 271.219521 370.278901 -0.004774 -0.004328
817314.073824 292.291198 154.107655 -0.017004 0.007867
52254.755074 49.017866 409.200911 0.016102 -0.006939
662711.798522 9.824661 200.074672 -0.018613 -0.018002
710212.109941 153.309424 389.988934 0.008413 -0.006921
61999.699130 280.671588 222.940134 0.019298 0.006747
261157.692532 519.466210 4.057086 0.009911 -0.018776
797766.605764 125.321085 237.327899 0.006226 -0.010770
184709.901076 545.494941 175.151764 0.010990 0.003325
1235796.007903 85.087659 357.657751 0.018096 -0.014394
1292608.929469 245.469903 198.676643 -0.008137 -0.019317
1317389.029692 261.647627 220.503826 -0.018788 -0.007608
71927.786838 128.156324 575.521783 -0.018266 0.016312
1977614.946653 353.673787 38.682892 -0.004641 -0.016068
591803.305127 381.705402 467.386942 0.003517 -0.009936
726241.200569 164.839282 214.274244 0.018393 -0.013695
995710.504705 485.029657 279.045479 0.013160 0.016102
963862.695249 390.894282 138.004246 0.013992 0.000727
1079147.418532 708.512596 407.703105 -0.000020 0.017190
1174876.041326 389.770680 222.978647 0.006099 0.014867
937689.950195 758.463983 209.313770 -0.010086 0.001406
1200871.358253 489.352542 445.042656 0.018309 0.002830
1798372.363578 364.574224 105.979810 -0.005457 -0.008568
158766.744732 676.404263 464.383754 -0.007586 0.007842
584123.108808 679.509437 348.487337 0.018826 -0.006109
1019930.488905 447.058857 500.344094 0.015241 -0.011567
1412068.961846 279.640545 95.593480 -0.017816 0.003950
1390465.348675 524.177377 125.705614 -0.002530 0.004547
1560588.704217 269.200004 41.623463 0.018291 0.008013
709118.110458 28.983686 327.186638 -0.014855 -0.006227
481739.437432 336.520642 116.851730 0.012841 -0.004337
1084185.081108 265.378333 569.683079 -0.004949 -0.011493
321427.933090 65.781145 337.489672 -0.007363 -0.014429
322096.383349 12.017996 475.479293 -0.005160 -0.001925
811598.476400 120.548016 472.558922 -0.000997 -0.015688
975828.599639 663.229266 87.039524 -0.018663 0.018323
980873.326296 219.572811 226.560111 0.007420 -0.016147
1538962.265262 182.101622 256.881843 0.008806 0.004162
1281944.833362 703.799675 411.481725 -0.011799 -0.012036
1646853.441208 292.055796 129.230154 0.004642 0.009421
1334224.681991 17.367930 531.647218 -0.001773 -0.000138
1987979.200663 754.222082 196.050911 -0.014457 0.019100
567825.405192 503.254636 150.358251 0.006542 -0.007401
693992.653253 345.411699 324.731211 0.011064 -0.013991
290886.182473 333.030314 18.599939 0.013265 0.004814
461579.700216 524.000477 590.733793 -0.002173 -0.009182
1440439.939238 90.471530 175.705718 0.004266 0.002723
1578856.275221 479.942940 306.968838 -0.015376 0.009522
975708.803616 319.773020 220.278686 0.009549 -0.017523
1363849.989774 68.336149 296.082989 -0.011054 0.014432
1287670.666020 295.354580 165.767699 0.006990 -0.011978
1793086.186886 724.667583 513.310438 0.015255 -0.005943
253419.465503 481.226951 278.381989 -0.003126 -0.011667
65064.939701 167.149000 484.789624 0.001754 -0.007021
1093948.624606 25.674784 434.582349 0.016609 0.010813
1570950.974510 477.098821 513.883496 -0.008895 0.012835
1433502.711092 738.235088 113.591528 0.019704 0.003918
779698.448619 711.768540 301.696284 -0.010202 0.010878
1707668.152502 297.673330 223.990699 -0.007285 0.011689
1161722.038482 280.480148 0.674083 -0.004416 0.015798
650195.260835 748.490486 556.016727 -0.018005 0.014026
1393276.303724 667.668600 268.076032 0.002112 -0.015477
534900.189626 215.533217 21.033507 -0.001729 -0.009469
1264731.390059 676.919881 91.381989 -0.014608 -0.016307
1848317.172308 790.793453 278.441833 -0.008134 -0.007733
512088.236637 702.190790 394.360709 -0.009743 -0.009294
1104225.446984 465.397270 121.943385 -0.000861 0.005240
107543.810321 140.002831 279.390540 0.000018 0.009130
1156781.673039 614.889055 598.091555 0.004541 -0.011015
520065.349769 196.823240 42.897253 -0.003474 -0.004754
327390.441823 269.704170 221.888912 0.005102 0.005371
1353004.063178 707.117331 306.979419 -0.006572 -0.014391
1558240.596931 709.306145 433.390793 0.019290 -0.005443
706633.334377 29.014311 323.754994 0.012770 0.001557
534505.464385 317.478028 182.943725 -0.009435 -0.019552
1061346.780072 419.639388 154.488234 0.004136 0.017539
1275778.349152 612.438349 164.506682 -0.019704 -0.004256
1816858.008419 547.169187 166.480557 -0.003177 -0.019283
837596.447597 159.436432 542.324577 -0.014377 -0.012764
537634.699856 395.916819 130.535980 0.012328 -0.007456
1509630.032587 60.132794 426.078408 -0.020529 -0.008123
1442342.147903 473.171646 518.458409 0.019146 -0.012302
1603574.954720 492.469531 575.700543 -0.016944 0.004951
706735.606634 787.721970 184.463795 0.005236 -0.003790
651319.147391 39.989162 362.573528 -0.010790 -0.012359
1573016.600485 398.626878 411.534353 -0.019875 -0.007695
1998835.487291 607.453765 229.878829 0.008384 0.012772
1445522.677826 344.820829 246.212414 0.003484 -0.003641
1207599.107738 311.274844 14.992131 0.002530 -0.001362
1297106.122271 733.554659 269.833060 0.018194 0.001912
1709409.523620 225.386893 358.927493 -0.001620 0.000461
1579454.636005 196.695286 6.087784 -0.000961 -0.009979
635151.660366 380.374747 5.350231 0.008018 -0.012585
1657542.871152 338.255025 369.225953 -0.010419 -0.019595
50074.195513 674.091209 239.536326 -0.017994 -0.003743
1728956.987955 558.755560 193.734605 -0.007448 0.006144
1741304.677791 135.052007 561.999787 -0.001255 0.005097
896425.988943 206.830773 524.649438 -0.001645 0.009362
248631.410417 620.722576 125.812584 -0.014670 -0.000940
789536.960791 769.550554 539.545960 -0.019586 -0.011933
1819863.026878 28.495880 26.495470 -0.007623 -0.016556
901731.744829 139.211559 470.683909 0.010946 -0.000476
878442.611954 515.277590 393.750828 -0.004973 -0.015488
569936.175165 658.893198 222.820818 -0.013644 -0.008691
212161.644461 226.583655 35.255793 -0.007365 -0.003285
1070836.321949 568.403949 227.828831 -0.002611 0.008852
1162154.364009 276.070855 454.394826 0.005036 0.006166
1685995.778854 61.398244 497.066470 0.005306 0.014020
631794.399876 53.724013 296.597516 0.018915 -0.002290
