120102.793966 630.377208 121.588137 -0.006106 -0.005545
269277.329682 299.941299 156.285016 -0.018283 0.015148
1260731.205931 302.313225 191.701391 0.013064 -0.002958
973263.179405 632.944987 572.891608 0.008497 -0.005938
1683880.506867 289.135583 229.217382 -0.016818 -0.013039
1760997.696668 175.464202 580.333660 0.011721 -0.019816
354965.669268 681.946988 474.545512 -0.004793 -0.012050
306862.422408 411.992821 346.450686 -0.003479 0.002353
913598.742761 35.001699 562.667964 0.011154 0.014844
723511.401901 210.193910 397.873002 -0.007307 0.019057
27418.055584 126.984559 203.099567 -0.004125 -0.010456
1026719.971107 221.750197 272.883682 -0.000715 -0.017198
919235.655535 527.205731 552.714381 -0.009944 -0.018416
247720.705461 324.264175 333.768304 0.008061 0.012675
229642.751734 125.498854 517.233224 -0.017956 0.017151
1463437.116455 330.388158 118.970508 -0.004253 0.009173
349002.480669 325.719922 534.069489 0.001280 0.011331
253345.397419 21.876747 48.651106 0.003295 0.000362
301882.374241 33.146126 100.917661 -0.017032 -0.008248
417897.793659 158.395920 419.956716 0.010564 0.015940
1032678.423930 703.043975 34.619372 -0.004922 0.017253
1981626.739717 86.468846 206.284634 -0.012556 0.000477
148080.320166 291.165474 546.260375 0.018533 0.015040
1426235.401736 72.484270 542.627973 0.011803 0.006901
826207.458426 756.241808 428.196593 0.003246 -0.019250
17939.873048 633.078943 129.725471 0.008264 0.002242
229060.592236 178.623008 260.716459 -0.012990 0.003896
729567.630556 129.767990 425.668216 0.008440 -0.006080
424191.899795 625.397273 428.264379 -0.015124 0.009739
1179453.697605 667.588454 501.716726 -0.000341 0.005135
1017047.714916 724.843523 344.255377 -0.011064 -0.000462
1184883.571782 186.657594 168.498247 0.012305 0.017673
1669257.284919 737.986671 97.842773 -0.009237 -0.016936
1530870.404807 506.863577 153.107540 -0.001076 -0.006377
1211583.405366 549.618819 75.455649 -0.007255 0.012394
1741377.547263 727.216285 385.819166 0.008296 -0.003770
544004.606336 172.645025 185.177058 0.013868 -0.002454
1594854.852927 349.818032 402.307955 -0.016924 -0.010147
1223177.906695 729.737039 101.247831 0.010934 -0.013154
527324.168257 433.117739 487.539576 0.000764 -0.019355
312490.830343 99.670774 422.365030 -0.009738 -0.002852
1025907.483430 120.774945 212.145525 -0.013731 0.014353
1509229.653286 341.816375 43.535695 -0.018102 -0.009448
1023852.793045 688.107491 428.187671 -0.012674 0.017496
1918069.081343 635.162975 509.718981 -0.014814 0.002800
59433.087734 314.569361 67.994202 0.013714 0.016465
257531.464220 800.605992 21.720216 0.013271 -0.008794
961609.428265 277.290328 259.692490 0.013375 0.000058
582120.371322 470.075929 558.521062 -0.005431 0.005993
408974.288222 701.762419 306.509865 0.016833 -0.017665
899929.745542 700.302754 511.649964 -0.008030 -0.019845
849952.291162 263.267495 237.621398 0.001510 -0.013091
617567.269419 532.368716 103.649599 -0.006174 -0.000017
907629.657959 661.871439 507.026949 0.015497 0.006316
693382.430213 141.745641 148.666963 -0.008906 0.001676
1797970.130014 385.109490 250.769512 -0.003520 -0.004089
955435.349120 688.606870 163.916675 -0.006711 -0.013569
557659.864685 605.882218 293.277609 0.007015 -0.008251
1324351.926951 788.326094 575.576929 0.013343 -0.006823
917046.023028 230.634901 93.460852 -0.007870 -0.012903
1632997.046985 519.023627 212.618445 -0.017496 0.017128
1790149.784549 770.168110 244.851934 -0.007405 -0.004949
1613713.184192 632.075736 140.583829 -0.016800 -0.015063
791753.703166 288.634230 527.139913 0.015413 -0.018592
347958.385175 437.312135 12.039309 -0.014655 -0.004612
701432.257286 473.865969 403.410139 0.000324 0.015833
1693039.169392 258.624986 326.900783 -0.012033 -0.004481
944105.254926 76.423842 210.582215 0.015356 -0.003686
1451122.988691 550.741213 119.917052 0.018418 0.010773
644142.737912 284.969569 76.553205 -0.011890 -0.010298
328294.663843 300.260114 473.818924 -0.012124 0.000426
344141.964030 428.852597 60.447235 0.013707 -0.018295
1995072.262359 551.867318 220.742339 0.001690 0.015582
1509670.835691 11.092889 591.107657 -0.015724 0.015783
783939.521193 665.481382 350.129648 0.003523 0.011736
702233.533702 730.430547 89.033743 -0.000810 -0.015194
783487.379916 514.328880 295.297408 -0.012695 0.013070
1976.599918 282.061456 217.539701 -0.015851 -0.012078
812477.567611 81.027512 532.125262 0.010929 0.005807
1551513.418346 422.708456 395.126587 0.010376 0.005366
1106838.468046 120.700138 279.759428 -0.014514 0.009726
516376.429478 389.581967 394.334459 -0.004026 0.018683
1541877.001311 639.153499 367.069504 -0.009510 0.019229
877046.727052 211.026144 200.382035 0.012097 -0.005350
1062152.807164 166.448931 281.007594 -0.003289 0.019319
220503.739184 155.106631 306.226751 0.010776 0.018106
285758.867062 257.642618 62.740110 0.004287 -0.002046
1694852.848395 693.284197 566.630351 0.000252 -0.009242
1823523.613542 219.375228 44.358563 0.000924 0.001476
109429.840049 768.280858 480.098157 -0.004461 0.010486
331166.874772 736.376674 582.220866 0.005307 -0.006551
1904142.131984 594.099975 318.590701 -0.001586 0.000435
967910.745632 483.321756 499.221410 0.003517 -0.011505
581591.096978 348.387961 48.170612 -0.010662 0.017489
706572.319710 117.973515 128.403884 -0.003014 0.006869
1499518.371885 385.546367 378.871177 0.001970 0.014865
785875.055374 571.517287 474.369661 -0.005467 -0.006111
257524.722376 252.991559 54.439650 0.006469 0.011208
1201976.699383 114.814984 228.960576 -0.002617 0.009277
1186503.038363 580.068498 101.893993 0.006822 0.018389
215485.423904 20.065428 64.836145 -0.007117 -0.001908
1555844.913030 56.622899 560.868064 -0.003700 0.004791
1610655.802121 641.121432 200.281408 0.003836 -0.013392
1363983.919548 580.633389 288.303976 0.010878 -0.004604
515601.680854 298.545867 317.691585 0.005557 0.012249
521772.659627 185.428962 319.612280 -0.002813 0.016119
984056.433190 429.811233 558.419127 0.003475 0.013593
764465.851134 302.190073 558.084841 -0.007321 0.011437
1098768.237559 98.261027 352.951130 0.014586 0.008849
1505133.839094 452.469233 265.837232 -0.010752 -0.006516
1656881.889169 392.720640 425.888138 -0.005633 -0.014822
1035409.796534 493.482313 216.293995 -0.018005 -0.018103
532033.862794 432.398298 349.891232 -0.012178 -0.014335
885049.308131 462.077125 312.468553 -0.005104 0.015766
611963.250959 737.661059 10.465163 0.015699 0.012227
1469794.933437 516.328681 223.653704 -0.012398 0.015631
1419313.830053 5.371618 222.219577 -0.003139 -0.005435
1001399.715897 751.302933 589.950403 0.014480 0.019439
57920.523946 103.074737 316.874580 0.004566 -0.007022
1340168.589419 44.016403 541.144121 -0.012378 -0.002906
1593328.125585 397.089789 209.018942 0.012547 -0.004449
308175.125303 438.503565 21.620895 0.000922 0.009135
1829796.170737 187.870309 440.338069 -0.008568 0.006237
194622.977727 628.334090 356.807725 -0.016822 0.005970
1163384.351490 85.728551 466.930233 -0.015253 0.009237
203536.384834 623.442532 467.041341 -0.019844 0.018799
408990.508136 640.551935 279.658562 0.002439 0.004638
1709918.606891 566.544229 96.600407 0.015776 -0.010608
1776676.395804 644.380427 280.221781 0.004776 -0.016390
248411.979642 575.656662 526.897697 0.008749 0.011925
1052401.075630 239.741384 543.554753 -0.007833 -0.003533
1254879.329007 324.225743 114.382089 -0.003729 -0.003563
322021.593490 487.282302 125.319140 0.000018 -0.015074
1647379.426121 386.260511 521.400789 0.019419 -0.005112
204691.412954 699.198814 106.324389 0.002789 -0.000169
536197.156895 555.219310 128.644206 -0.014201 -0.003475
25648.950611 538.006345 428.899775 0.016662 0.018937
247729.502734 436.829476 229.292029 -0.007399 0.018031
1580350.309415 379.715762 335.141301 -0.020009 -0.015902
1443766.372951 659.221851 351.122286 0.003682 0.012391
1912564.341869 554.226094 409.463645 -0.014674 -0.009431
357511.299829 321.082407 575.533304 -0.004436 0.001837
744693.135258 324.245277 130.786552 -0.016545 -0.007022
387589.365424 167.817108 523.081891 0.002987 0.000951
1645202.005117 291.586345 -0.148558 -0.004715 -0.005357
205411.871060 83.751935 113.576385 0.007511 0.007845
1996032.971887 514.938784 233.980392 0.007561 0.010331
1306804.762830 688.148448 106.562389 0.004502 -0.009856
1450619.077985 788.673134 394.979979 0.017714 -0.017182
1969754.747101 110.722431 168.492622 0.013608 0.008610
1609086.544071 543.922967 45.365919 0.012193 -0.017512
883645.576836 726.178448 99.678772 0.005743 0.003626
1722771.757153 502.374781 142.231485 -0.009969 -0.007551
28763.775727 722.601912 101.809558 -0.011951 0.000489
845989.907554 733.673149 301.413055 -0.016750 0.014412
1143645.596292 54.625995 600.461236 0.014091 0.016922
1423342.375748 525.752063 361.905455 0.011481 -0.001574
1329764.171191 184.953546 221.848666 0.013248 0.014448
1926056.274178 553.147132 294.505544 -0.012007 0.017725
1598411.507718 172.887599 507.792944 0.018774 -0.003700
726058.746095 314.136631 195.445610 0.014551 -0.001021
375371.614646 348.312835 324.761952 -0.012667 -0.008650
932014.105344 718.285436 567.111582 -0.017151 0.007104
811741.037672 587.848139 550.852109 0.010982 0.002641
1557690.799962 589.615512 155.019546 -0.009263 0.017507
399385.155365 53.209166 91.099938 -0.018133 -0.018558
1122038.441301 328.166080 256.524307 0.015486 -0.009117
1805346.826001 59.672563 425.581749 0.000440 0.009736
1995636.369100 729.288644 97.198808 0.017696 0.019463
1695958.700821 279.142369 427.763381 0.010649 -0.015090
558004.577904 435.836201 516.804130 0.001461 0.012503
1597187.265566 589.407839 528.874291 0.018086 0.011277
1833981.536251 410.003395 114.626307 -0.006179 -0.003988
929917.220459 197.718108 284.881270 -0.013207 0.007544
1471826.909795 138.720876 361.151824 0.015871 -0.015403
1165988.196230 595.164868 277.979432 -0.008191 0.000421
1172216.120722 460.767288 32.293294 -0.002205 -0.015473
1736107.381869 196.526172 508.153857 0.009950 -0.012178
1259741.624473 533.101353 424.977924 0.012848 -0.019578
218963.730251 229.095172 155.184633 0.003364 -0.001615
1902503.935575 255.793371 379.493128 0.002183 -0.011335
1496596.111682 109.342810 576.167632 -0.011562 -0.002663
941537.357374 638.186843 5.834646 0.001072 -0.010186
245239.558744 315.917203 292.903853 0.018816 -0.014288
1372376.816986 480.080018 484.728748 -0.004177 -0.003134
1637971.852737 403.590248 423.892736 -0.017028 -0.016331
337179.376901 23.752576 245.418668 0.012144 0.003351
1249672.392965 440.346315 432.885440 0.003375 0.010442
310196.676436 44.258222 335.836950 -0.013359 0.003299
1607296.809371 230.198483 584.964792 -0.008230 -0.009712
236307.595035 784.055494 515.187148 0.017034 -0.004960
561161.337682 597.096839 528.905138 0.019438 0.012912
1939371.158341 125.301989 512.042182 -0.004855 0.018364
870700.636353 2.011942 305.612976 -0.013720 0.003550
541779.813609 249.507459 386.779083 0.013266 -0.000883
453110.709066 506.669289 459.747458 -0.011930 0.017064
47266.968548 257.007727 543.149628 0.015293 -0.010198
562186.379247 129.972945 594.514882 -0.013528 -0.013984
1629854.769274 105.348874 185.092229 0.006687 0.000383
534606.907766 82.332695 307.398568 0.011064 -0.009663
203362.833803 38.271666 342.358918 0.009818 0.015225
92345.910190 778.917275 306.405014 0.012419 -0.012993
877177.283576 667.519657 297.730935 -0.006205 0.008679
1484435.888699 500.990770 528.913843 0.009362 0.011482
64404.659935 438.962780 550.656654 -0.006314 -0.011453
856791.879449 487.176086 190.760082 0.017637 -0.004615
1153201.109335 33.866821 259.508838 -0.014239 0.011665
618554.387530 154.360591 456.570716 0.012847 -0.019886
1875266.974734 207.500583 503.045801 -0.002707 0.004179
1111007.126566 140.210798 138.655326 -0.002543 0.016425
34336.430968 375.485219 275.452742 0.017072 0.004103
1349224.196444 292.253397 249.832148 0.019693 -0.007783
1602661.077679 455.111428 209.670744 -0.010645 0.008551
276647.354605 434.530457 544.404977 0.016459 -0.005563
1822198.850020 671.190330 373.208186 0.009939 -0.009119
453696.245539 243.678130 268.653206 -0.001692 0.009704
713133.517985 379.663964 125.357439 0.012603 -0.003600
36437.158490 391.706697 464.281339 -0.002919 -0.000558
159010.190591 189.091796 31.256189 -0.002844 -0.001197
1535456.720523 453.621579 6.978031 0.007006 -0.001244
749811.288319 470.178004 183.201435 0.019847 -0.006526
1154889.427663 178.701839 384.615340 -0.018995 0.007211
762647.938338 304.990484 92.454957 0.003626 -0.012136
1129345.827331 486.700231 410.766407 -0.006543 -0.018327
337378.635228 333.913027 168.914953 -0.011172 0.013866
1499918.929068 791.357468 248.076564 0.010340 0.006648
1760744.261444 108.700771 149.740026 -0.012556 -0.014681
1172923.453698 610.421112 215.726758 -0.010959 0.011548
79642.974809 486.052264 100.938490 -0.012200 -0.012031
730713.756164 606.788778 483.787163 -0.017944 -0.016077
1702955.846536 175.366962 309.528379 -0.014687 -0.002388
724785.897287 706.030097 257.978090 0.011055 0.005769
187236.443249 524.294658 468.735904 -0.006230 0.013668
1828784.213322 744.186940 362.734407 -0.009425 -0.013180
787390.226865 250.418425 459.588382 0.002475 0.000230
1929498.061505 743.049184 161.212702 0.010617 0.019222
730520.102536 499.704244 120.238482 0.015161 0.010670
1281053.293162 194.186481 381.692891 -0.017204 -0.019253
562426.321470 130.136816 404.886905 -0.017499 0.000261
1033437.869061 779.943696 262.779169 -0.015121 -0.010094
1192859.900739 412.544149 336.270667 -0.005498 -0.016831
138898.690296 261.413769 3.490145 -0.006507 -0.015987
1973181.982512 560.976051 434.062560 -0.012567 0.003317
957790.512106 660.677867 496.907558 -0.015320 0.015869
1692076.045876 318.219569 36.192477 0.000830 -0.001624
1136829.509929 29.142214 260.329585 -0.019504 -0.013630
1367539.427880 482.396132 406.355056 -0.010178 0.018678
1509350.044424 252.436755 176.141195 0.010392 0.006121
785056.476847 597.938840 212.931888 -0.015366 0.017397
1873643.585422 476.168012 457.115461 0.010545 0.008429
1315983.134935 488.266008 64.636747 0.008811 -0.014710
1135951.929323 228.574186 100.547031 -0.019849 -0.008261
656102.584980 548.425840 539.332506 -0.019843 0.017278
1727078.126616 606.225186 148.307771 -0.013759 0.000841
1797488.349396 438.886497 161.446350 -0.009881 0.006607
406141.346510 152.151550 156.523259 0.018577 0.018125
1941231.998588 497.056191 337.362403 -0.016814 -0.006387
1386830.762674 518.612900 376.814236 0.014458 0.005997
1843128.023596 152.321197 201.641126 0.012788 -0.012236
538331.757550 546.170721 571.895790 0.000658 0.013530
944807.663069 332.453662 233.397691 0.009337 0.006548
106756.882792 754.896434 514.624634 -0.007561 0.016349
1618777.323337 226.557887 318.126451 -0.005084 -0.005222
1742666.514471 52.446145 7.017238 -0.000034 0.017116
1321460.731012 337.279455 69.637630 0.019886 -0.010388
620834.287545 213.084251 553.882492 -0.009468 0.011292
1523195.320518 587.320661 118.880068 -0.014019 -0.000939
1731081.362688 163.181321 252.017172 0.008919 0.000662
656632.629529 425.770445 480.633878 0.014354 0.016121
325566.043298 583.616782 580.964121 -0.013080 -0.010861
1792559.657149 666.237223 390.383085 -0.019493 0.013216
1778465.217808 259.407173 59.280342 0.012365 0.003546
1763427.173609 457.694192 193.059382 -0.017943 0.010298
1593951.392730 755.851703 556.303720 -0.011305 0.006599
886016.743670 435.744293 119.141406 -0.010412 -0.003811
204796.643092 323.713998 80.822158 -0.017153 0.002959
727276.621725 773.328371 248.498589 -0.019656 0.019089
488690.041233 721.715490 183.067529 -0.006265 0.008564
1781116.410057 179.149821 171.914874 -0.011463 -0.007823
20635.784613 7.662815 149.482801 0.017504 -0.010968
1834876.302553 303.294697 462.708478 -0.015329 0.004954
350019.654422 174.609337 16.688670 -0.007611 -0.008378
1214501.650638 537.619166 155.123137 -0.019200 0.007501
477760.385944 211.521943 353.530140 0.001771 0.004275
605806.972182 347.283942 499.330165 0.003595 0.005790
272576.070518 480.064848 392.520109 -0.004569 0.001525
1759240.741729 243.232878 550.243579 0.005983 -0.003291
1080301.612187 660.475045 382.549515 0.002795 -0.014589
1857771.559552 140.112712 484.265904 -0.012472 -0.012187
988850.145130 339.827851 276.924250 -0.016672 0.018751
134591.829094 309.705136 242.654853 0.015997 0.019021
96963.198901 28.662297 345.807274 0.008334 -0.003141
227820.812831 464.893860 434.702805 -0.018765 -0.010714
290631.014058 457.626295 34.169690 0.011512 -0.014522
385931.693197 569.402658 190.232447 -0.020035 0.015996
1023297.854244 397.201765 195.437813 0.018826 0.003277
589125.026292 31.608740 579.775814 0.007956 0.017442
1882412.602139 596.848647 583.998678 0.000684 -0.002103
790218.714061 504.667797 18.763573 -0.015187 0.006558
526777.357108 212.269850 139.765661 -0.007107 -0.017984
748590.766801 411.869581 457.615140 0.007590 0.000589
1324791.236466 162.316400 5.904246 0.019526 -0.013029
1179151.767483 226.054677 128.438880 0.002198 0.019233
301466.356172 395.911599 434.713063 -0.014976 -0.019517
349183.755158 414.928183 387.398116 -0.011762 0.005627
616335.581344 375.082885 543.830386 0.001726 0.011537
1910511.639859 733.817101 182.953658 0.008694 0.004282
1640005.631205 304.843219 484.971464 0.013292 -0.005351
1964468.728734 335.772361 391.240007 -0.012187 0.018995
1261209.360911 276.194570 282.363280 -0.005749 -0.001163
968463.258337 424.283839 593.905894 -0.014827 0.009418
1257770.379660 350.169046 124.072181 0.001248 0.019277
1991034.577596 391.350734 537.599489 -0.008006 -0.011741
1007596.648767 95.775380 353.526010 -0.006620 0.017885
1912045.142572 235.972668 222.799458 0.004268 -0.000412
692628.538559 190.268928 501.236847 0.008780 0.003754
609848.141023 240.617766 74.908437 -0.008219 -0.002768
1723251.459991 737.556223 520.929890 -0.017355 -0.001710
1696924.347289 50.421597 567.928041 0.009834 -0.005586
309029.791648 199.761618 289.728127 0.009622 0.002313
867302.640745 559.261488 513.460405 0.012174 -0.007825
691843.061099 120.478684 326.217375 -0.012871 0.018619
272265.500516 388.345352 162.259957 -0.009545 0.011207
1400582.436193 98.385047 421.212304 0.003031 -0.012272
320566.674844 332.962914 150.723243 -0.015710 -0.013505
1229627.376064 208.679810 246.056419 -0.016039 -0.019857
1946485.269790 425.044428 421.424597 0.007484 0.006074
15066.369444 140.511907 292.242653 0.002012 -0.005763
911695.870064 549.165039 506.348589 0.009046 0.017874
1245159.992597 340.271873 42.883301 -0.006185 0.020340
519428.529087 388.677344 247.048147 0.000339 0.003880
1147820.552414 102.294552 512.400862 0.019417 -0.011054
1717933.562453 767.118285 453.786112 0.002498 0.011443
183230.377819 455.350178 577.634606 0.003167 -0.015306
640928.558372 27.362770 483.326104 -0.013449 0.010273
1503776.668340 629.065677 110.963312 0.012840 -0.015526
360957.489517 65.409318 358.347243 0.003708 0.003714
380073.533570 131.846044 431.516488 -0.018229 -0.014038
1889061.825298 723.441244 66.008076 0.008014 -0.001337
1796955.322752 633.927121 20.359570 0.014482 -0.005168
306282.549308 147.099574 243.124544 0.018366 -0.006193
332156.324914 567.558639 78.926423 -0.005931 0.001324
485168.456326 426.748092 367.222312 0.013010 -0.014847
413343.113108 24.446298 173.500139 0.017104 -0.017007
883643.182406 697.263240 587.112612 0.002073 0.002802
887249.075289 360.292252 217.465623 -0.000905 -0.007436
1467432.667253 504.215482 297.527542 -0.014406 0.003561
1682910.725327 245.242330 179.553380 0.018978 0.006318
1660796.624450 172.285719 113.397769 -0.002232 -0.017766
629926.086697 520.386678 50.910040 0.004186 0.003114
318150.466456 37.152642 269.360310 -0.013758 0.003907
40123.955365 464.589515 28.958439 -0.004743 -0.017501
724761.667999 94.084479 413.582246 0.014319 -0.009804
558074.092752 559.697654 337.306922 0.003108 0.006874
438651.350531 326.389545 533.352544 -0.004276 0.014645
1885724.248311 578.847456 300.905052 -0.018901 -0.006829
158400.153815 149.292843 226.064416 0.001146 -0.006978
1952982.963972 437.451895 543.750578 -0.018962 0.017282
1927788.328346 311.060416 28.192703 0.006205 -0.010085
607879.136041 747.050536 567.564619 0.014624 0.000468
1236504.919471 67.947278 551.390147 0.000257 -0.000275
1541570.438790 358.740769 131.495444 -0.009124 -0.000971
1098586.873663 282.388052 398.477177 0.017054 0.015184
1973812.054831 723.188427 257.435086 0.015642 0.017454
717421.361579 684.420226 190.612118 -0.003730 0.000395
1128238.588166 568.344050 265.734527 0.000397 0.003056
1906900.824936 103.303094 396.798586 0.014912 0.005398
311031.282093 514.362743 50.744721 -0.004964 0.016681
1119457.958787 738.735641 161.476187 -0.010727 0.013996
295815.608602 167.824294 451.511796 0.003003 -0.015981
1365835.790227 746.576497 574.022310 -0.019994 -0.006445
933742.419320 452.503838 29.966391 0.016420 -0.016955
1254474.420685 689.997686 122.228972 -0.008479 0.009408
1674721.783807 355.707153 227.784070 0.016823 0.012742
589441.845468 384.433575 445.847940 0.002568 0.008108
1186208.380939 568.272486 547.234726 -0.006138 -0.008544
28320.921598 24.665619 131.563556 0.018879 -0.018779
1123059.363627 350.780538 356.738134 0.004357 -0.006046
1339490.994503 192.682780 126.492399 0.014921 0.001164
1892333.765464 567.759651 583.342926 -0.007232 0.005377
1580513.963280 495.705171 66.123543 0.001232 -0.012662
1628540.167412 101.073266 535.768753 0.009075 -0.001118
358744.990248 592.727280 301.838155 -0.004041 0.008490
1065496.480589 768.602216 90.562406 -0.014934 0.002937
996930.964755 638.397044 488.933793 0.008373 0.006815
685065.261407 523.948247 229.096305 -0.007675 0.019138
22284.613001 83.018230 360.097590 -0.014803 0.005096
1564209.169505 749.585252 458.199710 0.006968 0.006548
471659.941818 684.042067 242.372274 0.009525 -0.009787
234378.384535 216.374167 129.527717 -0.009227 -0.004014
1581110.075852 613.285151 117.728707 0.004190 -0.000949
1733102.233956 757.504722 78.125279 -0.010150 -0.009496
222272.466972 206.835174 219.653282 0.008455 -0.004766
7593.072023 394.891450 189.572224 0.010724 -0.013142
1961038.188991 2.026895 14.030197 -0.004566 0.009663
554464.627316 401.914086 7.717421 -0.000263 0.010867
821613.773155 227.366392 322.716693 0.003911 0.015627
24485.756655 378.265513 502.217800 -0.014262 0.008807
196372.594776 203.384324 588.024283 -0.001422 0.018538
718005.964867 375.068807 274.458354 0.007055 -0.010215
1252709.545778 525.455836 142.080522 0.005945 -0.018313
1958473.456073 741.885380 326.316865 0.019621 -0.003224
628831.249023 322.306326 421.280980 0.014053 -0.019645
1185057.482303 690.537535 288.792970 -0.002874 -0.019711
406775.272641 421.074500 157.384348 -0.012911 0.019376
452064.211691 433.150576 275.570942 0.007347 -0.011358
1391094.198167 249.269637 524.913012 0.017215 0.018302
1830316.959801 730.308280 532.242215 -0.001630 0.016127
610994.441719 618.047532 184.028282 -0.019665 0.004983
631021.334152 481.865700 292.013128 0.011831 -0.018560
989235.750860 1.843488 333.992690 0.010260 -0.012654
1098658.789461 784.280783 435.155053 -0.019665 0.006629
1883467.686308 564.599182 586.041004 0.012821 0.005368
1871849.530317 584.869074 330.479035 0.012870 -0.012445
911993.535660 102.292150 577.313319 0.010585 -0.014601
1176139.691461 61.500409 443.512770 -0.016929 0.015017
1537174.407177 456.319406 526.420223 -0.006937 -0.006928
123261.179832 700.955433 185.315402 0.011692 0.014874
1946848.674653 583.315693 354.098992 0.017980 0.001708
457599.283409 709.046530 164.577318 0.011211 0.008296
926562.791190 189.181484 501.741462 0.000061 0.020022
1942178.605097 12.101446 45.281237 0.008404 -0.016361
1905775.863633 382.781777 397.527675 0.013278 0.012158
1975712.466974 713.553986 408.001978 -0.008335 0.007172
1128937.655654 214.556918 243.637609 -0.013905 -0.011210
1900458.380534 306.137599 62.026251 -0.011065 -0.013422
1623668.112617 550.007204 239.526209 0.005846 -0.015472
798515.523224 494.053873 76.724837 -0.000979 -0.006941
438456.544857 343.779509 482.243333 0.015109 -0.009791
1216805.763178 694.577219 90.621097 -0.008498 -0.013392
1661706.700764 681.385418 259.053416 -0.010495 -0.019708
1303971.794110 150.868044 233.920914 0.010278 -0.003515
1107963.914568 455.404324 58.920379 0.018169 -0.011401
425643.800956 282.587514 500.040525 -0.007561 0.013846
318262.858465 449.208787 154.968431 0.018571 -0.002266
1036196.117772 457.920996 186.667004 0.006836 0.014629
948553.069005 401.551735 427.753660 0.016402 0.009340
1438074.149861 446.901111 555.724184 -0.015618 -0.007607
677338.477540 530.410017 530.687150 -0.002502 0.004692
197747.041563 521.233885 583.586723 0.017218 0.019650
1601492.672973 71.498925 330.528112 -0.017643 -0.017807
1987075.958395 461.482793 375.140799 -0.007821 -0.010050
971748.938305 621.706920 449.414363 -0.012076 0.007403
974474.447302 733.535004 146.059562 -0.003454 -0.018910
1121549.802423 602.045426 413.100490 -0.002208 -0.012398
613932.794246 434.611303 504.541681 -0.008853 -0.001013
1665525.531241 62.882564 338.576585 -0.004469 -0.014543
1238773.710671 302.364600 429.551720 -0.010181 0.007295
1925637.924078 585.395603 276.727640 0.008456 0.017209
290519.337305 158.613468 508.078747 -0.004364 0.004492
1745488.432117 760.837983 218.936436 0.002441 -0.004209
1111265.337612 695.130944 563.105951 -0.004280 -0.013843
829182.160473 184.376864 135.887722 0.019238 0.004581
728391.627189 478.731558 596.372039 -0.016887 0.013642
1349985.243450 33.239875 346.079160 -0.014496 0.010168
1010733.056353 223.855826 571.615937 -0.005912 0.006791
1129411.861826 180.438693 373.241737 0.017222 0.011491
33999.050983 389.321034 394.245804 0.022223 0.015897
1606354.705806 296.072889 66.651164 -0.018773 -0.005950
1451822.744427 315.203377 570.269739 0.008765 -0.000999
1590584.168020 314.816288 309.319362 -0.005147 0.001139
538209.161040 700.838585 484.825856 -0.011162 -0.010865
958317.440449 628.059443 272.238678 -0.015993 0.008651
479655.517489 94.606835 120.096680 0.015862 -0.017012
167238.956395 558.574702 267.471029 -0.012162 0.009131
1592486.357127 737.304954 73.292123 0.009846 0.005640
1189583.299304 432.940932 20.978314 -0.015527 0.016587
1124831.962923 303.237010 474.222993 -0.005197 0.004004
37146.621401 680.303347 232.788550 -0.001137 0.018058
205026.889315 568.820613 41.088550 -0.007900 0.004317
284161.461650 310.230629 183.826193 0.003495 0.003356
68690.410847 306.104114 301.614386 -0.013744 -0.014785
287411.349028 600.101511 404.009526 -0.012907 0.014466
1171263.018237 591.633531 143.556259 -0.004982 -0.015504
1682127.158941 314.920256 577.597874 -0.010871 0.014503
1824708.168313 265.025298 346.680370 0.019211 0.005357
369206.509725 98.053825 13.430067 -0.000372 0.008415
1208981.916871 419.342967 56.235807 -0.015649 0.007268
446720.970071 202.331291 259.074724 0.015800 -0.002837
586212.983628 385.054509 102.200951 0.001335 0.014307
560717.814863 299.217470 150.914531 -0.010355 0.004152
234257.601311 123.770110 558.814378 0.007810 -0.014627
1133248.557864 703.461189 154.181649 0.003533 -0.005176
1934248.125150 153.485542 536.591514 -0.017564 -0.007938
1152133.833222 226.028806 331.317440 -0.019690 -0.013009
1965200.129880 240.310614 396.916996 -0.013830 0.013362
1034901.121182 346.259101 125.919461 0.010897 0.006871
1623246.405098 709.077145 497.179722 0.009742 0.003206
1926329.093951 248.063052 276.390372 -0.011182 0.015960
1658576.383096 150.531907 54.707175 0.008984 -0.010064
786221.519479 241.035944 318.615477 0.017780 -0.007700
1421758.733421 742.884529 364.939368 -0.004778 -0.017425
888519.625593 711.347355 308.050172 0.005906 0.006142
374128.679919 371.293472 325.445536 -0.019385 -0.011590
247207.860577 783.044756 311.469315 0.003280 -0.012051
838233.393076 329.890832 231.421341 0.000739 -0.014317
1269501.125100 722.791203 262.879667 0.011032 0.021349
1490342.234955 701.526151 467.151046 -0.005843 -0.010059
1720173.599068 638.936925 82.397219 -0.005146 -0.001852
1589947.016719 447.780048 550.810732 -0.006495 0.003113
254199.274003 369.764968 331.668270 0.005914 -0.018217
1506623.924480 52.341024 274.484332 -0.014408 0.003087
1187558.641279 619.032180 289.694269 -0.018794 0.017646
663885.182079 619.906042 490.403011 -0.015549 -0.014783
134186.233456 776.563020 557.377189 -0.011869 -0.006224
763995.101100 799.263877 542.406198 -0.008053 -0.006507
960104.740672 340.656371 479.027987 -0.018586 -0.016981
1689167.128731 629.663163 84.937695 -0.007882 0.017128
1435140.350571 715.932128 422.279702 -0.012035 0.017046
1287450.956780 425.463175 421.109986 0.007053 -0.013396
1664884.491668 423.907087 368.625871 0.010641 0.009313
1916152.068375 115.758545 439.926508 0.014356 -0.002296
142374.806172 274.783226 522.098592 0.014830 -0.004937
1889104.925044 571.595532 97.747699 -0.016713 -0.019290
184043.514628 642.444476 546.811646 0.011780 -0.019919
1678137.485719 350.674068 320.190061 0.001595 0.016081
349432.717240 299.310222 257.165179 0.011502 -0.014627
327130.583267 597.891230 167.739112 0.015865 0.004361
1445781.852792 774.679109 571.621447 0.003713 0.013532
657045.848974 430.373178 332.889341 -0.000288 0.004924
1143416.638087 467.912010 254.887941 -0.000621 -0.004813
853229.746620 259.754446 491.284855 0.018361 0.014546
1436276.935710 106.367216 143.671803 -0.014019 0.016995
747046.145027 249.417409 400.624198 0.006111 -0.011873
555282.349025 300.024007 106.761643 -0.010821 0.018770
31011.744417 446.396873 303.416023 0.002807 -0.017980
259713.421697 113.425293 381.629897 0.002213 0.005066
30230.289339 785.927874 570.733133 0.013288 0.017709
1629124.594680 439.946331 45.036694 -0.017902 0.007951
1993199.337271 341.301518 5.373818 0.006601 -0.016786
437214.899080 754.081655 272.193856 -0.004246 -0.013121
847463.854052 329.283635 438.872669 0.017215 0.019223
1561464.248021 48.367271 73.545543 -0.003322 0.004596
1496915.452879 345.574274 357.971755 0.008035 -0.009433
1076064.875850 410.524056 489.287932 0.004505 0.002592
1028186.607653 487.314024 594.711817 0.000925 -0.009091
141764.248787 594.394631 129.619563 0.000991 -0.014454
778578.041484 758.718322 329.897961 -0.015284 0.015191
1058486.954802 720.281704 564.096972 0.005822 -0.007111
1112790.978101 319.308829 448.020346 -0.013857 -0.016077
24501.685065 554.009337 366.338702 0.013086 -0.007843
353571.678676 272.695313 548.672423 -0.013269 0.014604
375264.103699 191.460965 365.818179 -0.003806 0.010617
1493884.026769 634.869248 429.362952 -0.008212 0.016520
1188817.119779 659.951684 487.966972 0.001401 -0.000909
259519.063057 73.901608 525.288262 0.015151 -0.010164
1949033.547169 712.104391 562.603878 0.003480 0.008712
482529.103981 609.339774 36.242403 -0.013826 0.017268
1850091.109914 273.853885 102.851185 0.001405 0.009861
1871495.037280 224.980974 324.769432 0.006228 0.002853
908785.677938 195.179612 241.323286 -0.009271 0.011227
1755362.652128 318.464480 522.271268 0.010157 -0.009000
232765.271437 581.940167 98.736207 -0.018140 -0.007198
1765166.354256 236.533050 45.864071 0.017677 -0.001991
15434.920795 692.788622 474.719817 -0.012885 -0.004009
1077013.659792 90.539029 409.403254 -0.016799 0.010609
516053.778360 427.457031 5.791468 0.006391 0.012131
1576709.125925 429.941508 119.138939 0.006438 -0.008339
948767.654108 620.953917 12.271858 0.005598 0.013211
667159.362075 417.503596 74.289447 -0.003589 -0.001435
1146380.339352 334.066783 198.463545 -0.005345 0.003863
1462269.868451 722.398370 427.124640 -0.003600 0.019242
949273.004639 536.525942 309.721855 -0.000656 -0.006842
636841.273232 217.410392 521.068861 0.000690 0.017239
316267.470045 793.013937 424.493864 -0.012942 0.005316
1072709.865436 409.223245 92.923791 0.006415 0.016884
1234697.917120 187.594305 203.715284 0.017930 0.003946
1871003.135047 543.436987 300.072931 0.005846 -0.016344
968257.898916 95.530358 457.587886 -0.019783 0.004259
184803.100389 256.253699 525.997743 0.018281 0.013469
1613704.762242 94.163003 496.964536 0.000562 -0.008173
920804.219749 40.452125 484.232731 0.004879 0.008286
1455508.939668 184.282643 565.841903 -0.017309 -0.012833
1084419.887087 1.153489 515.150152 -0.018215 0.005931
1899527.167855 422.548918 461.414434 0.008449 0.001111
745706.753221 643.132231 509.176745 -0.010142 0.010541
1369434.811813 44.300814 529.147835 0.000578 0.002793
353913.564400 780.093782 371.908623 0.019274 0.003541
660308.989072 568.491089 492.116975 -0.009057 0.011117
1997036.600484 653.779326 469.012851 0.014265 0.014409
857968.969670 644.579643 232.646555 -0.012095 0.000744
1832483.595159 457.130160 194.357120 0.011798 0.011449
174050.590104 359.883778 525.610745 0.018770 0.018477
887791.815627 115.750711 561.171019 -0.017429 -0.014860
1048845.100705 314.618358 504.418890 -0.006252 0.006684
1236598.032171 273.647824 289.993366 -0.004025 -0.012098
688449.854352 662.723473 2.347948 0.009247 -0.018935
1047717.716101 519.157860 357.785553 0.013920 -0.003478
831685.772553 746.719458 517.339221 -0.008465 0.016126
1646809.537731 587.954591 29.518423 0.010384 0.011944
354697.854423 226.513269 115.107515 -0.019274 0.005154
1718570.137265 508.382948 581.331835 -0.006290 -0.018649
338487.908402 549.606709 517.414894 -0.012996 -0.003254
1776805.868268 558.738139 40.774156 -0.000621 0.001851
960078.654327 720.355435 286.946738 -0.006853 -0.012553
763596.911339 131.433865 556.151415 -0.002744 0.017025
1446903.674606 486.725091 125.343852 0.017769 0.005383
1673049.761761 619.912254 155.789463 0.012209 -0.015278
591079.477496 780.232902 482.642639 -0.013712 -0.013987
450261.526019 36.860410 509.534461 -0.008240 0.001255
788880.985598 619.071956 258.703198 0.014934 -0.015422
1247242.441982 204.435840 167.429012 0.002026 0.007426
405506.701397 217.997917 175.207163 -0.003530 -0.012351
1835863.754077 197.645136 576.265135 -0.012857 -0.017851
159031.381905 380.129489 18.656549 0.015405 0.005328
362722.217274 87.240559 407.210712 -0.018515 -0.003731
420997.232395 340.208641 105.270169 0.005871 -0.007702
580167.091722 213.299169 332.971359 0.002814 0.012588
479025.265425 617.115472 52.468434 0.001286 -0.012672
552036.800679 359.842964 258.458271 -0.010468 0.005059
969986.005207 253.899188 61.512320 0.000830 -0.011953
1471710.388303 557.480292 187.876256 -0.003393 0.009232
1430984.936390 500.976450 91.055478 0.015643 -0.009258
902052.609670 144.397926 321.238991 -0.019778 0.010001
700700.571156 195.513940 313.413616 -0.002450 0.011058
1408199.004553 571.157740 137.268295 -0.014608 0.018118
1713095.736556 496.414232 161.291460 0.018423 -0.014615
944491.339356 557.184230 498.606508 0.011372 -0.015566
1119457.834922 400.521695 441.394075 0.008483 -0.004374
8319.607940 130.646402 343.396532 0.001565 -0.013273
647061.014849 711.948115 247.349959 0.013813 -0.006815
379545.065751 439.163392 25.948901 -0.003344 0.007312
1990576.603445 218.550342 181.364920 -0.009383 -0.010683
876473.971119 589.551880 557.758819 -0.009188 0.000888
80381.552726 664.632264 13.461979 0.011018 0.001701
828036.629980 625.161151 423.014927 0.019523 -0.007175
1747623.103553 248.319169 124.342348 -0.008533 -0.013739
1072386.123739 381.229766 423.762956 0.003236 0.015734
777386.485961 459.686813 100.972379 0.007632 0.013597
801906.589792 103.702938 345.931808 -0.006814 -0.003937
197987.358178 295.848110 137.720668 -0.015162 -0.014145
1545926.498969 428.227040 556.365888 -0.000433 0.001290
492654.834172 281.815992 500.376987 -0.000752 0.004943
1978982.283724 792.997195 69.299232 0.007744 0.002831
17631.095842 66.015914 86.817654 -0.012954 0.010994
1966499.848276 461.760853 543.740247 0.003726 0.014811
611006.784537 527.344554 167.420310 0.001461 0.011203
850069.038966 246.990854 189.956012 -0.005923 0.011500
1676786.882652 479.157233 83.160640 0.006895 -0.017858
1557780.060711 529.875654 26.118872 0.015762 -0.005716
1227310.625476 722.795568 262.637832 -0.015014 -0.024531
428616.731627 591.916972 393.286215 -0.015228 -0.007965
1127178.874392 340.516837 576.820762 0.013655 0.018405
1480731.590409 212.633731 162.251678 -0.017760 0.004807
115335.758829 715.030177 130.672445 -0.012100 0.002661
541498.807511 780.875194 137.403179 -0.007449 0.014835
1167776.423119 741.828035 464.548280 -0.019056 0.007386
1705487.274428 189.988292 255.730422 0.000307 -0.005709
1455042.508177 58.275698 469.773969 0.007531 0.016570
1485351.840726 341.392040 108.565324 -0.019554 -0.000665
1600046.444498 55.439528 226.626433 -0.019271 -0.009266
1889695.885540 230.089045 146.915818 -0.013080 0.004150
230475.999522 605.999127 319.378853 0.015491 0.011172
434670.210087 593.594877 9.888387 0.005755 -0.009936
748135.628527 296.581970 192.938782 -0.013626 -0.017666
474188.291689 718.601452 292.854628 -0.003330 0.016184
1941577.332067 174.212589 588.457272 -0.006006 -0.010699
499196.726130 235.230704 314.385367 -0.000265 -0.001294
254300.674542 487.795302 134.030488 0.006373 -0.000117
6325.354803 699.871013 144.018197 -0.019182 0.000837
980919.682878 316.147389 534.947826 0.012558 0.001950
1900851.625903 40.252376 269.145922 -0.002605 -0.001274
719689.197242 326.162610 412.463706 -0.006338 0.010297
1844748.197982 472.712455 30.036982 -0.002189 -0.016553
1036199.990211 459.320013 416.233157 0.009633 -0.010773
385683.919483 595.600112 65.362984 -0.002700 0.010632
1256102.471266 738.645500 96.164970 0.000432 0.010445
1419511.694191 375.302562 473.001491 -0.013615 0.016237
511292.832210 415.425950 189.805562 0.017686 0.014409
145034.134456 691.054959 270.077157 -0.015049 -0.007553
1071721.370831 513.058600 530.622589 -0.010815 -0.004678
233847.819378 338.090364 77.499261 -0.011040 0.014189
1786277.592083 681.667742 467.360757 -0.017911 -0.005083
1031918.257955 609.574711 506.263353 -0.007876 0.016818
1499349.890975 446.171530 263.474790 -0.017310 0.000085
597617.807145 110.407975 218.975408 0.010022 -0.009531
1353622.215499 228.410732 541.959558 0.002471 0.000628
573296.933702 542.613671 564.144850 -0.003396 0.016134
1590131.532210 246.433996 453.719332 0.003019 -0.005542
258416.177825 73.138336 73.575835 0.018867 -0.004275
87595.200207 577.069108 571.788117 -0.000688 0.011451
906233.425674 625.962853 554.299187 0.012745 0.001239
370032.188655 395.738709 489.157489 -0.016453 -0.017749
664767.085884 299.489119 441.894954 -0.009129 0.011571
1278253.811075 52.981738 58.748886 -0.004111 0.005619
916040.443311 420.112701 438.711526 0.003215 -0.000170
249204.321880 499.042078 130.102966 -0.016949 -0.015720
8661.484350 424.644780 533.371371 0.017162 -0.006051
841302.204338 89.988742 505.998859 -0.010465 -0.011992
1802783.200425 455.966623 346.343145 0.005476 0.013644
731632.451868 220.838322 544.816938 -0.001394 0.006839
1096714.972098 736.656623 118.100118 -0.008792 -0.000126
1386984.768969 324.077183 76.203945 0.016472 -0.000733
469499.863903 731.999468 7.047205 -0.015002 0.013818
718651.906922 435.310047 574.718289 -0.011850 0.011214
316653.122342 84.414473 211.457256 0.010225 0.008831
385530.231700 79.545319 10.971855 -0.015987 0.002580
1379939.433830 519.607853 291.765028 0.015402 0.017184
1974529.288697 463.531178 199.387752 -0.015540 -0.000422
1626419.535664 279.854478 244.558388 0.012987 -0.001061
503204.831157 146.055057 10.626759 -0.011607 -0.004498
1600260.999799 292.914055 294.327966 -0.013935 -0.015950
467442.890847 275.241241 120.984534 -0.009911 -0.002200
1530910.291491 752.969854 56.711866 -0.010013 0.013187
43405.273949 189.886725 245.061492 -0.005779 -0.005880
1801413.789299 133.452344 421.555145 -0.007705 0.019688
348673.859774 447.429250 105.125971 -0.012277 0.010757
1122384.702378 793.200392 80.671526 -0.017930 -0.014253
474000.488629 229.227348 293.465802 -0.002428 0.001565
1867761.544822 162.549615 288.077717 -0.018846 -0.001852
617712.498930 39.680243 415.251388 0.008766 -0.003834
88793.583256 495.208426 343.014785 0.009905 0.016895
1123119.018564 736.292699 291.384453 0.009354 -0.015513
510837.786138 237.517132 62.572659 -0.004324 -0.005981
498234.962345 502.798617 381.270521 0.009534 -0.017336
350510.791107 537.876672 162.979612 0.006260 0.007948
1451432.125387 771.351736 449.428907 -0.003413 0.007370
303273.376219 370.398642 179.808698 0.008883 -0.011664
454803.713809 227.268519 75.812128 0.008609 -0.019196
480071.545802 775.428524 189.761029 -0.006261 -0.005553
1333575.176696 474.760775 592.823537 -0.007766 -0.006721
110627.538576 382.731225 1.732806 -0.007013 -0.014490
1406769.050940 41.559173 59.176026 -0.001861 -0.001178
1561676.394922 482.045028 559.267022 -0.016768 -0.007003
281255.947557 246.624910 364.615947 -0.009245 -0.019069
1257382.930842 407.594704 596.248235 0.017780 0.014116
706537.016996 489.447409 269.051785 -0.006344 0.016658
1558318.719993 318.223640 237.131697 0.011352 0.008937
1057752.200895 389.464591 466.117480 0.005111 0.017485
491364.625511 326.157948 325.137431 -0.012859 -0.000414
1734950.389590 255.120608 479.347864 -0.000920 0.003492
1643357.573842 84.822165 56.704655 0.012566 -0.017961
1898263.090243 133.906624 397.736656 -0.004153 0.000411
1157183.811607 141.219883 544.779861 0.018946 0.018329
1260090.642264 401.433603 266.406827 -0.003785 -0.014830
767107.214205 521.782086 323.420561 0.016970 0.013172
55740.578126 634.959387 88.699227 0.013005 -0.009334
1471867.368311 519.151327 224.856919 0.012766 -0.001705
851158.514084 624.000535 377.511255 -0.016454 -0.012926
279214.015361 532.798875 211.858280 -0.018205 0.005638
622537.959657 541.447577 84.541985 0.010269 -0.016707
543551.074594 112.547781 439.042914 0.012953 -0.017307
1125283.938425 670.526884 515.336986 0.008411 0.006510
255944.995329 357.695731 187.031951 0.000111 -0.008825
1549879.616848 742.576262 35.035422 -0.003810 -0.019287
474171.187949 435.934938 410.516403 0.003556 0.003660
648167.413030 720.757487 160.558330 -0.001358 0.006314
697835.028496 589.663969 478.523264 -0.016730 0.001912
1725670.433475 516.090988 231.062040 0.008586 -0.005228
99429.388577 679.112307 481.475166 -0.005527 -0.005961
163663.104253 109.227783 168.321901 -0.006400 0.000386
594763.153510 303.901634 52.978512 0.019283 0.018825
1355525.087265 245.121226 522.232268 0.017953 0.010961
1053977.892294 234.717865 305.579009 -0.007010 -0.004921
115031.983757 149.668512 12.979276 -0.002336 0.016303
752375.869431 393.616264 455.241060 -0.012746 0.014188
219437.964363 208.543476 594.962528 -0.004391 -0.003958
1068114.026016 550.301480 469.152421 0.004825 0.006932
1499866.051366 239.167436 584.099639 0.004714 -0.010299
1491842.997955 116.738921 322.367850 -0.009699 -0.001112
1826279.228472 251.279677 395.314953 0.017286 0.010254
1133058.067007 247.453451 149.318249 -0.007046 -0.000432
207507.431604 346.384786 450.439289 -0.016175 0.012953
304737.184339 504.562785 306.578259 0.017354 -0.010029
361247.467977 546.331165 329.237155 -0.013813 -0.007893
1585793.637478 720.352128 269.172488 -0.006748 -0.013869
1841064.114050 194.867081 281.133196 0.003201 -0.012815
451362.950938 116.066034 291.934921 -0.000991 -0.001229
1950936.490647 463.042394 542.290484 0.007613 0.008424
1454702.783122 701.589689 182.791043 -0.010463 0.012508
1108684.254395 335.036055 297.168303 -0.015858 0.002983
1596490.624173 716.719535 284.776791 -0.012987 -0.009736
1263706.185512 134.031376 282.590762 -0.015923 0.009880
1294332.516982 260.985988 535.869262 -0.014675 0.012037
723046.520130 86.999993 228.597871 -0.009386 0.013350
107937.715067 793.420895 426.757138 -0.005764 -0.010880
1046872.077066 728.728604 389.638950 -0.019406 -0.019564
450965.188654 653.753976 546.555405 0.008006 -0.017432
278162.196408 266.412731 139.739528 0.004373 -0.002624
1960316.196066 205.864063 456.533081 0.014896 -0.004399
1125740.257616 187.912750 299.747693 0.017725 -0.000074
668170.334151 796.625594 294.174385 -0.018200 -0.005846
1443825.863043 455.451932 160.063969 -0.005094 0.003561
564375.188464 478.061181 242.531455 -0.012222 -0.008027
938961.728913 267.184502 379.979819 0.008062 0.017683
132214.712972 546.795010 119.689635 0.013393 0.002237
1179224.623916 311.408596 473.080935 -0.016503 -0.006650
575213.267736 339.129604 197.866483 0.010969 -0.001185
1368718.602401 401.026163 24.115656 0.018036 0.014958
1254302.726711 185.588453 282.658787 -0.018626 -0.002903
1541011.519516 400.991030 456.063980 -0.003927 -0.011880
1407684.757098 375.590106 531.695047 0.016163 -0.008186
883750.411162 393.728951 411.808384 -0.010529 0.003305
38293.802197 414.490063 2.778636 -0.006034 -0.008074
949396.727117 26.726913 479.117019 0.000621 0.019461
1340193.529306 112.071879 129.777114 -0.014276 -0.013047
1289556.392138 729.363371 404.270533 -0.003839 -0.007438
1756783.113702 88.184374 468.872145 0.010440 -0.019779
157687.638028 166.122472 303.218983 0.010653 -0.002498
175039.783202 626.527399 573.143228 -0.016256 -0.014657
506304.289450 453.152708 99.123826 -0.017936 -0.016701
301433.914481 575.996999 133.938467 -0.005391 0.014567
790027.673724 9.442314 464.033944 -0.017179 -0.003249
176035.711624 758.879892 317.309123 0.014787 0.008527
1081972.172988 759.015877 552.379060 -0.018290 0.008719
715741.816310 106.910014 298.803508 -0.007397 -0.010926
1263880.632475 454.446406 476.790309 0.011929 0.004695
1751026.801649 758.572072 202.395793 -0.016192 -0.007299
399196.095951 394.991272 198.065614 0.019125 0.002339
1496994.359185 48.595909 306.651836 -0.008891 0.017278
445396.929255 653.494367 529.880386 -0.014304 0.014536
1193553.106484 399.697807 599.543875 -0.016108 0.012527
450224.472419 581.165058 229.334597 -0.019254 0.001036
1999453.321099 715.702493 285.953599 -0.003958 0.018871
1584501.028799 429.075776 291.145962 -0.015105 0.000397
94458.571679 696.642676 342.373346 0.002262 -0.014110
1007827.074736 623.551466 579.802808 -0.004564 0.016844
1658558.308919 786.771229 252.977906 0.013085 -0.016919
475365.567242 42.345788 482.754360 0.004252 -0.016876
663714.367274 496.202609 581.031286 0.012211 0.018151
1919117.403179 479.273455 297.025155 -0.002160 0.008818
9624.167350 393.739922 354.416823 0.003062 -0.018037
1478876.057770 64.698397 497.158131 0.007677 -0.001372
1502145.321808 426.423144 269.194448 -0.013017 -0.005533
1054818.871922 329.031736 247.552063 -0.006669 -0.018736
972186.690649 532.034641 390.580688 -0.001902 -0.001130
1216433.286302 329.397129 43.452733 -0.015859 0.014312
1585452.240699 85.708359 209.982825 -0.004641 0.007073
796849.675848 98.880956 459.194058 -0.011148 0.013055
461377.134761 782.885571 216.862947 0.007130 -0.013901
1447663.852688 165.080726 338.387106 -0.014468 0.001605
1190708.408687 498.686776 122.597359 -0.010126 -0.017099
1355477.244293 684.154918 294.643447 0.010006 0.018249
694211.989964 433.798406 39.545624 0.007920 0.017117
1497031.391364 75.986906 30.168762 0.000516 -0.007092
1759090.904966 594.353837 180.026835 -0.010332 -0.003082
904928.793621 771.815076 377.561656 -0.019377 -0.015859
341892.055395 489.113796 437.247306 -0.004957 0.014366
1609370.418642 43.071148 428.177223 -0.008164 0.012129
1339833.364515 513.608695 206.812223 0.009438 -0.006379
543533.833951 386.109535 260.678272 -0.007102 0.019768
1510075.678821 160.895576 443.547740 -0.017781 -0.002229
325429.097901 406.759442 246.073488 0.011709 0.000974
1027532.088117 770.835257 81.175526 -0.010408 -0.006331
1987715.010526 37.262428 236.715338 0.008295 -0.006360
396776.620483 301.263940 588.457430 0.001757 -0.015613
639902.701899 652.727728 355.767438 0.010161 -0.014509
1179865.857204 406.044870 204.148064 -0.006878 0.002541
1568458.621189 393.092777 42.234916 -0.012223 -0.008572
1190290.628555 566.856723 150.454021 0.009232 0.017977
1180185.991889 580.707743 597.215301 0.019381 -0.002818
672088.553511 146.457570 485.107197 -0.007423 0.009058
1837656.663655 510.378308 325.232847 0.000515 -0.004377
1360614.323691 81.371351 539.154702 -0.019218 -0.002765
924125.776125 643.732268 555.442978 0.001304 0.019922
418950.309241 102.522450 424.799824 -0.001823 0.014220
1312754.557148 39.442707 349.519034 0.006049 -0.018700
30587.249450 790.982397 130.177283 0.012879 -0.007748
1889215.610870 593.530674 565.908171 -0.000553 -0.009845
669560.509114 133.355573 214.008108 -0.010651 -0.012484
1579576.984783 556.905730 594.855068 0.008602 -0.010936
1982244.182370 739.149947 213.986418 0.007925 -0.004711
432350.935616 284.076553 257.882519 0.011967 -0.019779
930735.730068 652.670224 596.863105 0.007301 0.005506
600671.720971 501.557075 227.584212 -0.010151 -0.015434
1270601.892504 464.134388 169.666114 0.019698 0.012528
938976.299455 626.105251 304.953222 -0.001554 -0.000155
1474031.937064 361.549551 251.492490 -0.016259 -0.013940
1605130.416157 247.668431 302.475285 -0.010673 -0.015573
1023340.410098 559.403635 555.229307 0.000255 -0.004739
1128556.229700 645.896473 4.993358 0.017721 -0.017932
248420.950141 463.867040 377.923164 -0.004128 0.002537
884577.235619 701.240593 213.125933 0.017992 -0.006641
1704879.713107 549.641759 474.588862 -0.009086 0.011149
1882055.445519 60.077185 54.722086 -0.002196 -0.007589
404206.608610 765.726969 4.934926 -0.014905 -0.001413
780987.060993 553.514139 162.483958 -0.004088 0.005529
642018.800900 420.336420 130.950150 0.018039 0.017209
1579863.075903 313.721999 483.283523 -0.014247 -0.006313
286431.929230 799.256196 18.236339 0.017334 -0.009100
1625355.291937 700.236709 207.248593 0.016183 -0.007097
1310099.705732 85.550609 166.748174 0.006605 -0.010568
1485499.756171 42.213536 555.835262 -0.019434 -0.001827
1126826.147142 267.829510 586.676011 0.011207 -0.008656
1817754.082297 456.620677 407.065675 0.008593 0.008662
42605.713030 685.628662 428.932423 -0.017435 0.011464
1969490.396776 691.746903 399.949173 -0.006747 0.010788
1972945.507603 788.172119 525.927839 -0.009429 0.005961
221002.463354 5.509581 420.932960 -0.018476 -0.019153
314139.836614 479.691412 212.918673 -0.014574 -0.004780
1280098.799281 35.186059 571.123023 -0.007237 0.010302
1334025.561499 271.091782 370.163528 -0.004793 -0.004313
817314.073824 291.837483 154.317911 -0.016976 0.007880
52254.755074 49.448113 409.015938 0.016120 -0.006914
662711.798522 9.327822 199.594086 -0.018596 -0.017990
710212.109941 153.534109 389.804114 0.008414 -0.006921
61999.699130 281.187264 223.120690 0.019323 0.006776
261157.692532 519.730818 3.556041 0.009906 -0.018749
797766.605764 125.487455 237.040142 0.006234 -0.010780
184709.901076 545.788545 175.240054 0.010998 0.003288
1235796.007903 85.571306 357.273195 0.018126 -0.014406
1292608.929469 245.252688 198.160521 -0.008131 -0.019337
1317389.029692 261.146042 220.300799 -0.018777 -0.007597
71927.786838 127.668558 575.956908 -0.018264 0.016275
1977614.946653 353.549322 38.254271 -0.004680 -0.016033
591803.305127 381.799582 467.121562 0.003537 -0.009939
726241.200569 165.330605 213.908579 0.018403 -0.013690
995710.504705 485.380744 279.475509 0.013135 0.016104
963862.695249 391.268018 138.023540 0.013998 0.000718
1079147.418532 708.513034 408.162685 0.000053 0.017227
1174876.041326 389.933592 223.375610 0.006102 0.014863
937689.950195 758.194393 209.350700 -0.010104 0.001360
1200871.358253 489.841272 445.118089 0.018293 0.002819
1798372.363578 364.428355 105.751248 -0.005467 -0.008549
158766.744732 676.202502 464.593719 -0.007523 0.007883
584123.108808 680.011921 348.324255 0.018806 -0.006105
1019930.488905 447.465801 500.035148 0.015236 -0.011571
1412068.961846 279.164574 95.699488 -0.017830 0.003989
1390465.348675 524.109734 125.827350 -0.002536 0.004570
1560588.704217 269.688506 41.837830 0.018294 0.008041
709118.110458 28.587463 327.018988 -0.014815 -0.006329
481739.437432 336.863057 116.736038 0.012804 -0.004329
1084185.081108 265.246105 569.375925 -0.004954 -0.011510
321427.933090 65.581423 337.105941 -0.007597 -0.014308
322096.383349 11.880613 475.427761 -0.005129 -0.001934
811598.476400 120.521497 472.139895 -0.000989 -0.015694
975828.599639 662.730870 87.529079 -0.018663 0.018340
980873.326296 219.771080 226.129026 0.007429 -0.016138
1538962.265262 182.337421 256.993157 0.008854 0.004173
1281944.833362 703.485479 411.159697 -0.011731 -0.012081
1646853.441208 292.179827 129.481877 0.004647 0.009431
1334224.681991 17.320916 531.643447 -0.001748 -0.000144
1987979.200663 753.836142 196.561744 -0.014446 0.019158
567825.405192 503.430519 150.161262 0.006630 -0.007351
693992.653253 345.708712 324.357122 0.011187 -0.014024
290886.182473 333.384568 18.728851 0.013265 0.004841
461579.700216 523.942311 590.488138 -0.002184 -0.009215
1440439.939238 90.585746 175.778362 0.004288 0.002717
1578856.275221 479.532357 307.222573 -0.015373 0.009481
975708.803616 320.028043 219.811039 0.009551 -0.017500
1363849.989774 68.040989 296.468464 -0.011051 0.014438
1287670.666020 295.541305 165.447754 0.006994 -0.011984
1793086.186886 725.074944 513.151794 0.015254 -0.005938
253419.465503 481.144937 278.070856 -0.003022 -0.011633
65064.939701 167.195858 484.602135 0.001755 -0.007021
1093948.624606 26.118755 434.871076 0.016641 0.010810
1570950.974510 476.860494 514.226986 -0.008957 0.012894
1433502.711092 738.760544 113.696788 0.019647 0.003964
779698.448619 711.495587 301.987321 -0.010241 0.010919
1707668.152502 297.478520 224.303229 -0.007305 0.011717
1161722.038482 280.362640 1.096274 -0.004385 0.015820
650195.260835 748.010241 556.391264 -0.017962 0.014024
1393276.303724 667.725066 267.662728 0.002117 -0.015476
534900.189626 215.487147 20.780940 -0.001721 -0.009446
1264731.390059 676.529744 90.946722 -0.014611 -0.016291
1848317.172308 790.575887 278.235179 -0.008160 -0.007744
512088.236637 701.930398 394.112977 -0.009758 -0.009259
1104225.446984 465.374381 122.083470 -0.000854 0.005251
107543.810321 140.002895 279.634745 -0.000012 0.009158
1156781.673039 615.010174 597.796994 0.004529 -0.011045
520065.349769 196.730690 42.770445 -0.003457 -0.004743
327390.441823 269.840151 222.032468 0.005082 0.005380
1353004.063178 706.942835 306.594774 -0.006499 -0.014416
1558240.596931 709.821351 433.244974 0.019295 -0.005479
706633.334377 29.355559 323.798121 0.012782 0.001674
534505.464385 317.225843 182.421864 -0.009452 -0.019531
1061346.780072 419.750625 154.957636 0.004195 0.017619
1275778.349152 611.912021 164.392741 -0.019714 -0.004277
1816858.008419 547.084405 165.965443 -0.003172 -0.019295
837596.447597 159.051945 541.983035 -0.014418 -0.012815
537634.699856 396.245939 130.337116 0.012320 -0.007438
1509630.032587 59.505957 425.700016 -0.020726 -0.029413
1442342.147903 473.683504 518.129021 0.019192 -0.012371
1603574.954720 492.017232 575.832874 -0.016930 0.004958
706735.606634 787.861378 184.362728 0.005205 -0.003779
651319.147391 39.701259 362.243111 -0.010772 -0.012387
1573016.600485 398.095144 411.329304 -0.019949 -0.007661
1998835.487291 607.677529 230.219798 0.008374 0.012764
1445522.677826 344.913767 246.115118 0.003476 -0.003645
1207599.107738 311.342490 14.956360 0.002536 -0.001316
1297106.122271 734.039587 269.884009 0.018124 0.001904
1709409.523620 225.343715 358.939645 -0.001614 0.000450
1579454.636005 196.669717 5.821545 -0.000954 -0.009960
635151.660366 380.588996 5.014375 0.008027 -0.012568
1657542.871152 337.977017 368.702510 -0.010402 -0.019606
50074.195513 673.610747 239.436550 -0.017989 -0.003730
1728956.987955 558.556407 193.897803 -0.007467 0.006078
1741304.677791 135.018334 562.135287 -0.001268 0.005050
896425.988943 206.786988 524.899163 -0.001634 0.009340
248631.410417 620.330504 125.787415 -0.014693 -0.000945
789536.960791 769.027209 539.227329 -0.019608 -0.011930
1819863.026878 28.292410 26.053538 -0.007615 -0.016542
901731.744829 139.503928 470.671352 0.010950 -0.000464
878442.611954 515.144741 393.337000 -0.004976 -0.015504
569936.175165 658.528684 222.588820 -0.013655 -0.008684
212161.644461 226.387033 35.168675 -0.007360 -0.003239
1070836.321949 568.333985 228.065193 -0.002629 0.008850
1162154.364009 276.205457 454.559428 0.005045 0.006161
1685995.778854 61.543770 497.440779 0.005590 0.014007
631794.399876 54.229338 296.536578 0.018930 -0.002274
