120102.793966 630.557104 121.751832 -0.006075 -0.005539
269277.329682 300.480795 155.837320 -0.018248 0.015168
1260731.205931 301.926954 191.789057 0.013094 -0.002980
973263.179405 632.693544 573.066800 0.008530 -0.005925
1683880.506867 289.632745 229.602507 -0.016846 -0.013039
1760997.696668 175.118139 580.919319 0.011712 -0.019843
354965.669268 682.088383 474.900426 -0.004782 -0.011984
306862.422408 412.095689 346.380943 -0.003486 0.002370
913598.742761 34.673132 562.229555 0.011094 0.014842
723511.401901 210.409839 397.309939 -0.007315 0.019070
27418.055584 127.106456 203.408818 -0.004129 -0.010485
1026719.971107 221.771334 273.391710 -0.000716 -0.017202
919235.655535 527.499413 553.258104 -0.009943 -0.018402
247720.705461 324.026238 333.393655 0.008050 0.012694
229642.751734 126.029130 516.724459 -0.017949 0.017299
1463437.116455 330.513871 118.699227 -0.004260 0.009197
349002.480669 325.689878 533.725861 0.000778 0.011905
253345.397419 21.779267 48.640332 0.003306 0.000367
301882.374241 33.649436 101.161262 -0.017049 -0.008247
417897.793659 158.083834 419.485927 0.010568 0.015939
1032678.423930 703.189296 34.110076 -0.004919 0.017233
1981626.739717 86.838973 206.274208 -0.012503 0.000228
148080.320166 290.618102 545.815889 0.018531 0.015058
1426235.401736 72.136022 542.424041 0.011779 0.006907
826207.458426 756.145643 428.765192 0.003266 -0.019252
17939.873048 632.834442 129.659619 0.008292 0.002218
229060.592236 179.008290 260.600117 -0.013100 0.003985
729567.630556 129.519757 425.846881 0.008372 -0.006021
424191.899795 625.844261 427.975849 -0.015141 0.009800
1179453.697605 667.597715 501.564972 -0.000286 0.005142
1017047.714916 725.170222 344.268955 -0.011058 -0.000458
1184883.571782 186.293834 167.976799 0.012327 0.017636
1669257.284919 738.260556 98.334623 -0.009276 -0.016420
1530870.404807 506.894490 153.295249 -0.001017 -0.006334
1211583.405366 549.833025 75.089973 -0.007250 0.012367
1741377.547263 726.971630 385.932107 0.008271 -0.003872
544004.606336 172.235766 185.249518 0.013845 -0.002453
1594854.852927 350.317880 402.607504 -0.016923 -0.010137
1223177.906695 729.413022 101.632383 0.011004 -0.012898
527324.168257 433.095075 488.111016 0.000770 -0.019340
312490.830343 99.948798 422.441801 -0.009089 -0.002390
1025907.483430 121.180675 211.721824 -0.013742 0.014338
1509229.653286 342.342421 43.810219 -0.017597 -0.009155
1023852.793045 688.481803 427.670768 -0.012672 0.017506
1918069.081343 635.600856 509.636020 -0.014837 0.002818
59433.087734 314.164023 67.507873 0.013734 0.016467
257531.464220 800.213598 21.979601 0.013300 -0.008770
961609.428265 276.895689 259.690511 0.013347 0.000076
582120.371322 470.236303 558.343461 -0.005429 0.006033
408974.288222 701.266922 307.031212 0.016723 -0.017637
899929.745542 700.539919 512.235826 -0.008029 -0.019826
849952.291162 263.223157 238.008049 0.001492 -0.013090
617567.269419 532.551070 103.650438 -0.006174 -0.000039
907629.657959 661.414027 506.839668 0.015476 0.006365
693382.430213 142.008778 148.617404 -0.008912 0.001679
1797970.130014 385.213795 250.890029 -0.003542 -0.004072
955435.349120 688.805173 164.317588 -0.006717 -0.013578
557659.864685 605.674849 293.521213 0.007027 -0.008244
1324351.926951 787.931467 575.778117 0.013378 -0.006800
917046.023028 230.867401 93.842710 -0.007874 -0.012955
1632997.046985 519.539825 212.113046 -0.017457 0.017094
1790149.784549 770.387336 244.998874 -0.007442 -0.005001
1613713.184192 632.571519 141.028883 -0.016772 -0.015073
791753.703166 288.179009 527.688832 0.015412 -0.018577
347958.385175 437.744936 12.176392 -0.014651 -0.004671
701432.257286 473.856651 402.942678 0.000307 0.015821
1693039.169392 258.980243 327.033084 -0.012023 -0.004477
944105.254926 75.971638 210.691030 0.015266 -0.003682
1451122.988691 550.197012 119.599187 0.018432 0.010751
644142.737912 285.321023 76.857497 -0.011908 -0.010307
328294.663843 300.622642 473.806657 -0.012431 0.000404
344141.964030 428.447546 60.987561 0.013721 -0.018292
1995072.262359 551.817232 220.282208 0.001702 0.015576
1509670.835691 11.557620 590.641213 -0.015745 0.015801
783939.521193 665.376208 349.783289 0.003599 0.011717
702233.533702 730.454628 89.484329 -0.000820 -0.015319
783487.379916 514.704244 294.910916 -0.012724 0.013103
1976.599918 282.529868 217.896955 -0.015867 -0.012113
812477.567611 80.704777 531.954483 0.010923 0.005759
1551513.418346 422.401873 394.968199 0.010384 0.005359
1106838.468046 121.129231 279.472334 -0.014542 0.009715
516376.429478 389.695305 393.782231 -0.003741 0.018685
1541877.001311 639.434434 366.501498 -0.009513 0.019233
877046.727052 210.668997 200.540062 0.012086 -0.005351
1062152.807164 166.546147 280.437676 -0.003294 0.019273
220503.739184 154.788733 305.691831 0.010750 0.018115
285758.867062 257.515739 62.797056 0.004310 -0.001811
1694852.848395 693.277869 566.901267 0.000175 -0.009103
1823523.613542 219.348330 44.315212 0.000898 0.001460
109429.840049 768.412396 479.788266 -0.004445 0.010498
331166.874772 736.220009 582.413793 0.005301 -0.006513
1904142.131984 594.146536 318.577765 -0.001567 0.000441
967910.745632 483.217591 499.561211 0.003536 -0.011505
581591.096978 348.701972 47.653300 -0.010600 0.017541
706572.319710 118.061606 128.201710 -0.002951 0.006820
1499518.371885 385.488224 378.432397 0.001967 0.014846
785875.055374 571.678587 474.550186 -0.005455 -0.006113
257524.722376 252.801274 54.109886 0.006416 0.011122
1201976.699383 114.892547 228.686423 -0.002635 0.009287
1186503.038363 579.866408 101.350498 0.006863 0.018413
215485.423904 20.275950 64.892385 -0.007139 -0.001900
1555844.913030 56.731890 560.726451 -0.003680 0.004799
1610655.802121 641.007945 200.677038 0.003849 -0.013398
1363983.919548 580.312116 288.439959 0.010876 -0.004604
515601.680854 298.381825 317.329598 0.005551 0.012263
521772.659627 185.512195 319.135743 -0.002823 0.016149
984056.433190 429.704450 558.011349 0.003777 0.014037
764465.851134 302.406427 557.746861 -0.007329 0.011449
1098768.237559 97.824956 352.690717 0.014985 0.008781
1505133.839094 452.785954 266.029345 -0.010695 -0.006492
1656881.889169 392.887823 426.325736 -0.005688 -0.014810
1035409.796534 494.014366 216.828771 -0.018023 -0.018109
532033.862794 432.757950 350.314715 -0.012175 -0.014340
885049.308131 462.228110 312.002743 -0.005120 0.015776
611963.250959 737.196973 10.104181 0.015726 0.012218
1469794.933437 516.699299 223.195451 -0.012702 0.015378
1419313.830053 5.464693 222.380191 -0.003163 -0.005441
1001399.715897 750.875044 589.375688 0.014495 0.019477
57920.523946 102.940248 317.082058 0.004541 -0.007027
1340168.589419 44.382333 541.229889 -0.012401 -0.002901
1593328.125585 396.719411 209.150172 0.012533 -0.004437
308175.125303 438.475415 21.351846 0.000986 0.009085
1829796.170737 188.123419 440.153849 -0.008571 0.006237
194622.977727 628.831084 356.631510 -0.016831 0.005962
1163384.351490 86.183001 466.660898 -0.015501 0.008991
203536.384834 624.028649 466.486054 -0.019844 0.018802
408990.508136 640.483000 279.522219 0.002232 0.004589
1709918.606891 566.080078 96.914490 0.015661 -0.010658
1776676.395804 644.238436 280.705683 0.004838 -0.016376
248411.979642 575.398364 526.545475 0.008741 0.011926
1052401.075630 239.972917 543.659537 -0.007845 -0.003563
1254879.329007 324.336753 114.487913 -0.003789 -0.003603
322021.593490 487.201862 125.750597 0.004316 -0.014011
1647379.426121 385.686935 521.551845 0.019420 -0.005117
204691.412954 699.116085 106.329453 0.002813 -0.000174
536197.156895 555.638592 128.746758 -0.014191 -0.003470
25648.950611 537.513423 428.339747 0.016719 0.018985
247729.502734 437.048113 228.759424 -0.007406 0.018034
1580350.309415 380.306601 335.610947 -0.019999 -0.015899
1443766.372951 659.113382 350.756495 0.003663 0.012379
1912564.341869 554.659374 409.742185 -0.014665 -0.009430
357511.299829 321.211812 575.478650 -0.004326 0.001864
744693.135258 324.734207 130.993644 -0.016562 -0.007001
387589.365424 167.728918 523.053581 0.002985 0.000966
1645202.005117 291.725517 0.010135 -0.004709 -0.005388
205411.871060 83.530411 113.344898 0.007490 0.007830
1996032.971887 514.717949 233.668962 0.007382 0.010775
1306804.762830 688.015508 106.853582 0.004500 -0.009862
1450619.077985 788.149571 395.487426 0.017739 -0.017179
1969754.747101 110.317522 168.238302 0.013855 0.008604
1609086.544071 543.562882 45.883379 0.012190 -0.017528
883645.576836 726.014134 99.570284 0.005391 0.003721
1722771.757153 502.669327 142.455082 -0.009975 -0.007590
28763.775727 722.957984 101.793692 -0.012164 0.000590
845989.907554 734.167369 300.986827 -0.016715 0.014451
1143645.596292 54.209911 599.961033 0.014084 0.016949
1423342.375748 525.412360 361.951721 0.011522 -0.001559
1329764.171191 184.562427 221.422019 0.013236 0.014442
1926056.274178 553.501423 293.982205 -0.011984 0.017713
1598411.507718 172.333289 507.902118 0.018761 -0.003693
726058.746095 313.706666 195.475789 0.014564 -0.001022
375371.614646 348.685228 325.015573 -0.012557 -0.008529
932014.105344 718.792558 566.898628 -0.017193 0.007329
811741.037672 587.523777 550.774552 0.010982 0.002611
1557690.799962 589.889124 154.502272 -0.009265 0.017520
399385.155365 53.744883 91.647931 -0.018143 -0.018549
1122038.441301 327.708786 256.793011 0.015479 -0.009077
1805346.826001 59.599654 425.685708 -0.000209 -0.008422
1995636.369100 728.765933 96.626746 0.017698 0.019281
1695958.700821 278.827987 428.209049 0.010640 -0.015088
558004.577904 435.793235 516.434667 0.001448 0.012515
1597187.265566 588.873762 528.541183 0.018078 0.011279
1833981.536251 410.186019 114.744327 -0.006187 -0.004004
929917.220459 198.106523 284.656859 -0.013089 0.007649
1471826.909795 138.252239 361.606759 0.015862 -0.015402
1165988.196230 595.406052 277.967097 -0.008142 0.000415
1172216.120722 460.831757 32.750729 -0.002161 -0.015501
1736107.381869 196.232323 508.513011 0.009948 -0.012142
1259741.624473 532.721860 425.556052 0.012849 -0.019570
218963.730251 228.995963 155.231842 0.003354 -0.001582
1902503.935575 255.728995 379.828135 0.002177 -0.011350
1496596.111682 109.684027 576.245919 -0.011544 -0.002638
941537.357374 638.155548 6.135953 0.001047 -0.010217
245239.558744 315.361427 293.325989 0.018818 -0.014296
1372376.816986 480.203229 484.821358 -0.004167 -0.003137
1637971.852737 404.091981 424.376197 -0.016943 -0.016403
337179.376901 23.394530 245.319867 0.012101 0.003339
1249672.392965 440.246274 432.576733 0.003399 0.010462
310196.676436 44.652951 335.739757 -0.013370 0.003283
1607296.809371 230.442055 585.251080 -0.008264 -0.009674
236307.595035 783.552197 515.334007 0.017046 -0.004984
561161.337682 596.521811 528.523680 0.019499 0.012918
1939371.158341 125.445436 511.499883 -0.004859 0.018357
870700.636353 2.417542 305.508171 -0.013745 0.003547
541779.813609 249.116116 386.805565 0.013233 -0.000912
453110.709066 507.021464 459.243337 -0.011917 0.017072
47266.968548 256.555919 543.450172 0.015301 -0.010154
562186.379247 130.372570 594.927462 -0.013533 -0.013954
1629854.769274 105.151458 185.080835 0.006681 0.000388
534606.907766 82.005989 307.684016 0.011059 -0.009666
203362.833803 37.981356 341.910346 0.009841 0.015149
92345.910190 778.550232 306.788788 0.012435 -0.012993
877177.283576 667.703021 297.474437 -0.006212 0.008690
1484435.888699 500.714225 528.574605 0.009364 0.011489
64404.659935 439.149817 550.993986 -0.006352 -0.011390
856791.879449 486.654956 190.896504 0.017651 -0.004622
1153201.109335 34.286588 259.165023 -0.014185 0.011614
618554.387530 153.981237 457.157862 0.012841 -0.019873
1875266.974734 207.580193 502.922498 -0.002684 0.004170
1111007.126566 140.286022 138.170617 -0.002550 0.016397
34336.430968 374.971890 275.305370 0.017767 0.006395
1349224.196444 291.671524 250.061943 0.019708 -0.007777
1602661.077679 455.426187 209.417508 -0.010669 0.008597
276647.354605 434.049529 544.568253 0.016141 -0.005498
1822198.850020 670.896488 373.477682 0.009958 -0.009129
453696.245539 243.728476 268.367267 -0.001718 0.009658
713133.517985 379.291695 125.463909 0.012605 -0.003609
36437.158490 391.790046 464.299348 -0.002717 -0.000656
159010.190591 189.176028 31.291769 -0.002859 -0.001212
1535456.720523 453.414525 7.015337 0.007015 -0.001282
749811.288319 469.591268 183.394570 0.019883 -0.006553
1154889.427663 179.263126 384.402026 -0.019012 0.007234
762647.938338 304.883441 92.813547 0.003623 -0.012146
1129345.827331 486.892582 411.306856 -0.006485 -0.018270
337378.635228 334.242928 168.505535 -0.011167 0.013858
1499918.929068 791.050799 247.881047 0.010425 0.006592
1760744.261444 109.071542 150.173079 -0.012552 -0.014645
1172923.453698 610.744447 215.385910 -0.010935 0.011533
79642.974809 486.412663 101.294008 -0.012204 -0.012042
730713.756164 607.318789 484.262030 -0.017945 -0.016078
1702955.846536 175.801075 309.598668 -0.014709 -0.002372
724785.897287 705.703966 257.807946 0.011028 0.005752
187236.443249 524.478646 468.332122 -0.006229 0.013674
1828784.213322 744.461878 363.128875 -0.009195 -0.013523
787390.226865 250.344961 459.580848 0.002500 0.000281
1929498.061505 742.733287 160.645263 0.010781 0.019200
730520.102536 499.254941 119.928216 0.015244 0.010356
1281053.293162 194.694544 382.261402 -0.017200 -0.019243
562426.321470 130.654093 404.878655 -0.017528 0.000298
1033437.869061 780.390192 263.076859 -0.015113 -0.010064
1192859.900739 412.706598 336.767931 -0.005502 -0.016841
138898.690296 261.606216 3.962676 -0.006524 -0.016010
1973181.982512 561.347083 433.964455 -0.012557 0.003326
957790.512106 661.130579 496.438833 -0.015334 0.015870
1692076.045876 318.195031 36.240546 0.000832 -0.001631
1136829.509929 29.720333 260.732005 -0.019642 -0.013618
1367539.427880 482.696837 405.803787 -0.010182 0.018651
1509350.044424 252.129070 175.960941 0.010442 0.006085
785056.476847 598.392740 212.418215 -0.015369 0.017386
1873643.585422 475.856493 456.866344 0.010549 0.008439
1315983.134935 488.006482 65.071837 0.008763 -0.014751
1135951.929323 229.160798 100.790843 -0.019872 -0.008248
656102.584980 549.011934 538.822091 -0.019844 0.017284
1727078.126616 606.631328 148.283214 -0.013743 0.000822
1797488.349396 439.178587 161.251327 -0.009898 0.006599
406141.346510 151.602920 155.988009 0.018573 0.018119
1941231.998588 497.552883 337.550895 -0.016819 -0.006377
1386830.762674 518.185797 376.636949 0.014463 0.006008
1843128.023596 151.943698 202.002725 0.012774 -0.012250
538331.757550 546.151358 571.495752 0.000654 0.013558
944807.663069 332.175551 233.203035 0.009507 0.006637
106756.882792 755.119022 514.141898 -0.007512 0.016339
1618777.323337 226.708358 318.282975 -0.005105 -0.005381
1742666.514471 52.447247 6.511971 -0.000040 0.017097
1321460.731012 336.691867 69.944713 0.019901 -0.010406
620834.287545 213.364175 553.548649 -0.009487 0.011314
1523195.320518 587.734502 118.908023 -0.014004 -0.000954
1731081.362688 162.918271 251.997698 0.008894 0.000657
656632.629529 425.346458 480.157547 0.014356 0.016134
325566.043298 584.003041 581.284648 -0.013075 -0.010843
1792559.657149 666.812812 389.992261 -0.019482 0.013248
1778465.217808 259.041035 59.176550 0.012428 0.003481
1763427.173609 458.212722 192.773833 -0.017164 0.009203
1593951.392730 756.185780 556.107839 -0.011316 0.006665
886016.743670 436.050538 119.254160 -0.010327 -0.003824
204796.643092 324.220685 80.732912 -0.017152 0.003085
727276.621725 773.907323 247.933298 -0.019543 0.019188
488690.041233 721.900708 182.814613 -0.006277 0.008562
1781116.410057 179.489092 172.145944 -0.011510 -0.007822
20635.784613 7.146051 149.806857 0.017488 -0.010975
1834876.302553 303.747640 462.562560 -0.015342 0.004927
350019.654422 174.834231 16.936261 -0.007617 -0.008387
1214501.650638 538.186295 154.902018 -0.019202 0.007472
477760.385944 211.469990 353.403761 0.001747 0.004283
605806.972182 347.177711 499.158870 0.003599 0.005809
272576.070518 480.199618 392.475367 -0.004557 0.001505
1759240.741729 243.055842 550.339925 0.006005 -0.003233
1080301.612187 660.392953 382.980571 0.002763 -0.014599
1857771.559552 140.481579 484.625687 -0.012506 -0.012175
988850.145130 340.320221 276.370313 -0.016669 0.018759
134591.829094 309.232976 242.092767 0.015975 0.019040
96963.198901 28.418537 345.900043 0.008177 -0.003139
227820.812831 465.447960 435.019076 -0.018756 -0.010702
290631.014058 457.287866 34.597303 0.011408 -0.014438
385931.693197 569.993670 189.760036 -0.019985 0.015992
1023297.854244 396.645293 195.342248 0.018855 0.003194
589125.026292 31.374262 579.259844 0.007921 0.017496
1882412.602139 596.828191 584.060344 0.000702 -0.002073
790218.714061 505.116314 18.570268 -0.015184 0.006532
526777.357108 212.480098 140.297083 -0.007130 -0.018001
748590.766801 411.645279 457.597472 0.007599 0.000607
1324791.236466 161.739778 6.289358 0.019519 -0.013048
1179151.767483 225.989916 127.871148 0.002187 0.019211
301466.356172 396.354458 435.288896 -0.015012 -0.019476
349183.755158 415.275799 387.232257 -0.011777 0.005604
616335.581344 375.032174 543.488971 0.001708 0.011582
1910511.639859 733.560101 182.827237 0.008708 0.004278
1640005.631205 304.451204 485.128735 0.013253 -0.005299
1964468.728734 336.132509 390.678957 -0.012200 0.018996
1261209.360911 276.364241 282.398082 -0.005740 -0.001193
968463.258337 424.721702 593.627292 -0.014823 0.009447
1257770.379660 350.130877 123.503550 0.001334 0.019228
1991034.577596 391.587104 537.945853 -0.007999 -0.011713
1007596.648767 95.976875 352.996440 -0.007071 0.017979
1912045.142572 235.846626 222.811671 0.004267 -0.000415
692628.538559 189.986178 501.133752 0.010664 0.003300
609848.141023 240.860693 74.990220 -0.008231 -0.002770
1723251.459991 738.068514 520.980373 -0.017334 -0.001708
1696924.347289 50.131356 568.092174 0.009820 -0.005528
309029.791648 199.476705 289.658396 0.009670 0.002410
867302.640745 558.901667 513.691267 0.012191 -0.007808
691843.061099 120.857867 325.666360 -0.012803 0.018693
272265.500516 388.627349 161.929013 -0.009550 0.011203
1400582.436193 98.298236 421.576436 0.002846 -0.012375
320566.674844 333.426932 151.122102 -0.015710 -0.013503
1229627.376064 209.154116 246.642717 -0.016078 -0.019843
1946485.269790 425.061568 421.317791 -0.002475 -0.014149
15066.369444 140.452670 292.412617 0.001999 -0.005746
911695.870064 548.898112 505.820567 0.009028 0.017881
1245159.992597 340.465127 42.288697 -0.006807 0.019940
519428.529087 388.665953 246.935037 0.000431 0.003779
1147820.552414 101.721018 512.727121 0.019419 -0.011038
1717933.562453 767.044874 453.447242 0.002473 0.011503
183230.377819 455.256651 578.086114 0.003166 -0.015268
640928.558372 27.760302 483.021217 -0.013469 0.010370
1503776.668340 628.686117 111.422153 0.012862 -0.015544
360957.489517 65.300091 358.237298 0.003688 0.003731
380073.533570 132.384238 431.930155 -0.018214 -0.013975
1889061.825298 723.204683 66.048043 0.008004 -0.001369
1796955.322752 633.499263 20.512257 0.014490 -0.005171
306282.549308 146.557602 243.307197 0.018333 -0.006175
332156.324914 567.733627 78.887884 -0.005919 0.001286
485168.456326 426.358997 367.662825 0.013354 -0.014974
413343.113108 23.941365 174.002590 0.017087 -0.017016
883643.182406 697.201967 587.029318 0.002076 0.002838
887249.075289 360.318777 217.685761 -0.000891 -0.007470
1467432.667253 504.641155 297.422386 -0.014418 0.003560
1682910.725327 244.682387 179.366875 0.018938 0.006311
1660796.624450 172.351876 113.922818 -0.002248 -0.017787
629926.086697 520.262744 50.818332 0.004206 0.003096
318150.466456 37.565413 269.244216 -0.014209 0.003952
40123.955365 464.728964 29.476711 -0.004700 -0.017593
724761.667999 93.661472 413.871388 0.014323 -0.009773
558074.092752 559.605822 337.103698 0.003111 0.006887
438651.350531 326.508862 532.926345 -0.003822 0.014240
1885724.248311 579.405715 301.106459 -0.018901 -0.006809
158400.153815 149.259314 226.271121 0.001125 -0.007019
1952982.963972 438.011750 543.240582 -0.018953 0.017253
1927788.328346 310.877599 28.491105 0.006174 -0.010121
607879.136041 746.618540 567.551158 0.014626 0.000444
1236504.919471 67.939829 551.397699 0.000248 -0.000237
1541570.438790 359.009888 131.523858 -0.009100 -0.000953
1098586.873663 281.884261 398.028622 0.017060 0.015190
1973812.054831 722.726002 256.922493 0.015667 0.017261
717421.361579 684.530513 190.600516 -0.003738 0.000390
1128238.588166 568.332277 265.644409 0.000400 0.003046
1906900.824936 102.862787 396.639381 0.014903 0.005383
311031.282093 514.509776 50.252389 -0.004993 0.016656
1119457.958787 739.055441 161.062674 -0.010940 0.014008
295815.608602 167.735368 451.983441 0.003018 -0.015956
1365835.790227 747.166902 574.211893 -0.019984 -0.006393
933742.419320 452.019266 30.467722 0.016393 -0.016992
1254474.420685 690.248076 121.951015 -0.008476 0.009414
1674721.783807 355.210232 227.407785 0.016826 0.012738
589441.845468 384.358268 445.608316 0.002531 0.008118
1186208.380939 568.453665 547.487111 -0.006130 -0.008546
28320.921598 24.108255 132.118284 0.018863 -0.018784
1123059.363627 350.650351 356.917118 0.004458 -0.006074
1339490.994503 192.242193 126.458387 0.014913 0.001139
1892333.765464 567.970954 583.185739 -0.007080 0.005273
1580513.963280 495.668045 66.497935 0.001282 -0.012690
1628540.167412 100.805186 535.801535 0.009078 -0.001102
358744.990248 592.846225 301.587296 -0.004013 0.008496
1065496.480589 769.042874 90.475315 -0.014905 0.002961
996930.964755 638.149782 488.732547 0.008370 0.006812
685065.261407 524.172513 228.530334 -0.007512 0.019185
22284.613001 83.457814 359.944498 -0.014975 0.005294
1564209.169505 749.379096 458.006338 0.006992 0.006545
471659.941818 683.760696 242.661629 0.009528 -0.009806
234378.384535 216.647230 129.646625 -0.009263 -0.004037
1581110.075852 613.161336 117.757011 0.004194 -0.000967
1733102.233956 757.804252 78.406042 -0.010132 -0.009516
222272.466972 206.585627 219.794226 0.008443 -0.004778
7593.072023 394.575110 189.961577 0.010696 -0.013224
1961038.188991 2.161995 13.744995 -0.004582 0.009649
554464.627316 401.921854 7.396982 -0.000263 0.010832
821613.773155 227.246913 322.256370 0.004169 0.015556
24485.756655 378.686859 501.957527 -0.014269 0.008817
196372.594776 203.426271 587.476101 -0.001418 0.018582
718005.964867 374.860861 274.761057 0.007022 -0.010308
1252709.545778 525.280098 142.621599 0.005955 -0.018325
1958473.456073 741.305570 326.411987 0.019640 -0.003217
628831.249023 321.891349 421.861082 0.014047 -0.019636
1185057.482303 690.622178 289.375445 -0.002857 -0.019730
406775.272641 421.454059 156.808902 -0.012788 0.019580
452064.211691 432.933368 275.906070 0.007362 -0.011334
1391094.198167 248.759930 524.371657 0.017300 0.018355
1830316.959801 730.356419 531.765484 -0.001630 0.016155
610994.441719 618.628080 183.881020 -0.019646 0.004988
631021.334152 481.515465 292.563048 0.011889 -0.018685
989235.750860 1.540846 334.366412 0.010233 -0.012652
1098658.789461 784.861194 434.959266 -0.019637 0.006629
1883467.686308 564.222667 585.880479 0.012677 0.005495
1871849.530317 584.488940 330.846318 0.012870 -0.012425
911993.535660 101.980456 577.744031 0.010523 -0.014564
1176139.691461 62.000652 443.068944 -0.016945 0.015036
1537174.407177 456.524434 526.625057 -0.006946 -0.006942
123261.179832 700.611976 184.870493 0.011553 0.015239
1946848.674653 582.784547 354.048311 0.017986 0.001724
457599.283409 708.715314 164.332283 0.011217 0.008297
926562.791190 189.198005 501.144922 -0.001402 0.020318
1942178.605097 11.853597 45.764534 0.008379 -0.016365
1905775.863633 382.390054 397.168585 0.013247 0.012157
1975712.466974 713.798595 407.790352 -0.008230 0.007158
1128937.655654 214.966788 243.969086 -0.013849 -0.011236
1900458.380534 306.464217 62.422893 -0.011052 -0.013437
1623668.112617 549.834392 239.982970 0.005856 -0.015457
798515.523224 494.082614 76.929745 -0.000967 -0.006934
438456.544857 343.332144 482.531181 0.015186 -0.009693
1216805.763178 694.828087 91.016998 -0.008490 -0.013416
1661706.700764 681.695345 259.635693 -0.010491 -0.019720
1303971.794110 150.564687 234.024817 0.010263 -0.003521
1107963.914568 454.867632 59.257215 0.018173 -0.011407
425643.800956 282.796160 499.638733 -0.006663 0.013384
318262.858465 448.660567 155.036162 0.018552 -0.002320
1036196.117772 457.719313 186.237224 0.006819 0.014475
948553.069005 401.068065 427.475559 0.016343 0.009487
1438074.149861 447.362599 555.946476 -0.015630 -0.007447
677338.477540 530.483805 530.548477 -0.002495 0.004698
197747.041563 520.725062 583.006156 0.017237 0.019663
1601492.672973 72.019920 331.054378 -0.017636 -0.017829
1987075.958395 461.714107 375.438099 -0.007843 -0.010082
971748.938305 622.063603 449.195604 -0.012077 0.007410
974474.447302 733.636865 146.618440 -0.003444 -0.018934
1121549.802423 602.110605 413.466525 -0.002205 -0.012388
613932.794246 434.872997 504.571466 -0.008867 -0.001004
1665525.531241 63.015835 339.005485 -0.004555 -0.014500
1238773.710671 302.665328 429.336360 -0.010183 0.007288
1925637.924078 585.145906 276.219702 0.008452 0.017186
290519.337305 158.742640 507.945988 -0.004383 0.004498
1745488.432117 760.765440 219.060366 0.002471 -0.004182
1111265.337612 695.256049 563.517361 -0.004190 -0.014015
829182.160473 183.809027 135.752475 0.019213 0.004577
728391.627189 479.229706 595.967630 -0.016844 0.013741
1349985.243450 33.669074 345.779011 -0.014567 0.010155
1010733.056353 224.030588 571.415157 -0.005922 0.006804
1129411.861826 179.930264 372.902548 0.017206 0.011477
33999.050983 388.737876 393.790943 0.018662 0.015296
1606354.705806 296.627871 66.826943 -0.018808 -0.005953
1451822.744427 314.944574 570.299941 0.008759 -0.001048
1590584.168020 314.968318 309.285640 -0.005147 0.001145
538209.161040 701.168130 485.146699 -0.011153 -0.010861
958317.440449 628.531745 271.983289 -0.015988 0.008642
479655.517489 94.138639 120.599440 0.015841 -0.017032
167238.956395 558.934211 267.201359 -0.012182 0.009130
1592486.357127 737.013919 73.125957 0.009862 0.005611
1189583.299304 433.400116 20.488889 -0.015567 0.016554
1124831.962923 303.390146 474.104524 -0.005170 0.004018
37146.621401 680.336898 232.255454 -0.001135 0.018041
205026.889315 569.053380 40.961317 -0.007862 0.004298
284161.461650 310.127493 183.727507 0.003489 0.003326
68690.410847 306.510178 302.051143 -0.013752 -0.014790
287411.349028 600.482706 403.582481 -0.012905 0.014451
1171263.018237 591.780597 144.014646 -0.004976 -0.015536
1682127.158941 315.241567 577.168282 -0.010886 0.014588
1824708.168313 264.457798 346.522065 0.019217 0.005363
369206.509725 98.064799 13.181753 -0.000371 0.008399
1208981.916871 419.805347 56.021342 -0.015661 0.007254
446720.970071 201.864388 259.158384 0.015816 -0.002828
586212.983628 385.015013 101.778650 0.001339 0.014288
560717.814863 299.523006 150.792472 -0.010334 0.004113
234257.601311 123.539761 559.246218 0.007789 -0.014615
1133248.557864 703.356814 154.334812 0.003534 -0.005195
1934248.125150 154.004546 536.826118 -0.017580 -0.007948
1152133.833222 226.610275 331.699837 -0.019683 -0.012888
1965200.129880 240.719972 396.522072 -0.013890 0.013380
1034901.121182 345.938827 125.715606 0.010794 0.006933
1623246.405098 708.789192 497.084968 0.009756 0.003210
1926329.093951 248.393291 275.918951 -0.011180 0.015962
1658576.383096 150.266713 55.004592 0.008974 -0.010076
786221.519479 240.510125 318.842584 0.017825 -0.007678
1421758.733421 743.029294 365.447407 -0.005021 -0.016987
888519.625593 711.170865 307.867179 0.006050 0.006248
374128.679919 371.865991 325.788237 -0.019383 -0.011615
247207.860577 782.947490 311.825094 0.003307 -0.012040
838233.393076 329.871212 231.846181 0.000576 -0.014455
1269501.125100 723.120361 262.320680 -0.013708 0.014541
1490342.234955 701.698428 467.448102 -0.005823 -0.010056
1720173.599068 639.088293 82.452378 -0.005103 -0.001882
1589947.016719 447.971580 550.719731 -0.006476 0.003051
254199.274003 369.590570 332.206192 0.005895 -0.018208
1506623.924480 52.766453 274.393104 -0.014400 0.003091
1187558.641279 619.587106 289.173050 -0.018782 0.017648
663885.182079 620.365290 490.839619 -0.015548 -0.014782
134186.233456 776.913097 557.561018 -0.011836 -0.006224
763995.101100 799.501307 542.598201 -0.008024 -0.006495
960104.740672 341.205724 479.529930 -0.018614 -0.017011
1689167.128731 629.896384 84.432004 -0.007911 0.017114
1435140.350571 716.287614 421.776219 -0.012036 0.017047
1287450.956780 424.894252 421.395921 0.022144 0.017178
1664884.491668 423.594204 368.350290 0.010541 0.009345
1916152.068375 115.333189 439.993845 0.014448 -0.002265
142374.806172 274.345161 522.244301 0.014833 -0.004930
1889104.925044 572.087896 98.317582 -0.016634 -0.019301
184043.514628 642.096504 547.400148 0.011782 -0.019932
1678137.485719 350.626444 319.715744 0.001628 0.016038
349432.717240 298.970183 257.596794 0.011524 -0.014600
327130.583267 597.422518 167.610300 0.015873 0.004361
1445781.852792 774.569211 571.221507 0.003729 0.013550
657045.848974 430.381647 332.744029 -0.000285 0.004916
1143416.638087 467.930324 255.030187 -0.000619 -0.004819
853229.746620 259.212127 490.854837 0.018361 0.014572
1436276.935710 106.781968 143.170994 -0.014064 0.016920
747046.145027 249.237009 400.972815 0.006107 -0.011735
555282.349025 300.343667 106.207325 -0.010825 0.018765
31011.744417 446.314046 303.946990 0.002801 -0.017974
259713.421697 113.360047 381.480422 0.002205 0.005055
30230.289339 785.535234 570.210942 0.013301 0.017653
1629124.594680 440.474952 44.801836 -0.017894 0.007952
1993199.337271 341.106482 5.870114 0.006606 -0.016821
437214.899080 754.206569 272.581329 -0.004213 -0.013116
847463.854052 328.775005 438.304890 0.017226 0.019223
1561464.248021 48.465593 73.409491 -0.003336 0.004616
1496915.452879 345.337933 358.250306 0.007969 -0.009429
1076064.875850 410.391055 489.211063 0.004501 0.002613
1028186.607653 487.286272 594.979731 0.000955 -0.009051
141764.248787 594.365074 130.046714 0.001011 -0.014470
778578.041484 759.169213 329.449168 -0.015248 0.015198
1058486.954802 720.107608 564.308640 0.005970 -0.007235
1112790.978101 319.718048 448.495133 -0.013853 -0.016072
24501.685065 553.622693 366.570219 0.013096 -0.007834
353571.678676 273.087082 548.240759 -0.013259 0.014626
375264.103699 191.573409 365.504733 -0.003808 0.010608
1493884.026769 635.111454 428.874878 -0.008188 0.016529
1188817.119779 659.910254 487.994154 0.001404 -0.000932
259519.063057 73.454521 525.588707 0.015123 -0.010181
1949033.547169 712.002124 562.346701 0.003445 0.008703
482529.103981 609.748047 35.732597 -0.013819 0.017253
1850091.109914 273.812846 102.559730 0.001374 0.009874
1871495.037280 224.799287 324.683183 0.006078 0.002987
908785.677938 195.453633 240.992096 -0.009284 0.011199
1755362.652128 318.164475 522.537017 0.010157 -0.008995
232765.271437 582.473580 98.951276 -0.017972 -0.007361
1765166.354256 236.011040 45.923252 0.017670 -0.002016
15434.920795 693.168988 474.837899 -0.012871 -0.003986
1077013.659792 91.035497 409.090253 -0.016816 0.010584
516053.778360 427.268428 5.433766 0.006381 0.012090
1576709.125925 429.751965 119.385453 0.006398 -0.008353
948767.654108 620.788742 11.882041 0.005586 0.013185
667159.362075 417.609637 74.331966 -0.003592 -0.001444
1146380.339352 334.225222 198.349557 -0.005385 0.003855
1462269.868451 722.503692 426.555678 -0.003531 0.019285
949273.004639 536.545396 309.923526 -0.000662 -0.006813
636841.273232 217.389878 520.559599 0.000699 0.017245
316267.470045 793.395787 424.337449 -0.012914 0.005277
1072709.865436 409.033799 92.425407 0.006413 0.016864
1234697.917120 187.064885 203.598928 0.017919 0.003933
1871003.135047 543.264455 300.555571 0.005838 -0.016338
968257.898916 96.116233 457.463058 -0.019893 0.004193
184803.100389 255.712785 525.599876 0.018346 0.013472
1613704.762242 94.146447 497.206086 0.000559 -0.008184
920804.219749 40.310540 483.986476 0.004694 0.008386
1455508.939668 184.793991 566.220941 -0.017317 -0.012833
1084419.887087 1.691881 514.974924 -0.018242 0.005934
1899527.167855 422.299050 461.381316 0.008471 0.001131
745706.753221 643.431016 508.865208 -0.010090 0.010554
1369434.811813 44.284059 529.065543 0.000556 0.002779
353913.564400 779.523927 371.804207 0.019313 0.003529
660308.989072 568.758357 491.788549 -0.009041 0.011122
1997036.600484 653.357980 468.587356 0.014266 0.014403
857968.969670 644.936761 232.624623 -0.012087 0.000741
1832483.595159 456.794094 194.001059 0.010956 0.012504
174050.590104 359.329584 525.064830 0.018756 0.018489
887791.815627 116.265782 561.609727 -0.017449 -0.014846
1048845.100705 314.802984 504.221191 -0.006250 0.006703
1236598.032171 273.766904 290.350145 -0.004038 -0.012061
688449.854352 662.450067 2.907530 0.009266 -0.018956
1047717.716101 518.747150 357.888596 0.013890 -0.003500
831685.772553 746.968683 516.863127 -0.008411 0.016112
1646809.537731 587.647798 29.165938 0.010390 0.011924
354697.854423 227.082791 114.955616 -0.019290 0.005132
1718570.137265 508.568421 581.882296 -0.006269 -0.018625
338487.908402 549.990740 517.510608 -0.013008 -0.003228
1776805.868268 558.756288 40.719853 -0.000608 0.001826
960078.654327 720.552982 287.315690 -0.006527 -0.012426
763596.911339 131.515433 555.649103 -0.002779 0.016989
1446903.674606 486.218521 125.188283 0.016781 0.005122
1673049.761761 619.551046 156.240831 0.012250 -0.015286
591079.477496 780.637533 483.055618 -0.013687 -0.013978
450261.526019 37.104192 509.497344 -0.008267 0.001259
788880.985598 618.630748 259.158862 0.014942 -0.015433
1247242.441982 204.376542 167.209723 0.001989 0.007423
405506.701397 218.102333 175.573333 -0.003541 -0.012444
1835863.754077 198.024818 576.792037 -0.012853 -0.017828
159031.381905 379.674548 18.499488 0.015401 0.005308
362722.217274 87.789785 407.322302 -0.018680 -0.003826
420997.232395 340.036535 105.501306 0.005777 -0.007944
580167.091722 213.216737 332.599164 0.002768 0.012614
479025.265425 617.077364 52.842950 0.001294 -0.012688
552036.800679 360.152298 258.307877 -0.010479 0.005126
969986.005207 253.876581 61.864996 0.000700 -0.011926
1471710.388303 557.580637 187.604856 -0.003402 0.009146
1430984.936390 500.514237 91.329074 0.015655 -0.009268
902052.609670 144.982282 320.943539 -0.019792 0.010005
700700.571156 195.586314 313.086796 -0.002450 0.011072
1408199.004553 571.589318 136.733317 -0.014616 0.018108
1713095.736556 495.870336 161.722918 0.018407 -0.014601
944491.339356 556.848219 499.066327 0.011381 -0.015570
1119457.834922 400.271098 441.522868 0.008486 -0.004347
8319.607940 130.600309 343.788540 0.001556 -0.013271
647061.014849 711.540229 247.551890 0.013806 -0.006859
379545.065751 439.261869 25.732622 -0.003324 0.007333
1990576.603445 218.827553 181.680151 -0.009388 -0.010663
876473.971119 589.823227 557.732603 -0.009186 0.000887
80381.552726 664.306554 13.411820 0.011037 0.001696
828036.629980 624.584738 423.227417 0.019507 -0.007214
1747623.103553 248.571232 124.748366 -0.008535 -0.013754
1072386.123739 381.134985 423.298161 0.003183 0.015739
777386.485961 459.461081 100.570980 0.007655 0.013584
801906.589792 103.903895 346.048534 -0.006793 -0.003967
197987.358178 296.295783 138.138221 -0.015152 -0.014131
1545926.498969 428.243293 556.330960 -0.000681 0.001064
492654.834172 281.851039 500.224411 -0.001540 0.005369
1978982.283724 792.768087 69.216032 0.007769 0.002803
17631.095842 66.398558 86.492858 -0.012956 0.010999
1966499.848276 461.661545 543.290320 0.002958 0.015693
611006.784537 527.301551 167.089282 0.001450 0.011212
850069.038966 247.165691 189.616343 -0.005915 0.011501
1676786.882652 478.953743 83.688237 0.006884 -0.017868
1557780.060711 529.410059 26.288111 0.015765 -0.005744
1227310.625476 722.560666 263.287016 0.010637 -0.017407
428616.731627 592.366719 393.521462 -0.015226 -0.007965
1127178.874392 340.113371 576.276833 0.013665 0.018427
1480731.590409 213.158256 162.110158 -0.017758 0.004777
115335.758829 715.387507 130.593886 -0.012097 0.002659
541498.807511 781.094842 136.965084 -0.007424 0.014830
1167776.423119 742.391029 464.329691 -0.019067 0.007417
1705487.274428 189.978773 255.899225 0.000337 -0.005721
1455042.508177 58.053561 469.284591 0.007511 0.016568
1485351.840726 341.969044 108.584679 -0.019515 -0.000647
1600046.444498 56.008951 226.900239 -0.019287 -0.009275
1889695.885540 230.475488 146.793505 -0.013087 0.004132
230475.999522 605.540977 319.048698 0.015533 0.011184
434670.210087 593.424865 10.182271 0.005758 -0.009964
748135.628527 296.985690 193.460415 -0.013714 -0.017654
474188.291689 718.699237 292.374270 -0.003293 0.016347
1941577.332067 174.390254 588.772098 -0.006024 -0.010618
499196.726130 235.238226 314.423888 -0.000245 -0.001315
254300.674542 487.607368 134.033460 0.006354 -0.000085
6325.354803 700.437593 143.993853 -0.019183 0.000811
980919.682878 315.776707 534.889663 0.012543 0.001988
1900851.625903 40.328524 269.183429 -0.002548 -0.001265
719689.197242 326.349858 412.159651 -0.006341 0.010292
1844748.197982 472.776650 30.526288 -0.002158 -0.016579
1036199.990211 459.035229 416.550750 0.009651 -0.010733
385683.919483 595.679749 65.049238 -0.002692 0.010613
1256102.471266 738.627985 95.868201 0.000707 0.009720
1419511.694191 375.705122 472.521450 -0.013645 0.016269
511292.832210 414.903512 189.380172 0.017690 0.014395
145034.134456 691.499427 270.300264 -0.015047 -0.007554
1071721.370831 513.377722 530.760617 -0.010794 -0.004668
233847.819378 338.416085 77.079689 -0.011015 0.014222
1786277.592083 682.196587 467.511023 -0.017899 -0.005092
1031918.257955 609.807355 505.766461 -0.007877 0.016828
1499349.890975 446.683673 263.472683 -0.017370 0.000057
597617.807145 110.112370 219.257083 0.009995 -0.009542
1353622.215499 228.337850 541.940973 0.002464 0.000630
573296.933702 542.714118 563.668256 -0.003406 0.016138
1590131.532210 246.345242 453.883374 0.002991 -0.005566
258416.177825 72.581078 73.701992 0.018867 -0.004268
87595.200207 577.089384 571.449898 -0.000685 0.011451
906233.425674 625.586357 554.262494 0.012749 0.001246
370032.188655 396.224820 489.681387 -0.016464 -0.017726
664767.085884 299.758899 441.553073 -0.009139 0.011580
1278253.811075 53.103698 58.582767 -0.004148 0.005629
916040.443311 420.017521 438.716212 0.003230 -0.000147
249204.321880 499.542505 130.566990 -0.016937 -0.015701
8661.484350 424.138256 533.550147 0.017137 -0.006054
841302.204338 90.298266 506.352625 -0.010494 -0.011963
1802783.200425 455.804849 345.940186 0.005479 0.013642
731632.451868 220.880185 544.614589 -0.001441 0.006863
1096714.972098 736.916673 118.101844 -0.008814 0.000011
1386984.768969 323.590745 76.225904 0.016466 -0.000754
469499.863903 732.442843 6.639611 -0.015021 0.013781
718651.906922 435.660109 574.386412 -0.011855 0.011259
316653.122342 84.120817 211.186980 0.009665 0.009433
385530.231700 80.017535 10.895982 -0.015988 0.002558
1379939.433830 519.152305 291.257958 0.015446 0.017150
1974529.288697 463.989027 199.399263 -0.015464 -0.000359
1626419.535664 279.471193 244.589805 0.012967 -0.001067
503204.831157 146.398311 10.759893 -0.011637 -0.004517
1600260.999799 293.325546 294.798988 -0.013929 -0.015944
467442.890847 275.534124 121.049558 -0.009921 -0.002203
1530910.291491 753.265312 56.322795 -0.009994 0.013159
43405.273949 190.058010 245.235531 -0.005819 -0.005905
1801413.789299 133.679470 420.974099 -0.007676 0.019659
348673.859774 447.792110 104.808387 -0.012294 0.010748
1122384.702378 793.729514 81.092228 -0.017899 -0.014234
474000.488629 229.299247 293.419820 -0.002441 0.001548
1867761.544822 163.106825 288.132021 -0.018884 -0.001826
617712.498930 39.421863 415.365004 0.008730 -0.003860
88793.583256 494.916541 342.514073 0.009856 0.017010
1123119.018564 736.015617 291.842613 0.009408 -0.015511
510837.786138 237.645202 62.749462 -0.004348 -0.005991
498234.962345 502.517118 381.782495 0.009528 -0.017332
350510.791107 537.692153 162.744596 0.006234 0.007966
1451432.125387 771.451254 449.212065 -0.003325 0.007314
303273.376219 370.136297 180.153354 0.008882 -0.011675
454803.713809 227.014623 76.379318 0.008583 -0.019210
480071.545802 775.612946 189.925267 -0.006227 -0.005568
1333575.176696 474.990982 593.022064 -0.007824 -0.006721
110627.538576 382.937724 2.162148 -0.006970 -0.014581
1406769.050940 41.614741 59.210978 -0.001902 -0.001188
1561676.394922 482.540053 559.473622 -0.016752 -0.006987
281255.947557 246.898124 365.179249 -0.009256 -0.019075
1257382.930842 407.069268 595.831126 0.017801 0.014127
706537.016996 489.634631 268.560063 -0.006333 0.016639
1558318.719993 317.888604 236.867713 0.011335 0.008938
1057752.200895 389.313678 465.600530 0.005107 0.017519
491364.625511 326.537839 325.149576 -0.012864 -0.000409
1734950.389590 255.147934 479.244691 -0.000930 0.003495
1643357.573842 84.450935 57.235260 0.012571 -0.017968
1898263.090243 134.029231 397.724832 -0.004150 0.000390
1157183.811607 140.660487 544.238338 0.018933 0.018339
1260090.642264 401.545309 266.844716 -0.003780 -0.014821
767107.214205 521.280407 323.031384 0.017001 0.013180
55740.578126 634.574701 88.973813 0.013043 -0.009259
1471867.368311 518.769448 224.906225 0.013097 -0.001611
851158.514084 624.486607 377.892894 -0.016460 -0.012916
279214.015361 533.336063 211.692055 -0.018171 0.005618
622537.959657 541.144401 85.035640 0.010260 -0.016720
543551.074594 112.170330 439.555088 0.012599 -0.017368
1125283.938425 670.278101 515.144152 0.008435 0.006547
255944.995329 357.692413 187.292778 0.000113 -0.008837
1549879.616848 742.688665 35.605431 -0.003801 -0.019311
474171.187949 435.829570 410.408531 0.003578 0.003644
648167.413030 720.797506 160.371998 -0.001352 0.006303
697835.028496 590.158027 478.466782 -0.016724 0.001913
1725670.433475 515.835498 231.220661 0.008728 -0.005535
99429.388577 679.275435 481.650805 -0.005519 -0.005933
163663.104253 109.452975 168.312480 -0.009394 0.000343
594763.153510 303.332373 52.423349 0.019263 0.018769
1355525.087265 244.592433 521.909444 0.017853 0.010899
1053977.892294 234.925069 305.724807 -0.007020 -0.004952
115031.983757 149.737069 12.497435 -0.002304 0.016325
752375.869431 393.993578 454.821905 -0.012804 0.014193
219437.964363 208.673159 595.078823 -0.004391 -0.003917
1068114.026016 550.158809 468.949310 0.004835 0.006820
1499866.051366 239.027593 584.403418 0.004756 -0.010272
1491842.997955 117.026073 322.401200 -0.009747 -0.001147
1826279.228472 250.768590 395.012209 0.017321 0.010247
1133058.067007 247.661435 149.331162 -0.007037 -0.000442
207507.431604 346.862515 450.056584 -0.016174 0.012961
304737.184339 504.050230 306.873925 0.017352 -0.009993
361247.467977 546.739051 329.470073 -0.013807 -0.007879
1585793.637478 720.551878 269.580863 -0.006777 -0.013785
1841064.114050 194.773033 281.512778 0.003166 -0.012887
451362.950938 116.095562 291.971202 -0.001008 -0.001228
1950936.490647 462.806101 542.053913 0.008427 0.007558
1454702.783122 701.898517 182.422172 -0.010448 0.012471
1108684.254395 335.504393 297.080186 -0.015855 0.002984
1596490.624173 717.081608 285.082480 -0.011306 -0.010853
1263706.185512 134.501871 282.298920 -0.015937 0.009881
1294332.516982 261.419156 535.513446 -0.014657 0.012056
723046.520130 87.277450 228.203273 -0.009402 0.013369
107937.715067 793.590394 427.077062 -0.005716 -0.010789
1046872.077066 729.300335 390.214592 -0.019310 -0.019426
450965.188654 653.517236 547.070096 0.008025 -0.017420
278162.196408 266.283575 139.817118 0.004373 -0.002630
1960316.196066 205.424115 456.662899 0.014895 -0.004392
1125740.257616 187.389330 299.749680 0.017718 -0.000061
668170.334151 797.162701 294.346808 -0.018170 -0.005829
1443825.863043 455.602320 159.959134 -0.005090 0.003538
564375.188464 478.422176 242.768601 -0.012222 -0.008031
938961.728913 266.945987 379.457232 0.008089 0.017703
132214.712972 546.402192 119.623977 0.013203 0.002212
1179224.623916 311.895337 473.277623 -0.016456 -0.006669
575213.267736 338.804191 197.901841 0.011069 -0.001209
1368718.602401 400.493469 23.674206 0.018035 0.014934
1254302.726711 186.139447 282.744506 -0.018685 -0.002901
1541011.519516 401.106776 456.414495 -0.003911 -0.011854
1407684.757098 375.113068 531.936626 0.016139 -0.008172
883750.411162 394.042300 411.710947 -0.010687 0.003291
38293.802197 414.668339 3.017638 -0.006037 -0.008109
949396.727117 26.709240 478.543156 0.000576 0.019399
1340193.529306 112.494185 130.162858 -0.014320 -0.013072
1289556.392138 729.476090 404.490095 -0.003794 -0.007429
1756783.113702 87.873925 469.453694 0.010570 -0.019594
157687.638028 165.808365 303.292644 0.010617 -0.002490
175039.783202 627.007833 573.576317 -0.016276 -0.014669
506304.289450 453.682924 99.617609 -0.017969 -0.016734
301433.914481 576.155211 133.509120 -0.005321 0.014505
790027.673724 9.950154 464.129989 -0.017209 -0.003254
176035.711624 758.442640 317.057374 0.014821 0.008520
1081972.172988 759.554624 552.122813 -0.018191 0.008633
715741.816310 107.128816 299.126225 -0.007419 -0.010927
1263880.632475 454.094001 476.651559 0.011934 0.004700
1751026.801649 759.049336 202.611453 -0.016127 -0.007306
399196.095951 394.428276 197.995187 0.018998 0.002430
1496994.359185 48.858907 306.141420 -0.008918 0.017284
445396.929255 653.916753 529.450742 -0.014297 0.014557
1193553.106484 400.174169 599.173302 -0.016150 0.012567
450224.472419 581.733438 229.303979 -0.019234 0.001038
1999453.321099 715.838748 285.382808 -0.005445 0.019689
1584501.028799 429.521996 291.134043 -0.015110 0.000410
94458.571679 696.575685 342.790048 0.002274 -0.014107
1007827.074736 623.686223 579.304837 -0.004562 0.016876
1658558.308919 786.384652 253.477095 0.013094 -0.016884
475365.567242 42.216061 483.255536 0.004559 -0.017055
663714.367274 495.841373 580.494031 0.012252 0.018232
1919117.403179 479.337654 296.764464 -0.002189 0.008837
9624.167350 393.649502 354.949584 0.003061 -0.018039
1478876.057770 64.466944 497.198726 0.007999 -0.001369
1502145.321808 426.807829 269.357994 -0.013032 -0.005541
1054818.871922 329.228708 248.105482 -0.006669 -0.018738
972186.690649 532.090582 390.613918 -0.001886 -0.001120
1216433.286302 329.865892 43.030151 -0.015883 0.014303
1585452.240699 85.844863 209.771560 -0.004608 0.007242
796849.675848 99.208199 458.807625 -0.011006 0.013113
461377.134761 782.674396 217.273629 0.007169 -0.013908
1447663.852688 165.508228 338.339561 -0.014480 0.001614
1190708.408687 498.986412 123.100290 -0.010151 -0.016966
1355477.244293 683.859768 294.104051 0.009979 0.018275
694211.989964 433.565077 39.040598 0.007881 0.017081
1497031.391364 75.971688 30.378458 0.000515 -0.007108
1759090.904966 594.658865 180.117722 -0.010323 -0.003073
904928.793621 772.387111 378.029990 -0.019358 -0.015854
341892.055395 489.260040 436.823427 -0.004945 0.014337
1609370.418642 43.312857 427.818919 -0.008203 0.012133
1339833.364515 513.330449 207.001637 0.009402 -0.006446
543533.833951 386.319267 260.093792 -0.007099 0.019810
1510075.678821 161.420823 443.613621 -0.017785 -0.002232
325429.097901 406.413427 246.044817 0.011721 0.000968
1027532.088117 771.142047 81.362900 -0.010366 -0.006357
1987715.010526 37.017733 236.903385 0.008274 -0.006373
396776.620483 301.212187 588.918060 0.001747 -0.015578
639902.701899 652.428087 356.195717 0.010130 -0.014492
1179865.857204 406.247504 204.073108 -0.006844 0.002534
1568458.621189 393.453860 42.488269 -0.012227 -0.008584
1190290.628555 566.584008 149.923027 0.009235 0.017978
1180185.991889 580.135091 597.297852 0.019396 -0.002772
672088.553511 146.675490 484.839371 -0.007332 0.009076
1837656.663655 510.363095 325.362026 0.000515 -0.004370
1360614.323691 81.938652 539.235879 -0.019197 -0.002732
924125.776125 643.693557 554.854268 0.001317 0.019943
418950.309241 102.574825 424.378442 -0.001718 0.014314
1312754.557148 39.263734 350.070797 0.006069 -0.018661
30587.249450 790.601566 130.406250 0.012908 -0.007756
1889215.610870 593.546686 566.198593 -0.000531 -0.009820
669560.509114 133.670215 214.376930 -0.010655 -0.012490
1579576.984783 556.652070 595.177252 0.008575 -0.010880
1982244.182370 738.915917 214.125507 0.007922 -0.004707
432350.935616 283.722739 258.466395 0.011991 -0.019758
930735.730068 652.454437 596.700139 0.007311 0.005529
600671.720971 501.857619 228.039942 -0.010201 -0.015425
1270601.892504 463.552415 169.296319 0.019710 0.012513
938976.299455 626.150917 304.957559 -0.001538 -0.000139
1474031.937064 362.029588 251.904435 -0.016246 -0.013955
1605130.416157 247.983397 302.935391 -0.010655 -0.015582
1023340.410098 559.396245 555.369033 0.000246 -0.004722
1128556.229700 645.372430 5.523407 0.017764 -0.017960
248420.950141 463.985832 377.844846 -0.003907 0.002773
884577.235619 700.708881 213.320832 0.018012 -0.006556
1704879.713107 549.910240 474.258507 -0.009093 0.011222
1882055.445519 60.141588 54.946687 -0.002165 -0.007620
404206.608610 766.167029 4.976902 -0.014893 -0.001430
780987.060993 553.633926 162.321172 -0.004024 0.005494
642018.800900 419.803729 130.441800 0.018031 0.017214
1579863.075903 314.142065 483.469475 -0.014198 -0.006278
286431.929230 798.744211 18.505788 0.017334 -0.009146
1625355.291937 699.758771 207.458915 0.016180 -0.007145
1310099.705732 85.356181 167.060837 0.006560 -0.010604
1485499.756171 42.787934 555.889333 -0.019460 -0.001834
1126826.147142 267.498441 586.931206 0.011211 -0.008624
1817754.082297 456.366874 406.810086 0.008593 0.008645
42605.713030 686.148038 428.592202 -0.017736 0.011579
1969490.396776 691.946424 399.630598 -0.006763 0.010784
1972945.507603 788.450270 525.751726 -0.009405 0.005964
221002.463354 6.055697 421.498704 -0.018504 -0.019155
314139.836614 480.121920 213.059729 -0.014577 -0.004772
1280098.799281 35.400286 570.818096 -0.007269 0.010346
1334025.561499 271.233031 370.291155 -0.004771 -0.004329
817314.073824 292.339339 154.085386 -0.017007 0.007866
52254.755074 48.972286 409.220558 0.016100 -0.006942
662711.798522 9.877356 200.125635 -0.018615 -0.018003
710212.109941 153.285606 390.008527 0.008413 -0.006921
61999.699130 280.616961 222.921038 0.019296 0.006744
261157.692532 519.438152 4.110243 0.009911 -0.018779
797766.605764 125.303462 237.358387 0.006225 -0.010769
184709.901076 545.463830 175.142346 0.010989 0.003329
1235796.007903 85.036436 357.698499 0.018093 -0.014393
1292608.929469 245.492937 198.731325 -0.008137 -0.019315
1317389.029692 261.700817 220.525366 -0.018790 -0.007609
71927.786838 128.208033 575.475599 -0.018266 0.016316
1977614.946653 353.686920 38.728383 -0.004637 -0.016071
591803.305127 381.695447 467.415069 0.003516 -0.009936
726241.200569 164.787213 214.313014 0.018392 -0.013696
995710.504705 484.992397 278.999896 0.013163 0.016102
963862.695249 390.854673 138.002187 0.013991 0.000728
1079147.418532 708.512662 407.654448 -0.000027 0.017186
1174876.041326 389.753415 222.936560 0.006099 0.014867
937689.950195 758.492533 209.309782 -0.010084 0.001411
1200871.358253 489.300709 445.034643 0.018310 0.002831
1798372.363578 364.589671 106.004069 -0.005456 -0.008571
158766.744732 676.425747 464.361560 -0.007592 0.007838
584123.108808 679.456138 348.504632 0.018828 -0.006109
1019930.488905 447.015710 500.376839 0.015242 -0.011567
1412068.961846 279.690979 95.582303 -0.017815 0.003946
1390465.348675 524.184537 125.692745 -0.002529 0.004545
1560588.704217 269.148226 41.600783 0.018290 0.008010
709118.110458 29.025742 327.204253 -0.014857 -0.006217
481739.437432 336.484282 116.864009 0.012846 -0.004338
1084185.081108 265.392342 569.715613 -0.004948 -0.011491
321427.933090 65.801954 337.530536 -0.007339 -0.014441
322096.383349 12.032609 475.484743 -0.005164 -0.001924
811598.476400 120.550840 472.603332 -0.000998 -0.015687
975828.599639 663.282100 86.987655 -0.018663 0.018321
980873.326296 219.551808 226.605823 0.007419 -0.016148
1538962.265262 182.076702 256.870062 0.008801 0.004161
1281944.833362 703.833087 411.515791 -0.011806 -0.012031
1646853.441208 292.042657 129.203484 0.004641 0.009420
1334224.681991 17.372954 531.647607 -0.001776 -0.000137
1987979.200663 754.263009 195.996849 -0.014458 0.019094
567825.405192 503.236128 150.379209 0.006533 -0.007405
693992.653253 345.380391 324.770814 0.011054 -0.013988
290886.182473 332.992761 18.586315 0.013265 0.004811
461579.700216 524.006626 590.759783 -0.002171 -0.009179
1440439.939238 90.459455 175.698008 0.004264 0.002724
1578856.275221 479.986468 306.941877 -0.015376 0.009526
975708.803616 319.745989 220.328296 0.009548 -0.017525
1363849.989774 68.367442 296.042135 -0.011054 0.014431
1287670.666020 295.334792 165.801606 0.006990 -0.011977
1793086.186886 724.624398 513.327263 0.015255 -0.005943
253419.465503 481.235818 278.415022 -0.003139 -0.011670
65064.939701 167.144033 484.809499 0.001754 -0.007021
1093948.624606 25.627770 434.551737 0.016605 0.010814
1570950.974510 477.123993 513.847167 -0.008889 0.012830
1433502.711092 738.179301 113.580445 0.019709 0.003912
779698.448619 711.797415 301.665494 -0.010198 0.010874
1707668.152502 297.693951 223.957612 -0.007283 0.011686
1161722.038482 280.492652 0.629363 -0.004419 0.015796
650195.260835 748.541464 555.977019 -0.018010 0.014027
1393276.303724 667.662623 268.119848 0.002111 -0.015478
534900.189626 215.538112 21.060317 -0.001730 -0.009471
1264731.390059 676.961233 91.428155 -0.014607 -0.016309
1848317.172308 790.816476 278.463723 -0.008131 -0.007732
512088.236637 702.218370 394.387024 -0.009742 -0.009298
1104225.446984 465.399708 121.928552 -0.000861 0.005239
107543.810321 140.002776 279.364697 0.000021 0.009127
1156781.673039 614.876197 598.122733 0.004543 -0.011012
520065.349769 196.833078 42.910712 -0.003476 -0.004755
327390.441823 269.689722 221.873708 0.005105 0.005370
1353004.063178 707.135949 307.020154 -0.006581 -0.014388
1558240.596931 709.251537 433.406195 0.019290 -0.005439
706633.334377 28.978163 323.750603 0.012767 0.001545
534505.464385 317.504735 182.999079 -0.009433 -0.019555
1061346.780072 419.627689 154.438594 0.004129 0.017531
1275778.349152 612.494129 164.518726 -0.019703 -0.004253
1816858.008419 547.178181 166.535145 -0.003177 -0.019282
837596.447597 159.477126 542.360702 -0.014373 -0.012758
537634.699856 395.881918 130.557089 0.012329 -0.007458
1509630.032587 60.190112 426.100810 -0.019974 -0.007716
1442342.147903 473.117451 518.493227 0.019142 -0.012296
1603574.954720 492.517501 575.686528 -0.016946 0.004950
706735.606634 787.707144 184.474526 0.005239 -0.003791
651319.147391 40.019709 362.608510 -0.010792 -0.012356
1573016.600485 398.683133 411.556140 -0.019868 -0.007698
1998835.487291 607.430029 229.842670 0.008385 0.012773
1445522.677826 344.810965 246.222721 0.003485 -0.003641
1207599.107738 311.267682 14.995994 0.002529 -0.001367
1297106.122271 733.503144 269.827645 0.018201 0.001913
1709409.523620 225.391480 358.926188 -0.001621 0.000462
1579454.636005 196.698007 6.116036 -0.000962 -0.009981
635151.660366 380.352049 5.385861 0.008017 -0.012587
1657542.871152 338.284522 369.281424 -0.010420 -0.019594
50074.195513 674.142148 239.546924 -0.017994 -0.003744
1728956.987955 558.776642 193.717202 -0.007446 0.006151
1741304.677791 135.055557 561.985351 -0.001253 0.005102
896425.988943 206.835432 524.622931 -0.001646 0.009364
248631.410417 620.764104 125.815245 -0.014668 -0.000940
789536.960791 769.605996 539.579741 -0.019583 -0.011933
1819863.026878 28.517461 26.542340 -0.007624 -0.016557
901731.744829 139.180573 470.685258 0.010945 -0.000477
878442.611954 515.291669 393.794672 -0.004973 -0.015487
569936.175165 658.931822 222.845422 -0.013643 -0.008691
212161.644461 226.604505 35.265100 -0.007365 -0.003290
1070836.321949 568.411337 227.803772 -0.002609 0.008852
1162154.364009 276.056599 454.377370 0.005035 0.006167
1685995.778854 61.383267 497.026781 0.005275 0.014020
631794.399876 53.670468 296.604001 0.018914 -0.002292
