120102.793966 630.413695 121.621285 -0.006100 -0.005544
269277.329682 300.050585 156.194442 -0.018276 0.015152
1260731.205931 302.235108 191.719086 0.013069 -0.002962
973263.179405 632.894170 572.927101 0.008503 -0.005935
1683880.506867 289.236148 229.295338 -0.016824 -0.013039
1760997.696668 175.394134 580.452143 0.011719 -0.019821
354965.669268 681.975634 474.617510 -0.004790 -0.012036
306862.422408 412.013627 346.436609 -0.003481 0.002356
913598.742761 34.935051 562.579217 0.011142 0.014844
723511.401901 210.237598 397.759059 -0.007308 0.019060
27418.055584 127.009222 203.162095 -0.004126 -0.010462
1026719.971107 221.754474 272.986504 -0.000715 -0.017199
919235.655535 527.265178 552.824470 -0.009943 -0.018413
247720.705461 324.215988 333.692516 0.008059 0.012679
229642.751734 125.606205 517.130595 -0.017956 0.017181
1463437.116455 330.413589 118.915655 -0.004254 0.009178
349002.480669 325.712615 534.001342 0.001166 0.011464
253345.397419 21.857040 48.648939 0.003297 0.000363
301882.374241 33.247961 100.966973 -0.017035 -0.008248
417897.793659 158.332758 419.861421 0.010565 0.015940
1032678.423930 703.073398 34.516236 -0.004921 0.017249
1981626.739717 86.543888 206.281932 -0.012547 0.000427
148080.320166 291.054673 546.170447 0.018533 0.015044
1426235.401736 72.413722 542.586708 0.011798 0.006903
826207.458426 756.222392 428.311678 0.003250 -0.019250
17939.873048 633.029521 129.712083 0.008270 0.002237
229060.592236 178.700732 260.693116 -0.013012 0.003913
729567.630556 129.717577 425.704526 0.008425 -0.006067
424191.899795 625.487705 428.206121 -0.015128 0.009750
1179453.697605 667.590459 501.686024 -0.000330 0.005136
1017047.714916 724.909668 344.258134 -0.011063 -0.000461
1184883.571782 186.584017 168.392613 0.012309 0.017666
1669257.284919 738.041981 97.943625 -0.009264 -0.016805
1530870.404807 506.869976 153.145637 -0.001064 -0.006368
1211583.405366 549.662190 75.381566 -0.007254 0.012389
1741377.547263 727.166703 385.841774 0.008291 -0.003793
544004.606336 172.562130 185.191726 0.013863 -0.002453
1594854.852927 349.919210 402.368612 -0.016923 -0.010145
1223177.906695 729.671622 101.326296 0.010949 -0.013096
527324.168257 433.113168 487.655280 0.000765 -0.019352
312490.830343 99.728602 422.381729 -0.009607 -0.002737
1025907.483430 120.857044 212.059727 -0.013733 0.014350
1509229.653286 341.924151 43.591988 -0.017957 -0.009383
1023852.793045 688.183261 428.083067 -0.012674 0.017498
1918069.081343 635.251555 509.702233 -0.014819 0.002803
59433.087734 314.487360 67.895767 0.013718 0.016465
257531.464220 800.526635 21.772777 0.013277 -0.008789
961609.428265 277.210381 259.692133 0.013370 0.000062
582120.371322 470.108395 558.485207 -0.005430 0.006001
408974.288222 701.661854 306.615459 0.016809 -0.017659
899929.745542 700.350762 511.768595 -0.008030 -0.019841
849952.291162 263.258478 237.699664 0.001507 -0.013091
617567.269419 532.405628 103.649716 -0.006174 -0.000022
907629.657959 661.778803 506.989157 0.015493 0.006326
693382.430213 141.798889 148.656940 -0.008907 0.001677
1797970.130014 385.130551 250.793945 -0.003525 -0.004085
955435.349120 688.646994 163.997804 -0.006712 -0.013571
557659.864685 605.840272 293.326936 0.007017 -0.008250
1324351.926951 788.246299 575.617705 0.013351 -0.006818
917046.023028 230.681952 93.538021 -0.007871 -0.012913
1632997.046985 519.128205 212.516066 -0.017489 0.017121
1790149.784549 770.212401 244.881551 -0.007412 -0.004959
1613713.184192 632.176156 140.673889 -0.016794 -0.015065
791753.703166 288.542086 527.251058 0.015413 -0.018589
347958.385175 437.399750 12.066919 -0.014655 -0.004624
701432.257286 473.864042 403.315491 0.000321 0.015830
1693039.169392 258.696921 326.927573 -0.012031 -0.004481
944105.254926 76.332094 210.604252 0.015337 -0.003685
1451122.988691 550.631092 119.852657 0.018421 0.010769
644142.737912 285.040665 76.614777 -0.011894 -0.010300
328294.663843 300.332771 473.816388 -0.012183 0.000422
344141.964030 428.770641 60.556611 0.013710 -0.018295
1995072.262359 551.857209 220.649187 0.001692 0.015580
1509670.835691 11.186907 591.013285 -0.015728 0.015787
783939.521193 665.460276 350.059494 0.003538 0.011732
702233.533702 730.435395 89.124653 -0.000812 -0.015218
783487.379916 514.404790 295.219252 -0.012700 0.013076
1976.599918 282.156233 217.611931 -0.015854 -0.012085
812477.567611 80.962173 532.090578 0.010929 0.005796
1551513.418346 422.646420 395.094510 0.010377 0.005365
1106838.468046 120.786926 279.701290 -0.014520 0.009723
516376.429478 389.605636 394.222683 -0.003905 0.018703
1541877.001311 639.210356 366.954542 -0.009511 0.019230
877046.727052 210.953827 200.414020 0.012095 -0.005350
1062152.807164 166.468598 280.892123 -0.003290 0.019310
220503.739184 155.042221 306.118498 0.010771 0.018108
285758.867062 257.616984 62.752198 0.004289 -0.001998
1694852.848395 693.282733 566.685520 0.000237 -0.009214
1823523.613542 219.369722 44.349750 0.000918 0.001472
109429.840049 768.307521 480.035460 -0.004458 0.010488
331166.874772 736.344949 582.260008 0.005306 -0.006543
1904142.131984 594.109445 318.588095 -0.001582 0.000436
967910.745632 483.300716 499.290190 0.003521 -0.011505
581591.096978 348.451667 48.066025 -0.010650 0.017499
706572.319710 117.991498 128.362845 -0.003001 0.006860
1499518.371885 385.534590 378.782317 0.001970 0.014861
785875.055374 571.549966 474.406199 -0.005465 -0.006112
257524.722376 252.952917 54.372696 0.006458 0.011190
1201976.699383 114.830641 228.905109 -0.002621 0.009279
1186503.038363 580.027689 101.784040 0.006830 0.018394
215485.423904 20.107987 64.847547 -0.007121 -0.001906
1555844.913030 56.645008 560.839417 -0.003696 0.004792
1610655.802121 641.098492 200.361475 0.003838 -0.013393
1363983.919548 580.568354 288.331503 0.010878 -0.004604
515601.680854 298.512648 317.618347 0.005556 0.012252
521772.659627 185.445786 319.515893 -0.002815 0.016125
984056.433190 429.790307 558.337621 0.003526 0.013674
764465.851134 302.233845 558.016459 -0.007323 0.011439
1098768.237559 98.173643 352.898263 0.014648 0.008837
1505133.839094 452.533478 265.876176 -0.010740 -0.006512
1656881.889169 392.754351 425.976744 -0.005644 -0.014819
1035409.796534 493.589966 216.402227 -0.018008 -0.018104
532033.862794 432.471103 349.976939 -0.012178 -0.014336
885049.308131 462.107649 312.374291 -0.005107 0.015768
611963.250959 737.567185 10.392072 0.015705 0.012224
1469794.933437 516.402977 223.560373 -0.012457 0.015590
1419313.830053 5.390401 222.252072 -0.003144 -0.005436
1001399.715897 751.216358 589.834163 0.014483 0.019447
57920.523946 103.047456 316.916563 0.004561 -0.007023
1340168.589419 44.090417 541.161493 -0.012382 -0.002905
1593328.125585 397.014786 209.045535 0.012544 -0.004447
308175.125303 438.498017 21.566314 0.000934 0.009124
1829796.170737 187.921534 440.300780 -0.008569 0.006237
194622.977727 628.434667 356.772038 -0.016824 0.005968
1163384.351490 85.819917 466.875140 -0.015312 0.009193
203536.384834 623.561171 466.928951 -0.019844 0.018799
408990.508136 640.537483 279.630856 0.002396 0.004631
1709918.606891 566.449996 96.663861 0.015749 -0.010619
1776676.395804 644.351836 280.319762 0.004789 -0.016388
248411.979642 575.604362 526.826404 0.008747 0.011925
1052401.075630 239.788221 543.575893 -0.007836 -0.003539
1254879.329007 324.248070 114.403415 -0.003741 -0.003571
322021.593490 487.277345 125.409126 0.001551 -0.014988
1647379.426121 386.144412 521.431352 0.019419 -0.005113
204691.412954 699.182123 106.325403 0.002794 -0.000170
536197.156895 555.304203 128.664977 -0.014199 -0.003474
25648.950611 537.906703 428.786533 0.016672 0.018946
247729.502734 436.873717 229.184227 -0.007401 0.018032
1580350.309415 379.835379 335.236371 -0.020007 -0.015902
1443766.372951 659.199850 351.048216 0.003678 0.012388
1912564.341869 554.313819 409.520027 -0.014672 -0.009431
357511.299829 321.108860 575.522306 -0.004414 0.001842
744693.135258 324.344204 130.828521 -0.016549 -0.007018
387589.365424 167.799251 523.076198 0.002987 0.000954
1645202.005117 291.614532 -0.116510 -0.004714 -0.005364
205411.871060 83.707045 113.529492 0.007506 0.007842
1996032.971887 514.893674 233.918385 0.007530 0.010413
1306804.762830 688.121536 106.621315 0.004501 -0.009857
1450619.077985 788.567218 395.082701 0.017719 -0.017182
1969754.747101 110.640984 168.441145 0.013639 0.008611
1609086.544071 543.850072 45.470622 0.012192 -0.017515
883645.576836 726.144339 99.657040 0.005668 0.003644
1722771.757153 502.434386 142.276651 -0.009971 -0.007559
28763.775727 722.673483 101.806580 -0.011992 0.000507
845989.907554 733.773269 301.326873 -0.016743 0.014419
1143645.596292 54.541756 600.360051 0.014090 0.016927
1423342.375748 525.683401 361.914857 0.011489 -0.001571
1329764.171191 184.874349 221.762291 0.013246 0.014447
1926056.274178 553.218901 294.399583 -0.012002 0.017722
1598411.507718 172.775366 507.815059 0.018771 -0.003698
726058.746095 314.049631 195.451717 0.014553 -0.001022
375371.614646 348.388484 324.813583 -0.012640 -0.008623
932014.105344 718.387990 567.068995 -0.017157 0.007143
811741.037672 587.782483 550.836339 0.010982 0.002635
1557690.799962 589.670890 154.914872 -0.009263 0.017510
399385.155365 53.317579 91.210881 -0.018135 -0.018556
1122038.441301 328.073500 256.578791 0.015485 -0.009109
1805346.826001 59.651326 425.552601 0.004786 0.000468
1995636.369100 729.182846 97.082571 0.017697 0.019422
1695958.700821 279.078712 427.853597 0.010647 -0.015090
558004.577904 435.827474 516.729374 0.001458 0.012505
1597187.265566 589.299715 528.806871 0.018085 0.011277
1833981.536251 410.040343 114.650159 -0.006181 -0.003991
929917.220459 197.797003 284.836101 -0.013186 0.007566
1471826.909795 138.625997 361.243911 0.015869 -0.015403
1165988.196230 595.213806 277.976920 -0.008180 0.000420
1172216.120722 460.780444 32.385817 -0.002196 -0.015479
1736107.381869 196.466689 508.226641 0.009949 -0.012171
1259741.624473 533.024539 425.094964 0.012848 -0.019576
218963.730251 229.075069 155.194269 0.003362 -0.001608
1902503.935575 255.780325 379.560903 0.002181 -0.011338
1496596.111682 109.411920 576.183540 -0.011558 -0.002658
941537.357374 638.180451 5.895562 0.001067 -0.010192
245239.558744 315.804709 292.989280 0.018817 -0.014290
1372376.816986 480.104982 484.747489 -0.004175 -0.003135
1637971.852737 403.692004 423.990418 -0.017013 -0.016347
337179.376901 23.680001 245.398642 0.012135 0.003349
1249672.392965 440.326123 432.823000 0.003380 0.010446
310196.676436 44.338094 335.817238 -0.013361 0.003295
1607296.809371 230.247706 585.022833 -0.008237 -0.009704
236307.595035 783.953647 515.216816 0.017037 -0.004965
561161.337682 596.980590 528.827938 0.019451 0.012913
1939371.158341 125.331015 511.932397 -0.004856 0.018363
870700.636353 2.093981 305.591753 -0.013725 0.003549
541779.813609 249.428167 386.784376 0.013260 -0.000888
453110.709066 506.740604 459.645438 -0.011927 0.017065
47266.968548 256.916292 543.210568 0.015295 -0.010189
562186.379247 130.053823 594.598465 -0.013529 -0.013978
1629854.769274 105.308899 185.089934 0.006686 0.000384
534606.907766 82.266552 307.456339 0.011063 -0.009664
203362.833803 38.212955 342.267941 0.009822 0.015210
92345.910190 778.843020 306.482695 0.012422 -0.012993
877177.283576 667.556756 297.679044 -0.006206 0.008681
1484435.888699 500.934797 528.845193 0.009363 0.011483
64404.659935 439.000551 550.725087 -0.006321 -0.011440
856791.879449 487.070634 190.787679 0.017640 -0.004617
1153201.109335 33.951918 259.439127 -0.014228 0.011656
618554.387530 154.283790 456.689594 0.012846 -0.019883
1875266.974734 207.516753 503.020821 -0.002702 0.004177
1111007.126566 140.226008 138.557147 -0.002545 0.016419
34336.430968 375.382852 275.427469 0.017175 0.004360
1349224.196444 292.135653 249.878675 0.019696 -0.007782
1602661.077679 455.175084 209.619595 -0.010650 0.008560
276647.354605 434.432310 544.438187 0.016376 -0.005547
1822198.850020 671.130896 373.262712 0.009943 -0.009121
453696.245539 243.688260 268.595219 -0.001697 0.009695
713133.517985 379.588618 125.378970 0.012603 -0.003602
36437.158490 391.724041 464.284742 -0.002882 -0.000580
159010.190591 189.108809 31.263355 -0.002847 -0.001200
1535456.720523 453.579689 6.985490 0.007008 -0.001252
749811.288319 470.059326 183.240465 0.019854 -0.006531
1154889.427663 178.815409 384.572217 -0.018998 0.007215
762647.938338 304.968810 92.527517 0.003625 -0.012138
1129345.827331 486.739308 410.875937 -0.006530 -0.018315
337378.635228 333.979814 168.832061 -0.011171 0.013864
1499918.929068 791.295599 248.036853 0.010358 0.006636
1760744.261444 108.775832 149.827769 -0.012554 -0.014672
1172923.453698 610.486615 215.657729 -0.010954 0.011545
79642.974809 486.125204 101.010425 -0.012201 -0.012033
730713.756164 606.896058 483.883281 -0.017944 -0.016077
1702955.846536 175.454779 309.542644 -0.014691 -0.002384
724785.897287 705.964019 257.943611 0.011050 0.005766
187236.443249 524.331903 468.654187 -0.006230 0.013669
1828784.213322 744.243142 362.813425 -0.009377 -0.013254
787390.226865 250.403612 459.586977 0.002480 0.000240
1929498.061505 742.985621 161.097795 0.010647 0.019218
730520.102536 499.613521 120.174907 0.015188 0.010598
1281053.293162 194.289330 381.807991 -0.017203 -0.019251
562426.321470 130.241449 404.885322 -0.017505 0.000268
1033437.869061 780.034094 262.839497 -0.015120 -0.010088
1192859.900739 412.577021 336.371297 -0.005499 -0.016833
138898.690296 261.452684 3.585736 -0.006511 -0.015991
1973181.982512 561.051175 434.042722 -0.012565 0.003319
957790.512106 660.769469 496.812683 -0.015323 0.015869
1692076.045876 318.214606 36.202189 0.000830 -0.001625
1136829.509929 29.258904 260.411065 -0.019532 -0.013628
1367539.427880 482.456987 406.243406 -0.010180 0.018672
1509350.044424 252.374595 176.104620 0.010402 0.006114
785056.476847 598.030707 212.827888 -0.015367 0.017395
1873643.585422 476.104967 457.065059 0.010546 0.008431
1315983.134935 488.213360 64.724716 0.008801 -0.014718
1135951.929323 228.692870 100.596412 -0.019854 -0.008259
656102.584980 548.544472 539.229203 -0.019843 0.017280
1727078.126616 606.307433 148.302755 -0.013755 0.000837
1797488.349396 438.945580 161.406857 -0.009884 0.006605
406141.346510 152.040490 156.414903 0.018576 0.018124
1941231.998588 497.156716 337.400580 -0.016815 -0.006385
1386830.762674 518.526459 376.778374 0.014459 0.005999
1843128.023596 152.244750 201.714286 0.012785 -0.012238
538331.757550 546.166792 571.814882 0.000657 0.013536
944807.663069 332.397754 233.358496 0.009366 0.006564
106756.882792 754.941605 514.526898 -0.007551 0.016347
1618777.323337 226.588294 318.157762 -0.005088 -0.005252
1742666.514471 52.446353 6.914920 -0.000035 0.017112
1321460.731012 337.160555 69.699747 0.019889 -0.010392
620834.287545 213.140866 553.814972 -0.009472 0.011296
1523195.320518 587.404462 118.885690 -0.014016 -0.000942
1731081.362688 163.128016 252.013217 0.008913 0.000661
656632.629529 425.684627 480.537493 0.014354 0.016123
325566.043298 583.694979 581.029041 -0.013079 -0.010857
1792559.657149 666.353757 390.304053 -0.019491 0.013223
1778465.217808 259.333212 59.259181 0.012378 0.003533
1763427.173609 457.801030 192.998760 -0.017795 0.009990
1593951.392730 755.919297 556.264229 -0.011307 0.006612
886016.743670 435.806487 119.164198 -0.010394 -0.003814
204796.643092 323.816553 80.804391 -0.017155 0.002984
727276.621725 773.445822 248.384405 -0.019635 0.019109
488690.041233 721.752952 183.016329 -0.006267 0.008564
1781116.410057 179.218382 171.961648 -0.011473 -0.007824
20635.784613 7.558177 149.548379 0.017501 -0.010970
1834876.302553 303.386348 462.678879 -0.015331 0.004948
350019.654422 174.654844 16.738765 -0.007612 -0.008380
1214501.650638 537.733957 155.078310 -0.019201 0.007495
477760.385944 211.511369 353.504579 0.001766 0.004276
605806.972182 347.262449 499.295539 0.003595 0.005794
272576.070518 480.092158 392.511004 -0.004567 0.001521
1759240.741729 243.197097 550.263218 0.005987 -0.003279
1080301.612187 660.458354 382.636744 0.002789 -0.014591
1857771.559552 140.187294 484.338757 -0.012478 -0.012185
988850.145130 339.927520 276.812144 -0.016671 0.018752
134591.829094 309.609512 242.541123 0.015992 0.019025
96963.198901 28.612574 345.826054 0.008300 -0.003141
227820.812831 465.006039 434.766852 -0.018763 -0.010712
290631.014058 457.557541 34.256451 0.011489 -0.014503
385931.693197 569.522406 190.136815 -0.020025 0.015996
1023297.854244 397.089196 195.418270 0.018832 0.003260
589125.026292 31.561196 579.671503 0.007949 0.017453
1882412.602139 596.844550 584.011231 0.000687 -0.002097
790218.714061 504.758589 18.724383 -0.015186 0.006553
526777.357108 212.312352 139.873189 -0.007111 -0.017987
748590.766801 411.824201 457.611605 0.007591 0.000593
1324791.236466 162.199665 5.982153 0.019525 -0.013033
1179151.767483 226.041544 128.323912 0.002196 0.019228
301466.356172 396.001155 434.829719 -0.014983 -0.019508
349183.755158 414.998510 387.364489 -0.011765 0.005622
616335.581344 375.072579 543.761387 0.001722 0.011546
1910511.639859 733.765113 182.928059 0.008697 0.004281
1640005.631205 304.763776 485.003421 0.013284 -0.005340
1964468.728734 335.845230 391.126447 -0.012190 0.018995
1261209.360911 276.228935 282.370252 -0.005747 -0.001169
968463.258337 424.372477 593.849569 -0.014826 0.009424
1257770.379660 350.161531 123.956965 0.001267 0.019267
1991034.577596 391.398596 537.669665 -0.008005 -0.011735
1007596.648767 95.815165 353.419034 -0.006690 0.017902
1912045.142572 235.947152 222.801921 0.004268 -0.000412
692628.538559 190.215712 501.214749 0.009030 0.003639
609848.141023 240.666908 74.924985 -0.008221 -0.002768
1723251.459991 737.659969 520.940113 -0.017351 -0.001710
1696924.347289 50.362816 567.961404 0.009831 -0.005574
309029.791648 199.704064 289.714240 0.009632 0.002332
867302.640745 559.188697 513.507175 0.012177 -0.007821
691843.061099 120.555594 326.106018 -0.012858 0.018634
272265.500516 388.402421 162.192960 -0.009546 0.011206
1400582.436193 98.367036 421.285751 0.002994 -0.012298
320566.674844 333.056838 150.803984 -0.015710 -0.013505
1229627.376064 208.775722 246.175126 -0.016047 -0.019854
1946485.269790 425.004912 421.384932 0.005604 0.007186
15066.369444 140.499887 292.277096 0.002009 -0.005759
911695.870064 549.110966 506.241727 0.009043 0.017875
1245159.992597 340.309396 42.761964 -0.006362 0.020252
519428.529087 388.675259 247.025010 0.000358 0.003860
1147820.552414 102.178464 512.466939 0.019418 -0.011051
1717933.562453 767.103366 453.717663 0.002493 0.011455
183230.377819 455.331243 577.726088 0.003167 -0.015298
640928.558372 27.443186 483.264626 -0.013453 0.010294
1503776.668340 628.988900 111.056144 0.012844 -0.015530
360957.489517 65.387162 358.325028 0.003704 0.003717
380073.533570 131.955017 431.600372 -0.018226 -0.014024
1889061.825298 723.393336 66.016088 0.008012 -0.001343
1796955.322752 633.840537 20.390471 0.014483 -0.005169
306282.549308 146.989794 243.161557 0.018359 -0.006189
332156.324914 567.594087 78.918529 -0.005928 0.001316
485168.456326 426.670132 367.311160 0.013071 -0.014876
413343.113108 24.344051 173.601819 0.017101 -0.017009
883643.182406 697.250844 587.095836 0.002074 0.002810
887249.075289 360.297655 217.510102 -0.000902 -0.007443
1467432.667253 504.301617 297.506253 -0.014409 0.003561
1682910.725327 245.128892 179.515612 0.018970 0.006317
1660796.624450 172.299071 113.503996 -0.002235 -0.017770
629926.086697 520.361638 50.891434 0.004190 0.003110
318150.466456 37.235144 269.336923 -0.013842 0.003917
40123.955365 464.617844 29.063126 -0.004734 -0.017520
724761.667999 93.998868 413.640842 0.014321 -0.009799
558074.092752 559.679074 337.265817 0.003108 0.006877
438651.350531 326.414802 533.265279 -0.004174 0.014549
1885724.248311 578.960454 300.945869 -0.018901 -0.006825
158400.153815 149.286005 226.106157 0.001142 -0.006986
1952982.963972 437.565246 543.647276 -0.018958 0.017276
1927788.328346 311.023340 28.253016 0.006199 -0.010092
607879.136041 746.963101 567.561836 0.014625 0.000463
1236504.919471 67.945747 551.391766 0.000255 -0.000267
1541570.438790 358.795301 131.501240 -0.009119 -0.000968
1098586.873663 282.286093 398.386399 0.017055 0.015185
1973812.054831 723.094889 257.330863 0.015649 0.017412
717421.361579 684.442532 190.609757 -0.003732 0.000394
1128238.588166 568.341672 265.716261 0.000398 0.003054
1906900.824936 103.213948 396.766325 0.014910 0.005395
311031.282093 514.392437 50.645009 -0.004969 0.016676
1119457.958787 738.799885 161.392509 -0.010765 0.013997
295815.608602 167.806331 451.607322 0.003006 -0.015976
1365835.790227 746.696026 574.060807 -0.019992 -0.006434
933742.419320 452.405691 30.067780 0.016414 -0.016963
1254474.420685 690.048377 122.172723 -0.008478 0.009409
1674721.783807 355.606577 227.707897 0.016823 0.012741
589441.845468 384.418245 445.799461 0.002561 0.008110
1186208.380939 568.309177 547.285809 -0.006136 -0.008545
28320.921598 24.552763 131.675829 0.018875 -0.018780
1123059.363627 350.754428 356.774296 0.004378 -0.006051
1339490.994503 192.593582 126.485457 0.014919 0.001159
1892333.765464 567.802789 583.310854 -0.007199 0.005353
1580513.963280 495.697777 66.199258 0.001242 -0.012667
1628540.167412 101.019008 535.775426 0.009076 -0.001115
358744.990248 592.751422 301.787392 -0.004035 0.008491
1065496.480589 768.691481 90.544835 -0.014928 0.002941
996930.964755 638.346986 488.893051 0.008373 0.006814
685065.261407 523.994033 228.981860 -0.007642 0.019148
22284.613001 83.106815 360.067038 -0.014832 0.005126
1564209.169505 749.543579 458.160563 0.006973 0.006548
471659.941818 683.985123 242.430798 0.009525 -0.009791
234378.384535 216.429352 129.551729 -0.009234 -0.004019
1581110.075852 613.260101 117.734393 0.004191 -0.000953
1733102.233956 757.565393 78.182061 -0.010146 -0.009500
222272.466972 206.784633 219.681781 0.008453 -0.004768
7593.072023 394.827351 189.650841 0.010719 -0.013158
1961038.188991 2.054202 13.972435 -0.004569 0.009660
554464.627316 401.915657 7.652476 -0.000263 0.010860
821613.773155 227.342837 322.623328 0.003969 0.015607
24485.756655 378.350782 502.165141 -0.014263 0.008809
196372.594776 203.392823 587.913429 -0.001421 0.018547
718005.964867 375.026643 274.519447 0.007050 -0.010223
1252709.545778 525.420288 142.190015 0.005947 -0.018316
1958473.456073 741.768064 326.336134 0.019625 -0.003222
628831.249023 322.222313 421.398423 0.014052 -0.019643
1185057.482303 690.554708 288.910825 -0.002871 -0.019715
406775.272641 421.151619 157.268368 -0.012887 0.019422
452064.211691 433.106646 275.638833 0.007350 -0.011354
1391094.198167 249.166667 524.803562 0.017232 0.018313
1830316.959801 730.318025 532.145784 -0.001630 0.016132
610994.441719 618.165090 183.998486 -0.019661 0.004984
631021.334152 481.794941 292.124152 0.011841 -0.018582
989235.750860 1.782162 334.068342 0.010255 -0.012654
1098658.789461 784.398335 435.115422 -0.019660 0.006629
1883467.686308 564.522622 586.008823 0.012791 0.005397
1871849.530317 584.792130 330.553425 0.012870 -0.012441
911993.535660 102.228909 577.400589 0.010571 -0.014594
1176139.691461 61.601628 443.422978 -0.016932 0.015021
1537174.407177 456.360884 526.461652 -0.006939 -0.006931
123261.179832 700.885596 185.226236 0.011670 0.014954
1946848.674653 583.208197 354.088771 0.017981 0.001711
457599.283409 708.979503 164.527721 0.011212 0.008296
926562.791190 189.181692 501.621530 -0.000137 0.020099
1942178.605097 12.051219 45.379054 0.008399 -0.016362
1905775.863633 382.702412 397.454988 0.013272 0.012158
1975712.466974 713.603748 407.959108 -0.008313 0.007169
1128937.655654 214.640014 243.704643 -0.013894 -0.011215
1900458.380534 306.203742 62.106503 -0.011062 -0.013425
1623668.112617 549.972248 239.618699 0.005848 -0.015469
798515.523224 494.059717 76.766330 -0.000976 -0.006940
438456.544857 343.689137 482.301820 0.015123 -0.009775
1216805.763178 694.628017 90.701176 -0.008496 -0.013397
1661706.700764 681.448162 259.171248 -0.010494 -0.019711
1303971.794110 150.806605 233.941930 0.010275 -0.003516
1107963.914568 455.295699 58.988546 0.018170 -0.011403
425643.800956 282.632000 499.958065 -0.007327 0.013741
318262.858465 449.097775 154.982013 0.018567 -0.002277
1036196.117772 457.880134 186.579643 0.006833 0.014597
948553.069005 401.453701 427.697727 0.016393 0.009372
1438074.149861 446.994494 555.769564 -0.015621 -0.007574
677338.477540 530.424970 530.659094 -0.002500 0.004693
197747.041563 521.130938 583.469240 0.017221 0.019652
1601492.672973 71.604399 330.634583 -0.017641 -0.017811
1987075.958395 461.529564 375.200902 -0.007825 -0.010056
971748.938305 621.779116 449.370101 -0.012076 0.007404
974474.447302 733.555645 146.172630 -0.003452 -0.018915
1121549.802423 602.058625 413.174604 -0.002208 -0.012396
613932.794246 434.664241 504.547731 -0.008856 -0.001011
1665525.531241 62.909336 338.663505 -0.004487 -0.014534
1238773.710671 302.425466 429.508109 -0.010181 0.007294
1925637.924078 585.345052 276.624770 0.008455 0.017204
290519.337305 158.639568 508.051889 -0.004368 0.004493
1745488.432117 760.823373 218.961586 0.002447 -0.004204
1111265.337612 695.156479 563.188815 -0.004262 -0.013878
829182.160473 184.261867 135.860337 0.019233 0.004580
728391.627189 478.832491 596.290417 -0.016879 0.013663
1349985.243450 33.326582 346.018376 -0.014510 0.010166
1010733.056353 223.891176 571.575327 -0.005914 0.006794
1129411.861826 180.335741 373.173048 0.017219 0.011488
33999.050983 389.193799 394.152310 0.020551 0.015474
1606354.705806 296.185142 66.686738 -0.018780 -0.005951
1451822.744427 315.150978 570.275738 0.008764 -0.001008
1590584.168020 314.847060 309.312551 -0.005147 0.001140
538209.161040 700.905310 484.890808 -0.011160 -0.010864
958317.440449 628.155055 272.186961 -0.015992 0.008649
479655.517489 94.512015 120.198397 0.015858 -0.017016
167238.956395 558.647425 267.416441 -0.012166 0.009131
1592486.357127 737.246083 73.258419 0.009849 0.005635
1189583.299304 433.033783 20.879170 -0.015535 0.016580
1124831.962923 303.268066 474.199047 -0.005193 0.004007
37146.621401 680.310142 232.680603 -0.001136 0.018054
205026.889315 568.867821 41.062752 -0.007892 0.004313
284161.461650 310.209740 183.806148 0.003493 0.003350
68690.410847 306.186289 301.702781 -0.013746 -0.014786
287411.349028 600.178673 403.923048 -0.012907 0.014463
1171263.018237 591.663315 143.648966 -0.004981 -0.015510
1682127.158941 314.985256 577.511118 -0.010874 0.014520
1824708.168313 264.910443 346.648340 0.019212 0.005358
369206.509725 98.056048 13.379766 -0.000372 0.008412
1208981.916871 419.436530 56.192362 -0.015651 0.007265
446720.970071 202.236820 259.091679 0.015803 -0.002835
586212.983628 385.046525 102.115426 0.001336 0.014304
560717.814863 299.279363 150.889733 -0.010351 0.004144
234257.601311 123.723431 558.901817 0.007805 -0.014624
1133248.557864 703.440065 154.212606 0.003534 -0.005180
1934248.125150 153.590559 536.638976 -0.017567 -0.007940
1152133.833222 226.146519 331.395134 -0.019689 -0.012983
1965200.129880 240.393331 396.837099 -0.013842 0.013366
1034901.121182 346.194020 125.878346 0.010874 0.006883
1623246.405098 709.018892 497.160551 0.009745 0.003207
1926329.093951 248.129902 276.294955 -0.011181 0.015960
1658576.383096 150.478205 54.767348 0.008982 -0.010066
786221.519479 240.929618 318.661497 0.017789 -0.007695
1421758.733421 742.913246 365.043261 -0.004829 -0.017331
888519.625593 711.311966 308.013388 0.005933 0.006164
374128.679919 371.409362 325.514845 -0.019384 -0.011596
247207.860577 783.025133 311.541357 0.003285 -0.012049
838233.393076 329.886493 231.507010 0.000712 -0.014343
1269501.125100 722.779082 262.711069 -0.014985 0.025587
1490342.234955 701.561069 467.211181 -0.005839 -0.010058
1720173.599068 638.967666 82.408313 -0.005138 -0.001859
1589947.016719 447.818864 550.792160 -0.006490 0.003100
254199.274003 369.729621 331.777174 0.005910 -0.018215
1506623.924480 52.427157 274.465875 -0.014406 0.003088
1187558.641279 619.144534 289.588771 -0.018792 0.017646
663885.182079 619.999002 490.491389 -0.015549 -0.014783
134186.233456 776.633960 557.414400 -0.011862 -0.006224
763995.101100 799.312004 542.445092 -0.008047 -0.006504
960104.740672 340.767504 479.129519 -0.018591 -0.016985
1689167.128731 629.710302 84.835303 -0.007888 0.017125
1435140.350571 716.004081 422.177792 -0.012035 0.017046
1287450.956780 425.413085 421.195143 0.009902 -0.015077
1664884.491668 423.843524 368.570168 0.010623 0.009321
1916152.068375 115.672664 439.940216 0.014374 -0.002289
142374.806172 274.694561 522.128103 0.014831 -0.004935
1889104.925044 571.695392 97.863028 -0.016693 -0.019291
184043.514628 642.374045 546.930738 0.011781 -0.019921
1678137.485719 350.664508 320.093949 0.001603 0.016072
349432.717240 299.241446 257.252608 0.011506 -0.014621
327130.583267 597.796377 167.713040 0.015867 0.004361
1445781.852792 774.656901 571.540537 0.003716 0.013535
657045.848974 430.374899 332.859910 -0.000288 0.004922
1143416.638087 467.915724 254.916721 -0.000621 -0.004814
853229.746620 259.644674 491.197875 0.018361 0.014551
1436276.935710 106.451058 143.570250 -0.014029 0.016978
747046.145027 249.380882 400.695093 0.006109 -0.011844
555282.349025 300.088700 106.649429 -0.010821 0.018769
31011.744417 446.380093 303.523513 0.002806 -0.017979
259713.421697 113.412069 381.599615 0.002211 0.005064
30230.289339 785.848425 570.627297 0.013290 0.017697
1629124.594680 440.053350 44.989160 -0.017900 0.007951
1993199.337271 341.262051 5.474192 0.006602 -0.016793
437214.899080 754.107017 272.272297 -0.004239 -0.013120
847463.854052 329.180708 438.757742 0.017217 0.019223
1561464.248021 48.387138 73.518051 -0.003325 0.004600
1496915.452879 345.526275 358.028148 0.008022 -0.009432
1076064.875850 410.497126 489.272424 0.004504 0.002596
1028186.607653 487.308477 594.766142 0.000931 -0.009083
141764.248787 594.388696 129.705989 0.000995 -0.014458
778578.041484 758.809674 329.807137 -0.015277 0.015193
1058486.954802 720.246813 564.139540 0.005850 -0.007130
1112790.978101 319.391669 448.116461 -0.013856 -0.016076
24501.685065 553.931099 366.385584 0.013088 -0.007841
353571.678676 272.774637 548.585101 -0.013267 0.014608
375264.103699 191.483721 365.754710 -0.003806 0.010615
1493884.026769 634.918331 429.264181 -0.008207 0.016522
1188817.119779 659.943305 487.972418 0.001402 -0.000913
259519.063057 73.811045 525.349036 0.015145 -0.010167
1949033.547169 712.083605 562.551801 0.003473 0.008710
482529.103981 609.422431 36.139175 -0.013825 0.017265
1850091.109914 273.845506 102.792222 0.001399 0.009864
1871495.037280 224.943836 324.752292 0.006196 0.002880
908785.677938 195.235048 241.256183 -0.009274 0.011221
1755362.652128 318.403756 522.325072 0.010157 -0.008999
232765.271437 582.048528 98.779346 -0.018110 -0.007233
1765166.354256 236.427371 45.875990 0.017676 -0.001996
15434.920795 692.865645 474.743772 -0.012882 -0.004005
1077013.659792 90.639478 409.339839 -0.016804 0.010605
516053.778360 427.418831 5.718966 0.006389 0.012123
1576709.125925 429.903045 119.188804 0.006429 -0.008342
948767.654108 620.920455 12.192892 0.005596 0.013206
667159.362075 417.525054 74.298031 -0.003589 -0.001437
1146380.339352 334.098760 198.440454 -0.005352 0.003862
1462269.868451 722.419854 427.009577 -0.003586 0.019250
949273.004639 536.529866 309.762745 -0.000657 -0.006837
636841.273232 217.406263 520.965794 0.000692 0.017240
316267.470045 793.091295 424.462109 -0.012937 0.005307
1072709.865436 409.184892 92.822864 0.006415 0.016880
1234697.917120 187.487117 203.691703 0.017928 0.003943
1871003.135047 543.402046 300.170640 0.005844 -0.016343
968257.898916 95.648689 457.562464 -0.019803 0.004246
184803.100389 256.144366 525.917216 0.018294 0.013470
1613704.762242 94.159646 497.013404 0.000561 -0.008175
920804.219749 40.423045 484.183132 0.004848 0.008307
1455508.939668 184.386129 565.918624 -0.017310 -0.012833
1084419.887087 1.262402 515.114691 -0.018220 0.005932
1899527.167855 422.498395 461.407778 0.008453 0.001115
745706.753221 643.192835 509.113719 -0.010132 0.010544
1369434.811813 44.297371 529.131143 0.000574 0.002790
353913.564400 779.978529 371.887458 0.019282 0.003539
660308.989072 568.545228 492.050507 -0.009054 0.011118
1997036.600484 653.694040 468.926709 0.014265 0.014408
857968.969670 644.651947 232.642110 -0.012093 0.000743
1832483.595159 457.060101 194.287766 0.011636 0.011745
174050.590104 359.771567 525.500274 0.018768 0.018479
887791.815627 115.854920 561.259854 -0.017433 -0.014858
1048845.100705 314.655733 504.378917 -0.006251 0.006688
1236598.032171 273.671897 290.065671 -0.004028 -0.012090
688449.854352 662.668177 2.461165 0.009251 -0.018939
1047717.716101 519.074655 357.806359 0.013914 -0.003482
831685.772553 746.770034 517.242822 -0.008454 0.016123
1646809.537731 587.892505 29.447027 0.010385 0.011940
354697.854423 226.628511 115.076718 -0.019278 0.005149
1718570.137265 508.420539 581.443314 -0.006286 -0.018644
338487.908402 549.684413 517.434330 -0.012998 -0.003248
1776805.868268 558.741844 40.763105 -0.000618 0.001846
960078.654327 720.396205 287.021718 -0.006785 -0.012530
763596.911339 131.450292 556.049653 -0.002751 0.017018
1446903.674606 486.619956 125.311715 0.017421 0.005359
1673049.761761 619.839238 155.880808 0.012217 -0.015280
591079.477496 780.314863 482.726253 -0.013707 -0.013985
450261.526019 36.909691 509.526958 -0.008246 0.001255
788880.985598 618.982666 258.795405 0.014936 -0.015424
1247242.441982 204.423748 167.384619 0.002019 0.007425
405506.701397 218.019027 175.281058 -0.003532 -0.012370
1835863.754077 197.722001 576.371842 -0.012856 -0.017846
159031.381905 380.037394 18.624710 0.015404 0.005324
362722.217274 87.351343 407.233074 -0.018546 -0.003750
420997.232395 340.173587 105.316368 0.005855 -0.007753
580167.091722 213.282373 332.896084 0.002805 0.012594
479025.265425 617.107779 52.544204 0.001288 -0.012675
552036.800679 359.905553 258.427987 -0.010470 0.005072
969986.005207 253.894301 61.583768 0.000804 -0.011948
1471710.388303 557.500582 187.821116 -0.003395 0.009214
1430984.936390 500.882920 91.110834 0.015646 -0.009260
902052.609670 144.516175 321.179198 -0.019780 0.010002
700700.571156 195.528591 313.347497 -0.002450 0.011061
1408199.004553 571.245078 137.159986 -0.014610 0.018116
1713095.736556 496.304102 161.378827 0.018419 -0.014612
944491.339356 557.116237 498.699572 0.011374 -0.015567
1119457.834922 400.470977 441.420208 0.008484 -0.004369
8319.607940 130.637052 343.475884 0.001563 -0.013273
647061.014849 711.865536 247.390727 0.013812 -0.006824
379545.065751 439.183374 25.905173 -0.003340 0.007316
1990576.603445 218.606440 181.428775 -0.009384 -0.010679
876473.971119 589.606809 557.753510 -0.009188 0.000888
80381.552726 664.566380 13.451815 0.011022 0.001700
828036.629980 625.044439 423.057846 0.019521 -0.007183
1747623.103553 248.370183 124.424495 -0.008533 -0.013742
1072386.123739 381.210455 423.668888 0.003225 0.015735
777386.485961 459.641174 100.891099 0.007636 0.013594
801906.589792 103.743664 345.955364 -0.006810 -0.003943
197987.358178 295.938748 137.805222 -0.015160 -0.014141
1545926.498969 428.229759 556.358296 -0.000477 0.001249
492654.834172 281.821111 500.347147 -0.000956 0.005039
1978982.283724 792.950880 69.282322 0.007749 0.002825
17631.095842 66.093362 86.751922 -0.012955 0.010995
1966499.848276 461.738981 543.651223 0.003589 0.014972
611006.784537 527.335823 167.353325 0.001459 0.011205
850069.038966 247.026263 189.887260 -0.005922 0.011500
1676786.882652 479.116017 83.267410 0.006893 -0.017860
1557780.060711 529.781419 26.153060 0.015763 -0.005721
1227310.625476 722.829613 262.826798 0.011908 -0.028894
428616.731627 592.008011 393.333831 -0.015228 -0.007965
1127178.874392 340.435194 576.710717 0.013657 0.018409
1480731.590409 212.739909 162.222960 -0.017760 0.004800
115335.758829 715.102513 130.656537 -0.012099 0.002661
541498.807511 780.919712 137.314491 -0.007444 0.014834
1167776.423119 741.941968 464.504107 -0.019058 0.007392
1705487.274428 189.986439 255.764562 0.000313 -0.005712
1455042.508177 58.230686 469.674909 0.007527 0.016569
1485351.840726 341.508925 108.569287 -0.019547 -0.000661
1600046.444498 55.554750 226.681835 -0.019274 -0.009268
1889695.885540 230.167250 146.891019 -0.013082 0.004146
230475.999522 605.906491 319.312055 0.015499 0.011174
434670.210087 593.560472 9.947805 0.005755 -0.009941
748135.628527 296.663482 193.044393 -0.013643 -0.017664
474188.291689 718.621337 292.757778 -0.003322 0.016215
1941577.332067 174.248509 588.521191 -0.006010 -0.010683
499196.726130 235.232274 314.393113 -0.000261 -0.001298
254300.674542 487.757216 134.031165 0.006369 -0.000110
6325.354803 699.985692 144.013208 -0.019182 0.000832
980919.682878 316.072321 534.936143 0.012555 0.001958
1900851.625903 40.267920 269.153534 -0.002595 -0.001273
719689.197242 326.200505 412.402150 -0.006339 0.010296
1844748.197982 472.725521 30.135962 -0.002182 -0.016559
1036199.990211 459.262410 416.297540 0.009637 -0.010765
385683.919483 595.616252 65.299431 -0.002699 0.010628
1256102.471266 738.642662 96.103084 0.000514 0.010262
1419511.694191 375.383975 472.904399 -0.013621 0.016243
511292.832210 415.320210 189.719423 0.017687 0.014407
145034.134456 691.144930 270.122314 -0.015049 -0.007553
1071721.370831 513.123244 530.650551 -0.010811 -0.004676
233847.819378 338.156354 77.414410 -0.011036 0.014196
1786277.592083 681.774815 467.391152 -0.017909 -0.005085
1031918.257955 609.621800 506.162798 -0.007876 0.016820
1499349.890975 446.275053 263.474297 -0.017322 0.000080
597617.807145 110.348077 219.032397 0.010016 -0.009533
1353622.215499 228.395963 541.955800 0.002470 0.000629
573296.933702 542.633980 564.048391 -0.003398 0.016135
1590131.532210 246.415965 453.752481 0.003013 -0.005547
258416.177825 73.025541 73.601387 0.018867 -0.004273
87595.200207 577.073219 571.719657 -0.000687 0.011451
906233.425674 625.886656 554.291776 0.012746 0.001240
370032.188655 395.837078 489.263587 -0.016455 -0.017744
664767.085884 299.543704 441.825774 -0.009131 0.011572
1278253.811075 53.006338 58.715285 -0.004118 0.005621
916040.443311 420.093472 438.712531 0.003218 -0.000166
249204.321880 499.143398 130.196937 -0.016946 -0.015716
8661.484350 424.542191 533.407552 0.017157 -0.006052
841302.204338 90.051326 506.070536 -0.010471 -0.011986
1802783.200425 455.933884 346.261577 0.005476 0.013643
731632.451868 220.846683 544.776036 -0.001403 0.006844
1096714.972098 736.709204 118.100791 -0.008798 -0.000099
1386984.768969 323.978707 76.208339 0.016471 -0.000737
469499.863903 732.089169 6.964614 -0.015006 0.013811
718651.906922 435.380893 574.651219 -0.011851 0.011223
316653.122342 84.353687 211.404031 0.010109 0.008972
385530.231700 79.640899 10.956444 -0.015987 0.002575
1379939.433830 519.515747 291.662311 0.015410 0.017178
1974529.288697 463.624035 199.390235 -0.015524 -0.000409
1626419.535664 279.776848 244.564732 0.012983 -0.001062
503204.831157 146.124467 10.653661 -0.011613 -0.004502
1600260.999799 292.997361 294.423322 -0.013934 -0.015949
467442.890847 275.300499 120.997690 -0.009913 -0.002201
1530910.291491 753.029705 56.633044 -0.010009 0.013181
43405.273949 189.921298 245.096660 -0.005787 -0.005885
1801413.789299 133.498387 421.437460 -0.007698 0.019681
348673.859774 447.502659 105.061667 -0.012280 0.010755
1122384.702378 793.307566 80.756729 -0.017924 -0.014249
474000.488629 229.241870 293.456454 -0.002430 0.001562
1867761.544822 162.662310 288.088770 -0.018854 -0.001846
617712.498930 39.627857 415.274323 0.008759 -0.003839
88793.583256 495.149235 342.913708 0.009897 0.016918
1123119.018564 736.236742 291.477198 0.009365 -0.015513
510837.786138 237.542997 62.608423 -0.004329 -0.005983
498234.962345 502.741622 381.374161 0.009533 -0.017335
350510.791107 537.839260 162.932085 0.006255 0.007951
1451432.125387 771.372090 449.384882 -0.003396 0.007358
303273.376219 370.345538 179.878435 0.008882 -0.011666
454803.713809 227.217064 75.926902 0.008604 -0.019199
480071.545802 775.465934 189.794237 -0.006254 -0.005556
1333575.176696 474.807236 592.863721 -0.007777 -0.006722
110627.538576 382.773125 1.819490 -0.007004 -0.014509
1406769.050940 41.570321 59.183076 -0.001869 -0.001180
1561676.394922 482.145267 559.308880 -0.016765 -0.007000
281255.947557 246.680186 364.729953 -0.009247 -0.019070
1257382.930842 407.488397 596.163833 0.017784 0.014119
706537.016996 489.485331 268.952208 -0.006342 0.016654
1558318.719993 318.155783 237.078264 0.011348 0.008938
1057752.200895 389.434036 466.012925 0.005111 0.017492
491364.625511 326.234832 325.139901 -0.012860 -0.000413
1734950.389590 255.126116 479.326988 -0.000922 0.003492
1643357.573842 84.747035 56.812039 0.012567 -0.017963
1898263.090243 133.931448 397.734212 -0.004152 0.000407
1157183.811607 141.106620 544.670274 0.018944 0.018331
1260090.642264 401.456225 266.495484 -0.003784 -0.014828
767107.214205 521.680614 323.341805 0.016976 0.013174
55740.578126 634.881614 88.754987 0.013013 -0.009319
1471867.368311 519.074815 224.867091 0.012830 -0.001697
851158.514084 624.098910 377.588527 -0.016455 -0.012924
279214.015361 532.907690 211.824584 -0.018198 0.005634
622537.959657 541.386189 84.641878 0.010267 -0.016710
543551.074594 112.470545 439.146431 0.012885 -0.017322
1125283.938425 670.476582 515.298043 0.008416 0.006518
255944.995329 357.695064 187.084718 0.000112 -0.008827
1549879.616848 742.599037 35.150741 -0.003808 -0.019291
474171.187949 435.913663 410.494531 0.003561 0.003657
648167.413030 720.765600 160.520587 -0.001357 0.006312
697835.028496 589.763988 478.511835 -0.016729 0.001912
1725670.433475 516.039592 231.093448 0.008608 -0.005280
99429.388577 679.145344 481.510785 -0.005525 -0.005955
163663.104253 109.267148 168.319714 -0.006779 0.000346
594763.153510 303.786359 52.866002 0.019279 0.018813
1355525.087265 245.013953 522.166775 0.017933 0.010948
1053977.892294 234.759784 305.608448 -0.007012 -0.004927
115031.983757 149.682462 12.881795 -0.002331 0.016307
752375.869431 393.692499 455.156230 -0.012757 0.014190
219437.964363 208.569725 594.986165 -0.004391 -0.003949
1068114.026016 550.272628 469.111043 0.004827 0.006910
1499866.051366 239.139227 584.161192 0.004722 -0.010293
1491842.997955 116.796933 322.374518 -0.009708 -0.001119
1826279.228472 251.176310 395.253655 0.017293 0.010252
1133058.067007 247.495570 149.320839 -0.007044 -0.000434
207507.431604 346.481487 450.361842 -0.016175 0.012955
304737.184339 504.459033 306.638193 0.017354 -0.010021
361247.467977 546.413741 329.284332 -0.013812 -0.007890
1585793.637478 720.392490 269.255351 -0.006754 -0.013851
1841064.114050 194.847965 281.209857 0.003194 -0.012830
451362.950938 116.071972 291.942269 -0.000995 -0.001229
1950936.490647 462.996445 542.240591 0.007759 0.008266
1454702.783122 701.652236 182.716287 -0.010461 0.012500
1108684.254395 335.130861 297.150470 -0.015857 0.002983
1596490.624173 716.796529 284.835782 -0.012761 -0.009999
1263706.185512 134.126578 282.531691 -0.015925 0.009881
1294332.516982 261.073711 535.797285 -0.014671 0.012041
723046.520130 87.056117 228.518044 -0.009389 0.013354
107937.715067 793.455322 426.822118 -0.005753 -0.010858
1046872.077066 728.844560 389.755811 -0.019386 -0.019531
450965.188654 653.706103 546.659614 0.008009 -0.017429
278162.196408 266.386587 139.755218 0.004373 -0.002625
1960316.196066 205.775009 456.559374 0.014896 -0.004397
1125740.257616 187.806785 299.748126 0.017724 -0.000071
668170.334151 796.734384 294.209325 -0.018194 -0.005843
1443825.863043 455.482382 160.042695 -0.005093 0.003556
564375.188464 478.134251 242.579449 -0.012222 -0.008028
938961.728913 267.136289 379.874087 0.008067 0.017687
132214.712972 546.715048 119.676282 0.013356 0.002230
1179224.623916 311.507231 473.120702 -0.016493 -0.006654
575213.267736 339.063970 197.873583 0.010988 -0.001190
1368718.602401 400.918336 24.026245 0.018036 0.014953
1254302.726711 185.699843 282.676142 -0.018637 -0.002903
1541011.519516 401.014498 456.134991 -0.003924 -0.011875
1407684.757098 375.493489 531.743981 0.016158 -0.008183
883750.411162 393.791997 411.788631 -0.010562 0.003303
38293.802197 414.526141 2.826930 -0.006035 -0.008082
949396.727117 26.723229 479.000711 0.000612 0.019448
1340193.529306 112.157256 129.855134 -0.014285 -0.013053
1289556.392138 729.386295 404.314995 -0.003830 -0.007436
1756783.113702 88.121862 468.990294 0.010472 -0.019745
157687.638028 166.058806 303.233912 0.010645 -0.002496
175039.783202 626.624599 573.230864 -0.016260 -0.014660
506304.289450 453.259956 99.223695 -0.017942 -0.016708
301433.914481 576.029189 133.851415 -0.005377 0.014555
790027.673724 9.545036 464.053373 -0.017185 -0.003250
176035.711624 758.791466 317.258151 0.014794 0.008525
1081972.172988 759.125164 552.326985 -0.018270 0.008701
715741.816310 106.954250 298.868829 -0.007401 -0.010926
1263880.632475 454.375086 476.762236 0.011930 0.004696
1751026.801649 758.668834 202.439429 -0.016178 -0.007299
399196.095951 394.877008 198.051577 0.019099 0.002357
1496994.359185 48.649080 306.548535 -0.008896 0.017279
445396.929255 653.579881 529.793470 -0.014303 0.014540
1193553.106484 399.794132 599.468959 -0.016116 0.012535
450224.472419 581.280154 229.328404 -0.019250 0.001036
1999453.321099 715.726767 285.840195 -0.004169 0.019067
1584501.028799 429.166085 291.143581 -0.015106 0.000400
94458.571679 696.629143 342.457699 0.002265 -0.014109
1007827.074736 623.578748 579.702089 -0.004563 0.016850
1658558.308919 786.693000 253.079034 0.013086 -0.016912
475365.567242 42.320223 482.855366 0.004301 -0.016914
663714.367274 496.129586 580.922728 0.012218 0.018166
1919117.403179 479.286382 296.972431 -0.002165 0.008820
9624.167350 393.721617 354.524657 0.003062 -0.018037
1478876.057770 64.652313 497.166343 0.007740 -0.001375
1502145.321808 426.500973 269.227532 -0.013020 -0.005535
1054818.871922 329.071606 247.664079 -0.006669 -0.018737
972186.690649 532.046005 390.587437 -0.001899 -0.001128
1216433.286302 329.491956 43.367175 -0.015864 0.014310
1585452.240699 85.736078 209.940452 -0.004632 0.007102
796849.675848 98.947528 459.115975 -0.011122 0.013066
461377.134761 782.842920 216.946056 0.007138 -0.013902
1447663.852688 165.167231 338.377502 -0.014470 0.001607
1190708.408687 498.747353 122.699493 -0.010138 -0.017068
1355477.244293 684.095112 294.534328 0.010001 0.018255
694211.989964 433.751084 39.443312 0.007911 0.017109
1497031.391364 75.983822 30.211168 0.000516 -0.007095
1759090.904966 594.415599 180.045253 -0.010330 -0.003080
904928.793621 771.930910 377.656464 -0.019373 -0.015858
341892.055395 489.143426 437.161438 -0.004955 0.014360
1609370.418642 43.119979 428.104706 -0.008172 0.012130
1339833.364515 513.552289 206.850404 0.009431 -0.006393
543533.833951 386.151995 260.560063 -0.007102 0.019776
1510075.678821 161.001885 443.561070 -0.017782 -0.002230
325429.097901 406.689432 246.067669 0.011712 0.000973
1027532.088117 770.897455 81.213391 -0.010399 -0.006336
1987715.010526 37.212848 236.753370 0.008291 -0.006363
396776.620483 301.253441 588.550751 0.001755 -0.015606
639902.701899 652.667000 355.854170 0.010154 -0.014505
1179865.857204 406.085969 204.132875 -0.006871 0.002540
1568458.621189 393.165856 42.286171 -0.012224 -0.008574
1190290.628555 566.801530 150.346543 0.009232 0.017978
1180185.991889 580.591866 597.232121 0.019384 -0.002809
672088.553511 146.501894 485.053031 -0.007405 0.009062
1837656.663655 510.375229 325.259012 0.000515 -0.004376
1360614.323691 81.486232 539.171213 -0.019213 -0.002758
924125.776125 643.724464 555.323864 0.001307 0.019926
418950.309241 102.533294 424.714756 -0.001804 0.014238
1312754.557148 39.406530 349.630812 0.006053 -0.018693
30587.249450 790.905381 130.223610 0.012885 -0.007750
1889215.610870 593.533967 565.967016 -0.000548 -0.009840
669560.509114 133.419253 214.082748 -0.010652 -0.012485
1579576.984783 556.854320 594.920417 0.008596 -0.010925
1982244.182370 739.102570 214.014580 0.007924 -0.004710
432350.935616 284.004993 258.000753 0.011972 -0.019774
930735.730068 652.626571 596.830173 0.007303 0.005511
600671.720971 501.617790 227.676482 -0.010161 -0.015433
1270601.892504 464.016617 169.591225 0.019700 0.012525
938976.299455 626.114532 304.954136 -0.001551 -0.000151
1474031.937064 361.646747 251.575840 -0.016256 -0.013943
1605130.416157 247.732226 302.568395 -0.010669 -0.015575
1023340.410098 559.402118 555.257629 0.000253 -0.004736
1128556.229700 645.790501 5.100580 0.017730 -0.017937
248420.950141 463.891600 377.907866 -0.004088 0.002581
884577.235619 701.133014 213.165586 0.017996 -0.006624
1704879.713107 549.696087 474.522167 -0.009088 0.011163
1882055.445519 60.090295 54.767475 -0.002190 -0.007595
404206.608610 765.816073 4.943382 -0.014903 -0.001416
780987.060993 553.538540 162.450926 -0.004075 0.005522
642018.800900 420.228578 130.847265 0.018038 0.017210
1579863.075903 313.807144 483.321245 -0.014237 -0.006306
286431.929230 799.152563 18.290769 0.017334 -0.009109
1625355.291937 700.139960 207.291051 0.016182 -0.007107
1310099.705732 85.511148 166.811377 0.006596 -0.010575
1485499.756171 42.329741 555.846190 -0.019440 -0.001829
1126826.147142 267.762509 586.727741 0.011208 -0.008649
1817754.082297 456.569302 407.013900 0.008593 0.008658
42605.713030 685.733074 428.863824 -0.017495 0.011485
1969490.396776 691.787251 399.884678 -0.006750 0.010787
1972945.507603 788.228477 525.892198 -0.009424 0.005962
221002.463354 5.620057 421.047469 -0.018482 -0.019154
314139.836614 479.778545 212.947243 -0.014575 -0.004778
1280098.799281 35.229344 571.061405 -0.007243 0.010311
1334025.561499 271.120423 370.189322 -0.004789 -0.004316
817314.073824 291.938992 154.270811 -0.016982 0.007877
52254.755074 49.351750 409.057290 0.016116 -0.006920
662711.798522 9.439011 199.701649 -0.018600 -0.017993
710212.109941 153.483807 389.845488 0.008414 -0.006921
61999.699130 281.071759 223.080201 0.019317 0.006769
261157.692532 519.671590 3.668148 0.009907 -0.018755
797766.605764 125.450190 237.104586 0.006232 -0.010778
184709.901076 545.722799 175.220372 0.010996 0.003296
1235796.007903 85.462960 357.359314 0.018119 -0.014403
1292608.929469 245.301303 198.276113 -0.008132 -0.019332
1317389.029692 261.258305 220.346225 -0.018779 -0.007599
71927.786838 127.777750 575.859582 -0.018264 0.016284
1977614.946653 353.577275 38.350146 -0.004671 -0.016041
591803.305127 381.778450 467.180981 0.003532 -0.009938
726241.200569 165.220590 213.990430 0.018401 -0.013691
995710.504705 485.302203 279.379234 0.013140 0.016103
963862.695249 391.184334 138.019241 0.013997 0.000720
1079147.418532 708.512767 408.059715 0.000036 0.017220
1174876.041326 389.897115 223.286751 0.006101 0.014863
937689.950195 758.254789 209.342540 -0.010100 0.001370
1200871.358253 489.731896 445.101227 0.018297 0.002822
1798372.363578 364.461034 105.802371 -0.005465 -0.008553
158766.744732 676.247522 464.546617 -0.007538 0.007874
584123.108808 679.899476 348.360754 0.018810 -0.006106
1019930.488905 447.374709 500.104320 0.015237 -0.011570
1412068.961846 279.271163 95.675665 -0.017827 0.003980
1390465.348675 524.124893 125.800043 -0.002535 0.004565
1560588.704217 269.579136 41.789773 0.018293 0.008035
709118.110458 28.676069 327.056758 -0.014826 -0.006306
481739.437432 336.786484 116.761920 0.012812 -0.004330
1084185.081108 265.275718 569.444728 -0.004953 -0.011506
321427.933090 65.626679 337.191565 -0.007543 -0.014336
322096.383349 11.911295 475.439317 -0.005136 -0.001932
811598.476400 120.527414 472.233717 -0.000991 -0.015693
975828.599639 662.842446 87.419442 -0.018663 0.018337
980873.326296 219.726671 226.225513 0.007427 -0.016140
1538962.265262 182.284519 256.968213 0.008843 0.004171
1281944.833362 703.555657 411.231892 -0.011746 -0.012071
1646853.441208 292.152047 129.425501 0.004646 0.009429
1334224.681991 17.331381 531.644307 -0.001753 -0.000143
1987979.200663 753.922516 196.447246 -0.014449 0.019145
567825.405192 503.390941 150.205244 0.006610 -0.007363
693992.653253 345.641926 324.440946 0.011155 -0.014017
290886.182473 333.305261 18.699930 0.013265 0.004835
461579.700216 523.955358 590.543209 -0.002181 -0.009208
1440439.939238 90.560127 175.762113 0.004283 0.002719
1578856.275221 479.624269 307.165862 -0.015374 0.009490
975708.803616 319.970946 219.915679 0.009550 -0.017505
1363849.989774 68.107060 296.382153 -0.011052 0.014436
1287670.666020 295.499494 165.519396 0.006993 -0.011982
1793086.186886 724.983749 513.187298 0.015254 -0.005939
253419.465503 481.163063 278.140429 -0.003042 -0.011641
65064.939701 167.185366 484.644108 0.001755 -0.007021
1093948.624606 26.019288 434.806446 0.016634 0.010811
1570950.974510 476.913996 514.149949 -0.008941 0.012878
1433502.711092 738.643044 113.673118 0.019661 0.003954
779698.448619 711.556785 301.922069 -0.010232 0.010910
1707668.152502 297.522178 224.233199 -0.007300 0.011711
1161722.038482 280.388876 1.001707 -0.004392 0.015815
650195.260835 748.117653 556.307422 -0.017971 0.014024
1393276.303724 667.712413 267.755251 0.002116 -0.015476
534900.189626 215.497443 20.837430 -0.001723 -0.009451
1264731.390059 676.617092 91.044129 -0.014610 -0.016295
1848317.172308 790.624654 278.281467 -0.008154 -0.007741
512088.236637 701.988726 394.168357 -0.009755 -0.009267
1104225.446984 465.379490 122.052085 -0.000855 0.005248
107543.810321 140.002948 279.580012 -0.000006 0.009152
1156781.673039 614.983087 597.863007 0.004532 -0.011038
520065.349769 196.751371 42.798809 -0.003461 -0.004745
327390.441823 269.809754 222.000309 0.005086 0.005378
1353004.063178 706.981734 306.680944 -0.006514 -0.014411
1558240.596931 709.705999 433.277703 0.019294 -0.005470
706633.334377 29.279140 323.788194 0.012782 0.001647
534505.464385 317.282339 182.538643 -0.009448 -0.019536
1061346.780072 419.725585 154.852360 0.004182 0.017599
1275778.349152 612.029874 164.418297 -0.019712 -0.004272
1816858.008419 547.103373 166.080788 -0.003173 -0.019292
837596.447597 159.138117 542.059615 -0.014409 -0.012804
537634.699856 396.172277 130.381595 0.012322 -0.007442
1509630.032587 59.652130 425.841122 -0.025928 -0.018333
1442342.147903 473.568804 518.202928 0.019179 -0.012353
1603574.954720 492.118456 575.803234 -0.016933 0.004957
706735.606634 787.830240 184.385328 0.005212 -0.003781
651319.147391 39.765670 362.317148 -0.010776 -0.012381
1573016.600485 398.214356 411.375130 -0.019932 -0.007669
1998835.487291 607.627458 230.143485 0.008376 0.012766
1445522.677826 344.892979 246.136910 0.003478 -0.003644
1207599.107738 311.327332 14.964261 0.002535 -0.001327
1297106.122271 733.931185 269.872622 0.018139 0.001905
1709409.523620 225.353366 358.936950 -0.001615 0.000452
1579454.636005 196.675426 5.881105 -0.000956 -0.009964
635151.660366 380.541012 5.089525 0.008025 -0.012572
1657542.871152 338.039215 368.819720 -0.010406 -0.019604
50074.195513 673.718299 239.458856 -0.017990 -0.003733
1728956.987955 558.601034 193.861421 -0.007463 0.006093
1741304.677791 135.025903 562.105061 -0.001265 0.005061
896425.988943 206.796764 524.843307 -0.001636 0.009345
248631.410417 620.418330 125.793059 -0.014688 -0.000944
789536.960791 769.144423 539.298656 -0.019603 -0.011931
1819863.026878 28.337943 26.152442 -0.007617 -0.016545
901731.744829 139.438466 470.674135 0.010949 -0.000467
878442.611954 515.174488 393.429681 -0.004975 -0.015501
569936.175165 658.610314 222.640742 -0.013653 -0.008686
212161.644461 226.431041 35.188071 -0.007361 -0.003249
1070836.321949 568.349689 228.012283 -0.002625 0.008850
1162154.364009 276.175304 454.522590 0.005043 0.006162
1685995.778854 61.510534 497.357021 0.005528 0.014013
631794.399876 54.116175 296.550185 0.018927 -0.002278
