120102.793966 630.521395 121.719287 -0.006081 -0.005540
269277.329682 300.373572 155.926417 -0.018255 0.015164
1260731.205931 302.003858 191.771567 0.013087 -0.002975
973263.179405 632.743636 573.031985 0.008523 -0.005927
1683880.506867 289.533793 229.525907 -0.016841 -0.013039
1760997.696668 175.186951 580.802765 0.011714 -0.019837
354965.669268 682.060283 474.829987 -0.004784 -0.011996
306862.422408 412.075212 346.394856 -0.003485 0.002366
913598.742761 34.738344 562.316749 0.011106 0.014842
723511.401901 210.366871 397.421963 -0.007313 0.019067
27418.055584 127.082201 203.347237 -0.004128 -0.010479
1026719.971107 221.767128 273.290652 -0.000716 -0.017202
919235.655535 527.441001 553.149987 -0.009943 -0.018405
247720.705461 324.073539 333.468219 0.008053 0.012690
229642.751734 125.923676 516.826000 -0.017951 0.017270
1463437.116455 330.488851 118.753243 -0.004258 0.009192
349002.480669 325.694708 533.795511 0.000867 0.011805
253345.397419 21.798681 48.642488 0.003304 0.000366
301882.374241 33.549285 101.112813 -0.017046 -0.008247
417897.793659 158.145918 419.579568 0.010567 0.015939
1032678.423930 703.160398 34.211329 -0.004919 0.017237
1981626.739717 86.765485 206.275693 -0.012515 0.000278
148080.320166 290.726972 545.904341 0.018532 0.015054
1426235.401736 72.205234 542.464616 0.011783 0.006906
826207.458426 756.164819 428.652089 0.003262 -0.019252
17939.873048 632.883141 129.672661 0.008287 0.002222
229060.592236 178.931394 260.623472 -0.013078 0.003966
729567.630556 129.568976 425.811480 0.008384 -0.006031
424191.899795 625.755316 428.033385 -0.015139 0.009787
1179453.697605 667.596002 501.595173 -0.000297 0.005140
1017047.714916 725.105256 344.266264 -0.011059 -0.000459
1184883.571782 186.366240 168.080428 0.012323 0.017643
1669257.284919 738.206043 98.237926 -0.009282 -0.016500
1530870.404807 506.888480 153.258012 -0.001029 -0.006342
1211583.405366 549.790431 75.162643 -0.007251 0.012373
1741377.547263 727.020235 385.909411 0.008276 -0.003854
544004.606336 172.317114 185.235106 0.013849 -0.002453
1594854.852927 350.218460 402.547947 -0.016923 -0.010139
1223177.906695 729.477631 101.556478 0.010991 -0.012943
527324.168257 433.099598 487.997390 0.000769 -0.019343
312490.830343 99.895027 422.427554 -0.009217 -0.002462
1025907.483430 121.099947 211.806065 -0.013740 0.014341
1509229.653286 342.238851 43.756290 -0.017664 -0.009206
1023852.793045 688.407355 427.773606 -0.012673 0.017504
1918069.081343 635.513707 509.652565 -0.014832 0.002814
59433.087734 314.244696 67.604612 0.013730 0.016466
257531.464220 800.291714 21.928065 0.013294 -0.008775
961609.428265 276.974118 259.690946 0.013353 0.000072
582120.371322 470.204409 558.378879 -0.005429 0.006025
408974.288222 701.365224 306.927580 0.016743 -0.017643
899929.745542 700.492748 512.119340 -0.008029 -0.019830
849952.291162 263.231933 237.931145 0.001496 -0.013090
617567.269419 532.514800 103.650219 -0.006174 -0.000035
907629.657959 661.504959 506.877032 0.015480 0.006355
693382.430213 141.956424 148.627269 -0.008911 0.001679
1797970.130014 385.192998 250.866095 -0.003538 -0.004075
955435.349120 688.765714 164.237824 -0.006716 -0.013576
557659.864685 605.716125 293.472777 0.007025 -0.008245
1324351.926951 788.010041 575.738153 0.013371 -0.006805
917046.023028 230.821146 93.766633 -0.007873 -0.012944
1632997.046985 519.437245 212.213492 -0.017465 0.017101
1790149.784549 770.343643 244.969524 -0.007433 -0.004991
1613713.184192 632.472972 140.940336 -0.016777 -0.015071
791753.703166 288.269553 527.579686 0.015412 -0.018580
347958.385175 437.658860 12.148988 -0.014652 -0.004659
701432.257286 473.858465 403.035631 0.000310 0.015823
1693039.169392 258.909607 327.006778 -0.012025 -0.004478
944105.254926 76.061374 210.669397 0.015283 -0.003683
1451122.988691 550.305289 119.662358 0.018429 0.010755
644142.737912 285.251075 76.796951 -0.011905 -0.010305
328294.663843 300.549802 473.809045 -0.012367 0.000409
344141.964030 428.528145 60.880096 0.013718 -0.018293
1995072.262359 551.827223 220.373716 0.001699 0.015577
1509670.835691 11.465134 590.734032 -0.015741 0.015798
783939.521193 665.397307 349.852135 0.003584 0.011721
702233.533702 730.449817 89.394408 -0.000818 -0.015293
783487.379916 514.629511 294.987872 -0.012718 0.013095
1976.599918 282.436664 217.825814 -0.015864 -0.012106
812477.567611 80.768954 531.988340 0.010925 0.005768
1551513.418346 422.462874 394.999686 0.010383 0.005360
1106838.468046 121.043818 279.529412 -0.014536 0.009717
516376.429478 389.673253 393.892022 -0.003767 0.018692
1541877.001311 639.378546 366.614487 -0.009513 0.019232
877046.727052 210.740009 200.508628 0.012089 -0.005351
1062152.807164 166.526797 280.550925 -0.003293 0.019282
220503.739184 154.851902 305.798249 0.010755 0.018114
285758.867062 257.541038 62.786282 0.004303 -0.001857
1694852.848395 693.278943 566.847708 0.000191 -0.009130
1823523.613542 219.353619 44.323797 0.000903 0.001463
109429.840049 768.386270 479.849933 -0.004449 0.010496
331166.874772 736.251157 582.375508 0.005303 -0.006520
1904142.131984 594.137319 318.580351 -0.001571 0.000440
967910.745632 483.238354 499.493622 0.003532 -0.011505
581591.096978 348.639660 47.756320 -0.010613 0.017530
706572.319710 118.044234 128.241804 -0.002963 0.006830
1499518.371885 385.499781 378.519628 0.001967 0.014850
785875.055374 571.646533 474.514276 -0.005457 -0.006112
257524.722376 252.839000 54.175277 0.006427 0.011139
1201976.699383 114.877078 228.740978 -0.002631 0.009285
1186503.038363 579.906702 101.458656 0.006854 0.018408
215485.423904 20.234024 64.881217 -0.007134 -0.001902
1555844.913030 56.710257 560.754638 -0.003684 0.004797
1610655.802121 641.030549 200.598333 0.003846 -0.013397
1363983.919548 580.376013 288.412912 0.010877 -0.004604
515601.680854 298.414440 317.401631 0.005552 0.012260
521772.659627 185.495617 319.230598 -0.002821 0.016143
984056.433190 429.726429 558.093526 0.003706 0.013940
764465.851134 302.363373 557.814116 -0.007328 0.011447
1098768.237559 97.912683 352.742348 0.014883 0.008796
1505133.839094 452.723092 265.991192 -0.010706 -0.006497
1656881.889169 392.854440 426.238725 -0.005677 -0.014812
1035409.796534 493.908496 216.722388 -0.018019 -0.018108
532033.862794 432.686421 350.230471 -0.012176 -0.014339
885049.308131 462.198041 312.095418 -0.005117 0.015774
611963.250959 737.289345 10.175961 0.015721 0.012219
1469794.933437 516.624858 223.285973 -0.012640 0.015438
1419313.830053 5.446124 222.348230 -0.003158 -0.005440
1001399.715897 750.960188 589.490091 0.014492 0.019470
57920.523946 102.966941 317.040777 0.004546 -0.007026
1340168.589419 44.309494 541.212841 -0.012396 -0.002902
1593328.125585 396.793049 209.124099 0.012536 -0.004439
308175.125303 438.481168 21.405244 0.000972 0.009094
1829796.170737 188.073067 440.190491 -0.008570 0.006237
194622.977727 628.732209 356.666541 -0.016829 0.005964
1163384.351490 86.092049 466.713874 -0.015461 0.009044
203536.384834 623.912069 466.596511 -0.019844 0.018801
408990.508136 640.496227 279.549215 0.002271 0.004601
1709918.606891 566.172139 96.851903 0.015680 -0.010649
1776676.395804 644.266825 280.609469 0.004826 -0.016379
248411.979642 575.449723 526.615535 0.008743 0.011925
1052401.075630 239.926837 543.638624 -0.007843 -0.003557
1254879.329007 324.314530 114.466771 -0.003777 -0.003595
322021.593490 487.226023 125.667633 0.003891 -0.014238
1647379.426121 385.801022 521.521788 0.019420 -0.005116
204691.412954 699.132595 106.328435 0.002808 -0.000173
536197.156895 555.555219 128.726370 -0.014193 -0.003471
25648.950611 537.611607 428.451253 0.016706 0.018976
247729.502734 437.004611 228.865366 -0.007404 0.018033
1580350.309415 380.189103 335.517539 -0.020001 -0.015900
1443766.372951 659.134911 350.829225 0.003667 0.012381
1912564.341869 554.573215 409.686784 -0.014667 -0.009430
357511.299829 321.186333 575.489584 -0.004348 0.001859
744693.135258 324.636919 130.952503 -0.016559 -0.007005
387589.365424 167.746453 523.059249 0.002985 0.000963
1645202.005117 291.697851 -0.021502 -0.004710 -0.005382
205411.871060 83.574424 113.390905 0.007494 0.007833
1996032.971887 514.761437 233.731973 0.007423 0.010678
1306804.762830 688.041947 106.795647 0.004501 -0.009861
1450619.077985 788.253769 395.386501 0.017734 -0.017180
1969754.747101 110.398689 168.288869 0.013781 0.008610
1609086.544071 543.634496 45.780416 0.012190 -0.017524
883645.576836 726.046000 99.592090 0.005457 0.003702
1722771.757153 502.610727 142.410516 -0.009974 -0.007582
28763.775727 722.886652 101.797091 -0.012120 0.000568
845989.907554 734.069149 301.071699 -0.016722 0.014443
1143645.596292 54.292654 600.060588 0.014085 0.016943
1423342.375748 525.480025 361.942555 0.011514 -0.001562
1329764.171191 184.640193 221.506865 0.013238 0.014443
1926056.274178 553.431006 294.086270 -0.011988 0.017715
1598411.507718 172.443512 507.880419 0.018763 -0.003694
726058.746095 313.792219 195.469785 0.014561 -0.001022
375371.614646 348.611404 324.965402 -0.012576 -0.008551
932014.105344 718.691583 566.941533 -0.017183 0.007278
811741.037672 587.588292 550.789910 0.010982 0.002617
1557690.799962 589.834697 154.605190 -0.009264 0.017517
399385.155365 53.638304 91.538955 -0.018141 -0.018551
1122038.441301 327.799725 256.739659 0.015480 -0.009085
1805346.826001 59.601324 425.638406 0.000811 -0.007625
1995636.369100 728.869907 96.740113 0.017698 0.019314
1695958.700821 278.890497 428.120410 0.010641 -0.015088
558004.577904 435.801752 516.508183 0.001451 0.012513
1597187.265566 588.979972 528.607445 0.018080 0.011279
1833981.536251 410.149677 114.720817 -0.006185 -0.004000
929917.220459 198.029551 284.701740 -0.013115 0.007630
1471826.909795 138.345433 361.516272 0.015864 -0.015403
1165988.196230 595.358194 277.969536 -0.008151 0.000416
1172216.120722 460.819036 32.659678 -0.002169 -0.015496
1736107.381869 196.290766 508.441659 0.009948 -0.012149
1259741.624473 532.797343 425.441079 0.012849 -0.019571
218963.730251 229.015673 155.222529 0.003356 -0.001588
1902503.935575 255.741785 379.761466 0.002178 -0.011347
1496596.111682 109.616198 576.230408 -0.011547 -0.002643
941537.357374 638.161713 6.075951 0.001052 -0.010210
245239.558744 315.471976 293.242006 0.018817 -0.014295
1372376.816986 480.178746 484.802933 -0.004169 -0.003136
1637971.852737 403.992391 424.279868 -0.016961 -0.016390
337179.376901 23.465646 245.339492 0.012109 0.003342
1249672.392965 440.266230 432.638181 0.003394 0.010458
310196.676436 44.574412 335.759052 -0.013368 0.003286
1607296.809371 230.393528 585.194227 -0.008257 -0.009681
236307.595035 783.652330 515.304739 0.017043 -0.004980
561161.337682 596.636329 528.599565 0.019487 0.012917
1939371.158341 125.416894 511.607732 -0.004858 0.018359
870700.636353 2.336807 305.529008 -0.013740 0.003547
541779.813609 249.193877 386.800227 0.013240 -0.000905
453110.709066 506.951444 459.343629 -0.011920 0.017071
47266.968548 256.645804 543.390494 0.015299 -0.010162
562186.379247 130.293072 594.845468 -0.013532 -0.013960
1629854.769274 105.190710 185.083112 0.006682 0.000387
534606.907766 82.070959 307.627232 0.011060 -0.009665
203362.833803 38.039153 341.999390 0.009836 0.015164
92345.910190 778.623278 306.712454 0.012432 -0.012993
877177.283576 667.666533 297.525482 -0.006210 0.008688
1484435.888699 500.769234 528.642097 0.009363 0.011488
64404.659935 439.112526 550.927035 -0.006344 -0.011402
856791.879449 486.758642 190.869353 0.017648 -0.004621
1153201.109335 34.203221 259.233286 -0.014196 0.011625
618554.387530 154.056678 457.041107 0.012842 -0.019875
1875266.974734 207.564412 502.947002 -0.002688 0.004172
1111007.126566 140.271043 138.266962 -0.002549 0.016402
34336.430968 375.075743 275.340572 0.017590 0.005636
1349224.196444 291.787295 250.016249 0.019705 -0.007778
1602661.077679 455.363525 209.467985 -0.010664 0.008588
276647.354605 434.144493 544.535924 0.016189 -0.005509
1822198.850020 670.954978 373.424054 0.009954 -0.009127
453696.245539 243.718402 268.424034 -0.001712 0.009667
713133.517985 379.365747 125.442712 0.012605 -0.003607
36437.158490 391.773954 464.295542 -0.002761 -0.000639
159010.190591 189.159238 31.284656 -0.002856 -0.001209
1535456.720523 453.455729 7.007826 0.007013 -0.001275
749811.288319 469.708057 183.356091 0.019876 -0.006547
1154889.427663 179.151443 384.444510 -0.019009 0.007229
762647.938338 304.904725 92.742199 0.003623 -0.012144
1129345.827331 486.854456 411.199490 -0.006495 -0.018281
337378.635228 334.177320 168.586950 -0.011168 0.013859
1499918.929068 791.111994 247.919805 0.010408 0.006603
1760744.261444 108.997803 150.087023 -0.012552 -0.014651
1172923.453698 610.680189 215.453670 -0.010940 0.011536
79642.974809 486.340969 101.223268 -0.012203 -0.012040
730713.756164 607.213366 484.167575 -0.017945 -0.016078
1702955.846536 175.714675 309.584725 -0.014705 -0.002375
724785.897287 705.768771 257.841749 0.011034 0.005756
187236.443249 524.442053 468.412449 -0.006229 0.013673
1828784.213322 744.407727 363.049619 -0.009240 -0.013458
787390.226865 250.359630 459.582466 0.002495 0.000270
1929498.061505 742.796514 160.758075 0.010745 0.019205
730520.102536 499.344472 119.989214 0.015236 0.010410
1281053.293162 194.593498 382.148348 -0.017200 -0.019245
562426.321470 130.551136 404.880382 -0.017522 0.000290
1033437.869061 780.301403 263.017720 -0.015114 -0.010070
1192859.900739 412.674277 336.669000 -0.005501 -0.016839
138898.690296 261.567899 3.868633 -0.006521 -0.016006
1973181.982512 561.273305 433.983988 -0.012559 0.003324
957790.512106 661.040502 496.532066 -0.015331 0.015870
1692076.045876 318.199916 36.230967 0.000831 -0.001630
1136829.509929 29.605021 260.651993 -0.019615 -0.013621
1367539.427880 482.637020 405.913373 -0.010182 0.018656
1509350.044424 252.190387 175.996708 0.010432 0.006092
785056.476847 598.302450 212.520360 -0.015369 0.017388
1873643.585422 475.918466 456.915917 0.010548 0.008437
1315983.134935 488.057990 64.985199 0.008772 -0.014743
1135951.929323 229.044066 100.742379 -0.019868 -0.008251
656102.584980 548.895356 538.923626 -0.019844 0.017283
1727078.126616 606.550582 148.288054 -0.013746 0.000826
1797488.349396 439.120449 161.290100 -0.009894 0.006601
406141.346510 151.712035 156.094459 0.018574 0.018120
1941231.998588 497.454077 337.513427 -0.016818 -0.006379
1386830.762674 518.270759 376.672236 0.014462 0.006005
1843128.023596 152.018749 201.930769 0.012776 -0.012247
538331.757550 546.155199 571.575385 0.000654 0.013552
944807.663069 332.231283 233.241967 0.009467 0.006617
106756.882792 755.074864 514.237892 -0.007521 0.016341
1618777.323337 226.678381 318.251461 -0.005101 -0.005347
1742666.514471 52.447013 6.612426 -0.000039 0.017101
1321460.731012 336.808775 69.883592 0.019898 -0.010402
620834.287545 213.308451 553.615105 -0.009483 0.011310
1523195.320518 587.652222 118.902426 -0.014007 -0.000951
1731081.362688 162.970534 252.001558 0.008899 0.000658
656632.629529 425.430794 480.252322 0.014355 0.016131
325566.043298 583.926225 581.220936 -0.013076 -0.010847
1792559.657149 666.698353 390.070072 -0.019484 0.013242
1778465.217808 259.114009 59.197042 0.012415 0.003495
1763427.173609 458.111447 192.828308 -0.017315 0.009348
1593951.392730 756.119304 556.146954 -0.011314 0.006652
886016.743670 435.989821 119.231702 -0.010343 -0.003821
204796.643092 324.119912 80.750959 -0.017155 0.003059
727276.621725 773.792441 248.045968 -0.019567 0.019169
488690.041233 721.863838 182.864913 -0.006275 0.008562
1781116.410057 179.421499 172.099988 -0.011501 -0.007823
20635.784613 7.248799 149.742386 0.017491 -0.010974
1834876.302553 303.657518 462.591522 -0.015339 0.004932
350019.654422 174.789485 16.886993 -0.007616 -0.008385
1214501.650638 538.073488 154.945930 -0.019202 0.007478
477760.385944 211.480266 353.428917 0.001752 0.004281
605806.972182 347.198850 499.192987 0.003598 0.005805
272576.070518 480.172842 392.484218 -0.004559 0.001509
1759240.741729 243.091108 550.320898 0.006001 -0.003244
1080301.612187 660.409206 382.894810 0.002770 -0.014597
1857771.559552 140.408128 484.554153 -0.012499 -0.012178
988850.145130 340.222293 276.480511 -0.016669 0.018757
134591.829094 309.326838 242.204611 0.015979 0.019036
96963.198901 28.466658 345.881597 0.008206 -0.003140
227820.812831 465.337769 434.956197 -0.018757 -0.010704
290631.014058 457.354942 34.512442 0.011427 -0.014452
385931.693197 569.876231 189.853990 -0.019995 0.015993
1023297.854244 396.756045 195.361061 0.018849 0.003210
589125.026292 31.420819 579.362599 0.007928 0.017485
1882412.602139 596.832303 584.048148 0.000698 -0.002079
790218.714061 505.027108 18.608655 -0.015185 0.006537
526777.357108 212.438224 140.191342 -0.007125 -0.017997
748590.766801 411.689916 457.601027 0.007597 0.000603
1324791.236466 161.854452 6.212714 0.019520 -0.013044
1179151.767483 226.002773 127.984021 0.002190 0.019215
301466.356172 396.266288 435.174455 -0.015005 -0.019484
349183.755158 415.206622 387.265192 -0.011774 0.005609
616335.581344 375.042220 543.556987 0.001712 0.011573
1910511.639859 733.611252 182.852373 0.008705 0.004279
1640005.631205 304.529086 485.097573 0.013261 -0.005309
1964468.728734 336.060845 390.790556 -0.012197 0.018996
1261209.360911 276.330514 282.391090 -0.005742 -0.001187
968463.258337 424.634618 593.682774 -0.014824 0.009441
1257770.379660 350.138669 123.616540 0.001318 0.019238
1991034.577596 391.540106 537.877026 -0.008001 -0.011718
1007596.648767 95.935677 353.101999 -0.006957 0.017958
1912045.142572 235.871693 222.809233 0.004267 -0.000415
692628.538559 190.047216 501.153233 0.010133 0.003341
609848.141023 240.812345 74.973947 -0.008229 -0.002770
1723251.459991 737.966668 520.970336 -0.017338 -0.001709
1696924.347289 50.189055 568.059665 0.009823 -0.005539
309029.791648 199.533488 289.672494 0.009661 0.002390
867302.640745 558.973277 513.645387 0.012188 -0.007811
691843.061099 120.782610 325.776133 -0.012817 0.018678
272265.500516 388.571248 161.994830 -0.009549 0.011204
1400582.436193 98.315065 421.503780 0.002883 -0.012359
320566.674844 333.334638 151.042774 -0.015710 -0.013503
1229627.376064 209.059682 246.526133 -0.016070 -0.019846
1946485.269790 425.016985 421.268560 -0.009570 -0.000764
15066.369444 140.464424 292.378850 0.002002 -0.005749
911695.870064 548.951161 505.925609 0.009032 0.017879
1245159.992597 340.425375 42.406047 -0.006723 0.020011
519428.529087 388.668433 246.957296 0.000413 0.003799
1147820.552414 101.835100 512.662264 0.019419 -0.011041
1717933.562453 767.059417 453.514784 0.002478 0.011491
183230.377819 455.275250 577.996396 0.003166 -0.015275
640928.558372 27.681184 483.082085 -0.013465 0.010352
1503776.668340 628.761664 111.330845 0.012857 -0.015540
360957.489517 65.321770 358.259205 0.003692 0.003727
380073.533570 132.277226 431.848020 -0.018217 -0.013987
1889061.825298 723.251712 66.040016 0.008006 -0.001363
1796955.322752 633.584385 20.481882 0.014489 -0.005170
306282.549308 146.665326 243.270908 0.018340 -0.006179
332156.324914 567.698850 78.895459 -0.005921 0.001293
485168.456326 426.437224 367.574914 0.013278 -0.014953
413343.113108 24.041756 173.902628 0.017090 -0.017014
883643.182406 697.214161 587.045969 0.002075 0.002831
887249.075289 360.313535 217.641895 -0.000894 -0.007463
1467432.667253 504.556460 297.443299 -0.014415 0.003560
1682910.725327 244.793666 179.403954 0.018946 0.006312
1660796.624450 172.338678 113.818334 -0.002245 -0.017783
629926.086697 520.287441 50.836531 0.004202 0.003100
318150.466456 37.482228 269.267411 -0.014111 0.003944
40123.955365 464.701328 29.373410 -0.004708 -0.017575
724761.667999 93.745616 413.813952 0.014323 -0.009780
558074.092752 559.624096 337.144150 0.003110 0.006884
438651.350531 326.486169 533.010204 -0.003904 0.014309
1885724.248311 579.294675 301.066447 -0.018901 -0.006813
158400.153815 149.265933 226.229908 0.001129 -0.007011
1952982.963972 437.900408 543.341954 -0.018952 0.017258
1927788.328346 310.913891 28.431666 0.006181 -0.010114
607879.136041 746.704468 567.553778 0.014627 0.000448
1236504.919471 67.941289 551.396286 0.000249 -0.000244
1541570.438790 358.956416 131.518250 -0.009104 -0.000956
1098586.873663 281.984482 398.117857 0.017059 0.015189
1973812.054831 722.818034 257.024002 0.015664 0.017297
717421.361579 684.508560 190.602811 -0.003736 0.000391
1128238.588166 568.334624 265.662309 0.000399 0.003048
1906900.824936 102.950344 396.671012 0.014905 0.005386
311031.282093 514.480462 50.350257 -0.004987 0.016661
1119457.958787 738.991316 161.144955 -0.010891 0.014004
295815.608602 167.753091 451.889688 0.003015 -0.015961
1365835.790227 747.049493 574.174305 -0.019986 -0.006403
933742.419320 452.115589 30.367920 0.016398 -0.016985
1254474.420685 690.198281 122.006316 -0.008476 0.009412
1674721.783807 355.309078 227.482622 0.016825 0.012739
589441.845468 384.373161 445.656002 0.002539 0.008116
1186208.380939 568.417645 547.436907 -0.006132 -0.008545
28320.921598 24.219079 132.007935 0.018866 -0.018783
1123059.363627 350.676481 356.881450 0.004438 -0.006068
1339490.994503 192.329811 126.465096 0.014915 0.001144
1892333.765464 567.929278 583.216769 -0.007108 0.005291
1580513.963280 495.675548 66.423400 0.001272 -0.012684
1628540.167412 100.858514 535.795051 0.009077 -0.001105
358744.990248 592.822633 301.637207 -0.004019 0.008495
1065496.480589 768.955295 90.492695 -0.014911 0.002956
996930.964755 638.198955 488.772569 0.008370 0.006813
685065.261407 524.128289 228.643018 -0.007544 0.019176
22284.613001 83.369957 359.975443 -0.014935 0.005242
1564209.169505 749.420158 458.044793 0.006987 0.006546
471659.941818 683.816670 242.604030 0.009527 -0.009802
234378.384535 216.592831 129.622919 -0.009256 -0.004033
1581110.075852 613.185975 117.751338 0.004193 -0.000964
1733102.233956 757.744716 78.350150 -0.010136 -0.009512
222272.466972 206.635233 219.766162 0.008445 -0.004776
7593.072023 394.637963 189.883937 0.010702 -0.013207
1961038.188991 2.135084 13.801690 -0.004579 0.009652
554464.627316 401.920308 7.460636 -0.000263 0.010839
821613.773155 227.271268 322.347781 0.004122 0.015564
24485.756655 378.603034 502.009320 -0.014268 0.008815
196372.594776 203.417938 587.585242 -0.001419 0.018573
718005.964867 374.902139 274.700606 0.007030 -0.010275
1252709.545778 525.315076 142.513949 0.005953 -0.018323
1958473.456073 741.420942 326.393081 0.019636 -0.003219
628831.249023 321.973874 421.745718 0.014048 -0.019638
1185057.482303 690.605385 289.259544 -0.002860 -0.019727
406775.272641 421.378856 156.923826 -0.012814 0.019544
452064.211691 432.976606 275.839469 0.007359 -0.011339
1391094.198167 248.861515 524.479460 0.017283 0.018345
1830316.959801 730.346845 531.860373 -0.001630 0.016149
610994.441719 618.512653 183.910322 -0.019650 0.004987
631021.334152 481.585270 292.453362 0.011875 -0.018656
989235.750860 1.600977 334.292083 0.010238 -0.012652
1098658.789461 784.745816 434.998208 -0.019642 0.006629
1883467.686308 564.297223 585.912698 0.012704 0.005473
1871849.530317 584.564551 330.773310 0.012870 -0.012429
911993.535660 102.042310 577.658448 0.010534 -0.014572
1176139.691461 61.901115 443.157266 -0.016941 0.015032
1537174.407177 456.483631 526.584282 -0.006944 -0.006939
123261.179832 700.679945 184.959828 0.011586 0.015173
1946848.674653 582.890209 354.058428 0.017985 0.001721
457599.283409 708.781211 164.381023 0.011216 0.008296
926562.791190 189.191004 501.264240 -0.000994 0.020296
1942178.605097 11.902837 45.668395 0.008384 -0.016364
1905775.863633 382.467896 397.240007 0.013253 0.012157
1975712.466974 713.750184 407.832413 -0.008250 0.007161
1128937.655654 214.885394 243.903093 -0.013860 -0.011231
1900458.380534 306.399282 62.343965 -0.011054 -0.013433
1623668.112617 549.868788 239.892153 0.005854 -0.015460
798515.523224 494.076924 76.889005 -0.000970 -0.006935
438456.544857 343.421312 482.474168 0.015170 -0.009716
1216805.763178 694.778207 90.938195 -0.008491 -0.013411
1661706.700764 681.633709 259.519848 -0.010492 -0.019718
1303971.794110 150.624991 234.004135 0.010266 -0.003520
1107963.914568 454.974391 59.190204 0.018172 -0.011406
425643.800956 282.756621 499.717597 -0.006801 0.013465
318262.858465 448.769567 155.022565 0.018556 -0.002309
1036196.117772 457.759386 186.322349 0.006823 0.014505
948553.069005 401.164121 427.531215 0.016358 0.009460
1438074.149861 447.270783 555.902637 -0.015628 -0.007478
677338.477540 530.469146 530.576073 -0.002496 0.004697
197747.041563 520.826315 583.121666 0.017233 0.019660
1601492.672973 71.916309 330.949650 -0.017637 -0.017824
1987075.958395 461.668046 375.378889 -0.007838 -0.010075
971748.938305 621.992656 449.239133 -0.012076 0.007409
974474.447302 733.616627 146.507220 -0.003446 -0.018929
1121549.802423 602.097647 413.393742 -0.002206 -0.012390
613932.794246 434.820912 504.565562 -0.008864 -0.001006
1665525.531241 62.989127 338.920277 -0.004538 -0.014508
1238773.710671 302.605507 429.379177 -0.010182 0.007289
1925637.924078 585.195564 276.320678 0.008453 0.017190
290519.337305 158.716901 507.972409 -0.004379 0.004497
1745488.432117 760.779941 219.035779 0.002465 -0.004188
1111265.337612 695.231380 563.435125 -0.004208 -0.013981
829182.160473 183.921914 135.779366 0.019218 0.004578
728391.627189 479.130726 596.048298 -0.016853 0.013722
1349985.243450 33.583539 345.838680 -0.014553 0.010158
1010733.056353 223.995804 571.455123 -0.005920 0.006802
1129411.861826 180.031354 372.969982 0.017209 0.011480
33999.050983 388.848183 393.880826 0.018904 0.015304
1606354.705806 296.517401 66.791974 -0.018801 -0.005952
1451822.744427 314.996035 570.293818 0.008760 -0.001037
1590584.168020 314.938079 309.292362 -0.005147 0.001144
538209.161040 701.102602 485.082890 -0.011155 -0.010862
958317.440449 628.437813 272.034064 -0.015989 0.008644
479655.517489 94.231715 120.499392 0.015845 -0.017028
167238.956395 558.862656 267.254994 -0.012178 0.009130
1592486.357127 737.071845 73.158939 0.009858 0.005617
1189583.299304 433.308688 20.586160 -0.015559 0.016561
1124831.962923 303.359753 474.128120 -0.005177 0.004015
37146.621401 680.330228 232.361449 -0.001135 0.018044
205026.889315 569.007172 40.986580 -0.007869 0.004302
284161.461650 310.147995 183.747067 0.003490 0.003332
68690.410847 306.429392 301.964259 -0.013750 -0.014789
287411.349028 600.406889 403.667386 -0.012906 0.014454
1171263.018237 591.751361 143.923394 -0.004977 -0.015529
1682127.158941 315.177622 577.253929 -0.010883 0.014570
1824708.168313 264.570690 346.553566 0.019216 0.005361
369206.509725 98.062618 13.231105 -0.000371 0.008402
1208981.916871 419.713349 56.063966 -0.015659 0.007257
446720.970071 201.957293 259.141765 0.015813 -0.002830
586212.983628 385.022879 101.862602 0.001339 0.014292
560717.814863 299.462282 150.816658 -0.010338 0.004121
234257.601311 123.585530 559.160352 0.007792 -0.014617
1133248.557864 703.377577 154.304302 0.003534 -0.005191
1934248.125150 153.901278 536.779430 -0.017577 -0.007946
1152133.833222 226.494637 331.624057 -0.019685 -0.012911
1965200.129880 240.638406 396.600664 -0.013878 0.013376
1034901.121182 346.002292 125.756299 0.010812 0.006921
1623246.405098 708.846499 497.103824 0.009753 0.003209
1926329.093951 248.327610 276.012723 -0.011180 0.015962
1658576.383096 150.319438 54.945407 0.008976 -0.010073
786221.519479 240.614819 318.797462 0.017816 -0.007683
1421758.733421 742.999933 365.347373 -0.004974 -0.017069
888519.625593 711.206316 307.903825 0.006019 0.006228
374128.679919 371.752119 325.720016 -0.019383 -0.011610
247207.860577 782.966900 311.754355 0.003301 -0.012042
838233.393076 329.874712 231.761348 0.000615 -0.014426
1269501.125100 723.039166 262.407200 -0.013949 0.014947
1490342.234955 701.664208 467.389023 -0.005827 -0.010057
1720173.599068 639.058288 82.441337 -0.005112 -0.001876
1589947.016719 447.933526 550.737688 -0.006479 0.003062
254199.274003 369.625213 332.099218 0.005899 -0.018210
1506623.924480 52.681853 274.411258 -0.014401 0.003090
1187558.641279 619.476758 289.276726 -0.018784 0.017647
663885.182079 620.273945 490.752778 -0.015549 -0.014782
134186.233456 776.843544 557.524455 -0.011843 -0.006224
763995.101100 799.454149 542.560040 -0.008030 -0.006497
960104.740672 341.096390 479.430015 -0.018608 -0.017003
1689167.128731 629.849927 84.532554 -0.007905 0.017117
1435140.350571 716.216903 421.876365 -0.012036 0.017047
1287450.956780 425.069743 421.445594 0.032863 -0.003060
1664884.491668 423.656196 368.405175 0.010563 0.009340
1916152.068375 115.418013 439.980522 0.014429 -0.002270
142374.806172 274.432300 522.215336 0.014832 -0.004931
1889104.925044 571.990139 98.204203 -0.016646 -0.019298
184043.514628 642.165719 547.283061 0.011782 -0.019929
1678137.485719 350.635991 319.809988 0.001622 0.016046
349432.717240 299.037869 257.511008 0.011519 -0.014605
327130.583267 597.515767 167.635923 0.015872 0.004361
1445781.852792 774.591107 571.301100 0.003725 0.013546
657045.848974 430.379969 332.772914 -0.000286 0.004918
1143416.638087 467.926688 255.001881 -0.000619 -0.004818
853229.746620 259.319997 490.940431 0.018361 0.014567
1436276.935710 106.699368 143.270434 -0.014056 0.016933
747046.145027 249.272886 400.903794 0.006107 -0.011762
555282.349025 300.280075 106.317570 -0.010824 0.018766
31011.744417 446.330507 303.841393 0.002802 -0.017975
259713.421697 113.373008 381.510127 0.002207 0.005057
30230.289339 785.613364 570.314679 0.013297 0.017663
1629124.594680 440.369825 44.848553 -0.017895 0.007952
1993199.337271 341.145285 5.771317 0.006605 -0.016814
437214.899080 754.181800 272.504270 -0.004219 -0.013117
847463.854052 328.876199 438.417822 0.017224 0.019223
1561464.248021 48.446002 73.436599 -0.003333 0.004612
1496915.452879 345.384786 358.194911 0.007982 -0.009430
1076064.875850 410.417501 489.226403 0.004502 0.002609
1028186.607653 487.291863 594.926537 0.000949 -0.009059
141764.248787 594.371000 129.961717 0.001007 -0.014467
778578.041484 759.079614 329.538452 -0.015255 0.015197
1058486.954802 720.142589 564.266231 0.005939 -0.007204
1112790.978101 319.636661 448.400708 -0.013854 -0.016073
24501.685065 553.699622 366.524189 0.013094 -0.007836
353571.678676 273.009182 548.326670 -0.013261 0.014622
375264.103699 191.551039 365.567056 -0.003808 0.010609
1493884.026769 635.063335 428.971978 -0.008193 0.016527
1188817.119779 659.918501 487.988691 0.001404 -0.000927
259519.063057 73.543382 525.528908 0.015129 -0.010177
1949033.547169 712.022382 562.397834 0.003452 0.008705
482529.103981 609.666857 35.833964 -0.013821 0.017256
1850091.109914 273.820937 102.617731 0.001380 0.009872
1871495.037280 224.835077 324.700653 0.006106 0.002960
908785.677938 195.399101 241.057907 -0.009281 0.011205
1755362.652128 318.224148 522.484170 0.010157 -0.008996
232765.271437 582.367890 98.908119 -0.018009 -0.007331
1765166.354256 236.114853 45.911422 0.017672 -0.002011
15434.920795 693.093363 474.814466 -0.012874 -0.003991
1077013.659792 90.936713 409.152449 -0.016814 0.010590
516053.778360 427.305918 5.504817 0.006383 0.012098
1576709.125925 429.789574 119.336389 0.006405 -0.008350
948767.654108 620.821568 11.959516 0.005589 0.013190
667159.362075 417.588538 74.323487 -0.003591 -0.001442
1146380.339352 334.193611 198.372211 -0.005376 0.003857
1462269.868451 722.482906 426.668949 -0.003545 0.019276
949273.004639 536.541512 309.883482 -0.000660 -0.006819
636841.273232 217.393981 520.660908 0.000697 0.017244
316267.470045 793.319904 424.368472 -0.012920 0.005284
1072709.865436 409.071474 92.524491 0.006413 0.016868
1234697.917120 187.170163 203.622043 0.017921 0.003936
1871003.135047 543.298756 300.459588 0.005839 -0.016339
968257.898916 95.999434 457.487733 -0.019869 0.004207
184803.100389 255.820528 525.679022 0.018333 0.013472
1613704.762242 94.149734 497.158015 0.000560 -0.008181
920804.219749 40.338247 484.035692 0.004738 0.008368
1455508.939668 184.692265 566.145548 -0.017315 -0.012833
1084419.887087 1.584729 515.009784 -0.018237 0.005934
1899527.167855 422.348802 461.387950 0.008467 0.001127
745706.753221 643.371711 508.927206 -0.010100 0.010552
1369434.811813 44.287341 529.081877 0.000561 0.002782
353913.564400 779.637366 371.824945 0.019305 0.003531
660308.989072 568.705236 491.853884 -0.009044 0.011121
1997036.600484 653.441787 468.671974 0.014266 0.014404
857968.969670 644.865747 232.628980 -0.012089 0.000742
1832483.595159 456.858931 194.074118 0.011118 0.012364
174050.590104 359.439782 525.173444 0.018759 0.018487
887791.815627 116.163284 561.522501 -0.017445 -0.014849
1048845.100705 314.766265 504.260558 -0.006250 0.006699
1236598.032171 273.743189 290.279267 -0.004036 -0.012068
688449.854352 662.504493 2.796177 0.009262 -0.018952
1047717.716101 518.828771 357.868049 0.013896 -0.003495
831685.772553 746.919239 516.957792 -0.008422 0.016115
1646809.537731 587.708833 29.236001 0.010389 0.011928
354697.854423 226.969475 114.985779 -0.019287 0.005136
1718570.137265 508.531577 581.772865 -0.006273 -0.018630
338487.908402 549.914325 517.491631 -0.013006 -0.003233
1776805.868268 558.752709 40.730595 -0.000610 0.001831
960078.654327 720.514452 287.242611 -0.006590 -0.012453
763596.911339 131.499128 555.748930 -0.002772 0.016996
1446903.674606 486.317388 125.218535 0.016881 0.005177
1673049.761761 619.622988 156.151034 0.012242 -0.015284
591079.477496 780.557108 482.973496 -0.013692 -0.013980
450261.526019 37.055640 509.504737 -0.008262 0.001258
788880.985598 618.718522 259.068204 0.014940 -0.015431
1247242.441982 204.388250 167.253334 0.001996 0.007424
405506.701397 218.081537 175.500280 -0.003539 -0.012426
1835863.754077 197.949309 576.687289 -0.012853 -0.017832
159031.381905 379.765029 18.530681 0.015402 0.005312
362722.217274 87.680148 407.299883 -0.018645 -0.003807
420997.232395 340.070536 105.454771 0.005798 -0.007898
580167.091722 213.233024 332.673256 0.002777 0.012609
479025.265425 617.084964 52.768420 0.001293 -0.012685
552036.800679 360.090744 258.337950 -0.010476 0.005112
969986.005207 253.880769 61.794913 0.000726 -0.011932
1471710.388303 557.560657 187.658638 -0.003400 0.009163
1430984.936390 500.606201 91.274632 0.015653 -0.009266
902052.609670 144.866019 321.002316 -0.019789 0.010004
700700.571156 195.571920 313.151835 -0.002450 0.011069
1408199.004553 571.503456 136.839705 -0.014614 0.018110
1713095.736556 495.978483 161.637132 0.018410 -0.014604
944491.339356 556.915074 498.974857 0.011379 -0.015569
1119457.834922 400.320950 441.497314 0.008485 -0.004352
8319.607940 130.609457 343.710573 0.001558 -0.013272
647061.014849 711.621342 247.511621 0.013808 -0.006850
379545.065751 439.242330 25.775691 -0.003328 0.007329
1990576.603445 218.772402 181.617497 -0.009387 -0.010667
876473.971119 589.769261 557.737815 -0.009186 0.000887
80381.552726 664.371382 13.421786 0.011033 0.001697
828036.629980 624.699347 423.185061 0.019511 -0.007206
1747623.103553 248.521089 124.667571 -0.008535 -0.013751
1072386.123739 381.153714 423.390622 0.003193 0.015738
777386.485961 459.506036 100.650789 0.007650 0.013586
801906.589792 103.863974 346.025248 -0.006797 -0.003961
197987.358178 296.206761 138.055200 -0.015154 -0.014133
1545926.498969 428.239459 556.337360 -0.000625 0.001114
492654.834172 281.842346 500.255734 -0.001418 0.005293
1978982.283724 792.813716 69.232513 0.007764 0.002808
17631.095842 66.322444 86.557472 -0.012956 0.010998
1966499.848276 461.679439 543.381937 0.003131 0.015499
611006.784537 527.310079 167.155144 0.001453 0.011210
850069.038966 247.130935 189.683909 -0.005917 0.011501
1676786.882652 478.994192 83.583273 0.006886 -0.017866
1557780.060711 529.502675 26.254382 0.015765 -0.005738
1227310.625476 722.623798 263.183586 0.010872 -0.017840
428616.731627 592.277267 393.474670 -0.015227 -0.007965
1127178.874392 340.193645 576.385075 0.013663 0.018423
1480731.590409 213.053932 162.138237 -0.017758 0.004782
115335.758829 715.316440 130.609506 -0.012097 0.002659
541498.807511 781.051210 137.052212 -0.007429 0.014831
1167776.423119 742.279022 464.373243 -0.019064 0.007410
1705487.274428 189.980738 255.865623 0.000331 -0.005719
1455042.508177 58.097697 469.381927 0.007515 0.016568
1485351.840726 341.854371 108.580869 -0.019524 -0.000650
1600046.444498 55.895654 226.845758 -0.019284 -0.009273
1889695.885540 230.398607 146.817792 -0.013086 0.004136
230475.999522 605.632204 319.114396 0.015524 0.011182
434670.210087 593.458689 10.123749 0.005757 -0.009959
748135.628527 296.905177 193.356692 -0.013695 -0.017657
474188.291689 718.679873 292.470202 -0.003299 0.016312
1941577.332067 174.354876 588.709671 -0.006020 -0.010634
499196.726130 235.236776 314.416174 -0.000249 -0.001311
254300.674542 487.644704 134.032943 0.006357 -0.000091
6325.354803 700.324895 143.998634 -0.019183 0.000816
980919.682878 315.850401 534.901321 0.012546 0.001981
1900851.625903 40.313515 269.175991 -0.002561 -0.001267
719689.197242 326.312606 412.220119 -0.006341 0.010293
1844748.197982 472.763952 30.428902 -0.002164 -0.016574
1036199.990211 459.091915 416.487674 0.009647 -0.010740
385683.919483 595.663929 65.111597 -0.002694 0.010617
1256102.471266 738.632036 95.925632 0.000671 0.009834
1419511.694191 375.624980 472.617007 -0.013638 0.016262
511292.832210 415.007435 189.464751 0.017689 0.014398
145034.134456 691.411025 270.255884 -0.015048 -0.007554
1071721.370831 513.314296 530.733186 -0.010798 -0.004670
233847.819378 338.351359 77.163222 -0.011020 0.014215
1786277.592083 682.091425 467.481113 -0.017902 -0.005090
1031918.257955 609.761079 505.865318 -0.007877 0.016826
1499349.890975 446.581665 263.473035 -0.017358 0.000063
597617.807145 110.171104 219.201030 0.010000 -0.009540
1353622.215499 228.352331 541.944674 0.002466 0.000630
573296.933702 542.694116 563.763063 -0.003404 0.016137
1590131.532210 246.362830 453.850691 0.002997 -0.005561
258416.177825 72.691921 73.676915 0.018867 -0.004269
87595.200207 577.085358 571.517172 -0.000686 0.011451
906233.425674 625.661254 554.269809 0.012748 0.001244
370032.188655 396.128104 489.577235 -0.016462 -0.017731
664767.085884 299.705216 441.621096 -0.009137 0.011578
1278253.811075 53.079352 58.615831 -0.004140 0.005627
916040.443311 420.036489 438.715336 0.003227 -0.000152
249204.321880 499.442995 130.474738 -0.016940 -0.015705
8661.484350 424.238945 533.514582 0.017142 -0.006054
841302.204338 90.236634 506.282328 -0.010488 -0.011969
1802783.200425 455.837033 346.020333 0.005478 0.013643
731632.451868 220.871746 544.654892 -0.001432 0.006858
1096714.972098 736.864900 118.101827 -0.008811 -0.000017
1386984.768969 323.687484 76.221486 0.016467 -0.000750
469499.863903 732.354609 6.720593 -0.015017 0.013789
718651.906922 435.590469 574.452529 -0.011854 0.011250
316653.122342 84.177916 211.242099 0.009774 0.009330
385530.231700 79.923607 10.911021 -0.015988 0.002562
1379939.433830 519.243020 291.358734 0.015437 0.017158
1974529.288697 463.898135 199.397121 -0.015479 -0.000371
1626419.535664 279.547383 244.583541 0.012971 -0.001066
503204.831157 146.329965 10.733366 -0.011631 -0.004513
1600260.999799 293.243713 294.705314 -0.013930 -0.015946
467442.890847 275.475844 121.036619 -0.009919 -0.002202
1530910.291491 753.206591 56.400115 -0.009997 0.013164
43405.273949 190.023848 245.200855 -0.005811 -0.005900
1801413.789299 133.634358 421.089604 -0.007681 0.019664
348673.859774 447.719896 104.871536 -0.012290 0.010750
1122384.702378 793.624342 81.008594 -0.017905 -0.014238
474000.488629 229.284915 293.428926 -0.002438 0.001552
1867761.544822 162.995905 288.121280 -0.018877 -0.001831
617712.498930 39.473170 415.342344 0.008737 -0.003855
88793.583256 494.974479 342.613938 0.009868 0.016987
1123119.018564 736.070857 291.751489 0.009397 -0.015511
510837.786138 237.619671 62.714273 -0.004343 -0.005989
498234.962345 502.573094 381.680672 0.009529 -0.017333
350510.791107 537.728794 162.791384 0.006239 0.007962
1451432.125387 771.431668 449.255065 -0.003343 0.007325
303273.376219 370.188477 180.084775 0.008882 -0.011672
454803.713809 227.065062 76.266469 0.008588 -0.019208
480071.545802 775.576343 189.892565 -0.006234 -0.005565
1333575.176696 474.945056 592.982577 -0.007812 -0.006722
110627.538576 382.896752 2.076538 -0.006978 -0.014564
1406769.050940 41.603590 59.204002 -0.001894 -0.001186
1561676.394922 482.441629 559.432567 -0.016755 -0.006990
281255.947557 246.843754 365.067191 -0.009254 -0.019074
1257382.930842 407.173829 595.914114 0.017796 0.014125
706537.016996 489.597418 268.657824 -0.006335 0.016642
1558318.719993 317.955204 236.920222 0.011338 0.008938
1057752.200895 389.343685 465.703433 0.005108 0.017513
491364.625511 326.462266 325.147171 -0.012863 -0.000410
1734950.389590 255.142476 479.265219 -0.000928 0.003494
1643357.573842 84.524785 57.129704 0.012570 -0.017967
1898263.090243 134.004850 397.727134 -0.004150 0.000394
1157183.811607 140.771720 544.346072 0.018935 0.018337
1260090.642264 401.523102 266.757640 -0.003781 -0.014823
767107.214205 521.380267 323.108810 0.016995 0.013179
55740.578126 634.651305 88.919376 0.013036 -0.009274
1471867.368311 518.846193 224.896671 0.013030 -0.001641
851158.514084 624.389913 377.817008 -0.016458 -0.012918
279214.015361 533.229294 211.725069 -0.018177 0.005622
622537.959657 541.204683 84.937420 0.010262 -0.016718
543551.074594 112.244565 439.453081 0.012673 -0.017359
1125283.938425 670.327639 515.182596 0.008430 0.006540
255944.995329 357.693077 187.240871 0.000113 -0.008834
1549879.616848 742.666330 35.491996 -0.003803 -0.019306
474171.187949 435.850580 410.429950 0.003574 0.003647
648167.413030 720.789559 160.409034 -0.001353 0.006305
697835.028496 590.059771 478.478020 -0.016725 0.001913
1725670.433475 515.886668 231.188359 0.008693 -0.005463
99429.388577 679.243005 481.615936 -0.005521 -0.005938
163663.104253 109.400558 168.314310 -0.008493 0.000292
594763.153510 303.445553 52.533642 0.019267 0.018779
1355525.087265 244.697374 521.973509 0.017873 0.010911
1053977.892294 234.883833 305.695735 -0.007018 -0.004946
115031.983757 149.723512 12.593327 -0.002311 0.016320
752375.869431 393.918392 454.905287 -0.012792 0.014193
219437.964363 208.647364 595.055787 -0.004391 -0.003925
1068114.026016 550.187209 468.989444 0.004834 0.006843
1499866.051366 239.055506 584.343058 0.004747 -0.010277
1491842.997955 116.968844 322.394485 -0.009736 -0.001140
1826279.228472 250.870330 395.072411 0.017314 0.010248
1133058.067007 247.620086 149.328571 -0.007039 -0.000440
207507.431604 346.767495 450.132723 -0.016174 0.012959
304737.184339 504.152175 306.815201 0.017353 -0.009999
361247.467977 546.657935 329.423776 -0.013808 -0.007882
1585793.637478 720.512081 269.499831 -0.006772 -0.013801
1841064.114050 194.791657 281.437111 0.003174 -0.012873
451362.950938 116.089650 291.963990 -0.001005 -0.001228
1950936.490647 462.855068 542.098881 0.008245 0.007749
1454702.783122 701.837129 182.495455 -0.010451 0.012478
1108684.254395 335.411247 297.097715 -0.015856 0.002984
1596490.624173 717.013896 285.019139 -0.011741 -0.010700
1263706.185512 134.408255 282.356971 -0.015934 0.009881
1294332.516982 261.333040 535.584262 -0.014660 0.012052
723046.520130 87.222226 228.281804 -0.009398 0.013366
107937.715067 793.556791 427.013632 -0.005724 -0.010805
1046872.077066 729.186841 390.100405 -0.019328 -0.019448
450965.188654 653.564371 546.967750 0.008021 -0.017422
278162.196408 266.309263 139.801670 0.004373 -0.002629
1960316.196066 205.511620 456.637094 0.014895 -0.004393
1125740.257616 187.493423 299.749314 0.017719 -0.000063
668170.334151 797.055940 294.312551 -0.018176 -0.005833
1443825.863043 455.572416 159.979931 -0.005091 0.003542
564375.188464 478.350373 242.721424 -0.012222 -0.008030
938961.728913 266.993492 379.561222 0.008084 0.017699
132214.712972 546.479874 119.636980 0.013242 0.002216
1179224.623916 311.798632 473.238457 -0.016466 -0.006665
575213.267736 338.869158 197.894752 0.011048 -0.001204
1368718.602401 400.599421 23.761957 0.018035 0.014939
1254302.726711 186.029712 282.727460 -0.018673 -0.002902
1541011.519516 401.083793 456.344839 -0.003914 -0.011859
1407684.757098 375.207895 531.888609 0.016144 -0.008175
883750.411162 393.979606 411.730291 -0.010657 0.003295
38293.802197 414.632872 2.970018 -0.006037 -0.008102
949396.727117 26.712648 478.657156 0.000585 0.019411
1340193.529306 112.410084 130.086074 -0.014311 -0.013068
1289556.392138 729.453777 404.446443 -0.003803 -0.007431
1756783.113702 87.935962 469.338469 0.010550 -0.019633
157687.638028 165.870757 303.278013 0.010624 -0.002491
175039.783202 626.912225 573.490146 -0.016272 -0.014667
506304.289450 453.577383 99.519317 -0.017961 -0.016728
301433.914481 576.123909 133.594371 -0.005335 0.014518
790027.673724 9.849072 464.110873 -0.017203 -0.003253
176035.711624 758.529689 317.107433 0.014814 0.008522
1081972.172988 759.447699 552.173581 -0.018210 0.008650
715741.816310 107.085244 299.062034 -0.007415 -0.010926
1263880.632475 454.164108 476.679169 0.011933 0.004699
1751026.801649 758.954558 202.568538 -0.016139 -0.007304
399196.095951 394.539958 198.009411 0.019023 0.002412
1496994.359185 48.806534 306.242958 -0.008912 0.017283
445396.929255 653.832756 529.536249 -0.014299 0.014553
1193553.106484 400.079320 599.247104 -0.016141 0.012558
450224.472419 581.620432 229.310074 -0.019238 0.001037
1999453.321099 715.807871 285.498190 -0.005070 0.019583
1584501.028799 429.433230 291.136445 -0.015109 0.000408
94458.571679 696.589036 342.707171 0.002272 -0.014107
1007827.074736 623.659423 579.403963 -0.004562 0.016870
1658558.308919 786.461567 253.377886 0.013091 -0.016890
475365.567242 42.242625 483.155435 0.004485 -0.017023
663714.367274 495.913323 580.601089 0.012243 0.018214
1919117.403179 479.324814 296.816366 -0.002182 0.008832
9624.167350 393.667484 354.843611 0.003061 -0.018038
1478876.057770 64.513744 497.190669 0.007934 -0.001373
1502145.321808 426.731278 269.325444 -0.013029 -0.005540
1054818.871922 329.189530 247.995401 -0.006669 -0.018738
972186.690649 532.079496 390.607330 -0.001889 -0.001122
1216433.286302 329.772597 43.114182 -0.015878 0.014305
1585452.240699 85.817781 209.813993 -0.004612 0.007204
796849.675848 99.143451 458.884627 -0.011037 0.013101
461377.134761 782.716492 217.191925 0.007162 -0.013907
1447663.852688 165.423169 338.349038 -0.014477 0.001612
1190708.408687 498.926774 123.000556 -0.010151 -0.016988
1355477.244293 683.918410 294.211399 0.009985 0.018270
694211.989964 433.611397 39.140966 0.007888 0.017088
1497031.391364 75.974711 30.336710 0.000515 -0.007105
1759090.904966 594.598214 180.099665 -0.010325 -0.003075
904928.793621 772.273377 377.936848 -0.019362 -0.015855
341892.055395 489.230981 436.907672 -0.004948 0.014343
1609370.418642 43.264686 427.890196 -0.008196 0.012132
1339833.364515 513.385707 206.963807 0.009410 -0.006433
543533.833951 386.277559 260.210146 -0.007100 0.019801
1510075.678821 161.316341 443.600511 -0.017784 -0.002231
325429.097901 406.482279 246.050505 0.011719 0.000969
1027532.088117 771.081124 81.325569 -0.010374 -0.006352
1987715.010526 37.066354 236.865950 0.008278 -0.006371
396776.620483 301.222458 588.826520 0.001749 -0.015585
639902.701899 652.487616 356.110572 0.010136 -0.014495
1179865.857204 406.207281 204.088000 -0.006850 0.002536
1568458.621189 393.382030 42.437849 -0.012226 -0.008581
1190290.628555 566.638260 150.028646 0.009234 0.017978
1180185.991889 580.249029 597.281542 0.019393 -0.002781
672088.553511 146.632360 484.892683 -0.007351 0.009073
1837656.663655 510.366121 325.336349 0.000515 -0.004371
1360614.323691 81.825864 539.219811 -0.019201 -0.002738
924125.776125 643.701288 554.971414 0.001315 0.019938
418950.309241 102.564662 424.462481 -0.001742 0.014295
1312754.557148 39.299379 349.961144 0.006066 -0.018669
30587.249450 790.677383 130.360689 0.012903 -0.007755
1889215.610870 593.543551 566.140886 -0.000536 -0.009825
669560.509114 133.607624 214.303555 -0.010654 -0.012489
1579576.984783 556.702460 595.113301 0.008580 -0.010891
1982244.182370 738.962461 214.097849 0.007923 -0.004708
432350.935616 283.793170 258.350310 0.011986 -0.019762
930735.730068 652.497382 596.732607 0.007309 0.005524
600671.720971 501.797722 227.949319 -0.010191 -0.015427
1270601.892504 463.668200 169.369836 0.019708 0.012515
938976.299455 626.141870 304.956733 -0.001541 -0.000142
1474031.937064 361.934136 251.822464 -0.016249 -0.013952
1605130.416157 247.920791 302.843853 -0.010658 -0.015581
1023340.410098 559.397694 555.341280 0.000248 -0.004726
1128556.229700 645.476767 5.417913 0.017755 -0.017954
248420.950141 463.962737 377.860989 -0.003955 0.002723
884577.235619 700.814686 213.282266 0.018008 -0.006573
1704879.713107 549.856825 474.324389 -0.009092 0.011207
1882055.445519 60.128852 54.901941 -0.002171 -0.007614
404206.608610 766.079528 4.968513 -0.014895 -0.001426
780987.060993 553.610249 162.353470 -0.004036 0.005501
642018.800900 419.909665 130.542925 0.018033 0.017213
1579863.075903 314.058626 483.432570 -0.014207 -0.006285
286431.929230 798.846046 18.452085 0.017334 -0.009137
1625355.291937 699.853827 207.416968 0.016181 -0.007135
1310099.705732 85.394748 166.998563 0.006569 -0.010597
1485499.756171 42.673624 555.878561 -0.019455 -0.001833
1126826.147142 267.564304 586.880521 0.011210 -0.008631
1817754.082297 456.417355 406.860885 0.008593 0.008648
42605.713030 686.044020 428.660151 -0.017675 0.011554
1969490.396776 691.906701 399.693953 -0.006760 0.010785
1972945.507603 788.395001 525.786762 -0.009410 0.005963
221002.463354 5.947008 421.386170 -0.018498 -0.019155
314139.836614 480.036283 213.031690 -0.014577 -0.004773
1280098.799281 35.357600 570.878849 -0.007263 0.010337
1334025.561499 271.204987 370.265731 -0.004776 -0.004326
817314.073824 292.239446 154.131603 -0.017001 0.007868
52254.755074 49.066881 409.179794 0.016104 -0.006936
662711.798522 9.768008 200.019878 -0.018611 -0.018000
710212.109941 153.335033 389.967867 0.008413 -0.006921
61999.699130 280.730333 222.960676 0.019300 0.006750
261157.692532 519.496376 3.999940 0.009910 -0.018773
797766.605764 125.340037 237.295114 0.006227 -0.010771
184709.901076 545.528396 175.161877 0.010991 0.003320
1235796.007903 85.142746 357.613934 0.018099 -0.014396
1292608.929469 245.445137 198.617840 -0.008136 -0.019319
1317389.029692 261.590439 220.480669 -0.018787 -0.007607
71927.786838 128.100725 575.571429 -0.018266 0.016308
1977614.946653 353.659652 38.633990 -0.004646 -0.016064
591803.305127 381.716112 467.356697 0.003519 -0.009936
726241.200569 164.895271 214.232558 0.018394 -0.013695
995710.504705 485.069710 279.094492 0.013157 0.016102
963862.695249 390.936872 138.006457 0.013992 0.000726
1079147.418532 708.512548 407.755437 -0.000011 0.017195
1174876.041326 389.789245 223.023900 0.006099 0.014866
937689.950195 758.433279 209.318043 -0.010088 0.001401
1200871.358253 489.408270 445.051268 0.018307 0.002829
1798372.363578 364.557611 105.953731 -0.005458 -0.008566
158766.744732 676.381182 464.407631 -0.007579 0.007847
584123.108808 679.566738 348.468743 0.018824 -0.006108
1019930.488905 447.105248 500.308884 0.015240 -0.011567
1412068.961846 279.586312 95.605511 -0.017818 0.003955
1390465.348675 524.169676 125.719458 -0.002530 0.004550
1560588.704217 269.255679 41.647859 0.018291 0.008016
709118.110458 28.938475 327.167666 -0.014851 -0.006239
481739.437432 336.559723 116.838532 0.012837 -0.004336
1084185.081108 265.363268 569.648092 -0.004950 -0.011495
321427.933090 65.758693 337.445772 -0.007389 -0.014416
322096.383349 12.002293 475.473431 -0.005157 -0.001926
811598.476400 120.544982 472.511168 -0.000996 -0.015689
975828.599639 663.172458 87.095301 -0.018663 0.018325
980873.326296 219.595397 226.510963 0.007421 -0.016146
1538962.265262 182.128434 256.894515 0.008811 0.004164
1281944.833362 703.763771 411.445081 -0.011792 -0.012041
1646853.441208 292.069926 129.258833 0.004642 0.009422
1334224.681991 17.362536 531.646797 -0.001770 -0.000139
1987979.200663 754.178078 196.109059 -0.014456 0.019106
567825.405192 503.274566 150.335733 0.006552 -0.007395
693992.653253 345.445396 324.688618 0.011076 -0.013995
290886.182473 333.070693 18.614597 0.013265 0.004817
461579.700216 523.993862 590.705837 -0.002174 -0.009186
1440439.939238 90.484520 175.714007 0.004269 0.002722
1578856.275221 479.896138 306.997814 -0.015376 0.009517
975708.803616 319.802085 220.225353 0.009549 -0.017520
1363849.989774 68.302502 296.126918 -0.011054 0.014432
1287670.666020 295.375858 165.731240 0.006991 -0.011978
1793086.186886 724.714016 513.292349 0.015254 -0.005942
253419.465503 481.217457 278.346481 -0.003112 -0.011664
65064.939701 167.154340 484.768253 0.001754 -0.007021
1093948.624606 25.725345 434.615263 0.016613 0.010813
1570950.974510 477.071736 513.922574 -0.008901 0.012841
1433502.711092 738.295055 113.603462 0.019698 0.003923
779698.448619 711.737480 301.729403 -0.010206 0.010883
1707668.152502 297.651151 224.026285 -0.007287 0.011692
1161722.038482 280.466713 0.722175 -0.004412 0.015801
650195.260835 748.435687 556.059421 -0.018000 0.014026
1393276.303724 667.675030 268.028921 0.002112 -0.015477
534900.189626 215.527955 21.004689 -0.001728 -0.009466
1264731.390059 676.875416 91.332356 -0.014608 -0.016305
1848317.172308 790.768689 278.418292 -0.008137 -0.007734
512088.236637 702.161129 394.332425 -0.009745 -0.009290
1104225.446984 465.394652 121.959338 -0.000860 0.005242
107543.810321 140.002879 279.418338 0.000014 0.009134
1156781.673039 614.902877 598.058020 0.004540 -0.011019
520065.349769 196.812669 42.882784 -0.003472 -0.004753
327390.441823 269.719697 221.905262 0.005100 0.005372
1353004.063178 707.097339 306.935611 -0.006563 -0.014394
1558240.596931 709.364863 433.374221 0.019291 -0.005446
706633.334377 29.053185 323.759753 0.012773 0.001570
534505.464385 317.449306 182.884213 -0.009437 -0.019550
1061346.780072 419.651986 154.541632 0.004142 0.017547
1275778.349152 612.378370 164.493723 -0.019705 -0.004258
1816858.008419 547.159517 166.421858 -0.003177 -0.019285
837596.447597 159.392663 542.285717 -0.014382 -0.012770
537634.699856 395.954344 130.513289 0.012327 -0.007454
1509630.032587 60.069319 426.052887 -0.021188 -0.008666
1442342.147903 473.229931 518.420953 0.019150 -0.012309
1603574.954720 492.417957 575.715615 -0.016942 0.004952
706735.606634 787.737902 184.452260 0.005232 -0.003789
651319.147391 39.956322 362.535904 -0.010788 -0.012362
1573016.600485 398.566368 411.510936 -0.019883 -0.007691
1998835.487291 607.479283 229.917704 0.008383 0.012771
1445522.677826 344.831433 246.201329 0.003483 -0.003642
1207599.107738 311.282546 14.987991 0.002531 -0.001357
1297106.122271 733.610025 269.838878 0.018185 0.001911
1709409.523620 225.381963 358.928893 -0.001619 0.000459
1579454.636005 196.692363 6.057412 -0.000960 -0.009977
635151.660366 380.399156 5.311927 0.008019 -0.012583
1657542.871152 338.223314 369.166305 -0.010417 -0.019597
50074.195513 674.036439 239.524935 -0.017993 -0.003741
1728956.987955 558.732885 193.753295 -0.007450 0.006137
1741304.677791 135.048187 562.015294 -0.001256 0.005092
896425.988943 206.825767 524.677931 -0.001644 0.009360
248631.410417 620.677917 125.809720 -0.014673 -0.000941
789536.960791 769.490933 539.509639 -0.019588 -0.011932
1819863.026878 28.472677 26.445079 -0.007622 -0.016554
901731.744829 139.244878 470.682461 0.010946 -0.000475
878442.611954 515.262452 393.703680 -0.004974 -0.015490
569936.175165 658.851665 222.794365 -0.013645 -0.008690
212161.644461 226.561238 35.245800 -0.007364 -0.003280
1070836.321949 568.395998 227.855775 -0.002613 0.008852
1162154.364009 276.086186 454.413595 0.005037 0.006166
1685995.778854 61.414446 497.109147 0.005339 0.014020
631794.399876 53.781591 296.590549 0.018917 -0.002288
