120102.793966 630.333431 121.548401 -0.006113 -0.005546
269277.329682 299.810267 156.393540 -0.018292 0.015145
1260731.205931 302.406805 191.680211 0.013058 -0.002954
973263.179405 633.005840 572.849047 0.008489 -0.005942
1683880.506867 289.015106 229.123954 -0.016811 -0.013039
1760997.696668 175.548188 580.191701 0.011723 -0.019810
354965.669268 681.912636 474.459116 -0.004796 -0.012066
306862.422408 411.967896 346.467532 -0.003478 0.002349
913598.742761 35.081669 562.774325 0.011168 0.014845
723511.401901 210.141565 398.009539 -0.007305 0.019055
27418.055584 126.955010 203.024676 -0.004124 -0.010449
1026719.971107 221.745072 272.760460 -0.000715 -0.017197
919235.655535 527.134483 552.582422 -0.009944 -0.018419
247720.705461 324.321943 333.859104 0.008064 0.012670
229642.751734 125.370194 517.355982 -0.017957 0.017115
1463437.116455 330.357688 119.036209 -0.004252 0.009167
349002.480669 325.729609 534.150062 0.001426 0.011157
253345.397419 21.900348 48.653693 0.003293 0.000360
301882.374241 33.024108 100.858561 -0.017028 -0.008249
417897.793659 158.471610 420.070924 0.010563 0.015940
1032678.423930 703.008708 34.743010 -0.004922 0.017258
1981626.739717 86.378842 206.288261 -0.012567 0.000536
148080.320166 291.298269 546.368123 0.018534 0.015036
1426235.401736 72.568859 542.677415 0.011809 0.006900
826207.458426 756.265045 428.058671 0.003241 -0.019249
17939.873048 633.138126 129.741556 0.008256 0.002248
229060.592236 178.530028 260.744311 -0.012964 0.003878
729567.630556 129.828534 425.624589 0.008460 -0.006098
424191.899795 625.288931 428.334108 -0.015118 0.009725
1179453.697605 667.585963 501.753514 -0.000354 0.005134
1017047.714916 724.764241 344.252066 -0.011066 -0.000462
1184883.571782 186.745738 168.624900 0.012299 0.017680
1669257.284919 737.920664 97.720799 -0.009183 -0.017116
1530870.404807 506.855812 153.061813 -0.001091 -0.006387
1211583.405366 549.566833 75.544479 -0.007256 0.012401
1741377.547263 727.275750 385.792267 0.008302 -0.003738
544004.606336 172.744408 185.159477 0.013873 -0.002454
1594854.852927 349.696772 402.235243 -0.016924 -0.010149
1223177.906695 729.815318 101.153314 0.010916 -0.013230
527324.168257 433.123206 487.400882 0.000762 -0.019359
312490.830343 99.600455 422.344065 -0.009890 -0.003003
1025907.483430 120.676569 212.248375 -0.013729 0.014356
1509229.653286 341.685931 43.467724 -0.018318 -0.009523
1023852.793045 688.016680 428.313017 -0.012674 0.017493
1918069.081343 635.056852 509.739025 -0.014809 0.002795
59433.087734 314.667611 68.112173 0.013711 0.016465
257531.464220 800.701054 21.657185 0.013264 -0.008800
961609.428265 277.386185 259.692890 0.013382 0.000053
582120.371322 470.037018 558.563970 -0.005431 0.005984
408974.288222 701.883141 306.383274 0.016864 -0.017671
899929.745542 700.245216 511.507758 -0.008030 -0.019850
849952.291162 263.278331 237.527596 0.001514 -0.013092
617567.269419 532.324478 103.649493 -0.006174 -0.000012
907629.657959 661.982493 507.072160 0.015502 0.006304
693382.430213 141.681835 148.678967 -0.008905 0.001675
1797970.130014 385.084286 250.740202 -0.003515 -0.004093
955435.349120 688.558793 163.819458 -0.006709 -0.013567
557659.864685 605.932471 293.218480 0.007012 -0.008253
1324351.926951 788.421670 575.528025 0.013335 -0.006828
917046.023028 230.578517 93.368448 -0.007869 -0.012890
1632997.046985 518.898236 212.741196 -0.017505 0.017136
1790149.784549 770.115077 244.816523 -0.007398 -0.004936
1613713.184192 631.955343 140.475912 -0.016806 -0.015060
791753.703166 288.744663 527.006685 0.015413 -0.018596
347958.385175 437.207125 12.006309 -0.014656 -0.004599
701432.257286 473.868306 403.523591 0.000328 0.015836
1693039.169392 258.538757 326.868670 -0.012036 -0.004483
944105.254926 76.533949 210.555798 0.015379 -0.003688
1451122.988691 550.873168 119.994264 0.018415 0.010779
644142.737912 284.884392 76.479427 -0.011886 -0.010296
328294.663843 300.173496 473.821998 -0.012055 0.000432
344141.964030 428.950797 60.316148 0.013704 -0.018296
1995072.262359 551.879414 220.853987 0.001687 0.015583
1509670.835691 10.980245 591.220729 -0.015719 0.015779
783939.521193 665.506554 350.213757 0.003504 0.011741
702233.533702 730.424758 88.924977 -0.000806 -0.015166
783487.379916 514.237944 295.391032 -0.012689 0.013064
1976.599918 281.947894 217.453193 -0.015848 -0.012069
812477.567611 81.105823 532.166910 0.010930 0.005819
1551513.418346 422.782790 395.165043 0.010373 0.005368
1106838.468046 120.596170 279.829124 -0.014507 0.009729
516376.429478 389.551962 394.467735 -0.004431 0.018386
1541877.001311 639.085364 367.207274 -0.009509 0.019228
877046.727052 211.112831 200.343704 0.012100 -0.005350
1062152.807164 166.425364 281.146058 -0.003289 0.019331
220503.739184 155.183866 306.356474 0.010783 0.018104
285758.867062 257.673328 62.725247 0.004286 -0.002103
1694852.848395 693.286070 566.564012 0.000270 -0.009276
1823523.613542 219.381868 44.369150 0.000930 0.001480
109429.840049 768.248878 480.173277 -0.004465 0.010483
331166.874772 736.414704 582.173893 0.005308 -0.006561
1904142.131984 594.088595 318.593818 -0.001591 0.000434
967910.745632 483.346941 499.138978 0.003513 -0.011505
581591.096978 348.311516 48.295877 -0.010676 0.017477
706572.319710 117.951865 128.453138 -0.003029 0.006880
1499518.371885 385.560487 378.977702 0.001971 0.014870
785875.055374 571.478102 474.325874 -0.005470 -0.006111
257524.722376 253.037956 54.520032 0.006482 0.011230
1201976.699383 114.796249 229.027033 -0.002613 0.009274
1186503.038363 580.117342 102.025728 0.006812 0.018383
215485.423904 20.014457 64.822469 -0.007111 -0.001910
1555844.913030 56.596370 560.902387 -0.003705 0.004790
1610655.802121 641.148903 200.185458 0.003832 -0.013391
1363983.919548 580.711336 288.270983 0.010879 -0.004605
515601.680854 298.585688 317.779335 0.005558 0.012245
521772.659627 185.408816 319.727750 -0.002811 0.016112
984056.433190 429.835924 558.516180 0.003418 0.013499
764465.851134 302.137626 558.166775 -0.007319 0.011434
1098768.237559 98.365296 353.014576 0.014521 0.008861
1505133.839094 452.392148 265.790522 -0.010765 -0.006522
1656881.889169 392.680322 425.781928 -0.005621 -0.014825
1035409.796534 493.353323 216.164293 -0.018001 -0.018101
532033.862794 432.311040 349.788523 -0.012179 -0.014334
885049.308131 462.040567 312.581507 -0.005100 0.015764
611963.250959 737.773523 10.552777 0.015693 0.012230
1469794.933437 516.240096 223.765867 -0.012330 0.015676
1419313.830053 5.349144 222.180642 -0.003134 -0.005433
1001399.715897 751.406666 590.089654 0.014476 0.019430
57920.523946 103.107471 316.824276 0.004572 -0.007020
1340168.589419 43.927738 541.123291 -0.012372 -0.002908
1593328.125585 397.179701 208.987050 0.012551 -0.004453
308175.125303 438.510121 21.686395 0.000908 0.009148
1829796.170737 187.808922 440.382758 -0.008567 0.006237
194622.977727 628.213565 356.850506 -0.016820 0.005972
1163384.351490 85.619529 466.996588 -0.015178 0.009284
203536.384834 623.300347 467.176032 -0.019844 0.018798
408990.508136 640.569596 279.691816 0.002491 0.004644
1709918.606891 566.657384 96.524446 0.015810 -0.010595
1776676.395804 644.414591 280.104340 0.004760 -0.016392
248411.979642 575.719353 526.983137 0.008750 0.011925
1052401.075630 239.685270 543.529462 -0.007830 -0.003526
1254879.329007 324.199077 114.356594 -0.003715 -0.003553
322021.593490 487.273476 125.212437 -0.002640 -0.014522
1647379.426121 386.399649 521.364168 0.019419 -0.005110
204691.412954 699.218779 106.323179 0.002784 -0.000168
536197.156895 555.117551 128.619301 -0.014204 -0.003477
25648.950611 538.125686 429.035416 0.016651 0.018925
247729.502734 436.776466 229.421222 -0.007398 0.018031
1580350.309415 379.572391 335.027359 -0.020011 -0.015903
1443766.372951 659.248247 351.211075 0.003686 0.012393
1912564.341869 554.120945 409.396073 -0.014677 -0.009431
357511.299829 321.050535 575.546440 -0.004461 0.001830
744693.135258 324.126743 130.736219 -0.016541 -0.007027
387589.365424 167.838514 523.088689 0.002988 0.000947
1645202.005117 291.552554 -0.186915 -0.004717 -0.005350
205411.871060 83.805766 113.632608 0.007516 0.007849
1996032.971887 514.993081 234.054079 0.007595 0.010238
1306804.762830 688.180704 106.491779 0.004502 -0.009854
1450619.077985 788.800030 394.856866 0.017707 -0.017183
1969754.747101 110.819818 168.554304 0.013577 0.008608
1609086.544071 544.010335 45.240463 0.012194 -0.017508
883645.576836 726.219923 99.704670 0.005835 0.003603
1722771.757153 502.303357 142.177417 -0.009968 -0.007541
28763.775727 722.516458 101.812989 -0.011903 0.000469
845989.907554 733.553104 301.516282 -0.016759 0.014403
1143645.596292 54.726964 600.582459 0.014093 0.016916
1423342.375748 525.834286 361.894162 0.011471 -0.001578
1329764.171191 185.048482 221.952194 0.013251 0.014450
1926056.274178 553.061079 294.632555 -0.012013 0.017728
1598411.507718 173.022128 507.766428 0.018778 -0.003702
726058.746095 314.240875 195.438292 0.014548 -0.001021
375371.614646 348.221952 324.699851 -0.012702 -0.008685
932014.105344 718.162571 567.162321 -0.017145 0.007059
811741.037672 587.926826 550.871058 0.010982 0.002649
1557690.799962 589.549146 155.144976 -0.009262 0.017505
399385.155365 53.079253 90.966961 -0.018130 -0.018560
1122038.441301 328.277045 256.458946 0.015488 -0.009127
1805346.826001 59.620520 425.662276 -0.013597 0.009511
1995636.369100 729.415435 97.338441 0.017696 0.019514
1695958.700821 279.218674 427.655257 0.010651 -0.015091
558004.577904 435.846680 516.893704 0.001464 0.012500
1597187.265566 589.537436 528.955086 0.018088 0.011276
1833981.536251 409.959126 114.597744 -0.006178 -0.003985
929917.220459 197.623391 284.935228 -0.013231 0.007517
1471826.909795 138.834600 361.041460 0.015873 -0.015403
1165988.196230 595.106137 277.982454 -0.008203 0.000423
1172216.120722 460.751445 32.182458 -0.002217 -0.015465
1736107.381869 196.597461 508.066571 0.009950 -0.012187
1259741.624473 533.193411 424.837642 0.012848 -0.019580
218963.730251 229.119280 155.173030 0.003366 -0.001624
1902503.935575 255.809017 379.411927 0.002185 -0.011331
1496596.111682 109.259951 576.148526 -0.011567 -0.002670
941537.357374 638.194541 5.761688 0.001077 -0.010179
245239.558744 316.052022 292.801483 0.018816 -0.014287
1372376.816986 480.050085 484.706292 -0.004179 -0.003134
1637971.852737 403.468180 423.775791 -0.017045 -0.016312
337179.376901 23.839622 245.442689 0.012154 0.003354
1249672.392965 440.370476 432.960241 0.003369 0.010437
310196.676436 44.162516 335.860601 -0.013356 0.003303
1607296.809371 230.139541 584.895171 -0.008222 -0.009722
236307.595035 784.177534 515.151632 0.017031 -0.004954
561161.337682 597.236062 528.997650 0.019424 0.012911
1939371.158341 125.267206 512.173767 -0.004854 0.018366
870700.636353 1.913661 305.638416 -0.013714 0.003551
541779.813609 249.602542 386.772781 0.013274 -0.000877
453110.709066 506.583800 459.869711 -0.011933 0.017062
47266.968548 257.117300 543.076516 0.015292 -0.010210
562186.379247 129.876023 594.414664 -0.013527 -0.013991
1629854.769274 105.396793 185.094971 0.006689 0.000382
534606.907766 82.411973 307.329336 0.011065 -0.009662
203362.833803 38.341999 342.468072 0.009814 0.015244
92345.910190 779.006239 306.311916 0.012414 -0.012993
877177.283576 667.475205 297.793108 -0.006203 0.008676
1484435.888699 501.057852 528.996105 0.009362 0.011480
64404.659935 438.917565 550.574531 -0.006306 -0.011470
856791.879449 487.302445 190.727019 0.017634 -0.004614
1153201.109335 33.764748 259.592451 -0.014253 0.011675
618554.387530 154.452645 456.428223 0.012849 -0.019889
1875266.974734 207.481165 503.075752 -0.002713 0.004181
1111007.126566 140.192580 138.773036 -0.002542 0.016432
34336.430968 375.607154 275.481215 0.016967 0.003854
1349224.196444 292.394487 249.776378 0.019690 -0.007784
1602661.077679 455.035178 209.731972 -0.010639 0.008540
276647.354605 434.648795 544.365054 0.016577 -0.005581
1822198.850020 671.261529 373.142853 0.009935 -0.009117
453696.245539 243.666029 268.722774 -0.001686 0.009715
713133.517985 379.754259 125.331649 0.012602 -0.003598
36437.158490 391.685627 464.277440 -0.002961 -0.000530
159010.190591 189.071431 31.247626 -0.002840 -0.001193
1535456.720523 453.671769 6.969153 0.007004 -0.001234
749811.288319 470.320179 183.154699 0.019839 -0.006520
1154889.427663 178.565758 384.666983 -0.018990 0.007205
762647.938338 305.016466 92.368012 0.003627 -0.012133
1129345.827331 486.653292 410.635043 -0.006560 -0.018341
337378.635228 333.832978 169.014310 -0.011173 0.013868
1499918.929068 791.431472 248.124250 0.010317 0.006663
1760744.261444 108.610799 149.634802 -0.012558 -0.014691
1172923.453698 610.342573 215.809511 -0.010964 0.011551
79642.974809 485.964856 100.852297 -0.012199 -0.012028
730713.756164 606.660209 483.671971 -0.017944 -0.016077
1702955.846536 175.261752 309.511258 -0.014681 -0.002391
724785.897287 706.109333 258.019441 0.011062 0.005773
187236.443249 524.250019 468.833828 -0.006230 0.013666
1828784.213322 744.119202 362.640293 -0.009484 -0.013090
787390.226865 250.436142 459.589985 0.002470 0.000218
1929498.061505 743.125133 161.350442 0.010583 0.019226
730520.102536 499.812724 120.315249 0.015118 0.010759
1281053.293162 194.063214 381.554931 -0.017205 -0.019256
562426.321470 130.011465 404.888748 -0.017491 0.000253
1033437.869061 779.835342 262.706821 -0.015124 -0.010101
1192859.900739 412.504761 336.150082 -0.005497 -0.016829
138898.690296 261.367158 3.375621 -0.006503 -0.015981
1973181.982512 560.886002 434.086321 -0.012569 0.003315
957790.512106 660.568109 497.021261 -0.015317 0.015869
1692076.045876 318.225515 36.180850 0.000830 -0.001622
1136829.509929 29.002585 260.231925 -0.019471 -0.013630
1367539.427880 482.323216 406.488912 -0.010175 0.018685
1509350.044424 252.511170 176.185088 0.010380 0.006131
785056.476847 597.828746 213.056546 -0.015365 0.017399
1873643.585422 476.243562 457.175849 0.010544 0.008427
1315983.134935 488.329182 64.531387 0.008823 -0.014700
1135951.929323 228.431986 100.487830 -0.019844 -0.008264
656102.584980 548.283666 539.456302 -0.019843 0.017277
1727078.126616 606.126591 148.313812 -0.013763 0.000845
1797488.349396 438.815714 161.493693 -0.009877 0.006608
406141.346510 152.284660 156.653128 0.018578 0.018126
1941231.998588 496.935725 337.316634 -0.016813 -0.006389
1386830.762674 518.716490 376.857199 0.014457 0.005995
1843128.023596 152.412840 201.553470 0.012792 -0.012232
538331.757550 546.175436 571.992712 0.000659 0.013524
944807.663069 332.520450 233.444541 0.009306 0.006530
106756.882792 754.842219 514.741783 -0.007572 0.016351
1618777.323337 226.521483 318.089157 -0.005078 -0.005188
1742666.514471 52.445906 7.139892 -0.000033 0.017121
1321460.731012 337.421927 69.563212 0.019883 -0.010384
620834.287545 213.016432 553.963377 -0.009463 0.011286
1523195.320518 587.220205 118.873354 -0.014022 -0.000935
1731081.362688 163.245244 252.021921 0.008925 0.000663
656632.629529 425.873294 480.749374 0.014354 0.016118
325566.043298 583.523056 580.886288 -0.013082 -0.010865
1792559.657149 666.097546 390.477752 -0.019495 0.013209
1778465.217808 259.495710 59.305801 0.012349 0.003560
1763427.173609 457.565093 193.134669 -0.018085 0.010728
1593951.392730 755.770716 556.350939 -0.011302 0.006582
886016.743670 435.669608 119.114110 -0.010435 -0.003808
204796.643092 323.591109 80.843258 -0.017149 0.002930
727276.621725 773.187454 248.635271 -0.019679 0.019064
488690.041233 721.670613 183.128894 -0.006262 0.008565
1781116.410057 179.067729 171.858821 -0.011452 -0.007823
20635.784613 7.788246 149.404220 0.017508 -0.010967
1834876.302553 303.184877 462.743993 -0.015326 0.004960
350019.654422 174.554807 16.628647 -0.007610 -0.008376
1214501.650638 537.481597 155.176908 -0.019200 0.007508
477760.385944 211.534655 353.560762 0.001777 0.004273
605806.972182 347.309694 499.371632 0.003594 0.005785
272576.070518 480.032098 392.531054 -0.004572 0.001530
1759240.741729 243.275725 550.219950 0.005977 -0.003305
1080301.612187 660.495096 382.444992 0.002802 -0.014587
1857771.559552 140.023382 484.178576 -0.012464 -0.012189
988850.145130 339.708397 277.058593 -0.016672 0.018749
134591.829094 309.819774 242.791126 0.016002 0.019017
96963.198901 28.722167 345.784773 0.008378 -0.003140
227820.812831 464.759401 434.626025 -0.018767 -0.010717
290631.014058 457.708878 34.065556 0.011540 -0.014546
385931.693197 569.259064 190.347066 -0.020047 0.015997
1023297.854244 397.336629 195.461368 0.018819 0.003298
589125.026292 31.665773 579.900739 0.007964 0.017429
1882412.602139 596.853529 583.983587 0.000679 -0.002110
790218.714061 504.558980 18.810583 -0.015188 0.006564
526777.357108 212.218950 139.636818 -0.007101 -0.017980
748590.766801 411.923954 457.619348 0.007588 0.000585
1324791.236466 162.456314 5.810906 0.019528 -0.013025
1179151.767483 226.070433 128.576701 0.002200 0.019238
301466.356172 395.804327 434.573183 -0.014967 -0.019528
349183.755158 414.843923 387.438452 -0.011758 0.005632
616335.581344 375.095264 543.913008 0.001730 0.011526
1910511.639859 733.879385 182.984344 0.008691 0.004283
1640005.631205 304.938495 484.933081 0.013302 -0.005363
1964468.728734 335.685050 391.376103 -0.012184 0.018994
1261209.360911 276.153369 282.354975 -0.005751 -0.001155
968463.258337 424.177602 593.973351 -0.014828 0.009411
1257770.379660 350.177902 124.210345 0.001224 0.019290
1991034.577596 391.293361 537.515342 -0.008008 -0.011748
1007596.648767 95.728217 353.654090 -0.006546 0.017867
1912045.142572 236.003251 222.796512 0.004268 -0.000411
692628.538559 190.330923 501.264227 0.008533 0.003888
609848.141023 240.558890 74.888610 -0.008216 -0.002767
1723251.459991 737.431853 520.917633 -0.017360 -0.001711
1696924.347289 50.492067 567.887962 0.009837 -0.005601
309029.791648 199.830513 289.744623 0.009609 0.002292
867302.640745 559.348698 513.404325 0.012170 -0.007829
691843.061099 120.386415 326.350718 -0.012885 0.018602
272265.500516 388.276964 162.340256 -0.009544 0.011208
1400582.436193 98.406916 421.124490 0.003073 -0.012239
320566.674844 332.850349 150.626475 -0.015710 -0.013506
1229627.376064 208.564928 245.914134 -0.016029 -0.019860
1946485.269790 425.103690 421.463347 0.008950 0.004754
15066.369444 140.526331 292.201348 0.002015 -0.005767
911695.870064 549.229872 506.476649 0.009051 0.017872
1245159.992597 340.228465 43.029403 -0.005922 0.020441
519428.529087 388.679690 247.076037 0.000316 0.003905
1147820.552414 102.433677 512.321648 0.019417 -0.011058
1717933.562453 767.136202 453.868048 0.002504 0.011428
183230.377819 455.372873 577.524909 0.003168 -0.015315
640928.558372 27.266429 483.399614 -0.013443 0.010247
1503776.668340 629.157658 110.852083 0.012835 -0.015522
360957.489517 65.435902 358.373841 0.003713 0.003710
380073.533570 131.715420 431.415848 -0.018232 -0.014055
1889061.825298 723.498674 65.998525 0.008017 -0.001329
1796955.322752 634.030875 20.322541 0.014480 -0.005168
306282.549308 147.231192 243.080156 0.018373 -0.006197
332156.324914 567.516136 78.935945 -0.005933 0.001334
485168.456326 426.841059 367.116065 0.012941 -0.014810
413343.113108 24.568866 173.378295 0.017109 -0.017004
883643.182406 697.278092 587.132661 0.002072 0.002794
887249.075289 360.285756 217.412372 -0.000908 -0.007428
1467432.667253 504.112272 297.553059 -0.014403 0.003562
1682910.725327 245.378346 179.598654 0.018988 0.006320
1660796.624450 172.269743 113.270493 -0.002228 -0.017761
629926.086697 520.416656 50.932368 0.004182 0.003119
318150.466456 37.054406 269.388256 -0.013663 0.003894
40123.955365 464.555492 28.833124 -0.004754 -0.017479
724761.667999 94.187065 413.511982 0.014316 -0.009809
558074.092752 559.719917 337.356164 0.003107 0.006871
438651.350531 326.358449 533.457918 -0.004406 0.014771
1885724.248311 578.712032 300.856101 -0.018901 -0.006834
158400.153815 149.301073 226.014456 0.001151 -0.006968
1952982.963972 437.316003 543.874431 -0.018970 0.017290
1927788.328346 311.104897 28.120479 0.006212 -0.010076
607879.136041 747.155312 567.567992 0.014622 0.000474
1236504.919471 67.949129 551.388146 0.000260 -0.000284
1541570.438790 358.675372 131.488467 -0.009130 -0.000976
1098586.873663 282.510235 398.585962 0.017052 0.015182
1973812.054831 723.300471 257.560326 0.015633 0.017506
717421.361579 684.393503 190.614956 -0.003729 0.000397
1128238.588166 568.346895 265.756435 0.000397 0.003059
1906900.824936 103.409947 396.837272 0.014914 0.005401
311031.282093 514.327200 50.864261 -0.004957 0.016687
1119457.958787 738.658931 161.576468 -0.010686 0.013996
295815.608602 167.845798 451.397272 0.002999 -0.015987
1365835.790227 746.433234 573.976088 -0.019996 -0.006457
933742.419320 452.621510 29.844940 0.016427 -0.016946
1254474.420685 689.936930 122.296375 -0.008480 0.009407
1674721.783807 355.827685 227.875367 0.016822 0.012742
589441.845468 384.452005 445.906024 0.002577 0.008105
1186208.380939 568.228502 547.173509 -0.006140 -0.008544
28320.921598 24.800898 131.429010 0.018882 -0.018778
1123059.363627 350.811665 356.694841 0.004332 -0.006039
1339490.994503 192.789693 126.500758 0.014922 0.001170
1892333.765464 567.707689 583.381563 -0.007272 0.005408
1580513.963280 495.713950 66.032846 0.001219 -0.012655
1628540.167412 101.138289 535.760731 0.009075 -0.001121
358744.990248 592.698301 301.898982 -0.004048 0.008489
1065496.480589 768.495189 90.583427 -0.014941 0.002931
996930.964755 638.457042 488.982625 0.008374 0.006816
685065.261407 523.893108 229.233382 -0.007716 0.019125
22284.613001 82.912285 360.133986 -0.014771 0.005064
1564209.169505 749.635159 458.246630 0.006963 0.006549
471659.941818 684.110307 242.302167 0.009524 -0.009782
234378.384535 216.308086 129.498979 -0.009218 -0.004008
1581110.075852 613.315166 117.721923 0.004188 -0.000945
1733102.233956 757.431981 78.057260 -0.010155 -0.009491
222272.466972 206.895767 219.619147 0.008458 -0.004763
7593.072023 394.968315 189.478128 0.010731 -0.013124
1961038.188991 1.994195 14.099445 -0.004562 0.009666
554464.627316 401.912203 7.795311 -0.000263 0.010875
821613.773155 227.394155 322.828764 0.003838 0.015656
24485.756655 378.163333 502.280893 -0.014260 0.008805
196372.594776 203.374133 588.157070 -0.001423 0.018528
718005.964867 375.119375 274.385197 0.007060 -0.010207
1252709.545778 525.498424 141.949318 0.005943 -0.018310
1958473.456073 742.025948 326.293763 0.019616 -0.003225
628831.249023 322.407024 421.140210 0.014055 -0.019648
1185057.482303 690.516931 288.651757 -0.002877 -0.019706
406775.272641 420.981892 157.522974 -0.012939 0.019318
452064.211691 433.203203 275.489540 0.007343 -0.011364
1391094.198167 249.392912 525.044097 0.017195 0.018289
1830316.959801 730.296598 532.357739 -0.001630 0.016120
610994.441719 617.906611 184.063984 -0.019670 0.004982
631021.334152 481.950428 291.880232 0.011820 -0.018536
989235.750860 1.917028 333.902020 0.010267 -0.012655
1098658.789461 784.139854 435.202551 -0.019672 0.006629
1883467.686308 564.691183 586.079335 0.012860 0.005331
1871849.530317 584.961289 330.389849 0.012870 -0.012450
911993.535660 102.368050 577.208671 0.010601 -0.014610
1176139.691461 61.379128 443.620354 -0.016925 0.015013
1537174.407177 456.269711 526.370593 -0.006935 -0.006925
123261.179832 701.039286 185.421623 0.011713 0.014775
1946848.674653 583.444512 354.111217 0.017978 0.001704
457599.283409 709.126849 164.636757 0.011209 0.008296
926562.791190 189.182658 501.884598 0.000260 0.019933
1942178.605097 12.161681 45.164013 0.008410 -0.016360
1905775.863633 382.876947 397.614788 0.013287 0.012158
1975712.466974 713.494174 408.053381 -0.008361 0.007176
1128937.655654 214.457240 243.557312 -0.013919 -0.011204
1900458.380534 306.058310 61.930091 -0.011068 -0.013419
1623668.112617 550.049082 239.415340 0.005844 -0.015476
798515.523224 494.046850 76.675099 -0.000981 -0.006943
438456.544857 343.887707 482.173116 0.015093 -0.009809
1216805.763178 694.516327 90.525165 -0.008499 -0.013386
1661706.700764 681.310216 258.912218 -0.010496 -0.019705
1303971.794110 150.941700 233.895739 0.010282 -0.003513
1107963.914568 455.534501 58.838693 0.018168 -0.011400
425643.800956 282.532191 500.140201 -0.007893 0.013978
318262.858465 449.341865 154.952241 0.018576 -0.002253
1036196.117772 457.969988 186.771955 0.006839 0.014667
948553.069005 401.669288 427.820443 0.016410 0.009302
1438074.149861 446.789220 555.669533 -0.015614 -0.007648
677338.477540 530.392084 530.720765 -0.002504 0.004691
197747.041563 521.357237 583.727501 0.017214 0.019647
1601492.672973 71.372506 330.400547 -0.017645 -0.017801
1987075.958395 461.426768 375.068815 -0.007817 -0.010043
971748.938305 621.620397 449.467398 -0.012076 0.007401
974474.447302 733.510250 145.924090 -0.003456 -0.018905
1121549.802423 602.029601 413.011651 -0.002209 -0.012400
613932.794246 434.547880 504.534415 -0.008850 -0.001015
1665525.531241 62.850617 338.472342 -0.004448 -0.014554
1238773.710671 302.291657 429.603997 -0.010180 0.007297
1925637.924078 585.456195 276.850962 0.008457 0.017215
290519.337305 158.582218 508.110925 -0.004359 0.004490
1745488.432117 760.855442 218.906253 0.002433 -0.004216
1111265.337612 695.100207 563.006916 -0.004300 -0.013801
829182.160473 184.514723 135.920550 0.019244 0.004582
728391.627189 478.610531 596.469699 -0.016896 0.013618
1349985.243450 33.136072 346.152023 -0.014479 0.010170
1010733.056353 223.813477 571.664586 -0.005909 0.006788
1129411.861826 180.562103 373.324079 0.017226 0.011494
33999.050983 389.497100 394.369235 0.028164 0.020571
1606354.705806 295.938412 66.608535 -0.018764 -0.005949
1451822.744427 315.266180 570.262621 0.008766 -0.000988
1590584.168020 314.779408 309.327515 -0.005147 0.001137
538209.161040 700.758604 484.748006 -0.011164 -0.010866
958317.440449 627.944849 272.300672 -0.015994 0.008653
479655.517489 94.720506 119.974809 0.015867 -0.017007
167238.956395 558.487576 267.536453 -0.012158 0.009131
1592486.357127 737.375483 73.332562 0.009842 0.005648
1189583.299304 432.829714 21.097185 -0.015518 0.016594
1124831.962923 303.199760 474.251669 -0.005201 0.004000
37146.621401 680.295203 232.917950 -0.001137 0.018062
205026.889315 568.763973 41.119497 -0.007910 0.004321
284161.461650 310.255673 183.850262 0.003496 0.003363
68690.410847 306.005640 301.508455 -0.013743 -0.014784
287411.349028 600.009034 404.113193 -0.012907 0.014471
1171263.018237 591.597827 143.445201 -0.004984 -0.015496
1682127.158941 314.842381 577.701718 -0.010867 0.014484
1824708.168313 265.162937 346.718747 0.019209 0.005356
369206.509725 98.051160 13.490376 -0.000372 0.008419
1208981.916871 419.230854 56.287896 -0.015646 0.007272
446720.970071 202.444487 259.054388 0.015797 -0.002839
586212.983628 385.064070 102.303482 0.001334 0.014312
560717.814863 299.143262 150.944312 -0.010359 0.004161
234257.601311 123.826096 558.709566 0.007817 -0.014630
1133248.557864 703.486504 154.144578 0.003533 -0.005172
1934248.125150 153.359709 536.534650 -0.017560 -0.007935
1152133.833222 225.887727 331.224118 -0.019690 -0.013041
1965200.129880 240.211571 397.012724 -0.013816 0.013358
1034901.121182 346.337283 125.968633 0.010926 0.006855
1623246.405098 709.146937 497.202692 0.009739 0.003205
1926329.093951 247.982933 276.504722 -0.011182 0.015959
1658576.383096 150.596282 54.635079 0.008986 -0.010061
786221.519479 241.163304 318.560293 0.017770 -0.007704
1421758.733421 742.850523 364.814105 -0.004714 -0.017541
888519.625593 711.389563 308.094080 0.005876 0.006115
374128.679919 371.154579 325.362513 -0.019385 -0.011584
247207.860577 783.068230 311.382958 0.003273 -0.012054
838233.393076 329.896231 231.318871 0.000767 -0.014287
1269501.125100 722.868301 263.011486 0.010404 0.016768
1490342.234955 701.484271 467.078973 -0.005847 -0.010059
1720173.599068 638.900016 82.383973 -0.005156 -0.001845
1589947.016719 447.733491 550.833099 -0.006501 0.003130
254199.274003 369.807362 331.537737 0.005919 -0.018219
1506623.924480 52.237785 274.506444 -0.014410 0.003086
1187558.641279 618.897507 289.820701 -0.018798 0.017646
663885.182079 619.794632 490.297091 -0.015549 -0.014783
134186.233456 776.477949 557.332591 -0.011877 -0.006225
763995.101100 799.206151 542.359566 -0.008060 -0.006510
960104.740672 340.523220 478.906337 -0.018581 -0.016976
1689167.128731 629.606713 85.060429 -0.007875 0.017131
1435140.350571 715.845895 422.401839 -0.012035 0.017046
1287450.956780 425.505155 421.021214 0.004828 -0.011401
1664884.491668 423.983400 368.692569 0.010660 0.009304
1916152.068375 115.861333 439.910022 0.014336 -0.002306
142374.806172 274.889484 522.063211 0.014830 -0.004939
1889104.925044 571.475688 97.609491 -0.016740 -0.019289
184043.514628 642.528881 546.668933 0.011780 -0.019917
1678137.485719 350.685463 320.305321 0.001586 0.016092
349432.717240 299.392612 257.060353 0.011496 -0.014634
327130.583267 598.004893 167.770357 0.015863 0.004361
1445781.852792 774.705699 571.718384 0.003709 0.013527
657045.848974 430.371111 332.924626 -0.000289 0.004926
1143416.638087 467.907555 254.853457 -0.000622 -0.004812
853229.746620 259.886003 491.389057 0.018361 0.014540
1436276.935710 106.266814 143.793646 -0.014006 0.017016
747046.145027 249.461204 400.539004 0.006114 -0.011908
555282.349025 299.946481 106.896135 -0.010820 0.018771
31011.744417 446.416992 303.287192 0.002809 -0.017981
259713.421697 113.441154 381.666208 0.002214 0.005069
30230.289339 786.023082 570.860077 0.013288 0.017725
1629124.594680 439.818057 45.093656 -0.017904 0.007950
1993199.337271 341.348812 5.253579 0.006600 -0.016777
437214.899080 754.051206 272.099840 -0.004254 -0.013122
847463.854052 329.406973 439.010405 0.017213 0.019223
1561464.248021 48.343484 73.578459 -0.003318 0.004592
1496915.452879 345.631907 357.904162 0.008052 -0.009434
1076064.875850 410.556336 489.306484 0.004506 0.002587
1028186.607653 487.320627 594.646646 0.000918 -0.009101
141764.248787 594.401710 129.516010 0.000986 -0.014451
778578.041484 758.608781 330.006798 -0.015293 0.015189
1058486.954802 720.323301 564.046100 0.005789 -0.007090
1112790.978101 319.209544 447.905147 -0.013857 -0.016079
24501.685065 554.103086 366.282503 0.013083 -0.007845
353571.678676 272.600228 548.777040 -0.013272 0.014598
375264.103699 191.433695 365.894261 -0.003806 0.010620
1493884.026769 634.810387 429.481311 -0.008218 0.016518
1188817.119779 659.961719 487.960480 0.001400 -0.000903
259519.063057 74.010187 525.215454 0.015157 -0.010160
1949033.547169 712.129361 562.666304 0.003490 0.008714
482529.103981 609.240701 36.366142 -0.013828 0.017272
1850091.109914 273.863976 102.921828 0.001412 0.009858
1871495.037280 225.025738 324.789759 0.006268 0.002821
908785.677938 195.113194 241.403750 -0.009268 0.011234
1755362.652128 318.537254 522.206778 0.010157 -0.009001
232765.271437 581.810075 98.684778 -0.018173 -0.007157
1765166.354256 236.659713 45.849827 0.017679 -0.001985
15434.920795 692.696291 474.691072 -0.012888 -0.004015
1077013.659792 90.418684 409.479289 -0.016793 0.010615
516053.778360 427.502829 5.878426 0.006393 0.012141
1576709.125925 429.987676 119.079201 0.006449 -0.008336
948767.654108 620.994038 12.366536 0.005601 0.013217
667159.362075 417.477885 74.279174 -0.003588 -0.001433
1146380.339352 334.028517 198.491233 -0.005337 0.003865
1462269.868451 722.372513 427.262472 -0.003617 0.019232
949273.004639 536.521249 309.672805 -0.000654 -0.006849
636841.273232 217.415325 521.192373 0.000687 0.017238
316267.470045 792.921186 424.531994 -0.012948 0.005327
1072709.865436 409.269213 93.044781 0.006416 0.016889
1234697.917120 187.722784 203.743564 0.017933 0.003948
1871003.135047 543.478880 299.955818 0.005848 -0.016346
968257.898916 95.388699 457.618455 -0.019759 0.004274
184803.100389 256.384627 526.094248 0.018265 0.013469
1613704.762242 94.167030 496.905988 0.000562 -0.008170
920804.219749 40.487205 484.292005 0.004912 0.008260
1455508.939668 184.158631 565.749957 -0.017307 -0.012832
1084419.887087 1.023005 515.192647 -0.018208 0.005931
1899527.167855 422.609432 461.422379 0.008443 0.001106
745706.753221 643.059518 509.252257 -0.010155 0.010537
1369434.811813 44.304973 529.167862 0.000583 0.002797
353913.564400 780.231846 371.934007 0.019265 0.003544
660308.989072 568.426176 492.196629 -0.009062 0.011117
1997036.600484 653.881537 469.116098 0.014265 0.014411
857968.969670 644.492978 232.651885 -0.012097 0.000744
1832483.595159 457.215301 194.437709 0.011960 0.011036
174050.590104 360.018281 525.743120 0.018774 0.018474
887791.815627 115.625851 561.064531 -0.017424 -0.014864
1048845.100705 314.573565 504.466767 -0.006252 0.006680
1236598.032171 273.618995 289.906650 -0.004022 -0.012107
688449.854352 662.789713 2.212296 0.009243 -0.018930
1047717.716101 519.257626 357.760654 0.013928 -0.003472
831685.772553 746.658757 517.454771 -0.008478 0.016128
1646809.537731 588.028990 29.604020 0.010383 0.011949
354697.854423 226.375182 115.144459 -0.019271 0.005159
1718570.137265 508.337863 581.198194 -0.006295 -0.018655
338487.908402 549.513602 517.391559 -0.012993 -0.003260
1776805.868268 558.733675 40.787440 -0.000625 0.001857
960078.654327 720.306038 286.856696 -0.006936 -0.012580
763596.911339 131.414235 556.273434 -0.002735 0.017035
1446903.674606 486.854431 125.382151 0.018369 0.005266
1673049.761761 619.999699 155.679999 0.012200 -0.015277
591079.477496 780.134635 482.542416 -0.013718 -0.013989
450261.526019 36.801393 509.543447 -0.008234 0.001254
788880.985598 619.178954 258.592707 0.014933 -0.015420
1247242.441982 204.450393 167.482218 0.002036 0.007426
405506.701397 217.972632 175.118751 -0.003528 -0.012328
1835863.754077 197.553009 576.137213 -0.012859 -0.017856
159031.381905 380.239867 18.694739 0.015405 0.005333
362722.217274 87.108032 407.184062 -0.018478 -0.003708
420997.232395 340.250769 105.215214 0.005888 -0.007638
580167.091722 213.319371 333.061531 0.002825 0.012582
479025.265425 617.124680 52.377652 0.001284 -0.012668
552036.800679 359.767968 258.494463 -0.010466 0.005044
969986.005207 253.905248 61.426657 0.000861 -0.011958
1471710.388303 557.455990 187.942478 -0.003391 0.009253
1430984.936390 501.088522 90.989150 0.015640 -0.009256
902052.609670 144.256231 321.310644 -0.019774 0.010000
700700.571156 195.496383 313.492834 -0.002450 0.011055
1408199.004553 571.053080 137.398117 -0.014606 0.018120
1713095.736556 496.546244 161.186728 0.018427 -0.014619
944491.339356 557.265706 498.494980 0.011370 -0.015565
1119457.834922 400.582474 441.362714 0.008482 -0.004380
8319.607940 130.657621 343.301427 0.001567 -0.013274
647061.014849 712.047092 247.301171 0.013815 -0.006804
379545.065751 439.139412 26.001273 -0.003349 0.007307
1990576.603445 218.483118 181.288361 -0.009382 -0.010688
876473.971119 589.486051 557.765182 -0.009188 0.000888
80381.552726 664.711195 13.474167 0.011014 0.001702
828036.629980 625.301048 422.963551 0.019526 -0.007166
1747623.103553 248.258034 124.243923 -0.008532 -0.013735
1072386.123739 381.252996 423.875684 0.003249 0.015732
777386.485961 459.741478 101.069809 0.007627 0.013600
801906.589792 103.654099 345.903625 -0.006819 -0.003930
197987.358178 295.739466 137.619303 -0.015164 -0.014150
1545926.498969 428.224119 556.375294 -0.000383 0.001335
492654.834172 281.811611 500.411971 -0.000462 0.004821
1978982.283724 793.052662 69.319545 0.007738 0.002839
17631.095842 65.923098 86.896425 -0.012954 0.010993
1966499.848276 461.788115 543.845696 0.003882 0.014626
611006.784537 527.355035 167.500576 0.001464 0.011201
850069.038966 246.948406 190.038414 -0.005925 0.011501
1676786.882652 479.206646 83.032697 0.006898 -0.017856
1557780.060711 529.988588 26.077944 0.015761 -0.005709
1227310.625476 722.689965 262.483852 -0.014376 -0.019819
428616.731627 591.807862 393.229148 -0.015228 -0.007965
1127178.874392 340.614669 576.952611 0.013653 0.018399
1480731.590409 212.506474 162.286145 -0.017761 0.004814
115335.758829 714.943479 130.691514 -0.012100 0.002662
541498.807511 780.821803 137.509476 -0.007455 0.014836
1167776.423119 741.691507 464.601172 -0.019054 0.007379
1705487.274428 189.990463 255.689526 0.000299 -0.005706
1455042.508177 58.329676 469.892692 0.007536 0.016570
1485351.840726 341.251905 108.560539 -0.019562 -0.000671
1600046.444498 55.301464 226.560051 -0.019267 -0.009264
1889695.885540 229.995330 146.945567 -0.013079 0.004154
230475.999522 606.110084 319.458887 0.015481 0.011169
434670.210087 593.636106 9.817223 0.005754 -0.009929
748135.628527 296.484408 192.812202 -0.013607 -0.017667
474188.291689 718.577554 292.970459 -0.003341 0.016148
1941577.332067 174.169570 588.380542 -0.006002 -0.010719
499196.726130 235.228791 314.376116 -0.000269 -0.001289
254300.674542 487.840979 134.029625 0.006377 -0.000124
6325.354803 699.733577 144.024217 -0.019181 0.000843
980919.682878 316.237379 534.961768 0.012562 0.001941
1900851.625903 40.233671 269.136788 -0.002616 -0.001276
719689.197242 326.117200 412.537488 -0.006337 0.010298
1844748.197982 472.696747 29.918401 -0.002196 -0.016547
1036199.990211 459.389019 416.155927 0.009629 -0.010784
385683.919483 595.580756 65.439181 -0.002703 0.010637
1256102.471266 738.648156 96.240683 0.000303 0.010695
1419511.694191 375.205035 473.117804 -0.013608 0.016230
511292.832210 415.552668 189.908817 0.017685 0.014413
145034.134456 690.947130 270.023041 -0.015050 -0.007553
1071721.370831 512.981090 530.589063 -0.010820 -0.004680
233847.819378 338.011241 77.600903 -0.011046 0.014182
1786277.592083 681.539400 467.324345 -0.017914 -0.005081
1031918.257955 609.518279 506.383849 -0.007876 0.016816
1499349.890975 446.047556 263.475423 -0.017296 0.000092
597617.807145 110.479804 218.907126 0.010028 -0.009529
1353622.215499 228.428445 541.964060 0.002473 0.000628
573296.933702 542.589347 564.260445 -0.003394 0.016133
1590131.532210 246.455648 453.679640 0.003025 -0.005537
258416.177825 73.273515 73.545202 0.018866 -0.004276
87595.200207 577.064174 571.870163 -0.000689 0.011451
906233.425674 626.054165 554.308057 0.012744 0.001237
370032.188655 395.620835 489.030298 -0.016450 -0.017754
664767.085884 299.423718 441.977851 -0.009127 0.011569
1278253.811075 52.952312 58.789141 -0.004103 0.005617
916040.443311 420.135722 438.710285 0.003211 -0.000176
249204.321880 498.920631 129.990312 -0.016951 -0.015725
8661.484350 424.767770 533.328015 0.017168 -0.006051
841302.204338 89.913782 505.912910 -0.010459 -0.011999
1802783.200425 456.005855 346.440903 0.005475 0.013644
731632.451868 220.828376 544.865921 -0.001383 0.006833
1096714.972098 736.593656 118.099107 -0.008784 -0.000156
1386984.768969 324.195209 76.198711 0.016473 -0.000728
469499.863903 731.891991 7.146242 -0.014998 0.013827
718651.906922 435.225150 574.798599 -0.011848 0.011203
316653.122342 84.488237 211.519889 0.010365 0.008649
385530.231700 79.430771 10.990359 -0.015987 0.002585
1379939.433830 519.718173 291.888178 0.015392 0.017191
1974529.288697 463.419764 199.384668 -0.015560 -0.000439
1626419.535664 279.947546 244.550793 0.012992 -0.001059
503204.831157 145.971916 10.594549 -0.011601 -0.004493
1600260.999799 292.814205 294.213676 -0.013936 -0.015952
467442.890847 275.170239 120.968771 -0.009908 -0.002200
1530910.291491 752.898093 56.806377 -0.010018 0.013194
43405.273949 189.845360 245.019381 -0.005768 -0.005874
1801413.789299 133.397110 421.696242 -0.007713 0.019697
348673.859774 447.341294 105.203051 -0.012274 0.010759
1122384.702378 793.071901 80.569382 -0.017937 -0.014258
474000.488629 229.209966 293.477032 -0.002424 0.001569
1867761.544822 162.414618 288.064427 -0.018836 -0.001858
617712.498930 39.743084 415.223942 0.008775 -0.003827
88793.583256 495.279423 343.135745 0.009913 0.016869
1123119.018564 736.359675 291.273295 0.009341 -0.015515
510837.786138 237.486173 62.529812 -0.004318 -0.005979
498234.962345 502.866934 381.146305 0.009536 -0.017337
350510.791107 537.921551 163.036541 0.006267 0.007943
1451432.125387 771.327203 449.481761 -0.003435 0.007384
303273.376219 370.462287 179.725138 0.008883 -0.011661
454803.713809 227.330228 75.674597 0.008616 -0.019193
480071.545802 775.383637 189.721253 -0.006269 -0.005549
1333575.176696 474.705179 592.775379 -0.007753 -0.006721
110627.538576 382.680941 1.629073 -0.007023 -0.014466
1406769.050940 41.545878 59.167592 -0.001850 -0.001176
1561676.394922 481.924868 559.216830 -0.016772 -0.007007
281255.947557 246.558682 364.479324 -0.009242 -0.019067
1257382.930842 407.722083 596.349365 0.017776 0.014113
706537.016996 489.401942 269.171156 -0.006347 0.016663
1558318.719993 318.304991 237.195734 0.011356 0.008938
1057752.200895 389.501214 466.242727 0.005112 0.017476
491364.625511 326.065814 325.134464 -0.012858 -0.000415
1734950.389590 255.114023 479.372877 -0.000918 0.003491
1643357.573842 84.912198 56.575970 0.012565 -0.017959
1898263.090243 133.876868 397.739617 -0.004153 0.000416
1157183.811607 141.355646 544.911178 0.018950 0.018326
1260090.642264 401.406482 266.300561 -0.003786 -0.014832
767107.214205 521.903647 323.514933 0.016962 0.013170
55740.578126 635.052530 88.632280 0.012995 -0.009353
1471867.368311 519.242526 224.844681 0.012692 -0.001710
851158.514084 623.882645 377.418631 -0.016453 -0.012928
279214.015361 532.668409 211.898697 -0.018213 0.005644
622537.959657 541.521164 84.422287 0.010272 -0.016705
543551.074594 112.640876 438.918979 0.013033 -0.017287
1125283.938425 670.587132 515.383599 0.008406 0.006501
255944.995329 357.696528 186.968731 0.000111 -0.008822
1549879.616848 742.548952 34.897255 -0.003813 -0.019281
474171.187949 435.960400 410.542642 0.003551 0.003664
648167.413030 720.747755 160.603581 -0.001359 0.006317
697835.028496 589.544090 478.536960 -0.016732 0.001911
1725670.433475 516.152418 231.024789 0.008562 -0.005171
99429.388577 679.072701 481.432435 -0.005529 -0.005967
163663.104253 109.183326 168.324845 -0.006021 0.000436
594763.153510 304.039817 53.113448 0.019288 0.018840
1355525.087265 245.249943 522.310861 0.017976 0.010977
1053977.892294 234.667644 305.543776 -0.007008 -0.004914
115031.983757 149.651755 13.096070 -0.002342 0.016298
752375.869431 393.524990 455.342714 -0.012732 0.014187
219437.964363 208.512017 594.934137 -0.004391 -0.003968
1068114.026016 550.336036 469.202183 0.004821 0.006958
1499866.051366 239.201180 584.025826 0.004705 -0.010305
1491842.997955 116.669466 322.359913 -0.009688 -0.001104
1826279.228472 251.403501 395.388435 0.017277 0.010257
1133058.067007 247.402959 149.315160 -0.007048 -0.000430
207507.431604 346.268890 450.532094 -0.016175 0.012952
304737.184339 504.687129 306.506369 0.017354 -0.010038
361247.467977 546.232189 329.180593 -0.013814 -0.007896
1585793.637478 720.303808 269.073038 -0.006740 -0.013891
1841064.114050 194.890038 281.041438 0.003207 -0.012798
451362.950938 116.058945 291.926110 -0.000987 -0.001230
1950936.490647 463.096342 542.351494 0.007447 0.008605
1454702.783122 701.514708 182.880699 -0.010466 0.012518
1108684.254395 334.922429 297.189675 -0.015859 0.002983
1596490.624173 716.625705 284.708133 -0.013193 -0.009432
1263706.185512 133.917302 282.661554 -0.015919 0.009880
1294332.516982 260.880823 535.955494 -0.014680 0.012033
723046.520130 86.932755 228.693510 -0.009382 0.013346
107937.715067 793.379545 426.679088 -0.005778 -0.010907
1046872.077066 728.589478 389.498619 -0.019429 -0.019608
450965.188654 653.811320 546.430494 0.008001 -0.017435
278162.196408 266.444066 139.720736 0.004373 -0.002622
1960316.196066 205.970793 456.501559 0.014896 -0.004400
1125740.257616 188.039756 299.747154 0.017727 -0.000077
668170.334151 796.495166 294.132483 -0.018207 -0.005850
1443825.863043 455.415432 160.089501 -0.005095 0.003566
564375.188464 477.973609 242.473942 -0.012222 -0.008027
938961.728913 267.242240 380.106503 0.008055 0.017679
132214.712972 546.891131 119.705687 0.013437 0.002244
1179224.623916 311.290309 473.033308 -0.016515 -0.006645
575213.267736 339.208118 197.858011 0.010947 -0.001180
1368718.602401 401.155391 24.222850 0.018036 0.014964
1254302.726711 185.455046 282.637985 -0.018613 -0.002904
1541011.519516 400.962878 455.978836 -0.003931 -0.011886
1407684.757098 375.705937 531.636379 0.016169 -0.008190
883750.411162 393.653659 411.832070 -0.010488 0.003306
38293.802197 414.446829 2.720813 -0.006034 -0.008066
949396.727117 26.731398 479.256518 0.000631 0.019478
1340193.529306 111.969627 129.683653 -0.014266 -0.013041
1289556.392138 729.335826 404.217233 -0.003850 -0.007440
1756783.113702 88.259035 468.730293 0.010400 -0.019816
157687.638028 166.198833 303.201080 0.010662 -0.002500
175039.783202 626.410936 573.038217 -0.016252 -0.014655
506304.289450 453.024218 99.004190 -0.017930 -0.016693
301433.914481 575.958314 134.042891 -0.005407 0.014581
790027.673724 9.319253 464.010667 -0.017172 -0.003248
176035.711624 758.985813 317.370221 0.014779 0.008528
1081972.172988 758.884738 552.441613 -0.018315 0.008742
715741.816310 106.857035 298.725225 -0.007391 -0.010926
1263880.632475 454.531872 476.823944 0.011928 0.004694
1751026.801649 758.455996 202.343501 -0.016209 -0.007298
399196.095951 395.128418 198.082290 0.019157 0.002316
1496994.359185 48.532226 306.775631 -0.008885 0.017277
445396.929255 653.391870 529.984519 -0.014306 0.014531
1193553.106484 399.582427 599.633602 -0.016099 0.012519
450224.472419 581.027087 229.342015 -0.019259 0.001035
1999453.321099 715.674884 286.087985 -0.003757 0.018643
1584501.028799 428.967552 291.148794 -0.015104 0.000394
94458.571679 696.658877 342.272246 0.002260 -0.014111
1007827.074736 623.518764 579.923466 -0.004565 0.016836
1658558.308919 786.864977 252.856645 0.013084 -0.016929
475365.567242 42.376063 482.633609 0.004200 -0.016830
663714.367274 496.290069 581.161275 0.012202 0.018134
1919117.403179 479.258003 297.088324 -0.002154 0.008815
9624.167350 393.761861 354.287592 0.003062 -0.018036
1478876.057770 64.753131 497.148324 0.007602 -0.001365
1502145.321808 426.329893 269.154810 -0.013013 -0.005531
1054818.871922 328.983955 247.417817 -0.006669 -0.018736
972186.690649 532.020995 390.572585 -0.001907 -0.001132
1216433.286302 329.283519 43.555284 -0.015853 0.014314
1585452.240699 85.675057 210.033387 -0.004655 0.007041
796849.675848 98.800966 459.287553 -0.011179 0.013042
461377.134761 782.936625 216.763357 0.007121 -0.013899
1447663.852688 164.977073 338.398601 -0.014465 0.001603
1190708.408687 498.614285 122.474700 -0.010107 -0.017139
1355477.244293 684.226631 294.774180 0.010012 0.018243
694211.989964 433.855186 39.668303 0.007930 0.017127
1497031.391364 75.990604 30.117965 0.000516 -0.007088
1759090.904966 594.279804 180.004747 -0.010334 -0.003084
904928.793621 771.676221 377.448025 -0.019382 -0.015860
341892.055395 489.078269 437.350262 -0.004960 0.014373
1609370.418642 43.012691 428.264124 -0.008154 0.012128
1339833.364515 513.676350 206.766575 0.009446 -0.006363
543533.833951 386.058644 260.819879 -0.007103 0.019759
1510075.678821 160.768176 443.531770 -0.017781 -0.002229
325429.097901 406.843329 246.080471 0.011706 0.000975
1027532.088117 770.760647 81.130186 -0.010418 -0.006325
1987715.010526 37.321882 236.669780 0.008300 -0.006357
396776.620483 301.276539 588.345534 0.001760 -0.015621
639902.701899 652.800564 355.663463 0.010170 -0.014514
1179865.857204 405.995555 204.166280 -0.006887 0.002543
1568458.621189 393.005200 42.173508 -0.012222 -0.008569
1190290.628555 566.922864 150.582827 0.009231 0.017977
1180185.991889 580.846593 597.195069 0.019377 -0.002829
672088.553511 146.404310 485.172077 -0.007444 0.009052
1837656.663655 510.381997 325.201477 0.000515 -0.004379
1360614.323691 81.233637 539.134862 -0.019223 -0.002773
924125.776125 643.741599 555.585699 0.001301 0.019917
418950.309241 102.509312 424.901627 -0.001844 0.014197
1312754.557148 39.486029 349.385012 0.006044 -0.018709
30587.249450 791.074654 130.121773 0.012873 -0.007746
1889215.610870 593.526693 565.837605 -0.000558 -0.009852
669560.509114 133.279260 213.918667 -0.010650 -0.012482
1579576.984783 556.967390 594.776659 0.008609 -0.010950
1982244.182370 739.206731 213.952661 0.007926 -0.004712
432350.935616 284.162280 257.740788 0.011962 -0.019783
930735.730068 652.722525 596.902537 0.007298 0.005501
600671.720971 501.484387 227.473616 -0.010139 -0.015437
1270601.892504 464.275512 169.755893 0.019695 0.012532
938976.299455 626.094104 304.952101 -0.001558 -0.000158
1474031.937064 361.433047 251.392618 -0.016262 -0.013937
1605130.416157 247.591946 302.363710 -0.010677 -0.015571
1023340.410098 559.405468 555.195337 0.000257 -0.004743
1128556.229700 646.023412 4.864901 0.017712 -0.017925
248420.950141 463.837297 377.941152 -0.004174 0.002485
884577.235619 701.369492 213.078274 0.017988 -0.006662
1704879.713107 549.576663 474.668682 -0.009084 0.011132
1882055.445519 60.061426 54.667737 -0.002203 -0.007582
404206.608610 765.620162 4.924819 -0.014908 -0.001409
780987.060993 553.484787 162.523600 -0.004105 0.005537
642018.800900 420.465678 131.073446 0.018041 0.017207
1579863.075903 313.619872 483.238262 -0.014260 -0.006321
286431.929230 799.380396 18.171182 0.017334 -0.009088
1625355.291937 700.352664 207.197786 0.016184 -0.007085
1310099.705732 85.597972 166.672483 0.006616 -0.010560
1485499.756171 42.074310 555.822178 -0.019428 -0.001825
1126826.147142 267.909801 586.613964 0.011205 -0.008664
1817754.082297 456.682250 407.127754 0.008594 0.008666
42605.713030 685.503999 429.014478 -0.017363 0.011441
1969490.396776 691.698574 400.026475 -0.006743 0.010789
1972945.507603 788.104538 525.970549 -0.009435 0.005961
221002.463354 5.377221 420.795728 -0.018470 -0.019153
314139.836614 479.586991 212.884421 -0.014573 -0.004781
1280098.799281 35.134235 571.196799 -0.007229 0.010291
1334025.561499 271.057423 370.132639 -0.004798 -0.004309
817314.073824 291.715877 154.374382 -0.016968 0.007883
52254.755074 49.563633 408.966422 0.016125 -0.006907
662711.798522 9.194597 199.465196 -0.018592 -0.017987
710212.109941 153.594396 389.754529 0.008414 -0.006920
61999.699130 281.325742 223.169270 0.019331 0.006784
261157.692532 519.801794 3.421733 0.009905 -0.018741
797766.605764 125.532129 236.962891 0.006236 -0.010783
184709.901076 545.867351 175.263583 0.010999 0.003279
1235796.007903 85.701212 357.169963 0.018135 -0.014409
1292608.929469 245.194437 198.021950 -0.008129 -0.019343
1317389.029692 261.011518 220.246378 -0.018774 -0.007594
71927.786838 127.537699 576.073487 -0.018263 0.016266
1977614.946653 353.515757 38.139427 -0.004690 -0.016024
591803.305127 381.824949 467.050345 0.003544 -0.009940
726241.200569 165.462471 213.810493 0.018405 -0.013689
995710.504705 485.474835 279.590892 0.013129 0.016104
963862.695249 391.368320 138.028676 0.014000 0.000716
1079147.418532 708.513485 408.286144 0.000073 0.017235
1174876.041326 389.977314 223.482097 0.006102 0.014862
937689.950195 758.121976 209.360402 -0.010110 0.001348
1200871.358253 489.972326 445.138279 0.018289 0.002816
1798372.363578 364.389173 105.690014 -0.005470 -0.008544
158766.744732 676.148670 464.650245 -0.007504 0.007895
584123.108808 680.146647 348.280519 0.018801 -0.006104
1019930.488905 447.574963 499.952240 0.015235 -0.011572
1412068.961846 279.036808 95.728111 -0.017834 0.004000
1390465.348675 524.091554 125.860118 -0.002538 0.004577
1560588.704217 269.819589 41.895473 0.018295 0.008049
709118.110458 28.481366 326.973540 -0.014800 -0.006357
481739.437432 336.954772 116.705029 0.012796 -0.004327
1084185.081108 265.210605 569.293438 -0.004955 -0.011515
321427.933090 65.526762 337.003545 -0.007661 -0.014274
322096.383349 11.843897 475.413896 -0.005120 -0.001936
811598.476400 120.514419 472.027443 -0.000987 -0.015695
975828.599639 662.597151 87.660504 -0.018663 0.018345
980873.326296 219.824319 226.013405 0.007432 -0.016136
1538962.265262 182.400912 257.023066 0.008868 0.004175
1281944.833362 703.401499 411.073099 -0.011711 -0.012092
1646853.441208 292.213129 129.549459 0.004649 0.009434
1334224.681991 17.308420 531.642406 -0.001741 -0.000146
1987979.200663 753.732652 196.699073 -0.014442 0.019175
567825.405192 503.478106 150.108649 0.006653 -0.007335
693992.653253 345.789013 324.256608 0.011229 -0.014032
290886.182473 333.479613 18.763560 0.013265 0.004848
461579.700216 523.926655 590.422077 -0.002187 -0.009224
1440439.939238 90.616487 175.797827 0.004293 0.002716
1578856.275221 479.422209 307.290467 -0.015373 0.009470
975708.803616 320.096475 219.685670 0.009551 -0.017494
1363849.989774 67.961811 296.571915 -0.011050 0.014439
1287670.666020 295.591420 165.361881 0.006995 -0.011986
1793086.186886 725.184236 513.109254 0.015254 -0.005936
253419.465503 481.123370 277.987539 -0.002999 -0.011623
65064.939701 167.208433 484.551832 0.001755 -0.007021
1093948.624606 26.238021 434.948526 0.016650 0.010809
1570950.974510 476.796246 514.319441 -0.008977 0.012914
1433502.711092 738.901254 113.725228 0.019630 0.003975
779698.448619 711.422167 302.065604 -0.010253 0.010932
1707668.152502 297.426161 224.387205 -0.007310 0.011724
1161722.038482 280.331252 1.209647 -0.004377 0.015826
650195.260835 747.881586 556.491740 -0.017950 0.014023
1393276.303724 667.740240 267.551845 0.002118 -0.015475
534900.189626 215.474819 20.713279 -0.001719 -0.009440
1264731.390059 676.425056 90.830011 -0.014612 -0.016287
1848317.172308 790.517396 278.179687 -0.008167 -0.007746
512088.236637 701.860470 394.046667 -0.009762 -0.009250
1104225.446984 465.368271 122.121102 -0.000852 0.005254
107543.810321 140.002784 279.700386 -0.000019 0.009165
1156781.673039 615.042616 597.717826 0.004526 -0.011053
520065.349769 196.705935 42.736472 -0.003453 -0.004740
327390.441823 269.876551 222.071027 0.005078 0.005383
1353004.063178 706.896329 306.491455 -0.006483 -0.014423
1558240.596931 709.959606 433.205684 0.019297 -0.005489
706633.334377 29.447143 323.810227 0.012781 0.001705
534505.464385 317.158104 182.281947 -0.009456 -0.019525
1061346.780072 419.780735 155.083962 0.004210 0.017643
1275778.349152 611.770760 164.362078 -0.019717 -0.004282
1816858.008419 547.061682 165.827186 -0.003171 -0.019298
837596.447597 158.948597 541.891168 -0.014430 -0.012828
537634.699856 396.334208 130.283841 0.012318 -0.007433
1509630.032587 59.423487 425.476410 -0.003934 -0.029139
1442342.147903 473.821068 518.040296 0.019208 -0.012395
1603574.954720 491.895941 575.868403 -0.016926 0.004959
706735.606634 787.898642 184.335663 0.005197 -0.003776
651319.147391 39.624096 362.154332 -0.010767 -0.012395
1573016.600485 397.952136 411.274449 -0.019970 -0.007651
1998835.487291 607.737521 230.311243 0.008371 0.012761
1445522.677826 344.938669 246.088995 0.003474 -0.003647
1207599.107738 311.360667 14.946973 0.002538 -0.001304
1297106.122271 734.169382 269.897640 0.018106 0.001901
1709409.523620 225.332159 358.942855 -0.001612 0.000447
1579454.636005 196.662887 5.750197 -0.000952 -0.009955
635151.660366 380.646518 4.924338 0.008029 -0.012564
1657542.871152 337.902505 368.562019 -0.010397 -0.019609
50074.195513 673.481858 239.409840 -0.017988 -0.003726
1728956.987955 558.502891 193.941286 -0.007471 0.006060
1741304.677791 135.009239 562.171427 -0.001271 0.005038
896425.988943 206.775292 524.966067 -0.001631 0.009335
248631.410417 620.225209 125.780643 -0.014699 -0.000946
789536.960791 768.886693 539.141850 -0.019614 -0.011930
1819863.026878 28.237856 25.935030 -0.007613 -0.016538
901731.744829 139.582389 470.668039 0.010951 -0.000461
878442.611954 515.109085 393.225897 -0.004977 -0.015508
569936.175165 658.430835 222.526605 -0.013658 -0.008682
212161.644461 226.334299 35.145511 -0.007359 -0.003227
1070836.321949 568.315132 228.128601 -0.002634 0.008849
1162154.364009 276.241610 454.603569 0.005047 0.006160
1685995.778854 61.584089 497.541105 0.005664 0.013997
631794.399876 54.364989 296.520296 0.018935 -0.002271
