120102.793966 630.401900 121.610566 -0.006102 -0.005544
269277.329682 300.015249 156.223734 -0.018279 0.015151
1260731.205931 302.260372 191.713361 0.013067 -0.002961
973263.179405 632.910607 572.915625 0.008501 -0.005936
1683880.506867 289.203624 229.270129 -0.016822 -0.013039
1760997.696668 175.416791 580.413825 0.011720 -0.019819
354965.669268 681.966372 474.594236 -0.004791 -0.012040
306862.422408 412.006898 346.441163 -0.003480 0.002355
913598.742761 34.956596 562.607916 0.011146 0.014844
723511.401901 210.223469 397.795908 -0.007308 0.019059
27418.055584 127.001246 203.141871 -0.004125 -0.010460
1026719.971107 221.753090 272.953253 -0.000715 -0.017199
919235.655535 527.245954 552.788872 -0.009944 -0.018414
247720.705461 324.231569 333.717027 0.008060 0.012678
229642.751734 125.571490 517.163803 -0.017956 0.017172
1463437.116455 330.405364 118.933396 -0.004254 0.009176
349002.480669 325.714904 534.023466 0.001202 0.011422
253345.397419 21.863414 48.649641 0.003297 0.000363
301882.374241 33.215028 100.951027 -0.017034 -0.008248
417897.793659 158.353184 419.892238 0.010565 0.015940
1032678.423930 703.063883 34.549585 -0.004921 0.017251
1981626.739717 86.519627 206.282773 -0.012550 0.000443
148080.320166 291.090504 546.199530 0.018533 0.015043
1426235.401736 72.436532 542.600053 0.011799 0.006902
826207.458426 756.228673 428.274462 0.003248 -0.019250
17939.873048 633.045507 129.716409 0.008268 0.002238
229060.592236 178.675584 260.700675 -0.013004 0.003907
729567.630556 129.733869 425.692793 0.008429 -0.006071
424191.899795 625.458458 428.224969 -0.015127 0.009747
1179453.697605 667.589818 501.695953 -0.000333 0.005136
1017047.714916 724.888279 344.257243 -0.011063 -0.000461
1184883.571782 186.607813 168.426768 0.012308 0.017668
1669257.284919 738.024078 97.911097 -0.009257 -0.016845
1530870.404807 506.867915 153.133323 -0.001068 -0.006371
1211583.405366 549.648166 75.405519 -0.007254 0.012391
1741377.547263 727.182733 385.834448 0.008292 -0.003786
544004.606336 172.588933 185.186983 0.013865 -0.002453
1594854.852927 349.886491 402.348998 -0.016924 -0.010146
1223177.906695 729.692787 101.300960 0.010945 -0.013114
527324.168257 433.114647 487.617866 0.000765 -0.019353
312490.830343 99.709987 422.376404 -0.009650 -0.002773
1025907.483430 120.830494 212.087470 -0.013733 0.014351
1509229.653286 341.889392 43.573827 -0.018001 -0.009404
1023852.793045 688.158759 428.116895 -0.012674 0.017497
1918069.081343 635.222907 509.707651 -0.014817 0.002802
59433.087734 314.513880 67.927599 0.013716 0.016465
257531.464220 800.552301 21.755783 0.013275 -0.008791
961609.428265 277.236230 259.692251 0.013371 0.000060
582120.371322 470.097896 558.496807 -0.005430 0.005999
408974.288222 701.694359 306.581316 0.016817 -0.017661
899929.745542 700.335237 511.730235 -0.008030 -0.019842
849952.291162 263.261391 237.674355 0.001508 -0.013091
617567.269419 532.393692 103.649675 -0.006174 -0.000020
907629.657959 661.808756 507.001385 0.015494 0.006323
693382.430213 141.781669 148.660182 -0.008907 0.001677
1797970.130014 385.123737 250.786046 -0.003524 -0.004086
955435.349120 688.634018 163.971567 -0.006712 -0.013570
557659.864685 605.853838 293.310986 0.007017 -0.008250
1324351.926951 788.272108 575.604522 0.013348 -0.006820
917046.023028 230.666736 93.513059 -0.007870 -0.012910
1632997.046985 519.094392 212.549169 -0.017491 0.017123
1790149.784549 770.198074 244.871966 -0.007409 -0.004956
1613713.184192 632.143686 140.644764 -0.016796 -0.015064
791753.703166 288.571883 527.215119 0.015413 -0.018590
347958.385175 437.371417 12.057983 -0.014655 -0.004620
701432.257286 473.864663 403.346097 0.000322 0.015831
1693039.169392 258.673660 326.918910 -0.012032 -0.004481
944105.254926 76.361751 210.597126 0.015343 -0.003686
1451122.988691 550.666704 119.873478 0.018420 0.010770
644142.737912 285.017672 76.594865 -0.011893 -0.010299
328294.663843 300.309236 473.817205 -0.012163 0.000423
344141.964030 428.797146 60.521242 0.013709 -0.018295
1995072.262359 551.860479 220.679309 0.001691 0.015581
1509670.835691 11.156501 591.043805 -0.015727 0.015786
783939.521193 665.467111 350.082178 0.003533 0.011734
702233.533702 730.433826 89.095239 -0.000811 -0.015210
783487.379916 514.380239 295.244530 -0.012698 0.013074
1976.599918 282.125582 217.588569 -0.015853 -0.012083
812477.567611 80.983301 532.101788 0.010929 0.005800
1551513.418346 422.666483 395.104882 0.010377 0.005365
1106838.468046 120.758857 279.720089 -0.014518 0.009724
516376.429478 389.598057 394.258840 -0.003936 0.018700
1541877.001311 639.191969 366.991719 -0.009510 0.019229
877046.727052 210.977211 200.403677 0.012096 -0.005350
1062152.807164 166.462238 280.929458 -0.003290 0.019313
220503.739184 155.063047 306.153506 0.010773 0.018107
285758.867062 257.625275 62.748320 0.004288 -0.002013
1694852.848395 693.283197 566.667698 0.000242 -0.009223
1823523.613542 219.371499 44.352597 0.000920 0.001474
109429.840049 768.298901 480.055736 -0.004459 0.010488
331166.874772 736.355208 582.247355 0.005306 -0.006546
1904142.131984 594.106385 318.588939 -0.001583 0.000436
967910.745632 483.307523 499.267948 0.003520 -0.011505
581591.096978 348.431074 48.099852 -0.010654 0.017496
706572.319710 117.985691 128.376110 -0.003006 0.006863
1499518.371885 385.538398 378.811050 0.001970 0.014863
785875.055374 571.539400 474.394384 -0.005466 -0.006112
257524.722376 252.965406 54.394336 0.006462 0.011196
1201976.699383 114.825576 228.923047 -0.002620 0.009278
1186503.038363 580.040891 101.819600 0.006827 0.018392
215485.423904 20.094222 64.843861 -0.007120 -0.001907
1555844.913030 56.637861 560.848682 -0.003697 0.004792
1610655.802121 641.105912 200.335582 0.003837 -0.013393
1363983.919548 580.589385 288.322601 0.010878 -0.004604
515601.680854 298.523390 317.642032 0.005556 0.012251
521772.659627 185.440344 319.547066 -0.002814 0.016123
984056.433190 429.797108 558.364031 0.003509 0.013648
764465.851134 302.219689 558.038574 -0.007322 0.011438
1098768.237559 98.201942 352.915351 0.014627 0.008841
1505133.839094 452.512710 265.863586 -0.010744 -0.006513
1656881.889169 392.743442 425.948092 -0.005641 -0.014820
1035409.796534 493.555151 216.367226 -0.018007 -0.018104
532033.862794 432.447559 349.949223 -0.012178 -0.014336
885049.308131 462.097776 312.404774 -0.005106 0.015767
611963.250959 737.597545 10.415707 0.015703 0.012225
1469794.933437 516.378913 223.590527 -0.012438 0.015604
1419313.830053 5.384323 222.241563 -0.003143 -0.005436
1001399.715897 751.244357 589.871758 0.014482 0.019444
57920.523946 103.056275 316.902986 0.004562 -0.007022
1340168.589419 44.066480 541.155876 -0.012381 -0.002906
1593328.125585 397.039039 209.036937 0.012545 -0.004448
308175.125303 438.499819 21.583957 0.000930 0.009128
1829796.170737 187.904969 440.312839 -0.008568 0.006237
194622.977727 628.402142 356.783577 -0.016823 0.005969
1163384.351490 85.790332 466.892927 -0.015293 0.009208
203536.384834 623.522806 466.965296 -0.019844 0.018799
408990.508136 640.542128 279.639811 0.002410 0.004633
1709918.606891 566.480452 96.643334 0.015757 -0.010616
1776676.395804 644.361091 280.288078 0.004785 -0.016388
248411.979642 575.621274 526.849459 0.008748 0.011925
1052401.075630 239.773073 543.569053 -0.007835 -0.003537
1254879.329007 324.240842 114.396513 -0.003737 -0.003568
322021.593490 487.279930 125.380095 0.001114 -0.015042
1647379.426121 386.181956 521.421468 0.019419 -0.005112
204691.412954 699.187524 106.325075 0.002793 -0.000170
536197.156895 555.276752 128.658261 -0.014199 -0.003474
25648.950611 537.938931 428.823160 0.016668 0.018943
247729.502734 436.859409 229.219088 -0.007400 0.018032
1580350.309415 379.796699 335.205628 -0.020007 -0.015902
1443766.372951 659.206962 351.072167 0.003679 0.012389
1912564.341869 554.285452 409.501794 -0.014673 -0.009431
357511.299829 321.100320 575.525867 -0.004421 0.001841
744693.135258 324.312211 130.814952 -0.016548 -0.007019
387589.365424 167.805025 523.078041 0.002987 0.000953
1645202.005117 291.605418 -0.126878 -0.004714 -0.005362
205411.871060 83.721559 113.544654 0.007508 0.007843
1996032.971887 514.908241 233.938490 0.007540 0.010386
1306804.762830 688.130239 106.602259 0.004501 -0.009857
1450619.077985 788.601472 395.049483 0.017717 -0.017182
1969754.747101 110.667343 168.457793 0.013629 0.008611
1609086.544071 543.873644 45.436761 0.012193 -0.017514
883645.576836 726.155320 99.664080 0.005692 0.003638
1722771.757153 502.415110 142.262040 -0.009970 -0.007556
28763.775727 722.650312 101.807555 -0.011979 0.000501
845989.907554 733.740897 301.354747 -0.016745 0.014417
1143645.596292 54.568996 600.392776 0.014090 0.016926
1423342.375748 525.705610 361.911819 0.011486 -0.001572
1329764.171191 184.899958 221.790221 0.013247 0.014447
1926056.274178 553.195696 294.433846 -0.012004 0.017723
1598411.507718 172.811658 507.807908 0.018772 -0.003699
726058.746095 314.077767 195.449742 0.014552 -0.001022
375371.614646 348.364038 324.796904 -0.012649 -0.008631
932014.105344 718.354822 567.082793 -0.017155 0.007130
811741.037672 587.803715 550.841435 0.010982 0.002637
1557690.799962 589.652982 154.948723 -0.009263 0.017509
399385.155365 53.282519 91.175006 -0.018134 -0.018557
1122038.441301 328.103437 256.561178 0.015485 -0.009112
1805346.826001 59.660444 425.555917 0.004532 0.003067
1995636.369100 729.217059 97.120133 0.017696 0.019435
1695958.700821 279.099296 427.824423 0.010647 -0.015090
558004.577904 435.830295 516.753550 0.001459 0.012505
1597187.265566 589.334679 528.828674 0.018085 0.011277
1833981.536251 410.028394 114.642444 -0.006180 -0.003990
929917.220459 197.771504 284.850722 -0.013193 0.007559
1471826.909795 138.656678 361.214132 0.015870 -0.015403
1165988.196230 595.197987 277.977731 -0.008184 0.000420
1172216.120722 460.776196 32.355893 -0.002199 -0.015477
1736107.381869 196.485924 508.203109 0.009949 -0.012173
1259741.624473 533.049379 425.057117 0.012848 -0.019577
218963.730251 229.081568 155.191157 0.003362 -0.001610
1902503.935575 255.784543 379.538984 0.002182 -0.011337
1496596.111682 109.389574 576.178399 -0.011559 -0.002660
941537.357374 638.182515 5.875859 0.001068 -0.010190
245239.558744 315.841087 292.961654 0.018816 -0.014289
1372376.816986 480.096910 484.741428 -0.004175 -0.003135
1637971.852737 403.659109 423.958820 -0.017018 -0.016342
337179.376901 23.703464 245.405116 0.012138 0.003349
1249672.392965 440.332656 432.843194 0.003378 0.010445
310196.676436 44.312264 335.823610 -0.013360 0.003297
1607296.809371 230.231784 585.004069 -0.008234 -0.009707
236307.595035 783.986584 515.207219 0.017036 -0.004963
561161.337682 597.018190 528.852903 0.019447 0.012913
1939371.158341 125.321628 511.967898 -0.004855 0.018363
870700.636353 2.067448 305.598615 -0.013723 0.003550
541779.813609 249.453804 386.782661 0.013262 -0.000886
453110.709066 506.717544 459.678430 -0.011928 0.017065
47266.968548 256.945861 543.190868 0.015294 -0.010192
562186.379247 130.027668 594.571440 -0.013528 -0.013979
1629854.769274 105.321825 185.090677 0.006686 0.000384
534606.907766 82.287941 307.437657 0.011063 -0.009663
203362.833803 38.231943 342.297351 0.009821 0.015215
92345.910190 778.867035 306.457575 0.012421 -0.012993
877177.283576 667.544758 297.695826 -0.006206 0.008680
1484435.888699 500.952898 528.867394 0.009362 0.011483
64404.659935 438.988332 550.702966 -0.006319 -0.011444
856791.879449 487.104737 190.778754 0.017639 -0.004616
1153201.109335 33.924407 259.461664 -0.014232 0.011659
618554.387530 154.308625 456.651154 0.012846 -0.019884
1875266.974734 207.511527 503.028898 -0.002704 0.004178
1111007.126566 140.221089 138.588892 -0.002544 0.016421
34336.430968 375.416023 275.435811 0.017140 0.004271
1349224.196444 292.173731 249.863630 0.019695 -0.007782
1602661.077679 455.154496 209.636142 -0.010648 0.008557
276647.354605 434.463995 544.427457 0.016402 -0.005552
1822198.850020 671.150118 373.245079 0.009942 -0.009121
453696.245539 243.684981 268.613965 -0.001695 0.009698
713133.517985 379.612983 125.372006 0.012603 -0.003602
36437.158490 391.718457 464.283627 -0.002894 -0.000573
159010.190591 189.103306 31.261036 -0.002846 -0.001199
1535456.720523 453.593236 6.983073 0.007007 -0.001249
749811.288319 470.097708 183.227840 0.019852 -0.006529
1154889.427663 178.778681 384.586165 -0.018997 0.007214
762647.938338 304.975818 92.504051 0.003625 -0.012137
1129345.827331 486.726680 410.840525 -0.006534 -0.018319
337378.635228 333.958217 168.858866 -0.011171 0.013865
1499918.929068 791.315618 248.049687 0.010352 0.006640
1760744.261444 108.751560 149.799400 -0.012555 -0.014675
1172923.453698 610.465436 215.680050 -0.010956 0.011546
79642.974809 486.101616 100.987162 -0.012200 -0.012033
730713.756164 606.861366 483.852198 -0.017944 -0.016077
1702955.846536 175.426378 309.538033 -0.014690 -0.002385
724785.897287 705.985383 257.954758 0.011052 0.005767
187236.443249 524.319859 468.680613 -0.006230 0.013669
1828784.213322 744.224999 362.787825 -0.009392 -0.013230
787390.226865 250.408406 459.587438 0.002479 0.000237
1929498.061505 743.006196 161.134951 0.010637 0.019219
730520.102536 499.642877 120.195419 0.015180 0.010621
1281053.293162 194.256072 381.770772 -0.017203 -0.019252
562426.321470 130.207609 404.885838 -0.017503 0.000266
1033437.869061 780.004863 262.819992 -0.015120 -0.010090
1192859.900739 412.566390 336.338754 -0.005498 -0.016832
138898.690296 261.440097 3.554821 -0.006510 -0.015990
1973181.982512 561.026883 434.049138 -0.012565 0.003318
957790.512106 660.739845 496.843364 -0.015322 0.015869
1692076.045876 318.216211 36.199047 0.000830 -0.001625
1136829.509929 29.221151 260.384717 -0.019523 -0.013629
1367539.427880 482.437307 406.279507 -0.010179 0.018674
1509350.044424 252.394703 176.116443 0.010399 0.006116
785056.476847 598.000999 212.861518 -0.015366 0.017395
1873643.585422 476.125355 457.081359 0.010545 0.008431
1315983.134935 488.230379 64.696263 0.008804 -0.014716
1135951.929323 228.654487 100.580445 -0.019853 -0.008259
656102.584980 548.506109 539.262610 -0.019843 0.017279
1727078.126616 606.280838 148.304374 -0.013756 0.000838
1797488.349396 438.926472 161.419628 -0.009883 0.006606
406141.346510 152.076404 156.449942 0.018576 0.018124
1941231.998588 497.124208 337.388236 -0.016815 -0.006385
1386830.762674 518.554413 376.789972 0.014459 0.005999
1843128.023596 152.269470 201.690626 0.012786 -0.012238
538331.757550 546.168062 571.841050 0.000657 0.013534
944807.663069 332.415853 233.371181 0.009356 0.006559
106756.882792 754.927004 514.558503 -0.007554 0.016348
1618777.323337 226.578458 318.147617 -0.005087 -0.005243
1742666.514471 52.446285 6.948005 -0.000035 0.017114
1321460.731012 337.199006 69.679657 0.019888 -0.010391
620834.287545 213.122555 553.836809 -0.009470 0.011295
1523195.320518 587.377365 118.883870 -0.014017 -0.000941
1731081.362688 163.145250 252.014495 0.008915 0.000661
656632.629529 425.712379 480.568663 0.014354 0.016122
325566.043298 583.669693 581.008050 -0.013080 -0.010858
1792559.657149 666.316074 390.329615 -0.019492 0.013221
1778465.217808 259.357138 59.266016 0.012373 0.003537
1763427.173609 457.766579 193.018164 -0.017845 0.010084
1593951.392730 755.897437 556.277009 -0.011306 0.006608
886016.743670 435.786387 119.156826 -0.010400 -0.003813
204796.643092 323.783388 80.810153 -0.017155 0.002976
727276.621725 773.407854 248.421343 -0.019642 0.019103
488690.041233 721.740836 183.032886 -0.006266 0.008564
1781116.410057 179.196205 171.946522 -0.011470 -0.007824
20635.784613 7.592013 149.527172 0.017502 -0.010969
1834876.302553 303.356708 462.688447 -0.015331 0.004950
350019.654422 174.640127 16.722564 -0.007612 -0.008379
1214501.650638 537.696835 155.092802 -0.019201 0.007497
477760.385944 211.514785 353.512846 0.001768 0.004276
605806.972182 347.269399 499.306739 0.003595 0.005792
272576.070518 480.083328 392.513946 -0.004568 0.001522
1759240.741729 243.208671 550.256875 0.005986 -0.003283
1080301.612187 660.463747 382.608535 0.002791 -0.014591
1857771.559552 140.163171 484.315200 -0.012476 -0.012185
988850.145130 339.895289 276.848397 -0.016671 0.018752
134591.829094 309.640432 242.577904 0.015994 0.019024
96963.198901 28.628631 345.819981 0.008311 -0.003141
227820.812831 464.969764 434.746142 -0.018764 -0.010713
290631.014058 457.579760 34.228407 0.011496 -0.014509
385931.693197 569.483689 190.167740 -0.020028 0.015996
1023297.854244 397.125602 195.424578 0.018830 0.003266
589125.026292 31.576566 579.705242 0.007951 0.017450
1882412.602139 596.845877 584.007175 0.000686 -0.002099
790218.714061 504.729229 18.737052 -0.015186 0.006554
526777.357108 212.298604 139.838414 -0.007110 -0.017986
748590.766801 411.838877 457.612750 0.007591 0.000592
1324791.236466 162.237414 5.956957 0.019525 -0.013032
1179151.767483 226.045790 128.361087 0.002196 0.019230
301466.356172 395.972190 434.792001 -0.014981 -0.019511
349183.755158 414.975766 387.375361 -0.011764 0.005624
616335.581344 375.075910 543.783706 0.001723 0.011543
1910511.639859 733.781927 182.936337 0.008696 0.004282
1640005.631205 304.789461 484.993094 0.013287 -0.005343
1964468.728734 335.821664 391.163170 -0.012189 0.018995
1261209.360911 276.217823 282.367993 -0.005748 -0.001167
968463.258337 424.343814 593.867787 -0.014826 0.009422
1257770.379660 350.163973 123.994217 0.001260 0.019270
1991034.577596 391.383119 537.646975 -0.008005 -0.011737
1007596.648767 95.802254 353.453639 -0.006667 0.017896
1912045.142572 235.955403 222.801124 0.004268 -0.000412
692628.538559 190.233086 501.221820 0.008944 0.003676
609848.141023 240.651015 74.919633 -0.008220 -0.002768
1723251.459991 737.626422 520.936807 -0.017352 -0.001710
1696924.347289 50.381823 567.950623 0.009832 -0.005578
309029.791648 199.722682 289.718743 0.009629 0.002326
867302.640745 559.212238 513.492053 0.012176 -0.007822
691843.061099 120.530731 326.142038 -0.012862 0.018629
272265.500516 388.383965 162.214625 -0.009546 0.011206
1400582.436193 98.372837 421.261983 0.003006 -0.012290
320566.674844 333.026465 150.777874 -0.015710 -0.013505
1229627.376064 208.744701 246.136740 -0.016044 -0.019855
1946485.269790 425.016439 421.398486 0.006302 0.006834
15066.369444 140.503773 292.265960 0.002010 -0.005761
911695.870064 549.128449 506.276284 0.009044 0.017875
1245159.992597 340.297147 42.801144 -0.006309 0.020280
519428.529087 388.675946 247.032479 0.000352 0.003866
1147820.552414 102.216005 512.445573 0.019418 -0.011052
1717933.562453 767.108187 453.739806 0.002494 0.011451
183230.377819 455.337366 577.696510 0.003167 -0.015300
640928.558372 27.417178 483.284520 -0.013452 0.010287
1503776.668340 629.013731 111.026122 0.012843 -0.015528
360957.489517 65.394324 358.332214 0.003705 0.003716
380073.533570 131.919780 431.573255 -0.018227 -0.014028
1889061.825298 723.408827 66.013493 0.008013 -0.001341
1796955.322752 633.868538 20.380478 0.014483 -0.005169
306282.549308 147.025290 243.149590 0.018361 -0.006190
332156.324914 567.582625 78.921077 -0.005929 0.001319
485168.456326 426.695383 367.282409 0.013051 -0.014866
413343.113108 24.377113 173.568937 0.017102 -0.017008
883643.182406 697.254853 587.101266 0.002074 0.002807
887249.075289 360.295909 217.495714 -0.000903 -0.007441
1467432.667253 504.273761 297.513137 -0.014408 0.003561
1682910.725327 245.165570 179.527824 0.018973 0.006317
1660796.624450 172.294751 113.469642 -0.002234 -0.017769
629926.086697 520.369738 50.897448 0.004189 0.003112
318150.466456 37.208410 269.344493 -0.013814 0.003914
40123.955365 464.608689 29.029260 -0.004737 -0.017514
724761.667999 94.026554 413.621897 0.014320 -0.009800
558074.092752 559.685083 337.279111 0.003108 0.006876
438651.350531 326.406701 533.293436 -0.004207 0.014579
1885724.248311 578.923913 300.932672 -0.018901 -0.006827
158400.153815 149.288213 226.092653 0.001143 -0.006983
1952982.963972 437.528594 543.680677 -0.018959 0.017278
1927788.328346 311.035325 28.233508 0.006200 -0.010090
607879.136041 746.991376 567.562733 0.014625 0.000465
1236504.919471 67.946241 551.391247 0.000256 -0.000269
1541570.438790 358.777670 131.499368 -0.009120 -0.000969
1098586.873663 282.319065 398.415755 0.017054 0.015184
1973812.054831 723.125141 257.364539 0.015647 0.017426
717421.361579 684.435318 190.610520 -0.003731 0.000395
1128238.588166 568.342441 265.722166 0.000398 0.003055
1906900.824936 103.242775 396.776756 0.014911 0.005396
311031.282093 514.382831 50.677250 -0.004968 0.016678
1119457.958787 738.779085 161.419570 -0.010752 0.013997
295815.608602 167.812142 451.576434 0.003005 -0.015977
1365835.790227 746.657374 574.048365 -0.019993 -0.006437
933742.419320 452.437426 30.034988 0.016416 -0.016960
1254474.420685 690.031985 122.190913 -0.008479 0.009409
1674721.783807 355.639102 227.732529 0.016823 0.012741
589441.845468 384.423198 445.815140 0.002563 0.008109
1186208.380939 568.297313 547.269290 -0.006137 -0.008544
28320.921598 24.589256 131.639522 0.018876 -0.018780
1123059.363627 350.762885 356.762598 0.004371 -0.006050
1339490.994503 192.622426 126.487699 0.014920 0.001160
1892333.765464 567.788861 583.321209 -0.007210 0.005360
1580513.963280 495.700175 66.174769 0.001239 -0.012665
1628540.167412 101.036554 535.773270 0.009076 -0.001116
358744.990248 592.743619 301.803808 -0.004037 0.008491
1065496.480589 768.662619 90.550520 -0.014930 0.002940
996930.964755 638.363173 488.906226 0.008373 0.006815
685065.261407 523.979249 229.018876 -0.007653 0.019145
22284.613001 83.078149 360.076938 -0.014822 0.005116
1564209.169505 749.557058 458.173222 0.006971 0.006548
471659.941818 684.003538 242.411870 0.009525 -0.009790
234378.384535 216.411502 129.543961 -0.009232 -0.004017
1581110.075852 613.268202 117.732552 0.004190 -0.000952
1733102.233956 757.545776 78.163696 -0.010148 -0.009498
222272.466972 206.800975 219.672563 0.008453 -0.004767
7593.072023 394.848075 189.625408 0.010721 -0.013153
1961038.188991 2.045369 13.991113 -0.004568 0.009661
554464.627316 401.915149 7.673473 -0.000263 0.010862
821613.773155 227.350491 322.653507 0.003950 0.015613
24485.756655 378.323206 502.182171 -0.014263 0.008808
196372.594776 203.390075 587.949283 -0.001422 0.018544
718005.964867 375.040275 274.499685 0.007052 -0.010220
1252709.545778 525.431784 142.154606 0.005946 -0.018315
1958473.456073 741.806004 326.329904 0.019624 -0.003223
628831.249023 322.249480 421.360446 0.014052 -0.019644
1185057.482303 690.549157 288.872710 -0.002872 -0.019714
406775.272641 421.126696 157.305903 -0.012895 0.019408
452064.211691 433.120854 275.616881 0.007349 -0.011355
1391094.198167 249.199976 524.838963 0.017226 0.018309
1830316.959801 730.314874 532.176972 -0.001630 0.016131
610994.441719 618.127077 184.008122 -0.019663 0.004984
631021.334152 481.817830 292.088235 0.011837 -0.018574
989235.750860 1.801990 334.043879 0.010257 -0.012654
1098658.789461 784.360325 435.128238 -0.019661 0.006629
1883467.686308 564.547360 586.019248 0.012800 0.005388
1871849.530317 584.817012 330.529372 0.012870 -0.012442
911993.535660 102.249351 577.372373 0.010576 -0.014596
1176139.691461 61.568894 443.452017 -0.016931 0.015020
1537174.407177 456.347470 526.448253 -0.006938 -0.006930
123261.179832 700.908165 185.255123 0.011678 0.014929
1946848.674653 583.242960 354.092078 0.017981 0.001710
457599.283409 709.001179 164.543760 0.011211 0.008296
926562.791190 189.181494 501.660364 -0.000069 0.020074
1942178.605097 12.067458 45.347421 0.008400 -0.016362
1905775.863633 382.728073 397.478493 0.013274 0.012158
1975712.466974 713.587671 407.972969 -0.008320 0.007170
1128937.655654 214.613150 243.682962 -0.013897 -0.011213
1900458.380534 306.182355 62.080550 -0.011063 -0.013424
1623668.112617 549.983554 239.588792 0.005847 -0.015470
798515.523224 494.057829 76.752913 -0.000977 -0.006940
438456.544857 343.718370 482.282918 0.015119 -0.009780
1216805.763178 694.611591 90.675277 -0.008496 -0.013395
1661706.700764 681.427872 259.133142 -0.010495 -0.019710
1303971.794110 150.826471 233.935133 0.010276 -0.003515
1107963.914568 455.330826 58.966501 0.018169 -0.011402
425643.800956 282.617766 499.984663 -0.007399 0.013774
318262.858465 449.133671 154.977613 0.018568 -0.002274
1036196.117772 457.893346 186.607873 0.006834 0.014607
948553.069005 401.485397 427.715835 0.016396 0.009361
1438074.149861 446.964294 555.754911 -0.015620 -0.007585
677338.477540 530.420136 530.668167 -0.002501 0.004693
197747.041563 521.164231 583.507233 0.017220 0.019651
1601492.672973 71.570292 330.600149 -0.017642 -0.017810
1987075.958395 461.514437 375.181462 -0.007824 -0.010054
971748.938305 621.755770 449.384415 -0.012076 0.007404
974474.447302 733.548972 146.136063 -0.003452 -0.018913
1121549.802423 602.054357 413.150639 -0.002208 -0.012396
613932.794246 434.647120 504.545775 -0.008855 -0.001012
1665525.531241 62.900667 338.635403 -0.004481 -0.014537
1238773.710671 302.405783 429.522211 -0.010181 0.007294
1925637.924078 585.361399 276.658033 0.008455 0.017206
290519.337305 158.631125 508.060575 -0.004366 0.004493
1745488.432117 760.828102 218.953456 0.002445 -0.004206
1111265.337612 695.148233 563.161996 -0.004268 -0.013867
829182.160473 184.299051 135.869192 0.019234 0.004581
728391.627189 478.799857 596.316825 -0.016881 0.013656
1349985.243450 33.298534 346.038031 -0.014506 0.010167
1010733.056353 223.879743 571.588461 -0.005913 0.006793
1129411.861826 180.369031 373.195259 0.017220 0.011489
33999.050983 389.233912 394.182298 0.020961 0.015554
1606354.705806 296.148837 66.675234 -0.018777 -0.005950
1451822.744427 315.167922 570.273792 0.008764 -0.001005
1590584.168020 314.837109 309.314754 -0.005147 0.001139
538209.161040 700.883734 484.869804 -0.011160 -0.010864
958317.440449 628.124137 272.203684 -0.015992 0.008650
479655.517489 94.542675 120.165501 0.015859 -0.017015
167238.956395 558.623905 267.434093 -0.012165 0.009131
1592486.357127 737.265122 73.269314 0.009848 0.005636
1189583.299304 433.003751 20.911227 -0.015532 0.016582
1124831.962923 303.258026 474.206792 -0.005194 0.004006
37146.621401 680.307945 232.715509 -0.001136 0.018055
205026.889315 568.852560 41.071092 -0.007895 0.004314
284161.461650 310.216495 183.812627 0.003494 0.003352
68690.410847 306.159714 301.674196 -0.013745 -0.014786
287411.349028 600.153720 403.951011 -0.012907 0.014464
1171263.018237 591.653684 143.618983 -0.004982 -0.015508
1682127.158941 314.964234 577.539184 -0.010873 0.014514
1824708.168313 264.947585 346.658698 0.019212 0.005358
369206.509725 98.055329 13.396030 -0.000372 0.008413
1208981.916871 419.406272 56.206409 -0.015650 0.007266
446720.970071 202.267372 259.086197 0.015802 -0.002836
586212.983628 385.049107 102.143080 0.001336 0.014305
560717.814863 299.259351 150.897747 -0.010352 0.004147
234257.601311 123.738523 558.873543 0.007807 -0.014625
1133248.557864 703.446896 154.202592 0.003533 -0.005179
1934248.125150 153.556596 536.623626 -0.017566 -0.007939
1152133.833222 226.108454 331.370027 -0.019689 -0.012991
1965200.129880 240.366575 396.862938 -0.013838 0.013365
1034901.121182 346.215051 125.891650 0.010882 0.006879
1623246.405098 709.037732 497.166751 0.009744 0.003207
1926329.093951 248.108284 276.325811 -0.011182 0.015960
1658576.383096 150.495570 54.747888 0.008982 -0.010065
786221.519479 240.964007 318.646618 0.017786 -0.007697
1421758.733421 742.903926 365.009725 -0.004812 -0.017361
888519.625593 711.323427 308.025298 0.005924 0.006157
374128.679919 371.371886 325.492429 -0.019384 -0.011594
247207.860577 783.031482 311.518061 0.003283 -0.012050
838233.393076 329.887879 231.479290 0.000721 -0.014334
1269501.125100 722.758628 262.770021 -0.002428 0.034293
1490342.234955 701.549780 467.191735 -0.005840 -0.010058
1720173.599068 638.957731 82.404721 -0.005140 -0.001857
1589947.016719 447.806315 550.798157 -0.006492 0.003104
254199.274003 369.741049 331.741958 0.005912 -0.018216
1506623.924480 52.399304 274.471844 -0.014407 0.003087
1187558.641279 619.108203 289.622887 -0.018793 0.017646
663885.182079 619.968941 490.462809 -0.015549 -0.014783
134186.233456 776.611024 557.402367 -0.011865 -0.006224
763995.101100 799.296445 542.432516 -0.008049 -0.006505
960104.740672 340.731563 479.096683 -0.018590 -0.016984
1689167.128731 629.695055 84.868412 -0.007886 0.017126
1435140.350571 715.980813 422.210747 -0.012035 0.017046
1287450.956780 425.431181 421.166505 0.008844 -0.014545
1664884.491668 423.864067 368.588186 0.010629 0.009318
1916152.068375 115.700448 439.935788 0.014368 -0.002291
142374.806172 274.723234 522.118561 0.014831 -0.004936
1889104.925044 571.663112 97.825732 -0.016700 -0.019291
184043.514628 642.396821 546.892225 0.011781 -0.019920
1678137.485719 350.667604 320.125024 0.001600 0.016075
349432.717240 299.263690 257.224339 0.011505 -0.014623
327130.583267 597.827052 167.721471 0.015866 0.004361
1445781.852792 774.664084 571.566704 0.003715 0.013534
657045.848974 430.374343 332.869426 -0.000288 0.004923
1143416.638087 467.914523 254.907413 -0.000621 -0.004814
853229.746620 259.680172 491.226006 0.018361 0.014550
1436276.935710 106.423938 143.603079 -0.014026 0.016983
747046.145027 249.392692 400.672186 0.006109 -0.011853
555282.349025 300.067779 106.685716 -0.010821 0.018769
31011.744417 446.385519 303.488754 0.002806 -0.017979
259713.421697 113.416345 381.609406 0.002212 0.005065
30230.289339 785.874118 570.661514 0.013289 0.017701
1629124.594680 440.018744 45.004531 -0.017900 0.007951
1993199.337271 341.274814 5.441729 0.006602 -0.016790
437214.899080 754.098820 272.246932 -0.004241 -0.013120
847463.854052 329.213994 438.794906 0.017217 0.019223
1561464.248021 48.380711 73.526944 -0.003324 0.004599
1496915.452879 345.541788 358.009912 0.008026 -0.009432
1076064.875850 410.505834 489.277442 0.004504 0.002595
1028186.607653 487.310275 594.748580 0.000929 -0.009085
141764.248787 594.390618 129.678039 0.000993 -0.014457
778578.041484 758.780138 329.836509 -0.015279 0.015192
1058486.954802 720.258115 564.125761 0.005841 -0.007124
1112790.978101 319.364881 448.085380 -0.013856 -0.016077
24501.685065 553.956401 366.370425 0.013087 -0.007841
353571.678676 272.748987 548.613342 -0.013268 0.014607
375264.103699 191.476362 365.775233 -0.003806 0.010616
1493884.026769 634.902462 429.296123 -0.008209 0.016521
1188817.119779 659.946015 487.970654 0.001402 -0.000912
259519.063057 73.840328 525.329381 0.015147 -0.010166
1949033.547169 712.090322 562.568640 0.003475 0.008710
482529.103981 609.395703 36.172555 -0.013825 0.017266
1850091.109914 273.848212 102.811291 0.001400 0.009863
1871495.037280 224.955825 324.757852 0.006206 0.002872
908785.677938 195.217120 241.277879 -0.009273 0.011223
1755362.652128 318.423393 522.307674 0.010157 -0.008999
232765.271437 582.013506 98.765374 -0.018120 -0.007222
1765166.354256 236.461545 45.872132 0.017676 -0.001995
15434.920795 692.840739 474.736029 -0.012883 -0.004006
1077013.659792 90.606992 409.360343 -0.016802 0.010606
516053.778360 427.431183 5.742406 0.006389 0.012126
1576709.125925 429.915477 119.172677 0.006432 -0.008341
948767.654108 620.931274 12.218424 0.005597 0.013207
667159.362075 417.518114 74.295254 -0.003589 -0.001436
1146380.339352 334.088414 198.447920 -0.005350 0.003862
1462269.868451 722.412916 427.046791 -0.003591 0.019248
949273.004639 536.528596 309.749526 -0.000656 -0.006838
636841.273232 217.407599 520.999125 0.000691 0.017240
316267.470045 793.066282 424.472372 -0.012938 0.005310
1072709.865436 409.197294 92.855499 0.006415 0.016881
1234697.917120 187.521778 203.699327 0.017929 0.003944
1871003.135047 543.413344 300.139044 0.005844 -0.016343
968257.898916 95.610410 457.570677 -0.019796 0.004250
184803.100389 256.179731 525.943257 0.018290 0.013469
1613704.762242 94.160731 496.997600 0.000561 -0.008174
920804.219749 40.432429 484.199185 0.004859 0.008300
1455508.939668 184.352662 565.893814 -0.017310 -0.012833
1084419.887087 1.227178 515.126159 -0.018218 0.005932
1899527.167855 422.514736 461.409933 0.008452 0.001114
745706.753221 643.173244 509.134103 -0.010135 0.010543
1369434.811813 44.298482 529.136539 0.000575 0.002791
353913.564400 780.015805 371.894301 0.019279 0.003540
660308.989072 568.527723 492.072002 -0.009055 0.011118
1997036.600484 653.721619 468.954565 0.014265 0.014408
857968.969670 644.628567 232.643547 -0.012094 0.000743
1832483.595159 457.082649 194.310385 0.011690 0.011654
174050.590104 359.807852 525.535999 0.018768 0.018479
887791.815627 115.821218 561.231128 -0.017431 -0.014859
1048845.100705 314.643647 504.391846 -0.006251 0.006687
1236598.032171 273.664110 290.042294 -0.004027 -0.012093
688449.854352 662.686061 2.424550 0.009250 -0.018938
1047717.716101 519.101558 357.799628 0.013916 -0.003481
831685.772553 746.753686 517.273994 -0.008458 0.016124
1646809.537731 587.912583 29.470112 0.010385 0.011941
354697.854423 226.591242 115.086674 -0.019277 0.005151
1718570.137265 508.408386 581.407267 -0.006287 -0.018646
338487.908402 549.659283 517.428048 -0.012998 -0.003250
1776805.868268 558.740648 40.766675 -0.000619 0.001848
960078.654327 720.383065 286.997487 -0.006807 -0.012537
763596.911339 131.444975 556.082556 -0.002749 0.017020
1446903.674606 486.653731 125.322089 0.017521 0.005372
1673049.761761 619.862855 155.851268 0.012215 -0.015279
591079.477496 780.288362 482.699215 -0.013708 -0.013985
450261.526019 36.893751 509.529385 -0.008244 0.001255
788880.985598 619.011542 258.765586 0.014935 -0.015424
1247242.441982 204.427653 167.398974 0.002021 0.007425
405506.701397 218.012199 175.257150 -0.003531 -0.012363
1835863.754077 197.697145 576.337338 -0.012857 -0.017848
159031.381905 380.067175 18.635003 0.015404 0.005325
362722.217274 87.315497 407.225830 -0.018536 -0.003744
420997.232395 340.184912 105.301395 0.005861 -0.007737
580167.091722 213.287798 332.920430 0.002808 0.012592
479025.265425 617.110268 52.519700 0.001287 -0.012674
552036.800679 359.885312 258.437788 -0.010469 0.005068
969986.005207 253.895864 61.560666 0.000813 -0.011950
1471710.388303 557.494020 187.838935 -0.003394 0.009220
1430984.936390 500.913167 91.092932 0.015645 -0.009260
902052.609670 144.477934 321.198534 -0.019780 0.010002
700700.571156 195.523853 313.368880 -0.002450 0.011060
1408199.004553 571.216834 137.195009 -0.014609 0.018116
1713095.736556 496.339713 161.350576 0.018420 -0.014613
944491.339356 557.138226 498.669477 0.011373 -0.015567
1119457.834922 400.487379 441.411761 0.008483 -0.004370
8319.607940 130.640075 343.450224 0.001564 -0.013273
647061.014849 711.892239 247.377538 0.013812 -0.006821
379545.065751 439.176915 25.919316 -0.003342 0.007315
1990576.603445 218.588299 181.408128 -0.009384 -0.010680
876473.971119 589.589046 557.755227 -0.009188 0.000888
80381.552726 664.587688 13.455101 0.011021 0.001700
828036.629980 625.082179 423.043962 0.019522 -0.007180
1747623.103553 248.353686 124.397928 -0.008533 -0.013741
1072386.123739 381.216693 423.699309 0.003228 0.015735
777386.485961 459.655936 100.917382 0.007634 0.013595
801906.589792 103.730497 345.947742 -0.006811 -0.003941
197987.358178 295.909439 137.777881 -0.015160 -0.014142
1545926.498969 428.228851 556.360725 -0.000462 0.001263
492654.834172 281.819323 500.356859 -0.000893 0.005008
1978982.283724 792.965861 69.287786 0.007748 0.002827
17631.095842 66.068317 86.773179 -0.012954 0.010995
1966499.848276 461.745964 543.680117 0.003634 0.014919
611006.784537 527.338645 167.374988 0.001460 0.011205
850069.038966 247.014814 189.909493 -0.005922 0.011500
1676786.882652 479.129344 83.232881 0.006894 -0.017859
1557780.060711 529.811893 26.142001 0.015763 -0.005720
1227310.625476 722.843822 262.761120 -0.001084 -0.037906
428616.731627 591.978571 393.318433 -0.015228 -0.007965
1127178.874392 340.461597 576.746306 0.013657 0.018408
1480731.590409 212.705574 162.232242 -0.017760 0.004802
115335.758829 715.079121 130.661681 -0.012099 0.002661
541498.807511 780.905319 137.343170 -0.007445 0.014834
1167776.423119 741.905123 464.518396 -0.019057 0.007390
1705487.274428 189.987043 255.753520 0.000311 -0.005711
1455042.508177 58.245239 469.706943 0.007528 0.016569
1485351.840726 341.471132 108.568008 -0.019550 -0.000662
1600046.444498 55.517487 226.663918 -0.019273 -0.009267
1889695.885540 230.141959 146.899036 -0.013081 0.004147
230475.999522 605.936453 319.333657 0.015496 0.011173
434670.210087 593.571598 9.928587 0.005755 -0.009940
748135.628527 296.637112 193.010242 -0.013637 -0.017665
474188.291689 718.614912 292.789118 -0.003325 0.016205
1941577.332067 174.236891 588.500532 -0.006009 -0.010689
499196.726130 235.231769 314.390605 -0.000262 -0.001296
254300.674542 487.769529 134.030951 0.006370 -0.000112
6325.354803 699.948607 144.014818 -0.019182 0.000834
980919.682878 316.096594 534.939926 0.012556 0.001955
1900851.625903 40.262900 269.151074 -0.002598 -0.001273
719689.197242 326.188250 412.422055 -0.006338 0.010296
1844748.197982 472.721300 30.103951 -0.002184 -0.016557
1036199.990211 459.281040 416.276726 0.009636 -0.010768
385683.919483 595.611034 65.319980 -0.002699 0.010630
1256102.471266 738.643633 96.122977 0.000490 0.010319
1419511.694191 375.357644 472.935801 -0.013619 0.016241
511292.832210 415.354405 189.747277 0.017687 0.014407
145034.134456 691.115836 270.107711 -0.015049 -0.007553
1071721.370831 513.102343 530.641510 -0.010812 -0.004677
233847.819378 338.135017 77.441853 -0.011037 0.014194
1786277.592083 681.740192 467.381321 -0.017909 -0.005084
1031918.257955 609.606572 506.195317 -0.007876 0.016820
1499349.890975 446.241568 263.474453 -0.017318 0.000082
597617.807145 110.367443 219.013967 0.010018 -0.009533
1353622.215499 228.400738 541.957016 0.002470 0.000629
573296.933702 542.627411 564.079585 -0.003397 0.016134
1590131.532210 246.421792 453.741758 0.003015 -0.005546
258416.177825 73.062016 73.593125 0.018867 -0.004274
87595.200207 577.071890 571.741796 -0.000688 0.011451
906233.425674 625.911297 554.294174 0.012745 0.001240
370032.188655 395.805266 489.229280 -0.016454 -0.017746
664767.085884 299.526051 441.848147 -0.009130 0.011572
1278253.811075 52.998378 58.726152 -0.004116 0.005621
916040.443311 420.099692 438.712209 0.003217 -0.000167
249204.321880 499.110635 130.166551 -0.016947 -0.015717
8661.484350 424.575363 533.395851 0.017159 -0.006052
841302.204338 90.031084 506.047361 -0.010469 -0.011988
1802783.200425 455.944472 346.287954 0.005476 0.013643
731632.451868 220.843973 544.789266 -0.001400 0.006842
1096714.972098 736.692197 118.100590 -0.008796 -0.000108
1386984.768969 324.010552 76.206915 0.016471 -0.000736
469499.863903 732.060159 6.991317 -0.015005 0.013813
718651.906922 435.357982 574.672914 -0.011850 0.011220
316653.122342 84.373268 211.421335 0.010147 0.008928
385530.231700 79.609991 10.961425 -0.015987 0.002577
1379939.433830 519.545538 291.695524 0.015408 0.017180
1974529.288697 463.594017 199.389441 -0.015529 -0.000413
1626419.535664 279.801949 244.562680 0.012984 -0.001061
503204.831157 146.102018 10.644959 -0.011611 -0.004500
1600260.999799 292.970422 294.392486 -0.013934 -0.015950
467442.890847 275.281335 120.993436 -0.009912 -0.002201
1530910.291491 753.010353 56.658529 -0.010010 0.013183
43405.273949 189.910112 245.085284 -0.005784 -0.005883
1801413.789299 133.483502 421.475512 -0.007700 0.019683
348673.859774 447.478918 105.082460 -0.012279 0.010756
1122384.702378 793.272912 80.729179 -0.017925 -0.014251
474000.488629 229.237172 293.459475 -0.002429 0.001563
1867761.544822 162.625861 288.085199 -0.018851 -0.001848
617712.498930 39.644793 415.266903 0.008761 -0.003837
88793.583256 495.168371 342.946409 0.009899 0.016911
1123119.018564 736.254845 291.447206 0.009362 -0.015513
510837.786138 237.534630 62.596856 -0.004327 -0.005983
498234.962345 502.760052 381.340647 0.009533 -0.017335
350510.791107 537.851355 162.947457 0.006257 0.007950
1451432.125387 771.365520 449.399111 -0.003401 0.007362
303273.376219 370.362711 179.855882 0.008882 -0.011665
454803.713809 227.233700 75.889784 0.008606 -0.019198
480071.545802 775.453841 189.783496 -0.006256 -0.005555
1333575.176696 474.792205 592.850726 -0.007773 -0.006722
110627.538576 382.759581 1.791445 -0.007007 -0.014503
1406769.050940 41.566710 59.180795 -0.001866 -0.001180
1561676.394922 482.112854 559.295346 -0.016766 -0.007001
281255.947557 246.662309 364.693085 -0.009246 -0.019069
1257382.930842 407.522777 596.191129 0.017782 0.014118
706537.016996 489.473069 268.984406 -0.006343 0.016655
1558318.719993 318.177724 237.095543 0.011349 0.008938
1057752.200895 389.443916 466.046741 0.005111 0.017490
491364.625511 326.209969 325.139103 -0.012860 -0.000413
1734950.389590 255.124333 479.333739 -0.000922 0.003492
1643357.573842 84.771331 56.777312 0.012567 -0.017962
1898263.090243 133.923421 397.735000 -0.004152 0.000408
1157183.811607 141.143245 544.705714 0.018944 0.018331
1260090.642264 401.448910 266.466815 -0.003784 -0.014829
767107.214205 521.713432 323.367274 0.016974 0.013174
55740.578126 634.906770 88.736965 0.013010 -0.009324
1471867.368311 519.099600 224.863807 0.012809 -0.001700
851158.514084 624.067097 377.563540 -0.016455 -0.012925
279214.015361 532.872506 211.835478 -0.018200 0.005635
622537.959657 541.406039 84.609573 0.010268 -0.016709
543551.074594 112.495477 439.112946 0.012907 -0.017318
1125283.938425 670.492852 515.310641 0.008415 0.006515
255944.995329 357.695280 187.067653 0.000112 -0.008827
1549879.616848 742.591673 35.113446 -0.003809 -0.019290
474171.187949 435.920546 410.501602 0.003559 0.003658
648167.413030 720.762977 160.532791 -0.001357 0.006313
697835.028496 589.731645 478.515531 -0.016730 0.001912
1725670.433475 516.056227 231.083257 0.008601 -0.005262
99429.388577 679.134661 481.499270 -0.005526 -0.005957
163663.104253 109.254168 168.320395 -0.006649 0.000359
594763.153510 303.823634 52.902378 0.019281 0.018817
1355525.087265 245.048630 522.187946 0.017940 0.010953
1053977.892294 234.746227 305.598924 -0.007012 -0.004925
115031.983757 149.677954 12.913321 -0.002332 0.016306
752375.869431 393.667838 455.183663 -0.012754 0.014189
219437.964363 208.561236 594.978527 -0.004391 -0.003952
1068114.026016 550.281960 469.124409 0.004826 0.006917
1499866.051366 239.148354 584.141290 0.004720 -0.010295
1491842.997955 116.778167 322.372357 -0.009705 -0.001117
1826279.228472 251.209741 395.273476 0.017291 0.010253
1133058.067007 247.481951 149.320000 -0.007045 -0.000434
207507.431604 346.450216 450.386887 -0.016175 0.012955
304737.184339 504.492584 306.618817 0.017354 -0.010024
361247.467977 546.387038 329.269078 -0.013812 -0.007891
1585793.637478 720.379433 269.228567 -0.006752 -0.013857
1841064.114050 194.854143 281.185057 0.003196 -0.012825
451362.950938 116.070050 291.939893 -0.000994 -0.001229
1950936.490647 463.011400 542.256622 0.007711 0.008318
1454702.783122 701.632012 182.740456 -0.010462 0.012503
1108684.254395 335.100204 297.156237 -0.015858 0.002983
1596490.624173 716.771780 284.816533 -0.012840 -0.009914
1263706.185512 134.095790 282.550794 -0.015925 0.009881
1294332.516982 261.045346 535.820563 -0.014673 0.012040
723046.520130 87.037966 228.543861 -0.009388 0.013353
107937.715067 793.444197 426.801119 -0.005757 -0.010865
1046872.077066 728.807075 389.718043 -0.019392 -0.019541
450965.188654 653.721587 546.625917 0.008008 -0.017430
278162.196408 266.395041 139.750143 0.004373 -0.002625
1960316.196066 205.803807 456.550872 0.014896 -0.004398
1125740.257616 187.841051 299.747988 0.017724 -0.000072
668170.334151 796.699208 294.198029 -0.018196 -0.005844
1443825.863043 455.472536 160.049572 -0.005093 0.003558
564375.188464 478.110622 242.563928 -0.012222 -0.008028
938961.728913 267.151884 379.908281 0.008065 0.017686
132214.712972 546.740882 119.680596 0.013368 0.002232
1179224.623916 311.475341 473.107839 -0.016497 -0.006652
575213.267736 339.085207 197.871284 0.010982 -0.001189
1368718.602401 400.953205 24.055155 0.018036 0.014955
1254302.726711 185.663814 282.670530 -0.018634 -0.002903
1541011.519516 401.006911 456.112031 -0.003925 -0.011877
1407684.757098 375.524729 531.728159 0.016160 -0.008184
883750.411162 393.771587 411.795017 -0.010551 0.003304
38293.802197 414.514474 2.811308 -0.006035 -0.008079
949396.727117 26.724414 479.038314 0.000615 0.019452
1340193.529306 112.129641 129.829901 -0.014282 -0.013051
1289556.392138 729.378888 404.300618 -0.003833 -0.007437
1756783.113702 88.142098 468.952109 0.010462 -0.019756
157687.638028 166.079390 303.229085 0.010648 -0.002497
175039.783202 626.593165 573.202523 -0.016259 -0.014659
506304.289450 453.225271 99.191395 -0.017940 -0.016706
301433.914481 576.018789 133.879558 -0.005382 0.014559
790027.673724 9.511814 464.047090 -0.017183 -0.003250
176035.711624 758.820066 317.274633 0.014792 0.008526
1081972.172988 759.089837 552.343813 -0.018277 0.008707
715741.816310 106.939942 298.847706 -0.007400 -0.010926
1263880.632475 454.398150 476.771315 0.011930 0.004696
1751026.801649 758.637552 202.425318 -0.016182 -0.007299
399196.095951 394.913942 198.056128 0.019108 0.002351
1496994.359185 48.631882 306.581941 -0.008895 0.017279
445396.929255 653.552229 529.821579 -0.014303 0.014539
1193553.106484 399.762978 599.493190 -0.016113 0.012532
450224.472419 581.242937 229.330407 -0.019251 0.001036
1999453.321099 715.718778 285.876996 -0.004096 0.019003
1584501.028799 429.136881 291.144353 -0.015106 0.000399
94458.571679 696.633521 342.430421 0.002264 -0.014109
1007827.074736 623.569926 579.734664 -0.004563 0.016848
1658558.308919 786.718298 253.046336 0.013085 -0.016914
475365.567242 42.328523 482.822678 0.004285 -0.016902
663714.367274 496.153205 580.957843 0.012216 0.018161
1919117.403179 479.282198 296.989483 -0.002163 0.008819
9624.167350 393.727536 354.489786 0.003062 -0.018037
1478876.057770 64.667257 497.163686 0.007720 -0.001374
1502145.321808 426.475802 269.216833 -0.013019 -0.005534
1054818.871922 329.058713 247.627855 -0.006669 -0.018736
972186.690649 532.042333 390.585256 -0.001900 -0.001128
1216433.286302 329.461288 43.394841 -0.015862 0.014311
1585452.240699 85.727121 209.954174 -0.004635 0.007093
796849.675848 98.926017 459.141233 -0.011131 0.013063
461377.134761 782.856717 216.919180 0.007136 -0.013902
1447663.852688 165.139256 338.380609 -0.014470 0.001607
1190708.408687 498.727756 122.666486 -0.010135 -0.017078
1355477.244293 684.114449 294.569618 0.010002 0.018253
694211.989964 433.766382 39.476392 0.007914 0.017112
1497031.391364 75.984819 30.197453 0.000516 -0.007094
1759090.904966 594.395628 180.039298 -0.010330 -0.003080
904928.793621 771.893454 377.625805 -0.019374 -0.015858
341892.055395 489.133845 437.189202 -0.004956 0.014362
1609370.418642 43.104183 428.128157 -0.008169 0.012130
1339833.364515 513.570525 206.838048 0.009434 -0.006389
543533.833951 386.138264 260.598294 -0.007102 0.019774
1510075.678821 160.967506 443.556759 -0.017782 -0.002230
325429.097901 406.712073 246.069550 0.011711 0.000973
1027532.088117 770.877347 81.201143 -0.010402 -0.006335
1987715.010526 37.228878 236.741069 0.008292 -0.006362
396776.620483 301.256835 588.520577 0.001756 -0.015608
639902.701899 652.686633 355.826125 0.010156 -0.014507
1179865.857204 406.072683 204.137786 -0.006873 0.002540
1568458.621189 393.142223 42.269594 -0.012224 -0.008574
1190290.628555 566.819379 150.381300 0.009232 0.017977
1180185.991889 580.629340 597.226688 0.019383 -0.002812
672088.553511 146.487572 485.070550 -0.007411 0.009061
1837656.663655 510.376225 325.250552 0.000515 -0.004376
1360614.323691 81.449085 539.165878 -0.019215 -0.002761
924125.776125 643.726990 555.362386 0.001306 0.019924
418950.309241 102.529799 424.742277 -0.001811 0.014232
1312754.557148 39.418232 349.594670 0.006052 -0.018695
30587.249450 790.930290 130.208628 0.012883 -0.007749
1889215.610870 593.532905 565.947990 -0.000550 -0.009842
669560.509114 133.398660 214.058610 -0.010652 -0.012485
1579576.984783 556.870941 594.899292 0.008598 -0.010929
1982244.182370 739.117890 214.005473 0.007924 -0.004710
432350.935616 284.028137 257.962522 0.011970 -0.019776
930735.730068 652.640689 596.840826 0.007302 0.005509
600671.720971 501.598150 227.646645 -0.010157 -0.015433
1270601.892504 464.054703 169.615440 0.019699 0.012526
938976.299455 626.111533 304.953843 -0.001552 -0.000152
1474031.937064 361.615317 251.548885 -0.016257 -0.013942
1605130.416157 247.711599 302.538284 -0.010670 -0.015575
1023340.410098 559.402607 555.248473 0.000253 -0.004737
1128556.229700 645.824776 5.065903 0.017727 -0.017936
248420.950141 463.883684 377.912842 -0.004101 0.002567
884577.235619 701.167805 213.152774 0.017995 -0.006630
1704879.713107 549.678517 474.543744 -0.009088 0.011158
1882055.445519 60.086059 54.752793 -0.002192 -0.007593
404206.608610 765.787260 4.940645 -0.014904 -0.001415
780987.060993 553.530658 162.461603 -0.004079 0.005524
642018.800900 420.263451 130.880537 0.018038 0.017209
1579863.075903 313.779617 483.309051 -0.014240 -0.006308
286431.929230 799.186076 18.273161 0.017334 -0.009106
1625355.291937 700.171246 207.277315 0.016183 -0.007103
1310099.705732 85.523903 166.790933 0.006599 -0.010573
1485499.756171 42.292159 555.842655 -0.019438 -0.001828
1126826.147142 267.784176 586.711017 0.011207 -0.008652
1817754.082297 456.585916 407.030641 0.008593 0.008660
42605.713030 685.699270 428.886021 -0.017475 0.011478
1969490.396776 691.774201 399.905534 -0.006749 0.010788
1972945.507603 788.210255 525.903724 -0.009426 0.005962
221002.463354 5.584328 421.010439 -0.018480 -0.019154
314139.836614 479.750368 212.938005 -0.014575 -0.004778
1280098.799281 35.215343 571.081337 -0.007241 0.010308
1334025.561499 271.111164 370.180979 -0.004790 -0.004315
817314.073824 291.906162 154.286040 -0.016980 0.007878
52254.755074 49.382909 409.043914 0.016118 -0.006918
662711.798522 9.403052 199.666864 -0.018599 -0.017992
710212.109941 153.500074 389.832109 0.008414 -0.006921
61999.699130 281.109107 223.093290 0.019319 0.006771
261157.692532 519.690744 3.631891 0.009907 -0.018753
797766.605764 125.462240 237.083748 0.006233 -0.010779
184709.901076 545.744059 175.226742 0.010997 0.003294
1235796.007903 85.497992 357.331466 0.018121 -0.014404
1292608.929469 245.285581 198.238736 -0.008132 -0.019334
1317389.029692 261.222000 220.331533 -0.018778 -0.007599
71927.786838 127.742440 575.891060 -0.018264 0.016281
1977614.946653 353.568241 38.319137 -0.004674 -0.016038
591803.305127 381.785281 467.161767 0.003534 -0.009939
726241.200569 165.256165 213.963960 0.018401 -0.013691
995710.504705 485.327605 279.410367 0.013138 0.016103
963862.695249 391.211395 138.020632 0.013997 0.000719
1079147.418532 708.512843 408.093008 0.000042 0.017222
1174876.041326 389.908910 223.315487 0.006101 0.014863
937689.950195 758.235261 209.345185 -0.010101 0.001367
1200871.358253 489.767268 445.106681 0.018295 0.002821
1798372.363578 364.450468 105.785836 -0.005466 -0.008552
158766.744732 676.232954 464.561843 -0.007533 0.007877
584123.108808 679.935841 348.348950 0.018809 -0.006105
1019930.488905 447.404167 500.081952 0.015237 -0.011570
1412068.961846 279.236696 95.683363 -0.017828 0.003983
1390465.348675 524.119992 125.808870 -0.002535 0.004567
1560588.704217 269.614503 41.805309 0.018294 0.008037
709118.110458 28.647408 327.044559 -0.014823 -0.006314
481739.437432 336.811251 116.753550 0.012809 -0.004329
1084185.081108 265.266143 569.422481 -0.004953 -0.011508
321427.933090 65.612079 337.163858 -0.007560 -0.014327
322096.383349 11.901369 475.435581 -0.005133 -0.001933
811598.476400 120.525499 472.203378 -0.000990 -0.015693
975828.599639 662.806365 87.454894 -0.018663 0.018338
980873.326296 219.741031 226.194310 0.007428 -0.016139
1538962.265262 182.301619 256.976278 0.008847 0.004172
1281944.833362 703.532953 411.208552 -0.011741 -0.012074
1646853.441208 292.161030 129.443730 0.004646 0.009429
1334224.681991 17.327993 531.644030 -0.001751 -0.000143
1987979.200663 753.894582 196.484264 -0.014448 0.019149
567825.405192 503.403727 150.191013 0.006617 -0.007359
693992.653253 345.663503 324.413844 0.011165 -0.014020
290886.182473 333.330908 18.709278 0.013265 0.004837
461579.700216 523.951141 590.525405 -0.002182 -0.009210
1440439.939238 90.568409 175.767368 0.004284 0.002718
1578856.275221 479.594546 307.184207 -0.015374 0.009487
975708.803616 319.989409 219.881838 0.009550 -0.017504
1363849.989774 68.085694 296.410064 -0.011051 0.014437
1287670.666020 295.513015 165.496230 0.006993 -0.011983
1793086.186886 725.013240 513.175816 0.015254 -0.005939
253419.465503 481.157188 278.117925 -0.003035 -0.011639
65064.939701 167.188758 484.630534 0.001755 -0.007021
1093948.624606 26.051449 434.827346 0.016636 0.010810
1570950.974510 476.896705 514.174851 -0.008946 0.012883
1433502.711092 738.681050 113.680766 0.019656 0.003958
779698.448619 711.537001 301.943164 -0.010235 0.010913
1707668.152502 297.508063 224.255842 -0.007302 0.011713
1161722.038482 280.380387 1.032285 -0.004389 0.015817
650195.260835 748.082912 556.334535 -0.017968 0.014024
1393276.303724 667.716504 267.725331 0.002116 -0.015476
534900.189626 215.494112 20.819159 -0.001723 -0.009450
1264731.390059 676.588846 91.012627 -0.014610 -0.016294
1848317.172308 790.608887 278.266500 -0.008156 -0.007742
512088.236637 701.969866 394.150443 -0.009756 -0.009265
1104225.446984 465.377837 122.062233 -0.000855 0.005249
107543.810321 140.002935 279.597708 -0.000008 0.009154
1156781.673039 614.991848 597.841665 0.004531 -0.011041
520065.349769 196.744681 42.789635 -0.003460 -0.004745
327390.441823 269.819586 222.010707 0.005085 0.005379
1353004.063178 706.969145 306.653082 -0.006509 -0.014412
1558240.596931 709.743301 433.267125 0.019294 -0.005473
706633.334377 29.303852 323.791387 0.012782 0.001656
534505.464385 317.264072 182.500876 -0.009449 -0.019534
1061346.780072 419.733674 154.886391 0.004186 0.017606
1275778.349152 611.991764 164.410036 -0.019712 -0.004274
1816858.008419 547.097239 166.043489 -0.003173 -0.019293
837596.447597 159.110257 542.034858 -0.014412 -0.012807
537634.699856 396.196099 130.367209 0.012321 -0.007440
1509630.032587 59.602167 425.802796 -0.025623 -0.021440
1442342.147903 473.605887 518.179039 0.019183 -0.012359
1603574.954720 492.085720 575.812818 -0.016932 0.004958
706735.606634 787.840314 184.378018 0.005210 -0.003781
651319.147391 39.744838 362.293210 -0.010775 -0.012383
1573016.600485 398.175817 411.360306 -0.019937 -0.007666
1998835.487291 607.643651 230.168164 0.008376 0.012765
1445522.677826 344.899702 246.129864 0.003478 -0.003645
1207599.107738 311.332233 14.961699 0.002535 -0.001323
1297106.122271 733.966250 269.876306 0.018135 0.001905
1709409.523620 225.350244 358.937823 -0.001615 0.000451
1579454.636005 196.673579 5.861842 -0.000955 -0.009963
635151.660366 380.556527 5.065221 0.008026 -0.012571
1657542.871152 338.019099 368.781818 -0.010404 -0.019605
50074.195513 673.683518 239.451640 -0.017990 -0.003732
1728956.987955 558.586605 193.873196 -0.007464 0.006088
1741304.677791 135.023457 562.114842 -0.001265 0.005058
896425.988943 206.793601 524.861372 -0.001636 0.009344
248631.410417 620.389932 125.791234 -0.014689 -0.000944
789536.960791 769.106522 539.275590 -0.019605 -0.011931
1819863.026878 28.323217 26.120456 -0.007616 -0.016544
901731.744829 139.459634 470.673233 0.010949 -0.000466
878442.611954 515.164869 393.399712 -0.004976 -0.015502
569936.175165 658.583918 222.623951 -0.013653 -0.008685
212161.644461 226.416809 35.181792 -0.007361 -0.003246
1070836.321949 568.344613 228.029393 -0.002626 0.008850
1162154.364009 276.185053 454.534504 0.005043 0.006162
1685995.778854 61.521241 497.384111 0.005548 0.014011
631794.399876 54.152767 296.545783 0.018928 -0.002277
