120102.793966 630.553265 121.748332 -0.006076 -0.005539
269277.329682 300.469266 155.846902 -0.018248 0.015168
1260731.205931 301.935226 191.787175 0.013093 -0.002979
973263.179405 632.698933 573.063057 0.008529 -0.005925
1683880.506867 289.622103 229.594270 -0.016846 -0.013039
1760997.696668 175.125538 580.906784 0.011712 -0.019842
354965.669268 682.085362 474.892854 -0.004782 -0.011985
306862.422408 412.093487 346.382440 -0.003486 0.002370
913598.742761 34.680141 562.238931 0.011096 0.014842
723511.401901 210.405218 397.321986 -0.007315 0.019070
27418.055584 127.103848 203.402194 -0.004129 -0.010484
1026719.971107 221.770882 273.380843 -0.000716 -0.017202
919235.655535 527.493132 553.246478 -0.009943 -0.018402
247720.705461 324.031324 333.401674 0.008051 0.012694
229642.751734 126.017790 516.735387 -0.017949 0.017296
1463437.116455 330.511180 118.705037 -0.004260 0.009196
349002.480669 325.690372 533.733379 0.000787 0.011895
253345.397419 21.781356 48.640564 0.003305 0.000367
301882.374241 33.638665 101.156052 -0.017049 -0.008247
417897.793659 158.090511 419.495997 0.010568 0.015939
1032678.423930 703.186188 34.120963 -0.004919 0.017234
1981626.739717 86.831074 206.274353 -0.012504 0.000233
148080.320166 290.629810 545.825402 0.018531 0.015057
1426235.401736 72.143463 542.428405 0.011779 0.006907
826207.458426 756.147707 428.753029 0.003266 -0.019252
17939.873048 632.839681 129.661020 0.008292 0.002218
229060.592236 179.000015 260.602634 -0.013098 0.003983
729567.630556 129.525046 425.843077 0.008373 -0.006022
424191.899795 625.834695 427.982040 -0.015141 0.009799
1179453.697605 667.597534 501.568220 -0.000287 0.005141
1017047.714916 725.163236 344.268666 -0.011058 -0.000458
1184883.571782 186.301622 167.987941 0.012327 0.017636
1669257.284919 738.254696 98.324246 -0.009277 -0.016429
1530870.404807 506.893847 153.291247 -0.001019 -0.006335
1211583.405366 549.828444 75.097786 -0.007250 0.012368
1741377.547263 726.976856 385.929662 0.008272 -0.003870
544004.606336 172.244513 185.247969 0.013845 -0.002453
1594854.852927 350.307188 402.601100 -0.016923 -0.010137
1223177.906695 729.419974 101.624233 0.011003 -0.012903
527324.168257 433.095562 488.098798 0.000770 -0.019340
312490.830343 99.943051 422.440289 -0.009103 -0.002397
1025907.483430 121.171993 211.730883 -0.013742 0.014338
1509229.653286 342.331302 43.804434 -0.017603 -0.009160
1023852.793045 688.473798 427.681828 -0.012672 0.017506
1918069.081343 635.591483 509.637800 -0.014836 0.002818
59433.087734 314.172700 67.518276 0.013734 0.016467
257531.464220 800.222000 21.974060 0.013299 -0.008771
961609.428265 276.904121 259.690558 0.013348 0.000076
582120.371322 470.232874 558.347272 -0.005429 0.006032
408974.288222 701.277488 307.020070 0.016725 -0.017638
899929.745542 700.534847 512.223300 -0.008029 -0.019827
849952.291162 263.224100 237.999779 0.001492 -0.013090
617567.269419 532.547170 103.650413 -0.006174 -0.000039
907629.657959 661.423804 506.843689 0.015477 0.006364
693382.430213 142.003147 148.618465 -0.008912 0.001679
1797970.130014 385.211557 250.887456 -0.003542 -0.004073
955435.349120 688.800929 164.309010 -0.006717 -0.013578
557659.864685 605.679289 293.516005 0.007027 -0.008244
1324351.926951 787.939919 575.773821 0.013378 -0.006801
917046.023028 230.862427 93.834526 -0.007874 -0.012954
1632997.046985 519.528796 212.123846 -0.017458 0.017095
1790149.784549 770.382635 244.995714 -0.007441 -0.005000
1613713.184192 632.560923 141.019360 -0.016772 -0.015073
791753.703166 288.188746 527.677095 0.015412 -0.018577
347958.385175 437.735680 12.173442 -0.014651 -0.004669
701432.257286 473.856845 402.952673 0.000308 0.015822
1693039.169392 258.972648 327.030255 -0.012023 -0.004477
944105.254926 75.981284 210.688704 0.015268 -0.003682
1451122.988691 550.208657 119.605979 0.018432 0.010751
644142.737912 285.313500 76.850986 -0.011908 -0.010307
328294.663843 300.614791 473.806913 -0.012424 0.000405
344141.964030 428.456215 60.976004 0.013720 -0.018292
1995072.262359 551.818307 220.292049 0.001702 0.015576
1509670.835691 11.547673 590.651195 -0.015744 0.015801
783939.521193 665.378481 349.790692 0.003597 0.011717
702233.533702 730.454111 89.474652 -0.000819 -0.015317
783487.379916 514.696206 294.919194 -0.012723 0.013102
1976.599918 282.519845 217.889303 -0.015866 -0.012112
812477.567611 80.711678 531.958122 0.010924 0.005759
1551513.418346 422.408433 394.971585 0.010384 0.005359
1106838.468046 121.120045 279.478472 -0.014541 0.009715
516376.429478 389.692941 393.794036 -0.003744 0.018686
1541877.001311 639.428423 366.513649 -0.009513 0.019233
877046.727052 210.676633 200.536682 0.012087 -0.005351
1062152.807164 166.544065 280.449852 -0.003294 0.019274
220503.739184 154.795524 305.703275 0.010750 0.018115
285758.867062 257.518462 62.795910 0.004309 -0.001816
1694852.848395 693.277980 566.895515 0.000177 -0.009106
1823523.613542 219.348898 44.316134 0.000898 0.001460
109429.840049 768.409587 479.794898 -0.004446 0.010498
331166.874772 736.223358 582.409678 0.005302 -0.006514
1904142.131984 594.145546 318.578043 -0.001567 0.000441
967910.745632 483.219824 499.553943 0.003536 -0.011505
581591.096978 348.695275 47.664382 -0.010602 0.017540
706572.319710 118.059741 128.206018 -0.002952 0.006821
1499518.371885 385.489467 378.441777 0.001967 0.014847
785875.055374 571.675141 474.546324 -0.005455 -0.006113
257524.722376 252.805328 54.116914 0.006417 0.011124
1201976.699383 114.890882 228.692290 -0.002634 0.009287
1186503.038363 579.870744 101.362130 0.006862 0.018412
215485.423904 20.271440 64.891185 -0.007138 -0.001901
1555844.913030 56.729564 560.729483 -0.003681 0.004799
1610655.802121 641.010376 200.668574 0.003849 -0.013398
1363983.919548 580.318987 288.437051 0.010876 -0.004604
515601.680854 298.385332 317.337345 0.005551 0.012262
521772.659627 185.510412 319.145946 -0.002823 0.016148
984056.433190 429.706834 558.020214 0.003769 0.014026
764465.851134 302.401797 557.754094 -0.007329 0.011449
1098768.237559 97.834419 352.696265 0.014973 0.008782
1505133.839094 452.779197 266.025244 -0.010696 -0.006492
1656881.889169 392.884230 426.316379 -0.005687 -0.014810
1035409.796534 494.002980 216.817330 -0.018022 -0.018109
532033.862794 432.750258 350.305655 -0.012175 -0.014340
885049.308131 462.224875 312.012710 -0.005119 0.015776
611963.250959 737.206908 10.111900 0.015726 0.012218
1469794.933437 516.691276 223.205168 -0.012695 0.015385
1419313.830053 5.462694 222.376754 -0.003163 -0.005441
1001399.715897 750.884201 589.387993 0.014494 0.019476
57920.523946 102.943117 317.077619 0.004542 -0.007027
1340168.589419 44.374498 541.228056 -0.012400 -0.002902
1593328.125585 396.727330 209.147369 0.012534 -0.004437
308175.125303 438.476038 21.357586 0.000985 0.009086
1829796.170737 188.118004 440.157790 -0.008571 0.006237
194622.977727 628.820451 356.635277 -0.016831 0.005962
1163384.351490 86.173209 466.666580 -0.015497 0.008997
203536.384834 624.016112 466.497933 -0.019844 0.018802
408990.508136 640.484411 279.525118 0.002236 0.004590
1709918.606891 566.089972 96.907757 0.015663 -0.010657
1776676.395804 644.241493 280.695338 0.004837 -0.016376
248411.979642 575.403887 526.553009 0.008742 0.011926
1052401.075630 239.967961 543.657286 -0.007845 -0.003562
1254879.329007 324.334360 114.485637 -0.003788 -0.003602
322021.593490 487.204576 125.741738 0.004276 -0.014034
1647379.426121 385.699204 521.548612 0.019420 -0.005117
204691.412954 699.117862 106.329343 0.002812 -0.000174
536197.156895 555.629627 128.744566 -0.014191 -0.003470
25648.950611 537.523985 428.351741 0.016718 0.018984
247729.502734 437.043434 228.770817 -0.007405 0.018033
1580350.309415 380.293966 335.600902 -0.020000 -0.015900
1443766.372951 659.115696 350.764316 0.003663 0.012379
1912564.341869 554.650109 409.736228 -0.014665 -0.009430
357511.299829 321.209079 575.479827 -0.004328 0.001863
744693.135258 324.723744 130.989221 -0.016561 -0.007001
387589.365424 167.730804 523.054192 0.002985 0.000966
1645202.005117 291.722542 0.006731 -0.004709 -0.005388
205411.871060 83.535142 113.349844 0.007490 0.007830
1996032.971887 514.722614 233.675766 0.007386 0.010764
1306804.762830 688.018351 106.847351 0.004500 -0.009862
1450619.077985 788.160778 395.476573 0.017738 -0.017179
1969754.747101 110.326272 168.243738 0.013846 0.008605
1609086.544071 543.570583 45.872305 0.012190 -0.017527
883645.576836 726.017542 99.572634 0.005398 0.003719
1722771.757153 502.663025 142.450288 -0.009975 -0.007589
28763.775727 722.950301 101.794064 -0.012159 0.000587
845989.907554 734.156808 300.995956 -0.016716 0.014450
1143645.596292 54.218809 599.971740 0.014084 0.016948
1423342.375748 525.419639 361.950736 0.011521 -0.001559
1329764.171191 184.570789 221.431143 0.013236 0.014442
1926056.274178 553.493852 293.993395 -0.011985 0.017713
1598411.507718 172.345142 507.899785 0.018761 -0.003693
726058.746095 313.715867 195.475143 0.014564 -0.001022
375371.614646 348.677294 325.010184 -0.012559 -0.008532
932014.105344 718.781696 566.903257 -0.017192 0.007324
811741.037672 587.530715 550.776202 0.010982 0.002612
1557690.799962 589.883271 154.513341 -0.009265 0.017520
399385.155365 53.733421 91.636212 -0.018143 -0.018549
1122038.441301 327.718565 256.787275 0.015479 -0.009078
1805346.826001 59.599553 425.680409 -0.000108 -0.008352
1995636.369100 728.777115 96.638928 0.017698 0.019284
1695958.700821 278.834709 428.199517 0.010640 -0.015088
558004.577904 435.794150 516.442573 0.001449 0.012515
1597187.265566 588.885183 528.548309 0.018078 0.011279
1833981.536251 410.182111 114.741798 -0.006187 -0.004003
929917.220459 198.098253 284.661691 -0.013092 0.007647
1471826.909795 138.262261 361.597028 0.015863 -0.015402
1165988.196230 595.400908 277.967359 -0.008143 0.000415
1172216.120722 460.830391 32.740936 -0.002162 -0.015501
1736107.381869 196.238608 508.505340 0.009948 -0.012143
1259741.624473 532.729977 425.543689 0.012849 -0.019570
218963.730251 228.998082 155.230842 0.003354 -0.001583
1902503.935575 255.730370 379.820965 0.002177 -0.011349
1496596.111682 109.676734 576.244252 -0.011545 -0.002638
941537.357374 638.156210 6.129499 0.001047 -0.010216
245239.558744 315.373315 293.316957 0.018818 -0.014296
1372376.816986 480.200597 484.819377 -0.004167 -0.003136
1637971.852737 404.081277 424.365834 -0.016945 -0.016402
337179.376901 23.402176 245.321977 0.012102 0.003340
1249672.392965 440.248422 432.583342 0.003399 0.010461
310196.676436 44.644505 335.741831 -0.013370 0.003283
1607296.809371 230.436834 585.244968 -0.008263 -0.009674
236307.595035 783.562966 515.330859 0.017045 -0.004984
561161.337682 596.534129 528.531841 0.019498 0.012917
1939371.158341 125.442366 511.511480 -0.004859 0.018357
870700.636353 2.408858 305.510411 -0.013744 0.003547
541779.813609 249.124477 386.804989 0.013234 -0.000911
453110.709066 507.013935 459.254123 -0.011918 0.017072
47266.968548 256.565586 543.443757 0.015301 -0.010155
562186.379247 130.364021 594.918646 -0.013532 -0.013955
1629854.769274 105.155679 185.081080 0.006681 0.000388
534606.907766 82.012976 307.677909 0.011059 -0.009666
203362.833803 37.987573 341.919918 0.009840 0.015151
92345.910190 778.558088 306.780579 0.012435 -0.012993
877177.283576 667.699096 297.479927 -0.006211 0.008690
1484435.888699 500.720140 528.581863 0.009364 0.011489
64404.659935 439.145804 550.986789 -0.006351 -0.011392
856791.879449 486.666107 190.893584 0.017650 -0.004622
1153201.109335 34.277625 259.172361 -0.014186 0.011615
618554.387530 153.989350 457.145308 0.012841 -0.019873
1875266.974734 207.578497 502.925132 -0.002684 0.004170
1111007.126566 140.284410 138.180976 -0.002550 0.016397
34336.430968 374.983109 275.309380 0.017748 0.006298
1349224.196444 291.683975 250.057029 0.019707 -0.007777
1602661.077679 455.419447 209.422939 -0.010668 0.008596
276647.354605 434.059728 544.564779 0.016146 -0.005499
1822198.850020 670.902779 373.471914 0.009957 -0.009129
453696.245539 243.727392 268.373369 -0.001717 0.009659
713133.517985 379.299658 125.461629 0.012605 -0.003609
36437.158490 391.788328 464.298934 -0.002722 -0.000654
159010.190591 189.174222 31.291003 -0.002859 -0.001212
1535456.720523 453.418956 7.014527 0.007014 -0.001282
749811.288319 469.603829 183.390431 0.019883 -0.006552
1154889.427663 179.251115 384.406596 -0.019012 0.007233
762647.938338 304.885730 92.805874 0.003623 -0.012146
1129345.827331 486.888485 411.295313 -0.006486 -0.018271
337378.635228 334.235873 168.514289 -0.011167 0.013858
1499918.929068 791.057384 247.885212 0.010423 0.006593
1760744.261444 109.063612 150.163827 -0.012552 -0.014646
1172923.453698 610.737538 215.393196 -0.010936 0.011533
79642.974809 486.404953 101.286400 -0.012204 -0.012042
730713.756164 607.307452 484.251872 -0.017945 -0.016078
1702955.846536 175.791783 309.597170 -0.014709 -0.002372
724785.897287 705.710934 257.811580 0.011029 0.005753
187236.443249 524.474711 468.340760 -0.006229 0.013674
1828784.213322 744.456067 363.120334 -0.009200 -0.013516
787390.226865 250.346539 459.581025 0.002499 0.000279
1929498.061505 742.740096 160.657393 0.010777 0.019201
730520.102536 499.264571 119.934760 0.015243 0.010362
1281053.293162 194.683678 382.249245 -0.017200 -0.019243
562426.321470 130.643020 404.878843 -0.017528 0.000297
1033437.869061 780.380644 263.070501 -0.015113 -0.010064
1192859.900739 412.703122 336.757291 -0.005502 -0.016841
138898.690296 261.602094 3.952562 -0.006524 -0.016010
1973181.982512 561.339149 433.966556 -0.012558 0.003326
957790.512106 661.120892 496.448859 -0.015334 0.015870
1692076.045876 318.195556 36.239515 0.000832 -0.001631
1136829.509929 29.707925 260.723402 -0.019639 -0.013618
1367539.427880 482.690405 405.815570 -0.010182 0.018652
1509350.044424 252.135666 175.964785 0.010441 0.006085
785056.476847 598.383030 212.429199 -0.015369 0.017386
1873643.585422 475.863158 456.871675 0.010549 0.008439
1315983.134935 488.012019 65.062518 0.008764 -0.014751
1135951.929323 229.148244 100.785632 -0.019872 -0.008248
656102.584980 548.999398 538.833010 -0.019844 0.017284
1727078.126616 606.622645 148.283734 -0.013743 0.000822
1797488.349396 439.172334 161.255496 -0.009897 0.006599
406141.346510 151.614654 155.999456 0.018573 0.018119
1941231.998588 497.542257 337.546866 -0.016819 -0.006377
1386830.762674 518.194934 376.640744 0.014462 0.006007
1843128.023596 151.951768 201.994986 0.012774 -0.012249
538331.757550 546.151771 571.504317 0.000654 0.013557
944807.663069 332.181555 233.207227 0.009503 0.006635
106756.882792 755.114276 514.152220 -0.007513 0.016339
1618777.323337 226.705133 318.279576 -0.005104 -0.005377
1742666.514471 52.447221 6.522772 -0.000040 0.017098
1321460.731012 336.704440 69.938139 0.019901 -0.010405
620834.287545 213.358181 553.555797 -0.009487 0.011314
1523195.320518 587.725655 118.907420 -0.014005 -0.000954
1731081.362688 162.923890 251.998113 0.008894 0.000657
656632.629529 425.355527 480.167740 0.014356 0.016133
325566.043298 583.994781 581.277798 -0.013075 -0.010844
1792559.657149 666.800504 390.000630 -0.019482 0.013247
1778465.217808 259.048886 59.178750 0.012426 0.003483
1763427.173609 458.201873 192.779652 -0.017180 0.009217
1593951.392730 756.178631 556.112049 -0.011316 0.006663
886016.743670 436.044013 119.251744 -0.010329 -0.003824
204796.643092 324.209849 80.734860 -0.017153 0.003082
727276.621725 773.894976 247.945420 -0.019545 0.019186
488690.041233 721.896742 182.820022 -0.006277 0.008562
1781116.410057 179.481821 172.141003 -0.011509 -0.007822
20635.784613 7.157099 149.799924 0.017488 -0.010975
1834876.302553 303.737947 462.565673 -0.015341 0.004928
350019.654422 174.829419 16.930962 -0.007617 -0.008387
1214501.650638 538.174164 154.906739 -0.019202 0.007472
477760.385944 211.471093 353.406467 0.001747 0.004283
605806.972182 347.179984 499.162540 0.003599 0.005809
272576.070518 480.196739 392.476317 -0.004557 0.001505
1759240.741729 243.059636 550.337882 0.006005 -0.003234
1080301.612187 660.394699 382.971348 0.002764 -0.014599
1857771.559552 140.473678 484.617995 -0.012505 -0.012175
988850.145130 340.309690 276.382164 -0.016669 0.018758
134591.829094 309.243068 242.104796 0.015975 0.019039
96963.198901 28.423703 345.898059 0.008180 -0.003139
227820.812831 465.436111 435.012314 -0.018756 -0.010702
290631.014058 457.295074 34.588181 0.011410 -0.014439
385931.693197 569.981044 189.770139 -0.019986 0.015992
1023297.854244 396.657205 195.344266 0.018854 0.003196
589125.026292 31.379267 579.270897 0.007922 0.017495
1882412.602139 596.828635 584.059034 0.000701 -0.002074
790218.714061 505.106721 18.574394 -0.015184 0.006532
526777.357108 212.475593 140.285711 -0.007129 -0.018000
748590.766801 411.650079 457.597856 0.007599 0.000606
1324791.236466 161.752109 6.281115 0.019519 -0.013048
1179151.767483 225.991298 127.883285 0.002188 0.019211
301466.356172 396.344974 435.276591 -0.015011 -0.019477
349183.755158 415.268359 387.235798 -0.011776 0.005604
616335.581344 375.033253 543.496288 0.001709 0.011581
1910511.639859 733.565603 182.829940 0.008708 0.004278
1640005.631205 304.459577 485.125386 0.013254 -0.005300
1964468.728734 336.124801 390.690959 -0.012200 0.018996
1261209.360911 276.360615 282.397328 -0.005740 -0.001192
968463.258337 424.712337 593.633260 -0.014823 0.009446
1257770.379660 350.131720 123.515698 0.001333 0.019229
1991034.577596 391.582050 537.938453 -0.007999 -0.011714
1007596.648767 95.972411 353.007798 -0.007058 0.017976
1912045.142572 235.849322 222.811408 0.004267 -0.000415
692628.538559 189.992896 501.135838 0.010602 0.003302
609848.141023 240.855493 74.988470 -0.008231 -0.002770
1723251.459991 738.057563 520.979293 -0.017334 -0.001708
1696924.347289 50.137560 568.088681 0.009821 -0.005529
309029.791648 199.482814 289.659918 0.009669 0.002408
867302.640745 558.909369 513.686334 0.012191 -0.007808
691843.061099 120.849779 325.678169 -0.012804 0.018691
272265.500516 388.621316 161.936090 -0.009550 0.011203
1400582.436193 98.300036 421.568618 0.002850 -0.012374
320566.674844 333.417007 151.113572 -0.015710 -0.013503
1229627.376064 209.143958 246.630180 -0.016077 -0.019844
1946485.269790 425.059549 421.309065 -0.003918 -0.013476
15066.369444 140.453934 292.408986 0.002000 -0.005746
911695.870064 548.903815 505.831863 0.009028 0.017881
1245159.992597 340.460829 42.301297 -0.006799 0.019948
519428.529087 388.666224 246.937425 0.000429 0.003781
1147820.552414 101.733286 512.720147 0.019419 -0.011038
1717933.562453 767.046436 453.454508 0.002474 0.011502
183230.377819 455.258651 578.076468 0.003166 -0.015269
640928.558372 27.751793 483.027768 -0.013469 0.010368
1503776.668340 628.694243 111.412333 0.012861 -0.015544
360957.489517 65.302421 358.239655 0.003689 0.003730
380073.533570 132.372731 431.921326 -0.018214 -0.013976
1889061.825298 723.209740 66.047178 0.008004 -0.001369
1796955.322752 633.508417 20.508991 0.014490 -0.005171
306282.549308 146.569185 243.303296 0.018334 -0.006176
332156.324914 567.729888 78.888696 -0.005919 0.001286
485168.456326 426.367431 367.653365 0.013346 -0.014972
413343.113108 23.952160 173.991839 0.017087 -0.017016
883643.182406 697.203278 587.031111 0.002076 0.002837
887249.075289 360.318214 217.681042 -0.000891 -0.007469
1467432.667253 504.632047 297.424635 -0.014418 0.003560
1682910.725327 244.694351 179.370862 0.018939 0.006311
1660796.624450 172.350456 113.911581 -0.002248 -0.017787
629926.086697 520.265401 50.820289 0.004205 0.003096
318150.466456 37.556439 269.246712 -0.014198 0.003951
40123.955365 464.725994 29.465597 -0.004701 -0.017591
724761.667999 93.670520 413.865214 0.014323 -0.009774
558074.092752 559.607788 337.108049 0.003111 0.006887
438651.350531 326.506445 532.935344 -0.003831 0.014247
1885724.248311 579.393774 301.102157 -0.018901 -0.006809
158400.153815 149.260024 226.266687 0.001125 -0.007018
1952982.963972 437.999776 543.251482 -0.018952 0.017253
1927788.328346 310.881500 28.484711 0.006175 -0.010121
607879.136041 746.627780 567.551438 0.014626 0.000444
1236504.919471 67.939986 551.397549 0.000248 -0.000238
1541570.438790 359.004139 131.523256 -0.009100 -0.000953
1098586.873663 281.895039 398.038218 0.017060 0.015190
1973812.054831 722.735900 256.933399 0.015667 0.017265
717421.361579 684.528152 190.600762 -0.003737 0.000390
1128238.588166 568.332530 265.646333 0.000400 0.003046
1906900.824936 102.872202 396.642782 0.014903 0.005383
311031.282093 514.506622 50.262912 -0.004992 0.016657
1119457.958787 739.048531 161.071523 -0.010934 0.014007
295815.608602 167.737274 451.973360 0.003018 -0.015956
1365835.790227 747.154276 574.207854 -0.019984 -0.006394
933742.419320 452.029623 30.456988 0.016394 -0.016991
1254474.420685 690.242721 121.956963 -0.008476 0.009414
1674721.783807 355.220862 227.415833 0.016826 0.012738
589441.845468 384.359867 445.613444 0.002532 0.008118
1186208.380939 568.449792 547.481712 -0.006131 -0.008546
28320.921598 24.120171 132.106417 0.018863 -0.018784
1123059.363627 350.653166 356.913281 0.004456 -0.006073
1339490.994503 192.251615 126.459107 0.014914 0.001140
1892333.765464 567.966480 583.189071 -0.007083 0.005275
1580513.963280 495.668854 66.489918 0.001281 -0.012690
1628540.167412 100.810921 535.800839 0.009077 -0.001102
358744.990248 592.843689 301.592664 -0.004014 0.008496
1065496.480589 769.033458 90.477185 -0.014905 0.002960
996930.964755 638.155069 488.736851 0.008370 0.006812
685065.261407 524.167766 228.542454 -0.007515 0.019184
22284.613001 83.448355 359.947840 -0.014971 0.005288
1564209.169505 749.383513 458.010473 0.006991 0.006545
471659.941818 683.766716 242.655434 0.009528 -0.009806
234378.384535 216.641378 129.644075 -0.009263 -0.004037
1581110.075852 613.163986 117.756400 0.004194 -0.000967
1733102.233956 757.797851 78.400030 -0.010133 -0.009515
222272.466972 206.590961 219.791207 0.008443 -0.004778
7593.072023 394.581868 189.953223 0.010696 -0.013223
1961038.188991 2.159100 13.751091 -0.004582 0.009649
554464.627316 401.921688 7.403825 -0.000263 0.010832
821613.773155 227.249545 322.266198 0.004164 0.015557
24485.756655 378.677844 501.963097 -0.014269 0.008817
196372.594776 203.425375 587.487841 -0.001418 0.018581
718005.964867 374.865297 274.754547 0.007023 -0.010303
1252709.545778 525.283860 142.610022 0.005955 -0.018325
1958473.456073 741.317978 326.409954 0.019640 -0.003217
628831.249023 321.900223 421.848677 0.014047 -0.019636
1185057.482303 690.620374 289.362980 -0.002857 -0.019730
406775.272641 421.445979 156.821271 -0.012791 0.019576
452064.211691 432.938018 275.898910 0.007361 -0.011335
1391094.198167 248.770859 524.383253 0.017298 0.018354
1830316.959801 730.355389 531.775690 -0.001630 0.016154
610994.441719 618.615668 183.884171 -0.019646 0.004988
631021.334152 481.522975 292.551244 0.011888 -0.018682
989235.750860 1.547311 334.358419 0.010233 -0.012652
1098658.789461 784.848788 434.963454 -0.019637 0.006629
1883467.686308 564.230677 585.883950 0.012680 0.005493
1871849.530317 584.497071 330.838468 0.012870 -0.012426
911993.535660 101.987104 577.734830 0.010524 -0.014565
1176139.691461 61.989947 443.078443 -0.016944 0.015036
1537174.407177 456.520045 526.620672 -0.006946 -0.006942
123261.179832 700.619276 184.880119 0.011557 0.015232
1946848.674653 582.795910 354.049399 0.017986 0.001723
457599.283409 708.722401 164.337524 0.011217 0.008297
926562.791190 189.197134 501.157758 -0.001354 0.020317
1942178.605097 11.858891 45.754195 0.008380 -0.016365
1905775.863633 382.398423 397.176265 0.013248 0.012157
1975712.466974 713.793395 407.794875 -0.008233 0.007159
1128937.655654 214.958038 243.961988 -0.013850 -0.011235
1900458.380534 306.457235 62.414404 -0.011052 -0.013436
1623668.112617 549.838092 239.973205 0.005856 -0.015458
798515.523224 494.082002 76.925364 -0.000968 -0.006934
438456.544857 343.341738 482.525056 0.015185 -0.009695
1216805.763178 694.822723 91.008522 -0.008490 -0.013416
1661706.700764 681.688717 259.623234 -0.010491 -0.019720
1303971.794110 150.571171 234.022592 0.010264 -0.003521
1107963.914568 454.879113 59.250009 0.018173 -0.011407
425643.800956 282.791947 499.647191 -0.006677 0.013392
318262.858465 448.672287 155.034697 0.018553 -0.002319
1036196.117772 457.723621 186.246370 0.006820 0.014478
948553.069005 401.078390 427.481552 0.016345 0.009484
1438074.149861 447.352725 555.941770 -0.015630 -0.007450
677338.477540 530.482229 530.551445 -0.002495 0.004698
197747.041563 520.735952 583.018579 0.017237 0.019663
1601492.672973 72.008778 331.043115 -0.017636 -0.017828
1987075.958395 461.709152 375.431730 -0.007842 -0.010081
971748.938305 622.055974 449.200285 -0.012077 0.007410
974474.447302 733.634689 146.606478 -0.003444 -0.018934
1121549.802423 602.109211 413.458699 -0.002205 -0.012388
613932.794246 434.867395 504.570831 -0.008867 -0.001004
1665525.531241 63.012959 338.996324 -0.004553 -0.014501
1238773.710671 302.658895 429.340964 -0.010183 0.007288
1925637.924078 585.151246 276.230560 0.008452 0.017186
290519.337305 158.739871 507.948830 -0.004383 0.004498
1745488.432117 760.767001 219.057724 0.002471 -0.004183
1111265.337612 695.253401 563.508508 -0.004192 -0.014012
829182.160473 183.821166 135.755366 0.019213 0.004577
728391.627189 479.219065 595.976310 -0.016845 0.013739
1349985.243450 33.659872 345.785427 -0.014565 0.010156
1010733.056353 224.026847 571.419456 -0.005922 0.006804
1129411.861826 179.941134 372.909799 0.017206 0.011478
33999.050983 388.749672 393.800606 0.018684 0.015297
1606354.705806 296.615990 66.823183 -0.018807 -0.005953
1451822.744427 314.950107 570.299280 0.008759 -0.001046
1590584.168020 314.965066 309.286363 -0.005147 0.001145
538209.161040 701.161084 485.139837 -0.011153 -0.010861
958317.440449 628.521644 271.988749 -0.015988 0.008642
479655.517489 94.148647 120.588680 0.015842 -0.017032
167238.956395 558.926515 267.207127 -0.012182 0.009130
1592486.357127 737.020149 73.129502 0.009861 0.005612
1189583.299304 433.390281 20.499348 -0.015566 0.016555
1124831.962923 303.386880 474.107062 -0.005171 0.004018
37146.621401 680.336180 232.266852 -0.001135 0.018041
205026.889315 569.048413 40.964033 -0.007862 0.004299
284161.461650 310.129697 183.729609 0.003489 0.003327
68690.410847 306.501490 302.041799 -0.013752 -0.014790
287411.349028 600.474553 403.591611 -0.012905 0.014451
1171263.018237 591.777454 144.004831 -0.004976 -0.015535
1682127.158941 315.234690 577.177497 -0.010886 0.014586
1824708.168313 264.469939 346.525453 0.019217 0.005363
369206.509725 98.064564 13.187059 -0.000371 0.008399
1208981.916871 419.795453 56.025925 -0.015661 0.007254
446720.970071 201.874380 259.156597 0.015815 -0.002828
586212.983628 385.015859 101.787677 0.001339 0.014289
560717.814863 299.516477 150.795071 -0.010335 0.004114
234257.601311 123.544682 559.236985 0.007789 -0.014615
1133248.557864 703.359047 154.331530 0.003534 -0.005195
1934248.125150 153.993440 536.821097 -0.017579 -0.007948
1152133.833222 226.597840 331.691694 -0.019683 -0.012890
1965200.129880 240.711197 396.530525 -0.013889 0.013379
1034901.121182 345.945647 125.719986 0.010796 0.006931
1623246.405098 708.795355 497.086996 0.009756 0.003210
1926329.093951 248.386228 275.929035 -0.011180 0.015962
1658576.383096 150.272383 54.998226 0.008974 -0.010075
786221.519479 240.521386 318.837733 0.017824 -0.007679
1421758.733421 743.026124 365.436673 -0.005016 -0.016995
888519.625593 711.174686 307.871126 0.006047 0.006246
374128.679919 371.853745 325.780899 -0.019383 -0.011614
247207.860577 782.949579 311.817488 0.003306 -0.012040
838233.393076 329.871577 231.837050 0.000580 -0.014452
1269501.125100 723.111693 262.329877 -0.013730 0.014576
1490342.234955 701.694749 467.441749 -0.005823 -0.010056
1720173.599068 639.085069 82.451189 -0.005104 -0.001882
1589947.016719 447.967488 550.721659 -0.006476 0.003052
254199.274003 369.594294 332.194689 0.005895 -0.018208
1506623.924480 52.757356 274.395056 -0.014400 0.003090
1187558.641279 619.575240 289.184199 -0.018782 0.017648
663885.182079 620.355467 490.830280 -0.015548 -0.014782
134186.233456 776.905620 557.557086 -0.011837 -0.006224
763995.101100 799.496238 542.594098 -0.008025 -0.006495
960104.740672 341.193965 479.519183 -0.018613 -0.017010
1689167.128731 629.891386 84.442817 -0.007910 0.017114
1435140.350571 716.280010 421.786988 -0.012036 0.017047
1287450.956780 424.908931 421.406452 0.024325 0.016160
1664884.491668 423.600864 368.356193 0.010543 0.009344
1916152.068375 115.342316 439.992414 0.014446 -0.002266
142374.806172 274.354532 522.241187 0.014833 -0.004930
1889104.925044 572.077387 98.305388 -0.016635 -0.019300
184043.514628 642.103947 547.387556 0.011782 -0.019932
1678137.485719 350.627472 319.725877 0.001627 0.016039
349432.717240 298.977463 257.587570 0.011523 -0.014600
327130.583267 597.432547 167.613056 0.015873 0.004361
1445781.852792 774.571567 571.230068 0.003728 0.013550
657045.848974 430.381467 332.747135 -0.000285 0.004916
1143416.638087 467.929933 255.027143 -0.000619 -0.004819
853229.746620 259.223727 490.864043 0.018361 0.014572
1436276.935710 106.773083 143.181684 -0.014063 0.016921
747046.145027 249.240867 400.965400 0.006107 -0.011738
555282.349025 300.336828 106.219181 -0.010825 0.018765
31011.744417 446.315816 303.935635 0.002801 -0.017974
259713.421697 113.361440 381.483616 0.002206 0.005055
30230.289339 785.543637 570.222095 0.013301 0.017654
1629124.594680 440.463648 44.806860 -0.017894 0.007952
1993199.337271 341.110655 5.859488 0.006605 -0.016820
437214.899080 754.203908 272.573042 -0.004214 -0.013116
847463.854052 328.785888 438.317035 0.017226 0.019223
1561464.248021 48.463486 73.412407 -0.003336 0.004616
1496915.452879 345.342968 358.244350 0.007970 -0.009429
1076064.875850 410.393898 489.212714 0.004501 0.002613
1028186.607653 487.286875 594.974013 0.000954 -0.009051
141764.248787 594.365712 130.037573 0.001010 -0.014469
778578.041484 759.159580 329.458770 -0.015249 0.015198
1058486.954802 720.111378 564.304070 0.005967 -0.007231
1112790.978101 319.709296 448.484979 -0.013853 -0.016072
24501.685065 553.630966 366.565269 0.013095 -0.007835
353571.678676 273.078705 548.249999 -0.013259 0.014625
375264.103699 191.571004 365.511434 -0.003808 0.010608
1493884.026769 635.106281 428.885320 -0.008189 0.016529
1188817.119779 659.911141 487.993565 0.001404 -0.000932
259519.063057 73.464075 525.582276 0.015124 -0.010180
1949033.547169 712.004300 562.352199 0.003446 0.008703
482529.103981 609.739316 35.743497 -0.013820 0.017253
1850091.109914 273.813714 102.565968 0.001375 0.009874
1871495.037280 224.803128 324.685069 0.006081 0.002984
908785.677938 195.447768 240.999172 -0.009283 0.011200
1755362.652128 318.170892 522.531334 0.010157 -0.008995
232765.271437 582.462225 98.946626 -0.017976 -0.007358
1765166.354256 236.022203 45.921978 0.017670 -0.002016
15434.920795 693.160856 474.835380 -0.012872 -0.003987
1077013.659792 91.024874 409.096940 -0.016816 0.010585
516053.778360 427.272459 5.441405 0.006381 0.012091
1576709.125925 429.756007 119.380176 0.006399 -0.008353
948767.654108 620.792272 11.890371 0.005587 0.013186
667159.362075 417.607368 74.331054 -0.003592 -0.001444
1146380.339352 334.221820 198.351993 -0.005384 0.003855
1462269.868451 722.501460 426.567861 -0.003533 0.019284
949273.004639 536.544978 309.919221 -0.000662 -0.006814
636841.273232 217.390320 520.570494 0.000699 0.017245
316267.470045 793.387629 424.340783 -0.012914 0.005278
1072709.865436 409.037850 92.436061 0.006413 0.016864
1234697.917120 187.076206 203.601413 0.017919 0.003934
1871003.135047 543.268143 300.545250 0.005838 -0.016338
968257.898916 96.103665 457.465708 -0.019891 0.004195
184803.100389 255.724375 525.608388 0.018345 0.013472
1613704.762242 94.146800 497.200916 0.000559 -0.008183
920804.219749 40.313507 483.991774 0.004699 0.008384
1455508.939668 184.783052 566.212833 -0.017316 -0.012833
1084419.887087 1.680357 514.978673 -0.018241 0.005934
1899527.167855 422.304401 461.382030 0.008471 0.001131
745706.753221 643.424641 508.871876 -0.010091 0.010554
1369434.811813 44.284411 529.067299 0.000557 0.002779
353913.564400 779.536128 371.806437 0.019312 0.003529
660308.989072 568.752646 491.795575 -0.009041 0.011122
1997036.600484 653.366992 468.596456 0.014266 0.014403
857968.969670 644.929125 232.625092 -0.012087 0.000741
1832483.595159 456.801021 194.008954 0.010973 0.012490
174050.590104 359.341433 525.076511 0.018757 0.018489
887791.815627 116.254758 561.600348 -0.017449 -0.014846
1048845.100705 314.799036 504.225426 -0.006250 0.006702
1236598.032171 273.764353 290.342525 -0.004038 -0.012062
688449.854352 662.455920 2.895554 0.009266 -0.018956
1047717.716101 518.755925 357.886385 0.013891 -0.003499
831685.772553 746.963369 516.873306 -0.008412 0.016113
1646809.537731 587.654362 29.173471 0.010390 0.011924
354697.854423 227.070605 114.958859 -0.019290 0.005133
1718570.137265 508.564460 581.870530 -0.006270 -0.018625
338487.908402 549.982521 517.508568 -0.013008 -0.003228
1776805.868268 558.755904 40.721007 -0.000608 0.001827
960078.654327 720.548856 287.307839 -0.006534 -0.012429
763596.911339 131.513678 555.659836 -0.002778 0.016990
1446903.674606 486.229126 125.191521 0.016790 0.005128
1673049.761761 619.558785 156.231174 0.012249 -0.015286
591079.477496 780.628886 483.046787 -0.013688 -0.013978
450261.526019 37.098970 509.498139 -0.008267 0.001259
788880.985598 618.640187 259.149112 0.014941 -0.015433
1247242.441982 204.377799 167.214413 0.001990 0.007423
405506.701397 218.100096 175.565471 -0.003541 -0.012442
1835863.754077 198.016698 576.780774 -0.012853 -0.017828
159031.381905 379.684278 18.502841 0.015401 0.005308
362722.217274 87.777985 407.319886 -0.018676 -0.003824
420997.232395 340.040185 105.496289 0.005779 -0.007939
580167.091722 213.218486 332.607133 0.002769 0.012614
479025.265425 617.078182 52.834934 0.001294 -0.012688
552036.800679 360.145678 258.311115 -0.010479 0.005124
969986.005207 253.877024 61.857461 0.000703 -0.011927
1471710.388303 557.578488 187.610635 -0.003402 0.009148
1430984.936390 500.524128 91.323219 0.015655 -0.009268
902052.609670 144.969779 320.949860 -0.019791 0.010005
700700.571156 195.584766 313.093791 -0.002450 0.011072
1408199.004553 571.580084 136.744757 -0.014616 0.018108
1713095.736556 495.881965 161.713693 0.018407 -0.014601
944491.339356 556.855409 499.056491 0.011381 -0.015570
1119457.834922 400.276459 441.520122 0.008486 -0.004348
8319.607940 130.601292 343.780156 0.001557 -0.013271
647061.014849 711.548951 247.547557 0.013806 -0.006858
379545.065751 439.259769 25.737255 -0.003324 0.007333
1990576.603445 218.821621 181.673414 -0.009388 -0.010663
876473.971119 589.817424 557.733164 -0.009186 0.000887
80381.552726 664.313526 13.412891 0.011036 0.001696
828036.629980 624.597062 423.222860 0.019507 -0.007213
1747623.103553 248.565839 124.739677 -0.008535 -0.013754
1072386.123739 381.136996 423.308105 0.003184 0.015739
777386.485961 459.465917 100.579562 0.007654 0.013584
801906.589792 103.899603 346.046028 -0.006794 -0.003966
197987.358178 296.286210 138.129294 -0.015152 -0.014131
1545926.498969 428.242865 556.331634 -0.000675 0.001070
492654.834172 281.850070 500.227801 -0.001527 0.005361
1978982.283724 792.772995 69.217803 0.007769 0.002803
17631.095842 66.390372 86.499807 -0.012956 0.010999
1966499.848276 461.663420 543.300228 0.002978 0.015672
611006.784537 527.302468 167.096365 0.001451 0.011212
850069.038966 247.161954 189.623609 -0.005916 0.011501
1676786.882652 478.958092 83.676949 0.006884 -0.017868
1557780.060711 529.420019 26.284482 0.015765 -0.005744
1227310.625476 722.567392 263.276007 0.010657 -0.017444
428616.731627 592.357100 393.516430 -0.015226 -0.007965
1127178.874392 340.122004 576.288474 0.013665 0.018427
1480731.590409 213.147037 162.113176 -0.017758 0.004777
115335.758829 715.379865 130.595566 -0.012097 0.002659
541498.807511 781.090151 136.974453 -0.007425 0.014830
1167776.423119 742.378983 464.334376 -0.019067 0.007416
1705487.274428 189.978986 255.895611 0.000337 -0.005721
1455042.508177 58.058307 469.295058 0.007511 0.016568
1485351.840726 341.956715 108.584270 -0.019516 -0.000647
1600046.444498 55.996766 226.894380 -0.019287 -0.009274
1889695.885540 230.467220 146.796116 -0.013087 0.004133
230475.999522 605.550790 319.055764 0.015532 0.011184
434670.210087 593.428503 10.175976 0.005758 -0.009964
748135.628527 296.977026 193.449262 -0.013712 -0.017654
474188.291689 718.697156 292.384596 -0.003293 0.016343
1941577.332067 174.386448 588.765389 -0.006023 -0.010620
499196.726130 235.238071 314.423057 -0.000245 -0.001315
254300.674542 487.611382 134.033406 0.006354 -0.000086
6325.354803 700.425474 143.994366 -0.019183 0.000812
980919.682878 315.784631 534.890919 0.012543 0.001987
1900851.625903 40.326914 269.182630 -0.002550 -0.001265
719689.197242 326.345851 412.166154 -0.006341 0.010292
1844748.197982 472.775286 30.515813 -0.002159 -0.016579
1036199.990211 459.041326 416.543969 0.009650 -0.010734
385683.919483 595.678048 65.055943 -0.002692 0.010613
1256102.471266 738.628431 95.874345 0.000703 0.009732
1419511.694191 375.696502 472.531728 -0.013644 0.016268
511292.832210 414.914688 189.389267 0.017690 0.014396
145034.134456 691.489921 270.295491 -0.015047 -0.007554
1071721.370831 513.370903 530.757667 -0.010795 -0.004668
233847.819378 338.409126 77.088674 -0.011015 0.014221
1786277.592083 682.185279 467.507806 -0.017900 -0.005092
1031918.257955 609.802378 505.777093 -0.007877 0.016828
1499349.890975 446.672700 263.472719 -0.017368 0.000058
597617.807145 110.118685 219.251054 0.009996 -0.009542
1353622.215499 228.339407 541.941371 0.002464 0.000630
573296.933702 542.711967 563.678452 -0.003405 0.016138
1590131.532210 246.347132 453.879858 0.002992 -0.005565
258416.177825 72.592998 73.699295 0.018867 -0.004268
87595.200207 577.088951 571.457132 -0.000685 0.011451
906233.425674 625.594411 554.263281 0.012749 0.001246
370032.188655 396.214418 489.670188 -0.016464 -0.017727
664767.085884 299.753126 441.560389 -0.009139 0.011579
1278253.811075 53.101077 58.586323 -0.004147 0.005629
916040.443311 420.019562 438.716120 0.003230 -0.000147
249204.321880 499.531805 130.557071 -0.016938 -0.015702
8661.484350 424.149082 533.546322 0.017137 -0.006054
841302.204338 90.291637 506.345067 -0.010493 -0.011964
1802783.200425 455.808310 345.948805 0.005479 0.013642
731632.451868 220.879275 544.618925 -0.001440 0.006862
1096714.972098 736.911104 118.101850 -0.008814 0.000008
1386984.768969 323.601148 76.225428 0.016466 -0.000754
469499.863903 732.433354 6.648318 -0.015021 0.013781
718651.906922 435.652620 574.393525 -0.011854 0.011258
316653.122342 84.126927 211.192936 0.009677 0.009422
385530.231700 80.007434 10.897598 -0.015988 0.002558
1379939.433830 519.162063 291.268793 0.015445 0.017151
1974529.288697 463.979257 199.399036 -0.015466 -0.000360
1626419.535664 279.479385 244.589131 0.012967 -0.001067
503204.831157 146.390959 10.757039 -0.011636 -0.004517
1600260.999799 293.316747 294.788915 -0.013929 -0.015945
467442.890847 275.527856 121.048166 -0.009921 -0.002203
1530910.291491 753.258999 56.331108 -0.009994 0.013159
43405.273949 190.054334 245.231800 -0.005818 -0.005904
1801413.789299 133.674620 420.986519 -0.007677 0.019659
348673.859774 447.784343 104.815178 -0.012293 0.010748
1122384.702378 793.718205 81.083235 -0.017900 -0.014235
474000.488629 229.297705 293.420798 -0.002441 0.001549
1867761.544822 163.094895 288.130868 -0.018884 -0.001826
617712.498930 39.427379 415.362566 0.008730 -0.003859
88793.583256 494.922768 342.524819 0.009858 0.017008
1123119.018564 736.021560 291.832814 0.009407 -0.015511
510837.786138 237.642455 62.745677 -0.004348 -0.005991
498234.962345 502.523137 381.771546 0.009528 -0.017332
350510.791107 537.696092 162.749629 0.006235 0.007966
1451432.125387 771.449153 449.216686 -0.003327 0.007315
303273.376219 370.141909 180.145979 0.008882 -0.011674
454803.713809 227.020045 76.367181 0.008584 -0.019210
480071.545802 775.609012 189.921750 -0.006228 -0.005568
1333575.176696 474.986040 593.017818 -0.007822 -0.006721
110627.538576 382.933320 2.152937 -0.006971 -0.014579
1406769.050940 41.613540 59.210227 -0.001901 -0.001188
1561676.394922 482.529469 559.469208 -0.016752 -0.006987
281255.947557 246.892277 365.167198 -0.009256 -0.019075
1257382.930842 407.080513 595.840051 0.017800 0.014127
706537.016996 489.630630 268.570575 -0.006334 0.016639
1558318.719993 317.895765 236.873359 0.011335 0.008938
1057752.200895 389.316905 465.611598 0.005107 0.017519
491364.625511 326.529712 325.149317 -0.012864 -0.000409
1734950.389590 255.147346 479.246899 -0.000930 0.003495
1643357.573842 84.458877 57.223908 0.012571 -0.017968
1898263.090243 134.026609 397.725078 -0.004150 0.000390
1157183.811607 140.672448 544.249924 0.018933 0.018339
1260090.642264 401.542921 266.835353 -0.003780 -0.014821
767107.214205 521.291147 323.039710 0.017001 0.013180
55740.578126 634.582941 88.967963 0.013042 -0.009260
1471867.368311 518.777720 224.905206 0.013090 -0.001614
851158.514084 624.476208 377.884734 -0.016459 -0.012917
279214.015361 533.324583 211.695604 -0.018171 0.005618
622537.959657 541.150883 85.025077 0.010261 -0.016720
543551.074594 112.178293 439.544116 0.012607 -0.017367
1125283.938425 670.283430 515.148288 0.008434 0.006547
255944.995329 357.692484 187.287195 0.000113 -0.008836
1549879.616848 742.686264 35.593231 -0.003801 -0.019311
474171.187949 435.831831 410.410834 0.003578 0.003645
648167.413030 720.796652 160.375980 -0.001352 0.006303
697835.028496 590.147461 478.467991 -0.016724 0.001913
1725670.433475 515.841011 231.217166 0.008724 -0.005527
99429.388577 679.271948 481.647057 -0.005520 -0.005933
163663.104253 109.447075 168.312694 -0.009284 0.000334
594763.153510 303.344543 52.435207 0.019264 0.018770
1355525.087265 244.603713 521.916330 0.017855 0.010900
1053977.892294 234.920634 305.721679 -0.007020 -0.004951
115031.983757 149.735613 12.507748 -0.002305 0.016324
752375.869431 393.985489 454.830872 -0.012803 0.014193
219437.964363 208.670385 595.076348 -0.004391 -0.003918
1068114.026016 550.161864 468.953619 0.004835 0.006823
1499866.051366 239.030597 584.396928 0.004755 -0.010272
1491842.997955 117.019916 322.400476 -0.009746 -0.001146
1826279.228472 250.779533 395.018683 0.017321 0.010247
1133058.067007 247.656989 149.330883 -0.007038 -0.000442
207507.431604 346.852297 450.064772 -0.016174 0.012961
304737.184339 504.061193 306.867612 0.017353 -0.009993
361247.467977 546.730328 329.465095 -0.013807 -0.007880
1585793.637478 720.547597 269.572154 -0.006776 -0.013787
1841064.114050 194.775034 281.504637 0.003167 -0.012885
451362.950938 116.094925 291.970427 -0.001008 -0.001228
1950936.490647 462.811419 542.058694 0.008407 0.007579
1454702.783122 701.891917 182.430051 -0.010448 0.012472
1108684.254395 335.494377 297.082071 -0.015855 0.002984
1596490.624173 717.074450 285.075628 -0.011354 -0.010840
1263706.185512 134.491803 282.305162 -0.015936 0.009881
1294332.516982 261.409896 535.521062 -0.014657 0.012056
723046.520130 87.271510 228.211719 -0.009401 0.013369
107937.715067 793.586783 427.070245 -0.005716 -0.010791
1046872.077066 729.288135 390.202319 -0.019312 -0.019428
450965.188654 653.522306 547.059090 0.008025 -0.017420
278162.196408 266.286337 139.815456 0.004373 -0.002630
1960316.196066 205.433525 456.660124 0.014895 -0.004392
1125740.257616 187.400523 299.749642 0.017718 -0.000061
668170.334151 797.151222 294.343125 -0.018170 -0.005830
1443825.863043 455.599105 159.961369 -0.005090 0.003538
564375.188464 478.414455 242.763527 -0.012222 -0.008031
938961.728913 266.951097 379.468416 0.008088 0.017703
132214.712972 546.410534 119.625374 0.013208 0.002212
1179224.623916 311.884940 473.273411 -0.016457 -0.006668
575213.267736 338.811184 197.901078 0.011067 -0.001209
1368718.602401 400.504862 23.683641 0.018035 0.014935
1254302.726711 186.127643 282.742673 -0.018684 -0.002901
1541011.519516 401.104305 456.407006 -0.003911 -0.011855
1407684.757098 375.123264 531.931463 0.016140 -0.008172
883750.411162 394.035550 411.713026 -0.010684 0.003291
38293.802197 414.664525 3.012515 -0.006037 -0.008109
949396.727117 26.709604 478.555412 0.000577 0.019400
1340193.529306 112.485139 130.154599 -0.014319 -0.013072
1289556.392138 729.473693 404.485401 -0.003795 -0.007430
1756783.113702 87.880601 469.441314 0.010568 -0.019598
157687.638028 165.815072 303.291071 0.010618 -0.002490
175039.783202 626.997550 573.567050 -0.016276 -0.014669
506304.289450 453.671573 99.607037 -0.017968 -0.016734
301433.914481 576.151849 133.518284 -0.005323 0.014506
790027.673724 9.939282 464.127933 -0.017208 -0.003254
176035.711624 758.452003 317.062757 0.014820 0.008521
1081972.172988 759.543131 552.128268 -0.018193 0.008635
715741.816310 107.124129 299.119322 -0.007419 -0.010927
1263880.632475 454.101541 476.654528 0.011934 0.004700
1751026.801649 759.039147 202.606838 -0.016128 -0.007306
399196.095951 394.440279 197.996722 0.019000 0.002428
1496994.359185 48.853273 306.152339 -0.008917 0.017284
445396.929255 653.907721 529.459938 -0.014297 0.014557
1193553.106484 400.163967 599.181241 -0.016149 0.012566
450224.472419 581.721287 229.304635 -0.019234 0.001038
1999453.321099 715.835320 285.395244 -0.005404 0.019680
1584501.028799 429.512450 291.134302 -0.015110 0.000410
94458.571679 696.577121 342.781135 0.002274 -0.014107
1007827.074736 623.683341 579.315499 -0.004562 0.016876
1658558.308919 786.392924 253.466428 0.013093 -0.016884
475365.567242 42.218939 483.244763 0.004551 -0.017051
663714.367274 495.849113 580.505549 0.012251 0.018230
1919117.403179 479.336271 296.770047 -0.002188 0.008837
9624.167350 393.651436 354.938187 0.003061 -0.018039
1478876.057770 64.471995 497.197861 0.007992 -0.001369
1502145.321808 426.799596 269.354493 -0.013032 -0.005541
1054818.871922 329.224495 248.093644 -0.006669 -0.018738
972186.690649 532.089391 390.613210 -0.001886 -0.001121
1216433.286302 329.855858 43.039187 -0.015882 0.014303
1585452.240699 85.841952 209.776134 -0.004609 0.007238
796849.675848 99.201245 458.815909 -0.011009 0.013112
461377.134761 782.678925 217.264842 0.007168 -0.013908
1447663.852688 165.499080 338.340581 -0.014480 0.001614
1190708.408687 498.979998 123.089571 -0.010151 -0.016968
1355477.244293 683.866073 294.115596 0.009980 0.018275
694211.989964 433.570056 39.051389 0.007882 0.017082
1497031.391364 75.972013 30.373967 0.000515 -0.007107
1759090.904966 594.652343 180.115781 -0.010323 -0.003073
904928.793621 772.374882 378.019974 -0.019358 -0.015854
341892.055395 489.256916 436.832485 -0.004945 0.014338
1609370.418642 43.307674 427.826584 -0.008203 0.012133
1339833.364515 513.336389 206.997565 0.009403 -0.006444
543533.833951 386.314782 260.106307 -0.007099 0.019809
1510075.678821 161.409587 443.612211 -0.017785 -0.002232
325429.097901 406.420832 246.045428 0.011721 0.000968
1027532.088117 771.135498 81.358884 -0.010367 -0.006356
1987715.010526 37.022960 236.899359 0.008274 -0.006373
396776.620483 301.213291 588.908218 0.001748 -0.015579
639902.701899 652.434487 356.186562 0.010131 -0.014492
1179865.857204 406.243181 204.074709 -0.006844 0.002534
1568458.621189 393.446135 42.482846 -0.012227 -0.008583
1190290.628555 566.589842 149.934385 0.009235 0.017978
1180185.991889 580.147344 597.296101 0.019395 -0.002773
672088.553511 146.670857 484.845105 -0.007334 0.009076
1837656.663655 510.363420 325.359265 0.000515 -0.004370
1360614.323691 81.926524 539.234153 -0.019197 -0.002732
924125.776125 643.694389 554.866867 0.001317 0.019942
418950.309241 102.573739 424.387485 -0.001721 0.014312
1312754.557148 39.267569 350.059007 0.006069 -0.018662
30587.249450 790.609721 130.401350 0.012908 -0.007756
1889215.610870 593.546350 566.192389 -0.000532 -0.009821
669560.509114 133.663484 214.369039 -0.010655 -0.012490
1579576.984783 556.657488 595.170378 0.008575 -0.010881
1982244.182370 738.920922 214.122533 0.007922 -0.004708
432350.935616 283.730314 258.453913 0.011991 -0.019758
930735.730068 652.459056 596.703632 0.007311 0.005528
600671.720971 501.851175 228.030197 -0.010200 -0.015425
1270601.892504 463.564867 169.304224 0.019710 0.012513
938976.299455 626.149945 304.957471 -0.001539 -0.000139
1474031.937064 362.019324 251.895619 -0.016247 -0.013954
1605130.416157 247.976665 302.925547 -0.010655 -0.015582
1023340.410098 559.396400 555.366050 0.000246 -0.004723
1128556.229700 645.383653 5.512061 0.017763 -0.017959
248420.950141 463.983362 377.846596 -0.003912 0.002768
884577.235619 700.720260 213.316690 0.018011 -0.006558
1704879.713107 549.904496 474.265596 -0.009093 0.011220
1882055.445519 60.140220 54.941874 -0.002165 -0.007619
404206.608610 766.157620 4.975999 -0.014893 -0.001429
780987.060993 553.631383 162.324644 -0.004026 0.005495
642018.800900 419.815121 130.452675 0.018032 0.017214
1579863.075903 314.133095 483.465508 -0.014199 -0.006279
286431.929230 798.755162 18.500010 0.017334 -0.009145
1625355.291937 699.768993 207.454401 0.016180 -0.007144
1310099.705732 85.360326 167.054138 0.006561 -0.010603
1485499.756171 42.775640 555.888174 -0.019460 -0.001834
1126826.147142 267.505524 586.925757 0.011211 -0.008625
1817754.082297 456.372303 406.815548 0.008593 0.008646
42605.713030 686.136835 428.599516 -0.017730 0.011576
1969490.396776 691.942151 399.637411 -0.006763 0.010784
1972945.507603 788.444327 525.755494 -0.009406 0.005964
221002.463354 6.044007 421.486602 -0.018503 -0.019155
314139.836614 480.112710 213.056714 -0.014577 -0.004772
1280098.799281 35.395694 570.824631 -0.007268 0.010345
1334025.561499 271.230017 370.288420 -0.004772 -0.004329
817314.073824 292.328595 154.090355 -0.017006 0.007866
52254.755074 48.982457 409.216173 0.016100 -0.006941
662711.798522 9.865596 200.114261 -0.018615 -0.018003
710212.109941 153.290921 390.004155 0.008413 -0.006921
61999.699130 280.629151 222.925299 0.019296 0.006745
261157.692532 519.444414 4.098379 0.009911 -0.018778
797766.605764 125.307395 237.351584 0.006225 -0.010769
184709.901076 545.470772 175.144449 0.010990 0.003328
1235796.007903 85.047866 357.689406 0.018094 -0.014394
1292608.929469 245.487796 198.719122 -0.008137 -0.019316
1317389.029692 261.688947 220.520559 -0.018790 -0.007609
71927.786838 128.196493 575.485907 -0.018266 0.016315
1977614.946653 353.683990 38.718230 -0.004638 -0.016070
591803.305127 381.697669 467.408792 0.003516 -0.009936
726241.200569 164.798833 214.304362 0.018393 -0.013695
995710.504705 485.000713 279.010069 0.013163 0.016102
963862.695249 390.863512 138.002646 0.013991 0.000728
1079147.418532 708.512645 407.665306 -0.000025 0.017187
1174876.041326 389.757268 222.945952 0.006099 0.014867
937689.950195 758.486162 209.310673 -0.010085 0.001410
1200871.358253 489.312277 445.036431 0.018310 0.002831
1798372.363578 364.586224 105.998655 -0.005456 -0.008570
158766.744732 676.420951 464.366512 -0.007591 0.007839
584123.108808 679.468033 348.500772 0.018828 -0.006109
1019930.488905 447.025339 500.369531 0.015241 -0.011567
1412068.961846 279.679724 95.584796 -0.017815 0.003947
1390465.348675 524.182939 125.695616 -0.002529 0.004545
1560588.704217 269.159781 41.605844 0.018290 0.008011
709118.110458 29.016356 327.200324 -0.014857 -0.006219
481739.437432 336.492398 116.861268 0.012845 -0.004338
1084185.081108 265.389216 569.708353 -0.004949 -0.011492
321427.933090 65.797316 337.521414 -0.007344 -0.014439
322096.383349 12.029347 475.483527 -0.005163 -0.001925
811598.476400 120.550209 472.593422 -0.000998 -0.015687
975828.599639 663.270309 86.999230 -0.018663 0.018322
980873.326296 219.556495 226.595621 0.007419 -0.016148
1538962.265262 182.082262 256.872691 0.008802 0.004161
1281944.833362 703.825629 411.508190 -0.011805 -0.012032
1646853.441208 292.045589 129.209436 0.004641 0.009421
1334224.681991 17.371832 531.647520 -0.001776 -0.000137
1987979.200663 754.253876 196.008913 -0.014457 0.019095
567825.405192 503.240256 150.374531 0.006535 -0.007404
693992.653253 345.387375 324.761977 0.011056 -0.013988
290886.182473 333.001142 18.589355 0.013265 0.004812
461579.700216 524.005254 590.753983 -0.002172 -0.009180
1440439.939238 90.462149 175.699729 0.004265 0.002724
1578856.275221 479.976754 306.947895 -0.015376 0.009525
975708.803616 319.752021 220.317224 0.009548 -0.017525
1363849.989774 68.360459 296.051252 -0.011054 0.014431
1287670.666020 295.339208 165.794039 0.006990 -0.011977
1793086.186886 724.634036 513.323508 0.015255 -0.005943
253419.465503 481.233836 278.407649 -0.003136 -0.011669
65064.939701 167.145142 484.805063 0.001754 -0.007021
1093948.624606 25.638261 434.558569 0.016606 0.010814
1570950.974510 477.118377 513.855274 -0.008891 0.012832
1433502.711092 738.191752 113.582917 0.019708 0.003913
779698.448619 711.790972 301.672365 -0.010199 0.010875
1707668.152502 297.689350 223.964995 -0.007284 0.011687
1161722.038482 280.489861 0.639342 -0.004418 0.015796
650195.260835 748.530086 555.985881 -0.018009 0.014026
1393276.303724 667.663957 268.110070 0.002111 -0.015478
534900.189626 215.537019 21.054333 -0.001729 -0.009471
1264731.390059 676.952005 91.417852 -0.014607 -0.016308
1848317.172308 790.811338 278.458838 -0.008132 -0.007732
512088.236637 702.212216 394.381150 -0.009742 -0.009297
1104225.446984 465.399163 121.931862 -0.000861 0.005240
107543.810321 140.002789 279.370464 0.000020 0.009128
1156781.673039 614.879067 598.115776 0.004542 -0.011013
520065.349769 196.830882 42.907708 -0.003475 -0.004755
327390.441823 269.692947 221.877101 0.005104 0.005370
1353004.063178 707.131792 307.011064 -0.006579 -0.014388
1558240.596931 709.263724 433.402759 0.019290 -0.005440
706633.334377 28.986229 323.751580 0.012768 0.001548
534505.464385 317.498775 182.986725 -0.009434 -0.019554
1061346.780072 419.630298 154.449670 0.004131 0.017533
1275778.349152 612.481681 164.516039 -0.019703 -0.004254
1816858.008419 547.176174 166.522963 -0.003177 -0.019283
837596.447597 159.468046 542.352642 -0.014374 -0.012759
537634.699856 395.889707 130.552377 0.012329 -0.007457
1509630.032587 60.177455 426.095908 -0.020093 -0.007800
1442342.147903 473.129545 518.485458 0.019143 -0.012297
1603574.954720 492.506795 575.689656 -0.016945 0.004950
706735.606634 787.710453 184.472131 0.005238 -0.003791
651319.147391 40.012892 362.600704 -0.010791 -0.012356
1573016.600485 398.670581 411.551277 -0.019870 -0.007697
1998835.487291 607.435326 229.850740 0.008385 0.012773
1445522.677826 344.813167 246.220421 0.003485 -0.003641
1207599.107738 311.269280 14.995131 0.002530 -0.001366
1297106.122271 733.514642 269.828854 0.018199 0.001913
1709409.523620 225.390456 358.926480 -0.001621 0.000461
1579454.636005 196.697400 6.109731 -0.000961 -0.009980
635151.660366 380.357114 5.377909 0.008018 -0.012586
1657542.871152 338.277938 369.269045 -0.010420 -0.019594
50074.195513 674.130780 239.544558 -0.017994 -0.003744
1728956.987955 558.771938 193.721088 -0.007447 0.006149
1741304.677791 135.054765 561.988574 -0.001254 0.005101
896425.988943 206.834392 524.628847 -0.001646 0.009364
248631.410417 620.754837 125.814651 -0.014669 -0.000940
789536.960791 769.593624 539.572202 -0.019584 -0.011933
1819863.026878 28.512645 26.531880 -0.007624 -0.016557
901731.744829 139.187488 470.684957 0.010946 -0.000477
878442.611954 515.288527 393.784888 -0.004973 -0.015487
569936.175165 658.923203 222.839931 -0.013643 -0.008691
212161.644461 226.599852 35.263022 -0.007365 -0.003289
1070836.321949 568.409689 227.809364 -0.002610 0.008852
1162154.364009 276.059780 454.381266 0.005035 0.006167
1685995.778854 61.386602 497.035638 0.005282 0.014020
631794.399876 53.682417 296.602553 0.018914 -0.002291
