120102.793966 630.514654 121.713145 -0.006083 -0.005541
269277.329682 300.353337 155.943224 -0.018256 0.015163
1260731.205931 302.018363 191.768271 0.013086 -0.002974
973263.179405 632.753083 573.025415 0.008522 -0.005928
1683880.506867 289.515127 229.511454 -0.016840 -0.013039
1760997.696668 175.199935 580.780779 0.011714 -0.019836
354965.669268 682.054980 474.816689 -0.004784 -0.011999
306862.422408 412.071350 346.397478 -0.003485 0.002366
913598.742761 34.750656 562.333200 0.011109 0.014842
723511.401901 210.358765 397.443097 -0.007313 0.019067
27418.055584 127.077625 203.335623 -0.004128 -0.010478
1026719.971107 221.766335 273.271586 -0.000716 -0.017201
919235.655535 527.429980 553.129587 -0.009943 -0.018405
247720.705461 324.082465 333.482285 0.008053 0.012690
229642.751734 125.903779 516.845139 -0.017952 0.017264
1463437.116455 330.484131 118.763431 -0.004258 0.009191
349002.480669 325.695679 533.808585 0.000885 0.011786
253345.397419 21.802342 48.642894 0.003303 0.000366
301882.374241 33.530392 101.103671 -0.017045 -0.008247
417897.793659 158.157631 419.597235 0.010567 0.015939
1032678.423930 703.154946 34.230435 -0.004919 0.017238
1981626.739717 86.751612 206.276006 -0.012517 0.000287
148080.320166 290.747512 545.921026 0.018532 0.015054
1426235.401736 72.218295 542.472271 0.011784 0.006906
826207.458426 756.168434 428.630750 0.003261 -0.019252
17939.873048 632.892326 129.675124 0.008286 0.002223
229060.592236 178.916901 260.627866 -0.013074 0.003962
729567.630556 129.578271 425.804793 0.008386 -0.006033
424191.899795 625.738536 428.044232 -0.015138 0.009785
1179453.697605 667.595671 501.600870 -0.000299 0.005140
1017047.714916 725.092998 344.265755 -0.011059 -0.000459
1184883.571782 186.379898 168.099985 0.012322 0.017645
1669257.284919 738.195755 98.219628 -0.009282 -0.016516
1530870.404807 506.887338 153.250982 -0.001031 -0.006344
1211583.405366 549.782394 75.176358 -0.007251 0.012374
1741377.547263 727.029408 385.905141 0.008277 -0.003851
544004.606336 172.332465 185.232387 0.013850 -0.002453
1594854.852927 350.199702 402.536709 -0.016923 -0.010139
1223177.906695 729.489813 101.542126 0.010989 -0.012952
527324.168257 433.100450 487.975950 0.000769 -0.019343
312490.830343 99.884797 422.424818 -0.009241 -0.002476
1025907.483430 121.084718 211.821960 -0.013740 0.014341
1509229.653286 342.219264 43.746081 -0.017678 -0.009216
1023852.793045 688.393309 427.793007 -0.012673 0.017503
1918069.081343 635.497267 509.655684 -0.014831 0.002814
59433.087734 314.259913 67.622863 0.013729 0.016466
257531.464220 800.306449 21.918339 0.013293 -0.008776
961609.428265 276.988919 259.691026 0.013354 0.000072
582120.371322 470.198391 558.385556 -0.005429 0.006023
408974.288222 701.383784 306.908024 0.016747 -0.017644
899929.745542 700.483849 512.097360 -0.008029 -0.019831
849952.291162 263.233591 237.916636 0.001496 -0.013091
617567.269419 532.507957 103.650180 -0.006174 -0.000034
907629.657959 661.522118 506.884076 0.015481 0.006354
693382.430213 141.946547 148.629130 -0.008911 0.001679
1797970.130014 385.189077 250.861578 -0.003537 -0.004076
955435.349120 688.758271 164.222776 -0.006716 -0.013576
557659.864685 605.723910 293.463638 0.007024 -0.008246
1324351.926951 788.024861 575.730610 0.013370 -0.006806
917046.023028 230.812420 93.752287 -0.007873 -0.012942
1632997.046985 519.417886 212.232448 -0.017467 0.017102
1790149.784549 770.335405 244.963993 -0.007432 -0.004989
1613713.184192 632.454375 140.923631 -0.016778 -0.015071
791753.703166 288.286636 527.559091 0.015412 -0.018581
347958.385175 437.642620 12.143826 -0.014652 -0.004657
701432.257286 473.858809 403.053170 0.000311 0.015824
1693039.169392 258.896279 327.001815 -0.012025 -0.004478
944105.254926 76.078316 210.665314 0.015287 -0.003683
1451122.988691 550.325715 119.674279 0.018429 0.010756
644142.737912 285.237880 76.785529 -0.011904 -0.010305
328294.663843 300.536101 473.809499 -0.012355 0.000409
344141.964030 428.543349 60.859820 0.013717 -0.018293
1995072.262359 551.829106 220.390981 0.001699 0.015577
1509670.835691 11.447687 590.751542 -0.015740 0.015797
783939.521193 665.401278 349.865127 0.003581 0.011722
702233.533702 730.448910 89.377460 -0.000818 -0.015288
783487.379916 514.615416 295.002387 -0.012716 0.013094
1976.599918 282.419081 217.812396 -0.015863 -0.012105
812477.567611 80.781064 531.994734 0.010925 0.005769
1551513.418346 422.474382 395.005627 0.010382 0.005361
1106838.468046 121.027707 279.540182 -0.014535 0.009717
516376.429478 389.669075 393.912741 -0.003772 0.018693
1541877.001311 639.368002 366.635804 -0.009513 0.019232
877046.727052 210.753409 200.502698 0.012089 -0.005351
1062152.807164 166.523147 280.572298 -0.003293 0.019283
220503.739184 154.863823 305.818326 0.010756 0.018113
285758.867062 257.545807 62.784218 0.004302 -0.001866
1694852.848395 693.279157 566.837585 0.000194 -0.009136
1823523.613542 219.354621 44.325419 0.000904 0.001463
109429.840049 768.381339 479.861566 -0.004449 0.010495
331166.874772 736.257034 582.368280 0.005303 -0.006522
1904142.131984 594.135578 318.580838 -0.001571 0.000439
967910.745632 483.242269 499.480871 0.003532 -0.011505
581591.096978 348.627896 47.775750 -0.010615 0.017528
706572.319710 118.040949 128.249376 -0.002966 0.006832
1499518.371885 385.501962 378.536089 0.001968 0.014851
785875.055374 571.640484 474.507501 -0.005458 -0.006112
257524.722376 252.846124 54.187625 0.006429 0.011142
1201976.699383 114.874162 228.751270 -0.002631 0.009285
1186503.038363 579.914298 101.479060 0.006853 0.018407
215485.423904 20.226117 64.879108 -0.007134 -0.001902
1555844.913030 56.706173 560.759954 -0.003685 0.004797
1610655.802121 641.034812 200.583484 0.003846 -0.013396
1363983.919548 580.388069 288.407810 0.010877 -0.004604
515601.680854 298.420594 317.415220 0.005552 0.012259
521772.659627 185.492491 319.248491 -0.002821 0.016142
984056.433190 429.730530 558.108967 0.003694 0.013922
764465.851134 302.355252 557.826803 -0.007327 0.011446
1098768.237559 97.929170 352.752100 0.014866 0.008799
1505133.839094 452.711224 265.983990 -0.010708 -0.006498
1656881.889169 392.848149 426.222307 -0.005675 -0.014812
1035409.796534 493.888524 216.702317 -0.018018 -0.018107
532033.862794 432.672925 350.214578 -0.012176 -0.014339
885049.308131 462.192371 312.112902 -0.005116 0.015774
611963.250959 737.306769 10.189505 0.015720 0.012219
1469794.933437 516.610854 223.303091 -0.012629 0.015449
1419313.830053 5.442624 222.342200 -0.003157 -0.005440
1001399.715897 750.976250 589.511670 0.014491 0.019468
57920.523946 102.971981 317.032989 0.004547 -0.007026
1340168.589419 44.295754 541.209624 -0.012395 -0.002903
1593328.125585 396.806944 209.119178 0.012536 -0.004440
308175.125303 438.482245 21.415325 0.000970 0.009096
1829796.170737 188.063567 440.197404 -0.008570 0.006237
194622.977727 628.713555 356.673152 -0.016829 0.005964
1163384.351490 86.074916 466.723904 -0.015453 0.009054
203536.384834 623.890074 466.617350 -0.019844 0.018801
408990.508136 640.498749 279.554316 0.002279 0.004603
1709918.606891 566.189521 96.840101 0.015684 -0.010647
1776676.395804 644.272173 280.591314 0.004824 -0.016380
248411.979642 575.459414 526.628753 0.008743 0.011925
1052401.075630 239.918145 543.634682 -0.007842 -0.003555
1254879.329007 324.310345 114.462787 -0.003774 -0.003593
322021.593490 487.230284 125.651827 0.003797 -0.014283
1647379.426121 385.822547 521.516117 0.019420 -0.005116
204691.412954 699.135706 106.328244 0.002807 -0.000173
536197.156895 555.539488 128.722523 -0.014193 -0.003471
25648.950611 537.630123 428.472285 0.016704 0.018974
247729.502734 436.996404 228.885354 -0.007404 0.018033
1580350.309415 380.166934 335.499915 -0.020002 -0.015900
1443766.372951 659.138975 350.842948 0.003667 0.012381
1912564.341869 554.556959 409.676331 -0.014667 -0.009430
357511.299829 321.181511 575.491644 -0.004352 0.001858
744693.135258 324.618566 130.944738 -0.016558 -0.007006
387589.365424 167.749762 523.060316 0.002985 0.000963
1645202.005117 291.692631 -0.027467 -0.004710 -0.005381
205411.871060 83.582730 113.399587 0.007495 0.007833
1996032.971887 514.769669 233.743798 0.007430 0.010660
1306804.762830 688.046935 106.784718 0.004501 -0.009861
1450619.077985 788.273425 395.367459 0.017733 -0.017180
1969754.747101 110.413957 168.298413 0.013769 0.008611
1609086.544071 543.648008 45.760993 0.012190 -0.017524
883645.576836 726.052056 99.596191 0.005470 0.003698
1722771.757153 502.599671 142.402113 -0.009974 -0.007581
28763.775727 722.873223 101.797718 -0.012112 0.000563
845989.907554 734.050613 301.087706 -0.016724 0.014441
1143645.596292 54.308266 600.079367 0.014085 0.016942
1423342.375748 525.492786 361.940824 0.011512 -0.001562
1329764.171191 184.654866 221.522874 0.013239 0.014443
1926056.274178 553.417718 294.105905 -0.011989 0.017715
1598411.507718 172.464309 507.876324 0.018764 -0.003694
726058.746095 313.808358 195.468652 0.014561 -0.001022
375371.614646 348.597463 324.955921 -0.012579 -0.008555
932014.105344 718.672539 566.949595 -0.017181 0.007268
811741.037672 587.600464 550.792811 0.010982 0.002618
1557690.799962 589.824428 154.624606 -0.009264 0.017517
399385.155365 53.618197 91.518393 -0.018140 -0.018551
1122038.441301 327.816883 256.729588 0.015481 -0.009087
1805346.826001 59.602342 425.630061 0.001027 -0.007431
1995636.369100 728.889524 96.761524 0.017698 0.019320
1695958.700821 278.902292 428.103687 0.010642 -0.015088
558004.577904 435.803360 516.522051 0.001451 0.012512
1597187.265566 589.000012 528.619947 0.018080 0.011279
1833981.536251 410.142822 114.716383 -0.006185 -0.004000
929917.220459 198.015012 284.710195 -0.013120 0.007626
1471826.909795 138.363016 361.499200 0.015864 -0.015403
1165988.196230 595.349159 277.969996 -0.008153 0.000416
1172216.120722 460.816630 32.642503 -0.002171 -0.015495
1736107.381869 196.301793 508.428192 0.009948 -0.012150
1259741.624473 532.811584 425.419387 0.012849 -0.019572
218963.730251 229.019393 155.220767 0.003356 -0.001590
1902503.935575 255.744199 379.748890 0.002178 -0.011346
1496596.111682 109.603398 576.227479 -0.011548 -0.002644
941537.357374 638.162880 6.064634 0.001053 -0.010209
245239.558744 315.492833 293.226162 0.018817 -0.014294
1372376.816986 480.174125 484.799457 -0.004169 -0.003136
1637971.852737 403.973589 424.261702 -0.016965 -0.016388
337179.376901 23.479069 245.343196 0.012111 0.003342
1249672.392965 440.269992 432.649772 0.003393 0.010457
310196.676436 44.559596 335.762694 -0.013367 0.003286
1607296.809371 230.384376 585.183495 -0.008255 -0.009683
236307.595035 783.671221 515.299221 0.017043 -0.004979
561161.337682 596.657927 528.613882 0.019485 0.012916
1939371.158341 125.411510 511.628081 -0.004858 0.018359
870700.636353 2.321578 305.532940 -0.013739 0.003547
541779.813609 249.208553 386.799224 0.013241 -0.000904
453110.709066 506.938232 459.362550 -0.011920 0.017070
47266.968548 256.662761 543.379229 0.015299 -0.010164
562186.379247 130.278074 594.829994 -0.013531 -0.013961
1629854.769274 105.198116 185.083541 0.006682 0.000387
534606.907766 82.083218 307.616519 0.011060 -0.009665
203362.833803 38.050055 342.016200 0.009835 0.015167
92345.910190 778.637057 306.698052 0.012431 -0.012993
877177.283576 667.659649 297.535111 -0.006210 0.008687
1484435.888699 500.779613 528.654830 0.009363 0.011487
64404.659935 439.105495 550.914395 -0.006342 -0.011404
856791.879449 486.778203 190.864231 0.017647 -0.004621
1153201.109335 34.187486 259.246173 -0.014198 0.011627
618554.387530 154.070912 457.019078 0.012842 -0.019876
1875266.974734 207.561432 502.951627 -0.002689 0.004172
1111007.126566 140.268218 138.285142 -0.002549 0.016403
34336.430968 375.095223 275.346755 0.017559 0.005521
1349224.196444 291.809135 250.007628 0.019704 -0.007779
1602661.077679 455.351706 209.477503 -0.010663 0.008586
276647.354605 434.162442 544.529817 0.016199 -0.005511
1822198.850020 670.966010 373.413938 0.009953 -0.009127
453696.245539 243.716504 268.434751 -0.001711 0.009669
713133.517985 379.379718 125.438713 0.012605 -0.003607
36437.158490 391.770890 464.294835 -0.002769 -0.000636
159010.190591 189.156072 31.283316 -0.002856 -0.001209
1535456.720523 453.463502 7.006414 0.007012 -0.001273
749811.288319 469.730087 183.348835 0.019875 -0.006546
1154889.427663 179.130374 384.452522 -0.019008 0.007228
762647.938338 304.908741 92.728739 0.003623 -0.012143
1129345.827331 486.847255 411.179226 -0.006497 -0.018283
337378.635228 334.164941 168.602312 -0.011168 0.013859
1499918.929068 791.123529 247.927125 0.010405 0.006605
1760744.261444 108.983890 150.070783 -0.012552 -0.014653
1172923.453698 610.668063 215.466456 -0.010941 0.011536
79642.974809 486.327443 101.209923 -0.012203 -0.012040
730713.756164 607.193476 484.149755 -0.017945 -0.016078
1702955.846536 175.698377 309.582092 -0.014704 -0.002376
724785.897287 705.781002 257.848129 0.011035 0.005756
187236.443249 524.435149 468.427604 -0.006229 0.013672
1828784.213322 744.397481 363.034709 -0.009248 -0.013446
787390.226865 250.362395 459.582765 0.002494 0.000268
1929498.061505 742.808420 160.779363 0.010738 0.019206
730520.102536 499.361358 120.000758 0.015234 0.010421
1281053.293162 194.574433 382.127017 -0.017200 -0.019245
562426.321470 130.531714 404.880703 -0.017521 0.000289
1033437.869061 780.284650 263.006558 -0.015115 -0.010071
1192859.900739 412.668179 336.650336 -0.005501 -0.016838
138898.690296 261.560671 3.850893 -0.006520 -0.016005
1973181.982512 561.259385 433.987673 -0.012560 0.003324
957790.512106 661.023509 496.549656 -0.015331 0.015870
1692076.045876 318.200837 36.229161 0.000831 -0.001629
1136829.509929 29.583282 260.636895 -0.019610 -0.013622
1367539.427880 482.625734 405.934052 -0.010182 0.018657
1509350.044424 252.201949 176.003460 0.010430 0.006093
785056.476847 598.285415 212.539634 -0.015369 0.017389
1873643.585422 475.930158 456.925269 0.010548 0.008437
1315983.134935 488.067714 64.968858 0.008774 -0.014742
1135951.929323 229.022045 100.733233 -0.019867 -0.008251
656102.584980 548.873362 538.942782 -0.019844 0.017282
1727078.126616 606.535346 148.288969 -0.013747 0.000826
1797488.349396 439.109483 161.297417 -0.009894 0.006601
406141.346510 151.732622 156.114544 0.018574 0.018120
1941231.998588 497.435436 337.506356 -0.016818 -0.006379
1386830.762674 518.286789 376.678892 0.014462 0.006005
1843128.023596 152.032910 201.917195 0.012777 -0.012246
538331.757550 546.155925 571.590406 0.000655 0.013551
944807.663069 332.241773 233.249300 0.009460 0.006614
106756.882792 755.066526 514.256005 -0.007523 0.016341
1618777.323337 226.672727 318.245538 -0.005100 -0.005341
1742666.514471 52.446969 6.631381 -0.000039 0.017102
1321460.731012 336.830830 69.872062 0.019898 -0.010401
620834.287545 213.297940 553.627641 -0.009482 0.011309
1523195.320518 587.636696 118.901372 -0.014008 -0.000951
1731081.362688 162.980398 252.002288 0.008899 0.000658
656632.629529 425.446705 480.270201 0.014355 0.016131
325566.043298 583.911732 581.208913 -0.013076 -0.010847
1792559.657149 666.676756 390.084749 -0.019485 0.013241
1778465.217808 259.127768 59.200916 0.012413 0.003497
1763427.173609 458.092239 192.838686 -0.017344 0.009378
1593951.392730 756.106763 556.154326 -0.011314 0.006649
886016.743670 435.978355 119.227466 -0.010346 -0.003821
204796.643092 324.100897 80.754348 -0.017155 0.003055
727276.621725 773.770750 248.067213 -0.019572 0.019165
488690.041233 721.856883 182.874403 -0.006274 0.008562
1781116.410057 179.408752 172.091317 -0.011499 -0.007823
20635.784613 7.268187 149.730223 0.017492 -0.010973
1834876.302553 303.640517 462.596990 -0.015339 0.004933
350019.654422 174.781043 16.877699 -0.007616 -0.008385
1214501.650638 538.052205 154.954219 -0.019202 0.007479
477760.385944 211.482208 353.433662 0.001753 0.004281
605806.972182 347.202838 499.199422 0.003598 0.005805
272576.070518 480.167788 392.485890 -0.004560 0.001509
1759240.741729 243.097758 550.317301 0.006000 -0.003247
1080301.612187 660.412276 382.878631 0.002771 -0.014597
1857771.559552 140.394275 484.540655 -0.012498 -0.012178
988850.145130 340.203817 276.501301 -0.016669 0.018757
134591.829094 309.344550 242.225710 0.015980 0.019035
96963.198901 28.475757 345.878117 0.008211 -0.003140
227820.812831 465.316978 434.944333 -0.018758 -0.010705
290631.014058 457.367610 34.496421 0.011431 -0.014455
385931.693197 569.854068 189.871717 -0.019997 0.015993
1023297.854244 396.776936 195.364621 0.018848 0.003214
589125.026292 31.429607 579.381979 0.007930 0.017483
1882412.602139 596.833076 584.045844 0.000697 -0.002080
790218.714061 505.010278 18.615901 -0.015185 0.006538
526777.357108 212.430327 140.171394 -0.007124 -0.017997
748590.766801 411.698336 457.601696 0.007597 0.000603
1324791.236466 161.876089 6.198256 0.019521 -0.013044
1179151.767483 226.005200 128.005320 0.002190 0.019216
301466.356172 396.249657 435.152858 -0.015003 -0.019485
349183.755158 415.193572 387.271409 -0.011773 0.005609
616335.581344 375.044118 543.569814 0.001712 0.011571
1910511.639859 733.620901 182.857116 0.008705 0.004279
1640005.631205 304.543785 485.091687 0.013262 -0.005311
1964468.728734 336.047325 390.811612 -0.012197 0.018996
1261209.360911 276.324149 282.389774 -0.005742 -0.001186
968463.258337 424.618187 593.693238 -0.014824 0.009440
1257770.379660 350.140129 123.637864 0.001315 0.019239
1991034.577596 391.531238 537.864036 -0.008001 -0.011719
1007596.648767 95.927977 353.121902 -0.006937 0.017954
1912045.142572 235.876422 222.808773 0.004267 -0.000414
692628.538559 190.058397 501.156943 0.010044 0.003354
609848.141023 240.803225 74.970877 -0.008228 -0.002770
1723251.459991 737.947450 520.968443 -0.017339 -0.001709
1696924.347289 50.199943 568.053524 0.009823 -0.005542
309029.791648 199.544195 289.675141 0.009659 0.002386
867302.640745 558.986786 513.636729 0.012187 -0.007812
691843.061099 120.768402 325.796834 -0.012820 0.018675
272265.500516 388.560664 162.007248 -0.009549 0.011204
1400582.436193 98.318265 421.490083 0.002890 -0.012356
320566.674844 333.317225 151.027806 -0.015710 -0.013504
1229627.376064 209.041870 246.504135 -0.016069 -0.019847
1946485.269790 425.006854 421.269158 -0.008649 0.001775
15066.369444 140.466643 292.372477 0.002002 -0.005750
911695.870064 548.961172 505.945427 0.009033 0.017879
1245159.992597 340.417933 42.428235 -0.006706 0.020025
519428.529087 388.668889 246.961508 0.000410 0.003803
1147820.552414 101.856623 512.650026 0.019419 -0.011042
1717933.562453 767.062164 453.527520 0.002479 0.011489
183230.377819 455.278760 577.979464 0.003166 -0.015277
640928.558372 27.666260 483.093556 -0.013465 0.010348
1503776.668340 628.775914 111.313621 0.012856 -0.015540
360957.489517 65.325863 358.263337 0.003693 0.003727
380073.533570 132.257034 431.832516 -0.018218 -0.013989
1889061.825298 723.260586 66.038506 0.008007 -0.001362
1796955.322752 633.600444 20.476152 0.014488 -0.005170
306282.549308 146.685655 243.264059 0.018341 -0.006179
332156.324914 567.692287 78.896893 -0.005921 0.001295
485168.456326 426.451933 367.558342 0.013264 -0.014949
413343.113108 24.060700 173.883769 0.017091 -0.017014
883643.182406 697.216461 587.049105 0.002075 0.002829
887249.075289 360.312544 217.633623 -0.000894 -0.007462
1467432.667253 504.540482 297.447245 -0.014415 0.003560
1682910.725327 244.814666 179.410951 0.018947 0.006313
1660796.624450 172.336191 113.798624 -0.002244 -0.017782
629926.086697 520.292098 50.839967 0.004201 0.003100
318150.466456 37.466597 269.271782 -0.014093 0.003943
40123.955365 464.696108 29.353932 -0.004710 -0.017571
724761.667999 93.761491 413.803110 0.014323 -0.009781
558074.092752 559.627543 337.151780 0.003110 0.006884
438651.350531 326.481833 533.026073 -0.003920 0.014323
1885724.248311 579.273725 301.058895 -0.018901 -0.006814
158400.153815 149.267184 226.222138 0.001130 -0.007009
1952982.963972 437.879401 543.361083 -0.018952 0.017259
1927788.328346 310.920742 28.420456 0.006182 -0.010113
607879.136041 746.720680 567.554276 0.014627 0.000449
1236504.919471 67.941566 551.396014 0.000250 -0.000246
1541570.438790 358.946324 131.517189 -0.009105 -0.000957
1098586.873663 282.003390 398.134692 0.017059 0.015188
1973812.054831 722.835395 257.043178 0.015663 0.017304
717421.361579 684.504419 190.603245 -0.003736 0.000391
1128238.588166 568.335067 265.665688 0.000399 0.003048
1906900.824936 102.966865 396.676982 0.014905 0.005386
311031.282093 514.474935 50.368726 -0.004986 0.016662
1119457.958787 738.979249 161.160476 -0.010883 0.014003
295815.608602 167.756433 451.871996 0.003015 -0.015962
1365835.790227 747.027340 574.167206 -0.019987 -0.006405
933742.419320 452.133766 30.349095 0.016399 -0.016983
1254474.420685 690.188886 122.016748 -0.008477 0.009412
1674721.783807 355.327727 227.496742 0.016825 0.012739
589441.845468 384.375976 445.664998 0.002540 0.008116
1186208.380939 568.410849 547.427435 -0.006132 -0.008545
28320.921598 24.239990 131.987116 0.018866 -0.018783
1123059.363627 350.681399 356.874725 0.004434 -0.006067
1339490.994503 192.346342 126.466364 0.014915 0.001145
1892333.765464 567.921396 583.222636 -0.007114 0.005294
1580513.963280 495.676957 66.409341 0.001270 -0.012683
1628540.167412 100.868575 535.793826 0.009077 -0.001106
358744.990248 592.818178 301.646623 -0.004020 0.008495
1065496.480589 768.938767 90.495970 -0.014912 0.002955
996930.964755 638.208232 488.780120 0.008371 0.006813
685065.261407 524.119924 228.664272 -0.007550 0.019175
22284.613001 83.353407 359.981248 -0.014928 0.005233
1564209.169505 749.427901 458.052049 0.006986 0.006546
471659.941818 683.827230 242.593166 0.009527 -0.009802
234378.384535 216.582572 129.618450 -0.009255 -0.004032
1581110.075852 613.190622 117.750270 0.004193 -0.000963
1733102.233956 757.733481 78.339607 -0.010137 -0.009511
222272.466972 206.644594 219.760869 0.008446 -0.004775
7593.072023 394.649825 189.869300 0.010703 -0.013204
1961038.188991 2.130009 13.812388 -0.004578 0.009652
554464.627316 401.920016 7.472650 -0.000263 0.010840
821613.773155 227.275833 322.365033 0.004113 0.015566
24485.756655 378.587220 502.019090 -0.014267 0.008815
196372.594776 203.416365 587.605828 -0.001419 0.018572
718005.964867 374.909932 274.689220 0.007032 -0.010270
1252709.545778 525.321674 142.493640 0.005953 -0.018322
1958473.456073 741.442706 326.389514 0.019636 -0.003219
628831.249023 321.989445 421.723952 0.014048 -0.019638
1185057.482303 690.602214 289.237679 -0.002861 -0.019726
406775.272641 421.364651 156.945485 -0.012818 0.019537
452064.211691 432.984762 275.826900 0.007358 -0.011340
1391094.198167 248.880669 524.499792 0.017280 0.018343
1830316.959801 730.345039 531.878272 -0.001630 0.016148
610994.441719 618.490873 183.915850 -0.019650 0.004987
631021.334152 481.598432 292.432686 0.011873 -0.018651
989235.750860 1.612325 334.278059 0.010239 -0.012652
1098658.789461 784.724044 435.005555 -0.019643 0.006629
1883467.686308 564.311308 585.918762 0.012710 0.005469
1871849.530317 584.578816 330.759533 0.012870 -0.012430
911993.535660 102.053987 577.642296 0.010537 -0.014573
1176139.691461 61.882337 443.173928 -0.016941 0.015032
1537174.407177 456.475934 526.576591 -0.006944 -0.006939
123261.179832 700.692791 184.976639 0.011592 0.015160
1946848.674653 582.910143 354.060335 0.017985 0.001720
457599.283409 708.793642 164.390219 0.011216 0.008296
926562.791190 189.189940 501.286731 -0.000926 0.020287
1942178.605097 11.912130 45.650257 0.008385 -0.016364
1905775.863633 382.482586 397.253483 0.013254 0.012157
1975712.466974 713.741037 407.840351 -0.008254 0.007161
1128937.655654 214.870030 243.890645 -0.013862 -0.011230
1900458.380534 306.387029 62.329075 -0.011055 -0.013433
1623668.112617 549.875277 239.875017 0.005854 -0.015461
798515.523224 494.075849 76.881318 -0.000970 -0.006936
438456.544857 343.438125 482.463397 0.015167 -0.009720
1216805.763178 694.768795 90.923330 -0.008492 -0.013410
1661706.700764 681.622080 259.497993 -0.010492 -0.019717
1303971.794110 150.636370 234.000234 0.010267 -0.003520
1107963.914568 454.994532 59.177562 0.018172 -0.011406
425643.800956 282.749068 499.732531 -0.006828 0.013481
318262.858465 448.790135 155.020007 0.018556 -0.002307
1036196.117772 457.766949 186.338430 0.006824 0.014510
948553.069005 401.182253 427.541698 0.016360 0.009455
1438074.149861 447.253461 555.894345 -0.015628 -0.007484
677338.477540 530.466379 530.581279 -0.002496 0.004696
197747.041563 520.845416 583.143457 0.017232 0.019660
1601492.672973 71.896760 330.929894 -0.017637 -0.017824
1987075.958395 461.659358 375.367722 -0.007837 -0.010074
971748.938305 621.979271 449.247345 -0.012076 0.007408
974474.447302 733.612807 146.486240 -0.003446 -0.018928
1121549.802423 602.095202 413.380009 -0.002206 -0.012390
613932.794246 434.811087 504.564447 -0.008864 -0.001006
1665525.531241 62.984099 338.904195 -0.004535 -0.014510
1238773.710671 302.594220 429.387257 -0.010182 0.007289
1925637.924078 585.204933 276.339732 0.008453 0.017191
290519.337305 158.712047 507.977393 -0.004379 0.004496
1745488.432117 760.782673 219.031137 0.002464 -0.004189
1111265.337612 695.226713 563.419632 -0.004212 -0.013974
829182.160473 183.943215 135.784440 0.019219 0.004578
728391.627189 479.112046 596.063505 -0.016854 0.013718
1349985.243450 33.567411 345.849940 -0.014550 0.010159
1010733.056353 223.989242 571.462662 -0.005920 0.006801
1129411.861826 180.050429 372.982707 0.017210 0.011480
33999.050983 388.869166 393.897791 0.018958 0.015307
1606354.705806 296.496563 66.785377 -0.018799 -0.005952
1451822.744427 315.005745 570.292669 0.008761 -0.001035
1590584.168020 314.932373 309.293630 -0.005147 0.001143
538209.161040 701.090238 485.070851 -0.011155 -0.010862
958317.440449 628.420091 272.043645 -0.015989 0.008644
479655.517489 94.249278 120.480518 0.015846 -0.017027
167238.956395 558.849159 267.265114 -0.012177 0.009130
1592486.357127 737.082772 73.165166 0.009858 0.005618
1189583.299304 433.291443 20.604517 -0.015557 0.016562
1124831.962923 303.354014 474.132570 -0.005178 0.004015
37146.621401 680.328969 232.381449 -0.001136 0.018045
205026.889315 568.998449 40.991349 -0.007871 0.004303
284161.461650 310.151864 183.750761 0.003490 0.003333
68690.410847 306.414151 301.947868 -0.013750 -0.014788
287411.349028 600.392584 403.683407 -0.012906 0.014454
1171263.018237 591.745844 143.906182 -0.004978 -0.015528
1682127.158941 315.165559 577.270077 -0.010883 0.014567
1824708.168313 264.591989 346.559509 0.019215 0.005361
369206.509725 98.062206 13.240419 -0.000371 0.008403
1208981.916871 419.695994 56.072009 -0.015658 0.007257
446720.970071 201.974819 259.138628 0.015812 -0.002830
586212.983628 385.024362 101.878443 0.001338 0.014293
560717.814863 299.450822 150.821227 -0.010339 0.004122
234257.601311 123.594167 559.144150 0.007793 -0.014618
1133248.557864 703.381494 154.298548 0.003534 -0.005191
1934248.125150 153.881796 536.770623 -0.017576 -0.007946
1152133.833222 226.472818 331.609745 -0.019685 -0.012915
1965200.129880 240.623025 396.615490 -0.013875 0.013375
1034901.121182 346.014279 125.763968 0.010816 0.006918
1623246.405098 708.857310 497.107381 0.009753 0.003209
1926329.093951 248.315218 276.030415 -0.011180 0.015961
1658576.383096 150.329387 54.934242 0.008976 -0.010073
786221.519479 240.634565 318.788946 0.017815 -0.007684
1421758.733421 742.994424 365.328445 -0.004966 -0.017085
888519.625593 711.212984 307.910726 0.006013 0.006224
374128.679919 371.730635 325.707147 -0.019383 -0.011609
247207.860577 782.970559 311.741007 0.003300 -0.012043
838233.393076 329.875398 231.745362 0.000622 -0.014420
1269501.125100 723.023674 262.423824 -0.014007 0.015051
1490342.234955 701.657749 467.377876 -0.005828 -0.010057
1720173.599068 639.052621 82.439258 -0.005114 -0.001875
1589947.016719 447.926344 550.741083 -0.006480 0.003064
254199.274003 369.631752 332.079035 0.005899 -0.018210
1506623.924480 52.665890 274.414683 -0.014402 0.003090
1187558.641279 619.455937 289.296287 -0.018785 0.017647
663885.182079 620.256711 490.736394 -0.015549 -0.014782
134186.233456 776.830417 557.517557 -0.011844 -0.006224
763995.101100 799.445248 542.552839 -0.008031 -0.006497
960104.740672 341.075765 479.411169 -0.018607 -0.017002
1689167.128731 629.841166 84.551527 -0.007904 0.017117
1435140.350571 716.203562 421.895260 -0.012036 0.017047
1287450.956780 425.105447 421.440020 0.031470 -0.006898
1664884.491668 423.667906 368.415527 0.010567 0.009339
1916152.068375 115.434005 439.978005 0.014426 -0.002271
142374.806172 274.448740 522.209871 0.014832 -0.004931
1889104.925044 571.971686 98.182814 -0.016649 -0.019297
184043.514628 642.178778 547.260972 0.011782 -0.019928
1678137.485719 350.637788 319.827774 0.001621 0.016048
349432.717240 299.050637 257.494819 0.011519 -0.014606
327130.583267 597.533359 167.640757 0.015871 0.004361
1445781.852792 774.595236 571.316114 0.003725 0.013546
657045.848974 430.379652 332.778365 -0.000286 0.004918
1143416.638087 467.926002 254.996541 -0.000619 -0.004817
853229.746620 259.340349 490.956576 0.018361 0.014566
1436276.935710 106.683790 143.289205 -0.014054 0.016936
747046.145027 249.279654 400.890755 0.006107 -0.011767
555282.349025 300.268078 106.338370 -0.010824 0.018766
31011.744417 446.333613 303.821470 0.002803 -0.017975
259713.421697 113.375454 381.515733 0.002207 0.005058
30230.289339 785.628102 570.334257 0.013297 0.017665
1629124.594680 440.349990 44.857367 -0.017895 0.007952
1993199.337271 341.152606 5.752682 0.006605 -0.016812
437214.899080 754.177123 272.489731 -0.004221 -0.013117
847463.854052 328.895290 438.439129 0.017224 0.019223
1561464.248021 48.442308 73.441711 -0.003333 0.004612
1496915.452879 345.393634 358.184459 0.007984 -0.009430
1076064.875850 410.422491 489.229295 0.004502 0.002608
1028186.607653 487.292914 594.916496 0.000948 -0.009060
141764.248787 594.372115 129.945682 0.001006 -0.014466
778578.041484 759.062704 329.555296 -0.015256 0.015197
1058486.954802 720.149169 564.258249 0.005933 -0.007198
1112790.978101 319.621306 448.382893 -0.013854 -0.016074
24501.685065 553.714134 366.515503 0.013093 -0.007836
353571.678676 272.994483 548.342876 -0.013261 0.014621
375264.103699 191.546819 365.578816 -0.003808 0.010610
1493884.026769 635.054253 428.990297 -0.008194 0.016527
1188817.119779 659.920056 487.987663 0.001403 -0.000927
259519.063057 73.560151 525.517628 0.015130 -0.010177
1949033.547169 712.026209 562.407482 0.003453 0.008705
482529.103981 609.651538 35.853091 -0.013821 0.017257
1850091.109914 273.822468 102.628673 0.001381 0.009871
1871495.037280 224.841849 324.703931 0.006112 0.002955
908785.677938 195.388813 241.070327 -0.009281 0.011206
1755362.652128 318.235407 522.474199 0.010157 -0.008996
232765.271437 582.347926 98.899997 -0.018016 -0.007325
1765166.354256 236.134441 45.909193 0.017672 -0.002010
15434.920795 693.079093 474.810042 -0.012875 -0.003992
1077013.659792 90.918077 409.164188 -0.016813 0.010591
516053.778360 427.312992 5.518228 0.006383 0.012100
1576709.125925 429.796674 119.327134 0.006407 -0.008350
948767.654108 620.827763 11.974136 0.005589 0.013191
667159.362075 417.584558 74.321888 -0.003591 -0.001442
1146380.339352 334.187652 198.376486 -0.005375 0.003857
1462269.868451 722.478975 426.690314 -0.003548 0.019275
949273.004639 536.540780 309.875923 -0.000660 -0.006820
636841.273232 217.394754 520.680021 0.000697 0.017244
316267.470045 793.305583 424.374330 -0.012921 0.005285
1072709.865436 409.078582 92.543187 0.006413 0.016869
1234697.917120 187.190027 203.626406 0.017922 0.003936
1871003.135047 543.305229 300.441478 0.005839 -0.016339
968257.898916 95.977413 457.492397 -0.019865 0.004209
184803.100389 255.840847 525.693954 0.018331 0.013471
1613704.762242 94.150354 497.148947 0.000560 -0.008181
920804.219749 40.343503 484.044965 0.004746 0.008365
1455508.939668 184.673073 566.131324 -0.017315 -0.012833
1084419.887087 1.564516 515.016361 -0.018236 0.005933
1899527.167855 422.358186 461.389199 0.008466 0.001127
745706.753221 643.360515 508.938901 -0.010102 0.010551
1369434.811813 44.287963 529.084961 0.000562 0.002782
353913.564400 779.658763 371.828860 0.019304 0.003532
660308.989072 568.695211 491.866210 -0.009044 0.011121
1997036.600484 653.457599 468.687939 0.014266 0.014404
857968.969670 644.852348 232.629802 -0.012089 0.000742
1832483.595159 456.871272 194.087806 0.011150 0.012334
174050.590104 359.460574 525.193934 0.018760 0.018486
887791.815627 116.143948 561.506042 -0.017444 -0.014850
1048845.100705 314.759337 504.267983 -0.006250 0.006698
1236598.032171 273.738716 290.265889 -0.004035 -0.012070
688449.854352 662.514759 2.775171 0.009262 -0.018951
1047717.716101 518.844174 357.864176 0.013898 -0.003494
831685.772553 746.909903 516.975654 -0.008424 0.016116
1646809.537731 587.720348 29.249222 0.010389 0.011929
354697.854423 226.948097 114.991473 -0.019286 0.005137
1718570.137265 508.524624 581.752216 -0.006274 -0.018631
338487.908402 549.899910 517.488047 -0.013005 -0.003234
1776805.868268 558.752033 40.732625 -0.000611 0.001832
960078.654327 720.507141 287.228805 -0.006602 -0.012458
763596.911339 131.496056 555.767769 -0.002771 0.016997
1446903.674606 486.336111 125.224279 0.016903 0.005189
1673049.761761 619.636556 156.134093 0.012240 -0.015284
591079.477496 780.541931 482.958001 -0.013693 -0.013980
450261.526019 37.046483 509.506131 -0.008261 0.001258
788880.985598 618.735082 259.051101 0.014940 -0.015430
1247242.441982 204.390463 167.261562 0.001998 0.007424
405506.701397 218.077615 175.486509 -0.003538 -0.012422
1835863.754077 197.935062 576.667523 -0.012854 -0.017833
159031.381905 379.782101 18.536569 0.015402 0.005312
362722.217274 87.659486 407.295665 -0.018638 -0.003803
420997.232395 340.076965 105.446021 0.005802 -0.007890
580167.091722 213.236103 332.687231 0.002779 0.012608
479025.265425 617.086396 52.754361 0.001292 -0.012684
552036.800679 360.079132 258.343615 -0.010476 0.005109
969986.005207 253.881577 61.781686 0.000731 -0.011934
1471710.388303 557.556888 187.668796 -0.003400 0.009166
1430984.936390 500.623550 91.264362 0.015652 -0.009266
902052.609670 144.844086 321.013405 -0.019788 0.010004
700700.571156 195.569204 313.164104 -0.002450 0.011069
1408199.004553 571.487258 136.859778 -0.014614 0.018110
1713095.736556 495.998888 161.620945 0.018411 -0.014604
944491.339356 556.927686 498.957600 0.011379 -0.015569
1119457.834922 400.330355 441.492489 0.008485 -0.004353
8319.607940 130.611184 343.695863 0.001558 -0.013272
647061.014849 711.636646 247.504029 0.013808 -0.006849
379545.065751 439.238641 25.783813 -0.003329 0.007328
1990576.603445 218.761997 181.605674 -0.009387 -0.010668
876473.971119 589.759079 557.738798 -0.009186 0.000887
80381.552726 664.383611 13.423667 0.011032 0.001697
828036.629980 624.720973 423.177074 0.019511 -0.007204
1747623.103553 248.511629 124.652330 -0.008535 -0.013751
1072386.123739 381.157254 423.408066 0.003195 0.015738
777386.485961 459.514514 100.665848 0.007649 0.013587
801906.589792 103.856439 346.020858 -0.006798 -0.003960
197987.358178 296.189964 138.039535 -0.015154 -0.014133
1545926.498969 428.238772 556.338601 -0.000615 0.001124
492654.834172 281.840788 500.261593 -0.001393 0.005279
1978982.283724 792.822322 69.235626 0.007763 0.002809
17631.095842 66.308084 86.569662 -0.012956 0.010998
1966499.848276 461.682927 543.399096 0.003163 0.015463
611006.784537 527.311689 167.167569 0.001453 0.011210
850069.038966 247.124376 189.696656 -0.005917 0.011500
1676786.882652 479.001825 83.563470 0.006887 -0.017865
1557780.060711 529.520148 26.248022 0.015764 -0.005737
1227310.625476 722.635880 263.163752 0.010930 -0.017950
428616.731627 592.260390 393.465842 -0.015227 -0.007965
1127178.874392 340.208789 576.405494 0.013663 0.018422
1480731.590409 213.034249 162.143538 -0.017758 0.004783
115335.758829 715.303032 130.612453 -0.012097 0.002659
541498.807511 781.042975 137.068651 -0.007430 0.014831
1167776.423119 742.257891 464.381456 -0.019064 0.007409
1705487.274428 189.981105 255.859284 0.000330 -0.005718
1455042.508177 58.106027 469.400291 0.007515 0.016569
1485351.840726 341.832730 108.580148 -0.019525 -0.000650
1600046.444498 55.874280 226.835481 -0.019283 -0.009273
1889695.885540 230.384103 146.822377 -0.013086 0.004137
230475.999522 605.649410 319.126790 0.015523 0.011181
434670.210087 593.465070 10.112711 0.005757 -0.009958
748135.628527 296.889999 193.337120 -0.013692 -0.017658
474188.291689 718.676216 292.488279 -0.003301 0.016306
1941577.332067 174.348203 588.697882 -0.006020 -0.010638
499196.726130 235.236500 314.414721 -0.000249 -0.001310
254300.674542 487.651751 134.032841 0.006358 -0.000092
6325.354803 700.303632 143.999539 -0.019183 0.000817
980919.682878 315.864307 534.903516 0.012546 0.001979
1900851.625903 40.310675 269.174586 -0.002563 -0.001268
719689.197242 326.305578 412.231528 -0.006340 0.010293
1844748.197982 472.761553 30.410531 -0.002165 -0.016573
1036199.990211 459.102607 416.475769 0.009646 -0.010742
385683.919483 595.660943 65.123365 -0.002694 0.010617
1256102.471266 738.632777 95.936544 0.000664 0.009856
1419511.694191 375.609864 472.635032 -0.013637 0.016261
511292.832210 415.027042 189.480710 0.017689 0.014399
145034.134456 691.394346 270.247511 -0.015048 -0.007554
1071721.370831 513.302327 530.728009 -0.010799 -0.004671
233847.819378 338.339144 77.178977 -0.011021 0.014214
1786277.592083 682.071583 467.475472 -0.017902 -0.005090
1031918.257955 609.752348 505.883968 -0.007877 0.016826
1499349.890975 446.562427 263.473105 -0.017355 0.000064
597617.807145 110.182189 219.190456 0.010001 -0.009540
1353622.215499 228.355064 541.945372 0.002466 0.000630
573296.933702 542.690344 563.780949 -0.003403 0.016137
1590131.532210 246.366152 453.844527 0.002998 -0.005560
258416.177825 72.712833 73.672183 0.018867 -0.004269
87595.200207 577.084598 571.529864 -0.000686 0.011451
906233.425674 625.675384 554.271188 0.012748 0.001244
370032.188655 396.109858 489.557582 -0.016461 -0.017732
664767.085884 299.695089 441.633928 -0.009136 0.011577
1278253.811075 53.074763 58.622068 -0.004139 0.005627
916040.443311 420.040066 438.715168 0.003227 -0.000152
249204.321880 499.424219 130.457331 -0.016940 -0.015705
8661.484350 424.257945 533.507872 0.017143 -0.006053
841302.204338 90.225009 506.269061 -0.010487 -0.011970
1802783.200425 455.843104 346.035454 0.005478 0.013643
731632.451868 220.870161 544.662493 -0.001430 0.006857
1096714.972098 736.855134 118.101806 -0.008810 -0.000022
1386984.768969 323.705737 76.220656 0.016468 -0.000749
469499.863903 732.337964 6.735877 -0.015016 0.013790
718651.906922 435.577331 574.464997 -0.011853 0.011248
316653.122342 84.188760 211.252430 0.009794 0.009310
385530.231700 79.905886 10.913862 -0.015988 0.002563
1379939.433830 519.260129 291.377752 0.015435 0.017159
1974529.288697 463.880976 199.396709 -0.015481 -0.000373
1626419.535664 279.561760 244.582360 0.012972 -0.001065
503204.831157 146.317075 10.728364 -0.011629 -0.004513
1600260.999799 293.228273 294.687640 -0.013930 -0.015946
467442.890847 275.464849 121.034178 -0.009919 -0.002202
1530910.291491 753.195509 56.414707 -0.009998 0.013165
43405.273949 190.017407 245.194316 -0.005810 -0.005899
1801413.789299 133.625844 421.111400 -0.007682 0.019665
348673.859774 447.706274 104.883451 -0.012290 0.010750
1122384.702378 793.604495 80.992812 -0.017906 -0.014239
474000.488629 229.282213 293.430646 -0.002438 0.001552
1867761.544822 162.974982 288.119251 -0.018876 -0.001832
617712.498930 39.482855 415.338072 0.008738 -0.003854
88793.583256 494.985417 342.632764 0.009870 0.016983
1123119.018564 736.081272 291.734296 0.009395 -0.015511
510837.786138 237.614857 62.707635 -0.004343 -0.005989
498234.962345 502.583656 381.661460 0.009529 -0.017333
350510.791107 537.735710 162.800210 0.006240 0.007962
1451432.125387 771.427961 449.263185 -0.003346 0.007327
303273.376219 370.198322 180.071838 0.008882 -0.011672
454803.713809 227.074581 76.245180 0.008589 -0.019207
480071.545802 775.569433 189.886397 -0.006235 -0.005565
1333575.176696 474.936399 592.975127 -0.007809 -0.006722
110627.538576 382.889016 2.060397 -0.006980 -0.014560
1406769.050940 41.601492 59.202687 -0.001892 -0.001186
1561676.394922 482.423057 559.424819 -0.016756 -0.006991
281255.947557 246.833498 365.046050 -0.009253 -0.019073
1257382.930842 407.193554 595.929771 0.017795 0.014125
706537.016996 489.590395 268.676271 -0.006336 0.016643
1558318.719993 317.967771 236.930128 0.011339 0.008938
1057752.200895 389.349347 465.722844 0.005108 0.017511
491364.625511 326.448008 325.146717 -0.012863 -0.000410
1734950.389590 255.141447 479.269092 -0.000928 0.003494
1643357.573842 84.538718 57.109789 0.012570 -0.017967
1898263.090243 134.000250 397.727571 -0.004150 0.000395
1157183.811607 140.792708 544.366397 0.018936 0.018337
1260090.642264 401.518911 266.741211 -0.003781 -0.014823
767107.214205 521.399104 323.123417 0.016994 0.013178
55740.578126 634.665753 88.909095 0.013034 -0.009277
1471867.368311 518.860628 224.894850 0.013017 -0.001646
851158.514084 624.371671 377.802689 -0.016458 -0.012919
279214.015361 533.209145 211.731300 -0.018179 0.005622
622537.959657 541.216058 84.918891 0.010262 -0.016717
543551.074594 112.258619 439.433842 0.012686 -0.017357
1125283.938425 670.336983 515.189844 0.008429 0.006539
255944.995329 357.693203 187.231079 0.000113 -0.008834
1549879.616848 742.662115 35.470598 -0.003803 -0.019305
474171.187949 435.854541 410.433993 0.003573 0.003648
648167.413030 720.788059 160.416023 -0.001354 0.006306
697835.028496 590.041233 478.480140 -0.016726 0.001913
1725670.433475 515.896300 231.182311 0.008687 -0.005450
99429.388577 679.236886 481.609353 -0.005521 -0.005939
163663.104253 109.391226 168.314632 -0.008348 0.000289
594763.153510 303.466910 52.554458 0.019268 0.018781
1355525.087265 244.717187 521.985604 0.017877 0.010913
1053977.892294 234.876054 305.690254 -0.007018 -0.004944
115031.983757 149.720949 12.611416 -0.002313 0.016319
752375.869431 393.904214 454.921018 -0.012790 0.014193
219437.964363 208.642497 595.051435 -0.004391 -0.003927
1068114.026016 550.192567 468.997031 0.004833 0.006847
1499866.051366 239.060767 584.331667 0.004746 -0.010278
1491842.997955 116.958053 322.393223 -0.009735 -0.001138
1826279.228472 250.889520 395.083769 0.017313 0.010248
1133058.067007 247.612284 149.328083 -0.007039 -0.000440
207507.431604 346.749568 450.147087 -0.016174 0.012959
304737.184339 504.171409 306.804117 0.017353 -0.010001
361247.467977 546.642630 329.415039 -0.013808 -0.007882
1585793.637478 720.504576 269.484532 -0.006771 -0.013804
1841064.114050 194.795175 281.422844 0.003175 -0.012870
451362.950938 116.088537 291.962629 -0.001004 -0.001228
1950936.490647 462.864189 542.107490 0.008212 0.007784
1454702.783122 701.825545 182.509286 -0.010452 0.012479
1108684.254395 335.393673 297.101022 -0.015856 0.002984
1596490.624173 717.000839 285.007298 -0.011818 -0.010665
1263706.185512 134.390595 282.367923 -0.015933 0.009881
1294332.516982 261.316790 535.597621 -0.014661 0.012052
723046.520130 87.211809 228.296619 -0.009398 0.013365
107937.715067 793.550445 427.001654 -0.005726 -0.010808
1046872.077066 729.165415 390.078846 -0.019332 -0.019453
450965.188654 653.573261 546.948439 0.008020 -0.017423
278162.196408 266.314110 139.798756 0.004373 -0.002629
1960316.196066 205.528129 456.632224 0.014895 -0.004393
1125740.257616 187.513063 299.749244 0.017720 -0.000064
668170.334151 797.035793 294.306086 -0.018177 -0.005833
1443825.863043 455.566774 159.983858 -0.005091 0.003543
564375.188464 478.336826 242.712523 -0.012222 -0.008030
938961.728913 267.002452 379.580840 0.008083 0.017698
132214.712972 546.494555 119.639437 0.013250 0.002216
1179224.623916 311.780381 473.231070 -0.016467 -0.006664
575213.267736 338.881401 197.893418 0.011044 -0.001203
1368718.602401 400.619411 23.778516 0.018035 0.014940
1254302.726711 186.009016 282.724244 -0.018671 -0.002902
1541011.519516 401.079454 456.331693 -0.003914 -0.011860
1407684.757098 375.225790 531.879548 0.016145 -0.008175
883750.411162 393.967797 411.733943 -0.010651 0.003295
38293.802197 414.626181 2.961038 -0.006037 -0.008101
949396.727117 26.713297 478.678672 0.000586 0.019413
1340193.529306 112.394223 130.071591 -0.014310 -0.013067
1289556.392138 729.449561 404.438206 -0.003804 -0.007431
1756783.113702 87.947653 469.316703 0.010546 -0.019640
157687.638028 165.882533 303.275251 0.010625 -0.002492
175039.783202 626.894190 573.473890 -0.016271 -0.014666
506304.289450 453.557476 99.500776 -0.017960 -0.016727
301433.914481 576.117994 133.610464 -0.005338 0.014520
790027.673724 9.830005 464.107268 -0.017202 -0.003253
176035.711624 758.546109 317.116879 0.014813 0.008522
1081972.172988 759.427512 552.183170 -0.018214 0.008653
715741.816310 107.077026 299.049924 -0.007414 -0.010926
1263880.632475 454.177334 476.684377 0.011933 0.004699
1751026.801649 758.936668 202.560442 -0.016142 -0.007304
399196.095951 394.561046 198.012083 0.019028 0.002409
1496994.359185 48.796656 306.262114 -0.008911 0.017283
445396.929255 653.816908 529.552379 -0.014299 0.014552
1193553.106484 400.061430 599.261023 -0.016139 0.012557
450224.472419 581.599108 229.311224 -0.019238 0.001037
1999453.321099 715.802288 285.519882 -0.005003 0.019558
1584501.028799 429.416483 291.136896 -0.015109 0.000407
94458.571679 696.591554 342.691535 0.002271 -0.014107
1007827.074736 623.654366 579.422660 -0.004562 0.016868
1658558.308919 786.476077 253.359164 0.013091 -0.016892
475365.567242 42.247589 483.136570 0.004472 -0.017017
663714.367274 495.926892 580.621276 0.012241 0.018211
1919117.403179 479.322395 296.826155 -0.002181 0.008831
9624.167350 393.670877 354.823617 0.003061 -0.018038
1478876.057770 64.522531 497.189147 0.007921 -0.001374
1502145.321808 426.716837 269.319304 -0.013028 -0.005539
1054818.871922 329.182138 247.974632 -0.006669 -0.018738
972186.690649 532.077402 390.606086 -0.001890 -0.001123
1216433.286302 329.754998 43.130037 -0.015877 0.014305
1585452.240699 85.812669 209.821974 -0.004613 0.007197
796849.675848 99.131215 458.899147 -0.011042 0.013099
461377.134761 782.724429 217.176511 0.007160 -0.013906
1447663.852688 165.407122 338.350825 -0.014477 0.001612
1190708.408687 498.915522 122.981725 -0.010151 -0.016992
1355477.244293 683.929478 294.231649 0.009986 0.018269
694211.989964 433.620141 39.159906 0.007890 0.017089
1497031.391364 75.975282 30.328836 0.000515 -0.007104
1759090.904966 594.586770 180.096257 -0.010325 -0.003075
904928.793621 772.251916 377.919274 -0.019362 -0.015855
341892.055395 489.225497 436.923570 -0.004948 0.014344
1609370.418642 43.255603 427.903643 -0.008194 0.012132
1339833.364515 513.396137 206.956678 0.009411 -0.006431
543533.833951 386.269689 260.232093 -0.007100 0.019800
1510075.678821 161.296629 443.598038 -0.017784 -0.002231
325429.097901 406.495267 246.051579 0.011718 0.000969
1027532.088117 771.069624 81.318530 -0.010376 -0.006351
1987715.010526 37.075530 236.858889 0.008279 -0.006370
396776.620483 301.224397 588.809245 0.001750 -0.015586
639902.701899 652.498850 356.094505 0.010137 -0.014496
1179865.857204 406.199687 204.090811 -0.006851 0.002536
1568458.621189 393.368479 42.428338 -0.012226 -0.008581
1190290.628555 566.648495 150.048573 0.009234 0.017978
1180185.991889 580.270523 597.278458 0.019392 -0.002783
672088.553511 146.624210 484.902740 -0.007354 0.009073
1837656.663655 510.366692 325.331504 0.000515 -0.004372
1360614.323691 81.804581 539.216775 -0.019201 -0.002740
924125.776125 643.702744 554.993513 0.001314 0.019937
418950.309241 102.562730 424.478324 -0.001746 0.014292
1312754.557148 39.306102 349.940450 0.006065 -0.018671
30587.249450 790.691683 130.352094 0.012901 -0.007754
1889215.610870 593.542957 566.129995 -0.000536 -0.009826
669560.509114 133.595815 214.289713 -0.010654 -0.012489
1579576.984783 556.711970 595.101228 0.008581 -0.010893
1982244.182370 738.971242 214.092631 0.007923 -0.004708
432350.935616 283.806455 258.328405 0.011985 -0.019763
930735.730068 652.505483 596.738730 0.007309 0.005524
600671.720971 501.786427 227.932220 -0.010189 -0.015427
1270601.892504 463.690044 169.383709 0.019707 0.012516
938976.299455 626.140161 304.956575 -0.001542 -0.000143
1474031.937064 361.916126 251.807000 -0.016249 -0.013951
1605130.416157 247.908976 302.826584 -0.010659 -0.015580
1023340.410098 559.397968 555.336042 0.000248 -0.004726
1128556.229700 645.496446 5.398013 0.017754 -0.017953
248420.950141 463.958349 377.864002 -0.003964 0.002714
884577.235619 700.834645 213.274979 0.018007 -0.006576
1704879.713107 549.846747 474.336809 -0.009092 0.011204
1882055.445519 60.126445 54.893503 -0.002172 -0.007612
404206.608610 766.063018 4.966932 -0.014896 -0.001426
780987.060993 553.605773 162.359568 -0.004039 0.005502
642018.800900 419.929653 130.562004 0.018033 0.017213
1579863.075903 314.042877 483.425603 -0.014209 -0.006287
286431.929230 798.865259 18.441959 0.017334 -0.009135
1625355.291937 699.871761 207.409060 0.016181 -0.007134
1310099.705732 85.402030 166.986818 0.006571 -0.010595
1485499.756171 42.652060 555.876530 -0.019454 -0.001833
1126826.147142 267.576729 586.870954 0.011210 -0.008632
1817754.082297 456.426880 406.870471 0.008593 0.008649
42605.713030 686.024435 428.672954 -0.017664 0.011549
1969490.396776 691.899208 399.705907 -0.006759 0.010785
1972945.507603 788.384570 525.793372 -0.009411 0.005963
221002.463354 5.926506 421.364939 -0.018497 -0.019155
314139.836614 480.020126 213.026399 -0.014577 -0.004774
1280098.799281 35.349550 570.890306 -0.007262 0.010335
1334025.561499 271.199693 370.260936 -0.004777 -0.004325
817314.073824 292.220603 154.140325 -0.016999 0.007869
52254.755074 49.084731 409.172106 0.016105 -0.006935
662711.798522 9.747380 199.999927 -0.018611 -0.018000
710212.109941 153.344358 389.960196 0.008413 -0.006921
61999.699130 280.751726 222.968158 0.019301 0.006751
261157.692532 519.507360 3.979133 0.009910 -0.018771
797766.605764 125.346939 237.283174 0.006227 -0.010772
184709.901076 545.540579 175.165556 0.010992 0.003319
1235796.007903 85.162808 357.597978 0.018100 -0.014396
1292608.929469 245.436119 198.596427 -0.008136 -0.019320
1317389.029692 261.569616 220.472238 -0.018787 -0.007606
71927.786838 128.080479 575.589504 -0.018266 0.016306
1977614.946653 353.654502 38.616186 -0.004647 -0.016062
591803.305127 381.720013 467.345684 0.003520 -0.009936
726241.200569 164.915660 214.217379 0.018395 -0.013694
995710.504705 485.084293 279.112340 0.013156 0.016102
963862.695249 390.952382 138.007261 0.013993 0.000726
1079147.418532 708.512537 407.774497 -0.000008 0.017196
1174876.041326 389.796006 223.040377 0.006099 0.014866
937689.950195 758.422097 209.319594 -0.010089 0.001399
1200871.358253 489.428561 445.054403 0.018306 0.002828
1798372.363578 364.551561 105.944237 -0.005459 -0.008565
158766.744732 676.372783 464.416329 -0.007577 0.007848
584123.108808 679.587602 348.461973 0.018823 -0.006108
1019930.488905 447.122140 500.296063 0.015240 -0.011568
1412068.961846 279.566562 95.609895 -0.017818 0.003956
1390465.348675 524.166871 125.724502 -0.002531 0.004551
1560588.704217 269.275953 41.656745 0.018291 0.008017
709118.110458 28.922014 327.160748 -0.014850 -0.006243
481739.437432 336.573950 116.833726 0.012835 -0.004335
1084185.081108 265.357782 569.635350 -0.004950 -0.011496
321427.933090 65.750498 337.429796 -0.007399 -0.014411
322096.383349 11.996578 475.471296 -0.005155 -0.001927
811598.476400 120.543878 472.493779 -0.000996 -0.015689
975828.599639 663.151772 87.115613 -0.018663 0.018326
980873.326296 219.603623 226.493067 0.007421 -0.016145
1538962.265262 182.138201 256.899131 0.008813 0.004164
1281944.833362 703.750703 411.431733 -0.011789 -0.012043
1646853.441208 292.075072 129.269277 0.004643 0.009423
1334224.681991 17.360574 531.646643 -0.001769 -0.000139
1987979.200663 754.162056 196.130237 -0.014456 0.019109
567825.405192 503.281831 150.327537 0.006556 -0.007394
693992.653253 345.457675 324.673104 0.011081 -0.013997
290886.182473 333.085396 18.619937 0.013265 0.004818
461579.700216 523.991452 590.695654 -0.002174 -0.009188
1440439.939238 90.489252 175.717024 0.004270 0.002722
1578856.275221 479.879096 307.008361 -0.015376 0.009515
975708.803616 319.812669 220.205934 0.009549 -0.017519
1363849.989774 68.290250 296.142915 -0.011054 0.014432
1287670.666020 295.383607 165.717963 0.006991 -0.011978
1793086.186886 724.730924 513.285762 0.015254 -0.005942
253419.465503 481.214010 278.333553 -0.003107 -0.011662
65064.939701 167.156284 484.760471 0.001754 -0.007021
1093948.624606 25.743759 434.627248 0.016614 0.010813
1570950.974510 477.061869 513.936808 -0.008903 0.012843
1433502.711092 738.316887 113.607812 0.019696 0.003925
779698.448619 711.726166 301.741466 -0.010208 0.010884
1707668.152502 297.643073 224.039245 -0.007288 0.011694
1161722.038482 280.461823 0.739689 -0.004411 0.015802
650195.260835 748.415737 556.074967 -0.017998 0.014026
1393276.303724 667.677371 268.011766 0.002113 -0.015477
534900.189626 215.526040 20.994197 -0.001728 -0.009465
1264731.390059 676.859225 91.314283 -0.014608 -0.016304
1848317.172308 790.759669 278.409719 -0.008138 -0.007735
512088.236637 702.150327 394.322129 -0.009746 -0.009288
1104225.446984 465.393700 121.965149 -0.000859 0.005242
107543.810321 140.002894 279.428462 0.000013 0.009135
1156781.673039 614.907908 598.045807 0.004540 -0.011020
520065.349769 196.808821 42.877517 -0.003471 -0.004752
327390.441823 269.725350 221.911217 0.005099 0.005372
1353004.063178 707.090066 306.919657 -0.006560 -0.014395
1558240.596931 709.386245 433.368183 0.019291 -0.005448
706633.334377 29.067343 323.761495 0.012774 0.001575
534505.464385 317.438846 182.862544 -0.009438 -0.019549
1061346.780072 419.656579 154.561082 0.004145 0.017550
1275778.349152 612.356529 164.489003 -0.019706 -0.004259
1816858.008419 547.155996 166.400483 -0.003176 -0.019285
837596.447597 159.376722 542.271562 -0.014383 -0.012772
537634.699856 395.968007 130.505028 0.012327 -0.007453
1509630.032587 60.045692 426.043155 -0.021446 -0.008897
1442342.147903 473.251158 518.407309 0.019152 -0.012311
1603574.954720 492.399179 575.721105 -0.016942 0.004953
706735.606634 787.743700 184.448061 0.005231 -0.003788
651319.147391 39.944365 362.522202 -0.010787 -0.012363
1573016.600485 398.544328 411.502412 -0.019886 -0.007690
1998835.487291 607.488575 229.931860 0.008382 0.012771
1445522.677826 344.835294 246.197293 0.003483 -0.003642
1207599.107738 311.285351 14.986488 0.002531 -0.001355
1297106.122271 733.630181 269.840997 0.018183 0.001911
1709409.523620 225.380168 358.929402 -0.001619 0.000459
1579454.636005 196.691299 6.046354 -0.000960 -0.009976
635151.660366 380.408045 5.297980 0.008020 -0.012582
1657542.871152 338.211768 369.144584 -0.010416 -0.019597
50074.195513 674.016496 239.520789 -0.017993 -0.003741
1728956.987955 558.724627 193.760095 -0.007451 0.006134
1741304.677791 135.046794 562.020937 -0.001256 0.005090
896425.988943 206.823945 524.688305 -0.001643 0.009359
248631.410417 620.661653 125.808677 -0.014674 -0.000941
789536.960791 769.469220 539.496413 -0.019589 -0.011932
1819863.026878 28.464229 26.426731 -0.007622 -0.016553
901731.744829 139.257011 470.681935 0.010947 -0.000474
878442.611954 515.256939 393.686511 -0.004974 -0.015491
569936.175165 658.836540 222.784734 -0.013646 -0.008690
212161.644461 226.553075 35.242166 -0.007364 -0.003278
1070836.321949 568.393101 227.865586 -0.002614 0.008851
1162154.364009 276.091769 454.420429 0.005037 0.006165
1685995.778854 61.420371 497.124687 0.005351 0.014020
631794.399876 53.802558 296.588013 0.018917 -0.002287
