120102.793966 630.400566 121.609354 -0.006102 -0.005544
269277.329682 300.011253 156.227046 -0.018279 0.015150
1260731.205931 302.263229 191.712714 0.013067 -0.002960
973263.179405 632.912466 572.914328 0.008501 -0.005937
1683880.506867 289.199946 229.267278 -0.016822 -0.013039
1760997.696668 175.419353 580.409493 0.011720 -0.019819
354965.669268 681.965325 474.591604 -0.004791 -0.012041
306862.422408 412.006137 346.441678 -0.003480 0.002355
913598.742761 34.959032 562.611161 0.011146 0.014844
723511.401901 210.221872 397.800074 -0.007308 0.019059
27418.055584 127.000344 203.139584 -0.004125 -0.010460
1026719.971107 221.752934 272.949493 -0.000715 -0.017199
919235.655535 527.243781 552.784846 -0.009944 -0.018414
247720.705461 324.233331 333.719798 0.008060 0.012677
229642.751734 125.567565 517.167557 -0.017956 0.017170
1463437.116455 330.404434 118.935402 -0.004254 0.009176
349002.480669 325.715167 534.025962 0.001206 0.011418
253345.397419 21.864135 48.649720 0.003296 0.000363
301882.374241 33.211304 100.949224 -0.017034 -0.008248
417897.793659 158.355493 419.895722 0.010565 0.015940
1032678.423930 703.062808 34.553356 -0.004921 0.017251
1981626.739717 86.516884 206.282870 -0.012551 0.000445
148080.320166 291.094555 546.202818 0.018533 0.015042
1426235.401736 72.439112 542.601562 0.011800 0.006902
826207.458426 756.229384 428.270254 0.003248 -0.019250
17939.873048 633.047314 129.716898 0.008267 0.002239
229060.592236 178.672741 260.701529 -0.013004 0.003907
729567.630556 129.735712 425.691465 0.008430 -0.006071
424191.899795 625.455152 428.227099 -0.015127 0.009746
1179453.697605 667.589745 501.697076 -0.000334 0.005136
1017047.714916 724.885860 344.257142 -0.011063 -0.000461
1184883.571782 186.610504 168.430630 0.012307 0.017668
1669257.284919 738.022054 97.907414 -0.009256 -0.016850
1530870.404807 506.867681 153.131930 -0.001069 -0.006371
1211583.405366 549.646580 75.408228 -0.007254 0.012391
1741377.547263 727.184546 385.833620 0.008293 -0.003785
544004.606336 172.591964 185.186446 0.013865 -0.002453
1594854.852927 349.882792 402.346780 -0.016924 -0.010146
1223177.906695 729.695179 101.298093 0.010944 -0.013116
527324.168257 433.114814 487.613635 0.000765 -0.019353
312490.830343 99.707877 422.375797 -0.009654 -0.002777
1025907.483430 120.827491 212.090607 -0.013733 0.014351
1509229.653286 341.885457 43.571770 -0.018006 -0.009407
1023852.793045 688.155988 428.120720 -0.012674 0.017497
1918069.081343 635.219668 509.708264 -0.014817 0.002802
59433.087734 314.516878 67.931198 0.013716 0.016465
257531.464220 800.555203 21.753861 0.013275 -0.008791
961609.428265 277.239154 259.692264 0.013372 0.000060
582120.371322 470.096709 558.498119 -0.005430 0.005998
408974.288222 701.698035 306.577455 0.016818 -0.017661
899929.745542 700.333482 511.725897 -0.008030 -0.019842
849952.291162 263.261721 237.671493 0.001508 -0.013091
617567.269419 532.392342 103.649671 -0.006174 -0.000020
907629.657959 661.812143 507.002767 0.015494 0.006323
693382.430213 141.779722 148.660549 -0.008907 0.001677
1797970.130014 385.122967 250.785153 -0.003523 -0.004086
955435.349120 688.632550 163.968601 -0.006712 -0.013570
557659.864685 605.855372 293.309182 0.007016 -0.008250
1324351.926951 788.275026 575.603031 0.013348 -0.006820
917046.023028 230.665016 93.510237 -0.007870 -0.012909
1632997.046985 519.090568 212.552912 -0.017491 0.017124
1790149.784549 770.196454 244.870883 -0.007409 -0.004955
1613713.184192 632.140015 140.641471 -0.016796 -0.015064
791753.703166 288.575252 527.211055 0.015413 -0.018590
347958.385175 437.368214 12.056973 -0.014655 -0.004620
701432.257286 473.864733 403.349558 0.000322 0.015831
1693039.169392 258.671030 326.917931 -0.012032 -0.004481
944105.254926 76.365105 210.596321 0.015344 -0.003686
1451122.988691 550.670731 119.875832 0.018420 0.010770
644142.737912 285.015072 76.592613 -0.011892 -0.010299
328294.663843 300.306578 473.817298 -0.012161 0.000424
344141.964030 428.800142 60.517242 0.013709 -0.018295
1995072.262359 551.860849 220.682716 0.001691 0.015581
1509670.835691 11.153063 591.047256 -0.015727 0.015786
783939.521193 665.467884 350.084743 0.003533 0.011734
702233.533702 730.433648 89.091914 -0.000811 -0.015210
783487.379916 514.377463 295.247388 -0.012698 0.013074
1976.599918 282.122117 217.585927 -0.015853 -0.012083
812477.567611 80.985691 532.103056 0.010929 0.005800
1551513.418346 422.668751 395.106055 0.010377 0.005365
1106838.468046 120.755684 279.722215 -0.014518 0.009724
516376.429478 389.597196 394.262928 -0.003940 0.018700
1541877.001311 639.189890 366.995923 -0.009510 0.019229
877046.727052 210.979855 200.402507 0.012096 -0.005350
1062152.807164 166.461519 280.933680 -0.003290 0.019313
220503.739184 155.065402 306.157464 0.010773 0.018107
285758.867062 257.626212 62.747880 0.004288 -0.002015
1694852.848395 693.283250 566.665682 0.000243 -0.009224
1823523.613542 219.371700 44.352920 0.000920 0.001474
109429.840049 768.297926 480.058029 -0.004459 0.010487
331166.874772 736.356368 582.245924 0.005306 -0.006546
1904142.131984 594.106039 318.589034 -0.001583 0.000436
967910.745632 483.308292 499.265433 0.003520 -0.011505
581591.096978 348.428745 48.103677 -0.010654 0.017495
706572.319710 117.985034 128.377610 -0.003006 0.006863
1499518.371885 385.538828 378.814299 0.001970 0.014863
785875.055374 571.538205 474.393048 -0.005466 -0.006112
257524.722376 252.966819 54.396783 0.006462 0.011197
1201976.699383 114.825003 228.925076 -0.002619 0.009278
1186503.038363 580.042383 101.823620 0.006827 0.018392
215485.423904 20.092665 64.843444 -0.007119 -0.001907
1555844.913030 56.637053 560.849729 -0.003697 0.004792
1610655.802121 641.106751 200.332655 0.003837 -0.013393
1363983.919548 580.591763 288.321595 0.010878 -0.004604
515601.680854 298.524604 317.644710 0.005556 0.012251
521772.659627 185.439729 319.550591 -0.002814 0.016123
984056.433190 429.797875 558.367015 0.003507 0.013645
764465.851134 302.218088 558.041075 -0.007322 0.011438
1098768.237559 98.205139 352.917284 0.014625 0.008841
1505133.839094 452.510361 265.862162 -0.010744 -0.006513
1656881.889169 392.742209 425.944852 -0.005640 -0.014820
1035409.796534 493.551214 216.363269 -0.018007 -0.018104
532033.862794 432.444897 349.946089 -0.012178 -0.014336
885049.308131 462.096660 312.408221 -0.005106 0.015767
611963.250959 737.600978 10.418379 0.015703 0.012225
1469794.933437 516.376194 223.593938 -0.012435 0.015605
1419313.830053 5.383637 222.240375 -0.003142 -0.005436
1001399.715897 751.247522 589.876008 0.014481 0.019444
57920.523946 103.057272 316.901451 0.004562 -0.007022
1340168.589419 44.063773 541.155241 -0.012381 -0.002906
1593328.125585 397.041781 209.035965 0.012545 -0.004448
308175.125303 438.500022 21.585952 0.000930 0.009128
1829796.170737 187.903096 440.314202 -0.008568 0.006237
194622.977727 628.398464 356.784882 -0.016823 0.005969
1163384.351490 85.786989 466.894940 -0.015291 0.009209
203536.384834 623.518467 466.969406 -0.019844 0.018799
408990.508136 640.542655 279.640824 0.002411 0.004633
1709918.606891 566.483896 96.641014 0.015758 -0.010615
1776676.395804 644.362136 280.284496 0.004784 -0.016388
248411.979642 575.623186 526.852065 0.008748 0.011925
1052401.075630 239.771361 543.568280 -0.007835 -0.003537
1254879.329007 324.240025 114.395733 -0.003736 -0.003568
322021.593490 487.280168 125.376806 0.001061 -0.015046
1647379.426121 386.186201 521.420350 0.019419 -0.005112
204691.412954 699.188134 106.325038 0.002792 -0.000170
536197.156895 555.273648 128.657501 -0.014199 -0.003474
25648.950611 537.942575 428.827301 0.016668 0.018943
247729.502734 436.857792 229.223030 -0.007400 0.018032
1580350.309415 379.792325 335.202151 -0.020007 -0.015902
1443766.372951 659.207767 351.074876 0.003680 0.012389
1912564.341869 554.282244 409.499733 -0.014673 -0.009431
357511.299829 321.099353 575.526269 -0.004422 0.001840
744693.135258 324.308593 130.813417 -0.016548 -0.007019
387589.365424 167.805678 523.078249 0.002987 0.000953
1645202.005117 291.604387 -0.128050 -0.004714 -0.005361
205411.871060 83.723200 113.546368 0.007508 0.007843
1996032.971887 514.909889 233.940760 0.007541 0.010383
1306804.762830 688.131223 106.600104 0.004501 -0.009856
1450619.077985 788.605345 395.045727 0.017717 -0.017182
1969754.747101 110.670322 168.459675 0.013627 0.008611
1609086.544071 543.876309 45.432933 0.012193 -0.017514
883645.576836 726.156565 99.664875 0.005695 0.003638
1722771.757153 502.412931 142.260388 -0.009970 -0.007556
28763.775727 722.647693 101.807664 -0.011977 0.000501
845989.907554 733.737237 301.357899 -0.016746 0.014416
1143645.596292 54.572077 600.396476 0.014090 0.016925
1423342.375748 525.708121 361.911475 0.011486 -0.001572
1329764.171191 184.902853 221.793380 0.013247 0.014447
1926056.274178 553.193072 294.437721 -0.012004 0.017723
1598411.507718 172.815762 507.807100 0.018772 -0.003699
726058.746095 314.080948 195.449519 0.014552 -0.001022
375371.614646 348.361273 324.795017 -0.012650 -0.008632
932014.105344 718.351072 567.084351 -0.017155 0.007129
811741.037672 587.806115 550.842011 0.010982 0.002637
1557690.799962 589.650957 154.952550 -0.009263 0.017509
399385.155365 53.278555 91.170949 -0.018134 -0.018557
1122038.441301 328.106823 256.559186 0.015485 -0.009112
1805346.826001 59.661426 425.556624 0.004454 0.003401
1995636.369100 729.220927 97.124382 0.017696 0.019437
1695958.700821 279.101624 427.821124 0.010647 -0.015090
558004.577904 435.830614 516.756284 0.001459 0.012504
1597187.265566 589.338632 528.831139 0.018085 0.011277
1833981.536251 410.027043 114.641572 -0.006180 -0.003990
929917.220459 197.768620 284.852375 -0.013194 0.007558
1471826.909795 138.660147 361.210765 0.015870 -0.015403
1165988.196230 595.196198 277.977823 -0.008184 0.000420
1172216.120722 460.775715 32.352510 -0.002199 -0.015477
1736107.381869 196.488099 508.200448 0.009949 -0.012173
1259741.624473 533.052188 425.052838 0.012848 -0.019577
218963.730251 229.082304 155.190805 0.003362 -0.001611
1902503.935575 255.785020 379.536506 0.002182 -0.011337
1496596.111682 109.387047 576.177818 -0.011559 -0.002660
941537.357374 638.182748 5.873632 0.001069 -0.010190
245239.558744 315.845201 292.958530 0.018816 -0.014289
1372376.816986 480.095998 484.740743 -0.004175 -0.003135
1637971.852737 403.655388 423.955247 -0.017018 -0.016341
337179.376901 23.706118 245.405848 0.012138 0.003349
1249672.392965 440.333394 432.845477 0.003378 0.010445
310196.676436 44.309343 335.824331 -0.013360 0.003297
1607296.809371 230.229984 585.001947 -0.008234 -0.009707
236307.595035 783.990308 515.206134 0.017036 -0.004963
561161.337682 597.022441 528.855726 0.019446 0.012913
1939371.158341 125.320567 511.971912 -0.004855 0.018363
870700.636353 2.064448 305.599391 -0.013723 0.003550
541779.813609 249.456703 386.782467 0.013262 -0.000886
453110.709066 506.714936 459.682161 -0.011928 0.017065
47266.968548 256.949204 543.188640 0.015294 -0.010192
562186.379247 130.024711 594.568384 -0.013528 -0.013980
1629854.769274 105.323287 185.090761 0.006686 0.000384
534606.907766 82.290359 307.435544 0.011063 -0.009663
203362.833803 38.234090 342.300677 0.009821 0.015215
92345.910190 778.869750 306.454734 0.012421 -0.012993
877177.283576 667.543402 297.697723 -0.006206 0.008680
1484435.888699 500.954944 528.869904 0.009362 0.011483
64404.659935 438.986951 550.700464 -0.006319 -0.011445
856791.879449 487.108593 190.777745 0.017639 -0.004616
1153201.109335 33.921296 259.464213 -0.014232 0.011659
618554.387530 154.311433 456.646807 0.012846 -0.019884
1875266.974734 207.510936 503.029811 -0.002704 0.004178
1111007.126566 140.220532 138.592482 -0.002544 0.016421
34336.430968 375.419770 275.436744 0.017137 0.004262
1349224.196444 292.178036 249.861929 0.019695 -0.007782
1602661.077679 455.152168 209.638012 -0.010648 0.008557
276647.354605 434.467581 544.426244 0.016404 -0.005553
1822198.850020 671.152292 373.243085 0.009942 -0.009121
453696.245539 243.684610 268.616085 -0.001695 0.009698
713133.517985 379.615739 125.371219 0.012603 -0.003602
36437.158490 391.717824 464.283502 -0.002896 -0.000572
159010.190591 189.102683 31.260774 -0.002846 -0.001199
1535456.720523 453.594768 6.982800 0.007007 -0.001249
749811.288319 470.102048 183.226413 0.019852 -0.006529
1154889.427663 178.774528 384.587742 -0.018997 0.007214
762647.938338 304.976611 92.501398 0.003625 -0.012137
1129345.827331 486.725251 410.836521 -0.006534 -0.018319
337378.635228 333.955775 168.861897 -0.011171 0.013865
1499918.929068 791.317881 248.051138 0.010351 0.006641
1760744.261444 108.748816 149.796192 -0.012555 -0.014675
1172923.453698 610.463041 215.682574 -0.010956 0.011546
79642.974809 486.098949 100.984531 -0.012200 -0.012033
730713.756164 606.857443 483.848684 -0.017944 -0.016077
1702955.846536 175.423167 309.537512 -0.014689 -0.002386
724785.897287 705.987799 257.956019 0.011052 0.005767
187236.443249 524.318497 468.683601 -0.006230 0.013669
1828784.213322 744.222946 362.784933 -0.009394 -0.013227
787390.226865 250.408947 459.587490 0.002478 0.000236
1929498.061505 743.008521 161.139152 0.010636 0.019220
730520.102536 499.646195 120.197742 0.015179 0.010624
1281053.293162 194.252311 381.766563 -0.017203 -0.019252
562426.321470 130.203783 404.885897 -0.017502 0.000266
1033437.869061 780.001557 262.817787 -0.015120 -0.010090
1192859.900739 412.565188 336.335075 -0.005498 -0.016832
138898.690296 261.438674 3.551325 -0.006510 -0.015990
1973181.982512 561.024136 434.049864 -0.012566 0.003318
957790.512106 660.736495 496.846833 -0.015322 0.015869
1692076.045876 318.216392 36.198692 0.000830 -0.001625
1136829.509929 29.216883 260.381738 -0.019522 -0.013629
1367539.427880 482.435081 406.283590 -0.010179 0.018674
1509350.044424 252.396976 176.117780 0.010399 0.006117
785056.476847 597.997639 212.865321 -0.015366 0.017395
1873643.585422 476.127660 457.083202 0.010545 0.008431
1315983.134935 488.232304 64.693046 0.008805 -0.014715
1135951.929323 228.650147 100.578639 -0.019852 -0.008259
656102.584980 548.501771 539.266387 -0.019843 0.017279
1727078.126616 606.277831 148.304558 -0.013757 0.000838
1797488.349396 438.924311 161.421072 -0.009883 0.006606
406141.346510 152.080465 156.453904 0.018577 0.018124
1941231.998588 497.120532 337.386840 -0.016815 -0.006385
1386830.762674 518.557574 376.791284 0.014459 0.005999
1843128.023596 152.272265 201.687951 0.012787 -0.012237
538331.757550 546.168205 571.844008 0.000657 0.013534
944807.663069 332.417898 233.372615 0.009355 0.006558
106756.882792 754.925353 514.562076 -0.007554 0.016348
1618777.323337 226.577346 318.146471 -0.005087 -0.005241
1742666.514471 52.446277 6.951746 -0.000035 0.017114
1321460.731012 337.203354 69.677386 0.019888 -0.010390
620834.287545 213.120485 553.839279 -0.009470 0.011294
1523195.320518 587.374300 118.883664 -0.014017 -0.000941
1731081.362688 163.147199 252.014640 0.008915 0.000661
656632.629529 425.715517 480.572188 0.014354 0.016122
325566.043298 583.666834 581.005676 -0.013080 -0.010859
1792559.657149 666.311813 390.332505 -0.019492 0.013220
1778465.217808 259.359843 59.266789 0.012373 0.003538
1763427.173609 457.762677 193.020370 -0.017850 0.010095
1593951.392730 755.894965 556.278453 -0.011306 0.006607
886016.743670 435.784113 119.155992 -0.010400 -0.003813
204796.643092 323.779638 80.810804 -0.017154 0.002975
727276.621725 773.403560 248.425519 -0.019643 0.019102
488690.041233 721.739466 183.034758 -0.006266 0.008564
1781116.410057 179.193697 171.944812 -0.011469 -0.007824
20635.784613 7.595839 149.524774 0.017502 -0.010969
1834876.302553 303.353357 462.689529 -0.015331 0.004950
350019.654422 174.638463 16.720733 -0.007612 -0.008379
1214501.650638 537.692638 155.094441 -0.019201 0.007497
477760.385944 211.515172 353.513781 0.001768 0.004276
605806.972182 347.270185 499.308005 0.003595 0.005792
272576.070518 480.082329 392.514278 -0.004568 0.001522
1759240.741729 243.209979 550.256157 0.005986 -0.003283
1080301.612187 660.464358 382.605345 0.002791 -0.014591
1857771.559552 140.160444 484.312536 -0.012476 -0.012185
988850.145130 339.891645 276.852496 -0.016671 0.018752
134591.829094 309.643928 242.582062 0.015994 0.019024
96963.198901 28.630448 345.819294 0.008312 -0.003141
227820.812831 464.965662 434.743801 -0.018764 -0.010713
290631.014058 457.582273 34.225235 0.011497 -0.014509
385931.693197 569.479311 190.171237 -0.020028 0.015996
1023297.854244 397.129719 195.425292 0.018830 0.003266
589125.026292 31.578304 579.709057 0.007951 0.017449
1882412.602139 596.846027 584.006716 0.000686 -0.002099
790218.714061 504.725910 18.738485 -0.015186 0.006554
526777.357108 212.297050 139.834482 -0.007110 -0.017986
748590.766801 411.840537 457.612880 0.007591 0.000592
1324791.236466 162.241682 5.954108 0.019525 -0.013032
1179151.767483 226.046270 128.365291 0.002196 0.019230
301466.356172 395.968915 434.787736 -0.014981 -0.019511
349183.755158 414.973194 387.376590 -0.011764 0.005624
616335.581344 375.076286 543.786229 0.001723 0.011542
1910511.639859 733.783828 182.937273 0.008696 0.004282
1640005.631205 304.792365 484.991925 0.013287 -0.005344
1964468.728734 335.818999 391.167322 -0.012189 0.018995
1261209.360911 276.216567 282.367738 -0.005748 -0.001167
968463.258337 424.340573 593.869847 -0.014826 0.009422
1257770.379660 350.164249 123.998429 0.001260 0.019270
1991034.577596 391.381369 537.644410 -0.008005 -0.011737
1007596.648767 95.800797 353.457551 -0.006664 0.017896
1912045.142572 235.956336 222.801034 0.004268 -0.000412
692628.538559 190.235040 501.222624 0.008935 0.003680
609848.141023 240.649218 74.919028 -0.008220 -0.002768
1723251.459991 737.622629 520.936434 -0.017353 -0.001710
1696924.347289 50.383972 567.949403 0.009832 -0.005579
309029.791648 199.724787 289.719251 0.009628 0.002325
867302.640745 559.214900 513.490342 0.012176 -0.007823
691843.061099 120.527919 326.146110 -0.012863 0.018628
272265.500516 388.381879 162.217075 -0.009546 0.011206
1400582.436193 98.373494 421.259296 0.003008 -0.012289
320566.674844 333.023031 150.774922 -0.015710 -0.013505
1229627.376064 208.741193 246.132400 -0.016044 -0.019855
1946485.269790 425.017825 421.399976 0.006375 0.006793
15066.369444 140.504212 292.264701 0.002010 -0.005761
911695.870064 549.130427 506.280192 0.009044 0.017875
1245159.992597 340.295769 42.805578 -0.006302 0.020283
519428.529087 388.676023 247.033324 0.000351 0.003867
1147820.552414 102.220249 512.443157 0.019418 -0.011052
1717933.562453 767.108733 453.742309 0.002495 0.011451
183230.377819 455.338058 577.693165 0.003167 -0.015301
640928.558372 27.414238 483.286769 -0.013452 0.010286
1503776.668340 629.016539 111.022727 0.012843 -0.015528
360957.489517 65.395134 358.333026 0.003705 0.003716
380073.533570 131.915795 431.570188 -0.018227 -0.014029
1889061.825298 723.410579 66.013199 0.008013 -0.001341
1796955.322752 633.871704 20.379348 0.014483 -0.005169
306282.549308 147.029304 243.148237 0.018361 -0.006191
332156.324914 567.581329 78.921365 -0.005929 0.001319
485168.456326 426.698235 367.279160 0.013049 -0.014865
413343.113108 24.380852 173.565219 0.017102 -0.017008
883643.182406 697.255307 587.101879 0.002073 0.002807
887249.075289 360.295712 217.494087 -0.000903 -0.007441
1467432.667253 504.270612 297.513916 -0.014408 0.003561
1682910.725327 245.169717 179.529205 0.018973 0.006317
1660796.624450 172.294263 113.465757 -0.002234 -0.017769
629926.086697 520.370654 50.898128 0.004189 0.003112
318150.466456 37.205390 269.345348 -0.013811 0.003913
40123.955365 464.607653 29.025431 -0.004737 -0.017513
724761.667999 94.029684 413.619754 0.014320 -0.009800
558074.092752 559.685762 337.280614 0.003108 0.006876
438651.350531 326.405781 533.296624 -0.004210 0.014583
1885724.248311 578.919781 300.931180 -0.018901 -0.006827
158400.153815 149.288463 226.091126 0.001143 -0.006983
1952982.963972 437.524449 543.684454 -0.018959 0.017278
1927788.328346 311.036681 28.231302 0.006201 -0.010089
607879.136041 746.994573 567.562834 0.014625 0.000465
1236504.919471 67.946297 551.391188 0.000256 -0.000270
1541570.438790 358.775676 131.499157 -0.009121 -0.000969
1098586.873663 282.322793 398.419075 0.017054 0.015184
1973812.054831 723.128562 257.368349 0.015647 0.017427
717421.361579 684.434502 190.610606 -0.003731 0.000395
1128238.588166 568.342528 265.722834 0.000398 0.003055
1906900.824936 103.246034 396.777935 0.014911 0.005396
311031.282093 514.381745 50.680896 -0.004967 0.016678
1119457.958787 738.776735 161.422629 -0.010751 0.013997
295815.608602 167.812799 451.572941 0.003005 -0.015978
1365835.790227 746.653004 574.046958 -0.019993 -0.006438
933742.419320 452.441015 30.031280 0.016416 -0.016960
1254474.420685 690.030131 122.192970 -0.008479 0.009409
1674721.783807 355.642779 227.735315 0.016823 0.012741
589441.845468 384.423758 445.816912 0.002563 0.008109
1186208.380939 568.295971 547.267422 -0.006137 -0.008544
28320.921598 24.593382 131.635416 0.018877 -0.018779
1123059.363627 350.763841 356.761276 0.004370 -0.006049
1339490.994503 192.625687 126.487952 0.014920 0.001161
1892333.765464 567.787284 583.322381 -0.007211 0.005361
1580513.963280 495.700446 66.172001 0.001238 -0.012665
1628540.167412 101.038538 535.773026 0.009076 -0.001116
358744.990248 592.742736 301.805665 -0.004038 0.008491
1065496.480589 768.659355 90.551163 -0.014930 0.002940
996930.964755 638.365003 488.907716 0.008373 0.006815
685065.261407 523.977576 229.023061 -0.007654 0.019144
22284.613001 83.074909 360.078056 -0.014821 0.005114
1564209.169505 749.558582 458.174654 0.006971 0.006548
471659.941818 684.005620 242.409730 0.009525 -0.009790
234378.384535 216.409484 129.543082 -0.009232 -0.004017
1581110.075852 613.269118 117.732344 0.004190 -0.000951
1733102.233956 757.543558 78.161620 -0.010148 -0.009498
222272.466972 206.802823 219.671521 0.008454 -0.004767
7593.072023 394.850419 189.622532 0.010721 -0.013152
1961038.188991 2.044370 13.993225 -0.004568 0.009661
554464.627316 401.915091 7.675848 -0.000263 0.010862
821613.773155 227.351355 322.656920 0.003948 0.015614
24485.756655 378.320089 502.184096 -0.014263 0.008808
196372.594776 203.389764 587.953336 -0.001422 0.018543
718005.964867 375.041816 274.497451 0.007052 -0.010220
1252709.545778 525.433084 142.150602 0.005946 -0.018315
1958473.456073 741.810294 326.329199 0.019623 -0.003223
628831.249023 322.252552 421.356151 0.014052 -0.019644
1185057.482303 690.548529 288.868401 -0.002872 -0.019714
406775.272641 421.123877 157.310146 -0.012896 0.019406
452064.211691 433.122460 275.614399 0.007349 -0.011355
1391094.198167 249.203742 524.842965 0.017226 0.018309
1830316.959801 730.314517 532.180498 -0.001630 0.016130
610994.441719 618.122778 184.009211 -0.019663 0.004984
631021.334152 481.820417 292.084175 0.011837 -0.018574
989235.750860 1.804232 334.041112 0.010257 -0.012654
1098658.789461 784.356027 435.129687 -0.019662 0.006629
1883467.686308 564.550158 586.020426 0.012802 0.005387
1871849.530317 584.819825 330.526652 0.012870 -0.012442
911993.535660 102.251663 577.369182 0.010576 -0.014596
1176139.691461 61.565192 443.455300 -0.016931 0.015020
1537174.407177 456.345953 526.446738 -0.006938 -0.006930
123261.179832 700.910718 185.258386 0.011678 0.014926
1946848.674653 583.246890 354.092452 0.017981 0.001710
457599.283409 709.003630 164.545574 0.011211 0.008296
926562.791190 189.181480 501.664752 -0.000062 0.020071
1942178.605097 12.069294 45.343845 0.008401 -0.016362
1905775.863633 382.730974 397.481151 0.013274 0.012158
1975712.466974 713.585852 407.974537 -0.008321 0.007170
1128937.655654 214.610112 243.680511 -0.013898 -0.011213
1900458.380534 306.179936 62.077615 -0.011063 -0.013424
1623668.112617 549.984832 239.585410 0.005847 -0.015470
798515.523224 494.057615 76.751396 -0.000977 -0.006940
438456.544857 343.721675 482.280780 0.015118 -0.009781
1216805.763178 694.609733 90.672349 -0.008497 -0.013395
1661706.700764 681.425578 259.128833 -0.010495 -0.019710
1303971.794110 150.828718 233.934365 0.010276 -0.003515
1107963.914568 455.334798 58.964009 0.018169 -0.011402
425643.800956 282.616147 499.987674 -0.007407 0.013778
318262.858465 449.137730 154.977116 0.018568 -0.002273
1036196.117772 457.894840 186.611066 0.006835 0.014608
948553.069005 401.488982 427.717881 0.016397 0.009360
1438074.149861 446.960879 555.753253 -0.015620 -0.007586
677338.477540 530.419589 530.669193 -0.002501 0.004693
197747.041563 521.167995 583.511529 0.017220 0.019651
1601492.672973 71.566435 330.596256 -0.017642 -0.017810
1987075.958395 461.512727 375.179264 -0.007824 -0.010054
971748.938305 621.753130 449.386034 -0.012076 0.007404
974474.447302 733.548217 146.131929 -0.003452 -0.018913
1121549.802423 602.053875 413.147929 -0.002208 -0.012396
613932.794246 434.645184 504.545554 -0.008855 -0.001012
1665525.531241 62.899688 338.632225 -0.004481 -0.014537
1238773.710671 302.403557 429.523806 -0.010181 0.007294
1925637.924078 585.363247 276.661794 0.008455 0.017206
290519.337305 158.630171 508.061557 -0.004366 0.004493
1745488.432117 760.828637 218.952537 0.002445 -0.004206
1111265.337612 695.147300 563.158965 -0.004269 -0.013865
829182.160473 184.303256 135.870193 0.019234 0.004581
728391.627189 478.796167 596.319810 -0.016882 0.013656
1349985.243450 33.295363 346.040253 -0.014505 0.010167
1010733.056353 223.878451 571.589946 -0.005913 0.006793
1129411.861826 180.372796 373.197770 0.017220 0.011489
33999.050983 389.238500 394.185700 0.021014 0.015566
1606354.705806 296.144732 66.673933 -0.018777 -0.005950
1451822.744427 315.169838 570.273572 0.008764 -0.001005
1590584.168020 314.835984 309.315003 -0.005147 0.001139
538209.161040 700.881294 484.867429 -0.011161 -0.010864
958317.440449 628.120641 272.205575 -0.015992 0.008650
479655.517489 94.546142 120.161782 0.015860 -0.017014
167238.956395 558.621246 267.436089 -0.012165 0.009131
1592486.357127 737.267275 73.270547 0.009848 0.005637
1189583.299304 433.000356 20.914852 -0.015532 0.016582
1124831.962923 303.256890 474.207668 -0.005194 0.004006
37146.621401 680.307696 232.719456 -0.001136 0.018055
205026.889315 568.850834 41.072035 -0.007895 0.004315
284161.461650 310.217259 183.813360 0.003494 0.003352
68690.410847 306.156709 301.670963 -0.013745 -0.014786
287411.349028 600.150899 403.954173 -0.012907 0.014464
1171263.018237 591.652595 143.615593 -0.004982 -0.015508
1682127.158941 314.961858 577.542357 -0.010873 0.014514
1824708.168313 264.951785 346.659870 0.019211 0.005358
369206.509725 98.055248 13.397869 -0.000372 0.008413
1208981.916871 419.402850 56.207998 -0.015650 0.007266
446720.970071 202.270826 259.085578 0.015802 -0.002836
586212.983628 385.049399 102.146207 0.001336 0.014305
560717.814863 299.257088 150.898653 -0.010352 0.004147
234257.601311 123.740229 558.870346 0.007807 -0.014625
1133248.557864 703.447668 154.201460 0.003533 -0.005179
1934248.125150 153.552756 536.621891 -0.017566 -0.007939
1152133.833222 226.104150 331.367187 -0.019689 -0.012992
1965200.129880 240.363550 396.865860 -0.013837 0.013365
1034901.121182 346.217430 125.893154 0.010882 0.006879
1623246.405098 709.039862 497.167452 0.009744 0.003207
1926329.093951 248.105840 276.329300 -0.011182 0.015960
1658576.383096 150.497533 54.745688 0.008982 -0.010065
786221.519479 240.967896 318.644935 0.017786 -0.007697
1421758.733421 742.902874 365.005930 -0.004811 -0.017364
888519.625593 711.324722 308.026644 0.005923 0.006156
374128.679919 371.367648 325.489894 -0.019384 -0.011594
247207.860577 783.032200 311.515427 0.003283 -0.012050
838233.393076 329.888036 231.476156 0.000722 -0.014333
1269501.125100 722.758362 262.777490 -0.000001 0.034040
1490342.234955 701.548503 467.189536 -0.005840 -0.010058
1720173.599068 638.956607 82.404316 -0.005141 -0.001856
1589947.016719 447.804895 550.798836 -0.006492 0.003104
254199.274003 369.742341 331.737976 0.005912 -0.018216
1506623.924480 52.396155 274.472519 -0.014407 0.003087
1187558.641279 619.104095 289.626744 -0.018793 0.017646
663885.182079 619.965541 490.459578 -0.015549 -0.014783
134186.233456 776.608430 557.401006 -0.011865 -0.006224
763995.101100 799.294685 542.431094 -0.008049 -0.006505
960104.740672 340.727499 479.092970 -0.018589 -0.016984
1689167.128731 629.693331 84.872156 -0.007886 0.017126
1435140.350571 715.978182 422.214474 -0.012035 0.017046
1287450.956780 425.433102 421.163332 0.008735 -0.014484
1664884.491668 423.866391 368.590223 0.010629 0.009318
1916152.068375 115.703589 439.935287 0.014367 -0.002292
142374.806172 274.726476 522.117482 0.014831 -0.004936
1889104.925044 571.659461 97.821515 -0.016700 -0.019291
184043.514628 642.399397 546.887870 0.011781 -0.019920
1678137.485719 350.667954 320.128538 0.001600 0.016075
349432.717240 299.266205 257.221142 0.011505 -0.014623
327130.583267 597.830520 167.722425 0.015866 0.004361
1445781.852792 774.664897 571.569663 0.003715 0.013534
657045.848974 430.374280 332.870502 -0.000288 0.004923
1143416.638087 467.914387 254.906361 -0.000621 -0.004814
853229.746620 259.684185 491.229187 0.018361 0.014550
1436276.935710 106.420872 143.606792 -0.014025 0.016984
747046.145027 249.394028 400.669594 0.006109 -0.011854
555282.349025 300.065413 106.689819 -0.010821 0.018769
31011.744417 446.386132 303.484824 0.002806 -0.017979
259713.421697 113.416828 381.610513 0.002212 0.005065
30230.289339 785.877023 570.665383 0.013289 0.017701
1629124.594680 440.014830 45.006270 -0.017900 0.007951
1993199.337271 341.276257 5.438058 0.006602 -0.016790
437214.899080 754.097892 272.244064 -0.004241 -0.013120
847463.854052 329.217757 438.799109 0.017217 0.019223
1561464.248021 48.379985 73.527950 -0.003324 0.004599
1496915.452879 345.543542 358.007850 0.008027 -0.009433
1076064.875850 410.506819 489.278009 0.004504 0.002595
1028186.607653 487.310478 594.746593 0.000929 -0.009086
141764.248787 594.390835 129.674878 0.000993 -0.014456
778578.041484 758.776798 329.839830 -0.015279 0.015192
1058486.954802 720.259391 564.124204 0.005840 -0.007123
1112790.978101 319.361852 448.081866 -0.013856 -0.016077
24501.685065 553.959262 366.368710 0.013087 -0.007841
353571.678676 272.746086 548.616535 -0.013268 0.014607
375264.103699 191.475530 365.777553 -0.003806 0.010616
1493884.026769 634.900667 429.299734 -0.008209 0.016521
1188817.119779 659.946321 487.970455 0.001402 -0.000912
259519.063057 73.843639 525.327158 0.015147 -0.010166
1949033.547169 712.091082 562.570544 0.003476 0.008710
482529.103981 609.392681 36.176330 -0.013826 0.017266
1850091.109914 273.848518 102.813448 0.001401 0.009863
1871495.037280 224.957182 324.758480 0.006207 0.002871
908785.677938 195.215093 241.280332 -0.009273 0.011223
1755362.652128 318.425613 522.305706 0.010157 -0.008999
232765.271437 582.009545 98.763795 -0.018121 -0.007220
1765166.354256 236.465409 45.871696 0.017676 -0.001994
15434.920795 692.837923 474.735153 -0.012883 -0.004006
1077013.659792 90.603319 409.362662 -0.016802 0.010606
516053.778360 427.432580 5.745057 0.006389 0.012126
1576709.125925 429.916883 119.170854 0.006432 -0.008341
948767.654108 620.932498 12.221312 0.005597 0.013208
667159.362075 417.517330 74.294940 -0.003589 -0.001436
1146380.339352 334.087245 198.448764 -0.005350 0.003862
1462269.868451 722.412131 427.050999 -0.003592 0.019247
949273.004639 536.528453 309.748031 -0.000656 -0.006839
636841.273232 217.407750 521.002893 0.000691 0.017240
316267.470045 793.063454 424.473533 -0.012939 0.005310
1072709.865436 409.198696 92.859189 0.006415 0.016881
1234697.917120 187.525697 203.700189 0.017929 0.003944
1871003.135047 543.414622 300.135471 0.005844 -0.016343
968257.898916 95.606082 457.571606 -0.019796 0.004250
184803.100389 256.183729 525.946202 0.018290 0.013469
1613704.762242 94.160854 496.995813 0.000561 -0.008174
920804.219749 40.433491 484.201000 0.004860 0.008299
1455508.939668 184.348878 565.891008 -0.017310 -0.012833
1084419.887087 1.223195 515.127455 -0.018218 0.005932
1899527.167855 422.516583 461.410176 0.008451 0.001114
745706.753221 643.171028 509.136407 -0.010135 0.010543
1369434.811813 44.298607 529.137149 0.000575 0.002791
353913.564400 780.020019 371.895075 0.019279 0.003540
660308.989072 568.525743 492.074432 -0.009055 0.011118
1997036.600484 653.724738 468.957715 0.014265 0.014408
857968.969670 644.625923 232.643709 -0.012094 0.000743
1832483.595159 457.085206 194.312932 0.011696 0.011643
174050.590104 359.811955 525.540039 0.018769 0.018478
887791.815627 115.817408 561.227880 -0.017431 -0.014859
1048845.100705 314.642280 504.393308 -0.006251 0.006687
1236598.032171 273.663230 290.039651 -0.004027 -0.012093
688449.854352 662.688083 2.420410 0.009250 -0.018938
1047717.716101 519.104600 357.798867 0.013916 -0.003481
831685.772553 746.751837 517.277518 -0.008458 0.016124
1646809.537731 587.914853 29.472722 0.010385 0.011942
354697.854423 226.587028 115.087800 -0.019276 0.005151
1718570.137265 508.407012 581.403191 -0.006287 -0.018646
338487.908402 549.656442 517.427338 -0.012998 -0.003250
1776805.868268 558.740512 40.767079 -0.000619 0.001848
960078.654327 720.381577 286.994746 -0.006810 -0.012538
763596.911339 131.444374 556.086276 -0.002749 0.017020
1446903.674606 486.657563 125.323264 0.017533 0.005374
1673049.761761 619.865525 155.847928 0.012214 -0.015279
591079.477496 780.285365 482.696158 -0.013709 -0.013986
450261.526019 36.891949 509.529660 -0.008244 0.001255
788880.985598 619.014806 258.762214 0.014935 -0.015423
1247242.441982 204.428095 167.400598 0.002021 0.007425
405506.701397 218.011427 175.254447 -0.003531 -0.012363
1835863.754077 197.694334 576.333437 -0.012857 -0.017848
159031.381905 380.070543 18.636167 0.015404 0.005325
362722.217274 87.311445 407.225012 -0.018535 -0.003743
420997.232395 340.186194 105.299703 0.005861 -0.007735
580167.091722 213.288412 332.923182 0.002808 0.012592
479025.265425 617.110549 52.516929 0.001287 -0.012674
552036.800679 359.883023 258.438896 -0.010469 0.005067
969986.005207 253.896042 61.558054 0.000814 -0.011950
1471710.388303 557.493278 187.840951 -0.003394 0.009221
1430984.936390 500.916587 91.090907 0.015645 -0.009260
902052.609670 144.473610 321.200720 -0.019779 0.010002
700700.571156 195.523317 313.371298 -0.002450 0.011060
1408199.004553 571.213640 137.198970 -0.014609 0.018116
1713095.736556 496.343740 161.347382 0.018420 -0.014613
944491.339356 557.140712 498.666074 0.011373 -0.015566
1119457.834922 400.489233 441.410805 0.008483 -0.004370
8319.607940 130.640417 343.447322 0.001564 -0.013273
647061.014849 711.895259 247.376047 0.013812 -0.006820
379545.065751 439.176185 25.920915 -0.003342 0.007315
1990576.603445 218.586247 181.405794 -0.009384 -0.010680
876473.971119 589.587038 557.755421 -0.009188 0.000888
80381.552726 664.590097 13.455473 0.011021 0.001700
828036.629980 625.086447 423.042392 0.019522 -0.007180
1747623.103553 248.351821 124.394924 -0.008533 -0.013741
1072386.123739 381.217399 423.702748 0.003229 0.015735
777386.485961 459.657604 100.920353 0.007634 0.013595
801906.589792 103.729008 345.946881 -0.006811 -0.003941
197987.358178 295.906125 137.774790 -0.015160 -0.014143
1545926.498969 428.228750 556.361001 -0.000461 0.001264
492654.834172 281.819129 500.357954 -0.000886 0.005005
1978982.283724 792.967555 69.288404 0.007748 0.002828
17631.095842 66.065485 86.775583 -0.012954 0.010995
1966499.848276 461.746759 543.683378 0.003639 0.014913
611006.784537 527.338964 167.377437 0.001460 0.011205
850069.038966 247.013519 189.912007 -0.005922 0.011500
1676786.882652 479.130851 83.228977 0.006894 -0.017859
1557780.060711 529.815339 26.140750 0.015763 -0.005719
1227310.625476 722.843311 262.752862 -0.003595 -0.037644
428616.731627 591.975242 393.316692 -0.015228 -0.007965
1127178.874392 340.464582 576.750330 0.013656 0.018407
1480731.590409 212.701691 162.233292 -0.017760 0.004803
115335.758829 715.076476 130.662263 -0.012099 0.002661
541498.807511 780.903692 137.346413 -0.007446 0.014834
1167776.423119 741.900957 464.520011 -0.019057 0.007389
1705487.274428 189.987110 255.752272 0.000311 -0.005711
1455042.508177 58.246885 469.710565 0.007528 0.016569
1485351.840726 341.466858 108.567863 -0.019550 -0.000662
1600046.444498 55.513274 226.661892 -0.019273 -0.009267
1889695.885540 230.139100 146.899943 -0.013081 0.004148
230475.999522 605.939841 319.336100 0.015496 0.011173
434670.210087 593.572856 9.926414 0.005755 -0.009939
748135.628527 296.634131 193.006380 -0.013637 -0.017665
474188.291689 718.614185 292.792660 -0.003325 0.016204
1941577.332067 174.235577 588.498195 -0.006009 -0.010689
499196.726130 235.231711 314.390322 -0.000262 -0.001296
254300.674542 487.770922 134.030926 0.006370 -0.000112
6325.354803 699.944414 144.015000 -0.019182 0.000834
980919.682878 316.099339 534.940353 0.012556 0.001955
1900851.625903 40.262332 269.150795 -0.002599 -0.001273
719689.197242 326.186864 412.424306 -0.006338 0.010296
1844748.197982 472.720822 30.100331 -0.002185 -0.016557
1036199.990211 459.283147 416.274372 0.009635 -0.010768
385683.919483 595.610444 65.322304 -0.002699 0.010630
1256102.471266 738.643740 96.125234 0.000487 0.010325
1419511.694191 375.354667 472.939351 -0.013619 0.016241
511292.832210 415.358271 189.750426 0.017687 0.014408
145034.134456 691.112546 270.106060 -0.015049 -0.007553
1071721.370831 513.099979 530.640488 -0.010812 -0.004677
233847.819378 338.132604 77.444956 -0.011037 0.014193
1786277.592083 681.736276 467.380210 -0.017909 -0.005084
1031918.257955 609.604850 506.198994 -0.007876 0.016820
1499349.890975 446.237782 263.474471 -0.017317 0.000082
597617.807145 110.369633 219.011883 0.010018 -0.009533
1353622.215499 228.401278 541.957153 0.002470 0.000629
573296.933702 542.626668 564.083112 -0.003397 0.016134
1590131.532210 246.422451 453.740546 0.003015 -0.005545
258416.177825 73.066141 73.592191 0.018867 -0.004274
87595.200207 577.071740 571.744299 -0.000688 0.011451
906233.425674 625.914083 554.294445 0.012745 0.001240
370032.188655 395.801669 489.225401 -0.016454 -0.017746
664767.085884 299.524055 441.850676 -0.009130 0.011572
1278253.811075 52.997478 58.727381 -0.004116 0.005621
916040.443311 420.100395 438.712173 0.003217 -0.000167
249204.321880 499.106930 130.163115 -0.016947 -0.015718
8661.484350 424.579114 533.394528 0.017159 -0.006052
841302.204338 90.028796 506.044740 -0.010469 -0.011988
1802783.200425 455.945669 346.290937 0.005476 0.013643
731632.451868 220.843667 544.790762 -0.001400 0.006842
1096714.972098 736.690274 118.100567 -0.008796 -0.000109
1386984.768969 324.014152 76.206754 0.016471 -0.000736
469499.863903 732.056879 6.994337 -0.015004 0.013814
718651.906922 435.355392 574.675366 -0.011850 0.011220
316653.122342 84.375487 211.423286 0.010151 0.008923
385530.231700 79.606496 10.961988 -0.015987 0.002577
1379939.433830 519.548906 291.699279 0.015407 0.017180
1974529.288697 463.590622 199.389350 -0.015530 -0.000413
1626419.535664 279.804788 244.562448 0.012984 -0.001061
503204.831157 146.099479 10.643975 -0.011611 -0.004500
1600260.999799 292.967376 294.389000 -0.013934 -0.015950
467442.890847 275.279168 120.992954 -0.009912 -0.002201
1530910.291491 753.008165 56.661411 -0.010011 0.013183
43405.273949 189.908848 245.083998 -0.005784 -0.005883
1801413.789299 133.481819 421.479815 -0.007700 0.019684
348673.859774 447.476234 105.084811 -0.012279 0.010756
1122384.702378 793.268993 80.726063 -0.017926 -0.014251
474000.488629 229.236641 293.459816 -0.002429 0.001563
1867761.544822 162.621740 288.084795 -0.018851 -0.001848
617712.498930 39.646708 415.266064 0.008761 -0.003837
88793.583256 495.170535 342.950106 0.009900 0.016910
1123119.018564 736.256891 291.443815 0.009361 -0.015513
510837.786138 237.533684 62.595549 -0.004327 -0.005982
498234.962345 502.762136 381.336857 0.009533 -0.017335
350510.791107 537.852723 162.949195 0.006257 0.007950
1451432.125387 771.364776 449.400720 -0.003402 0.007362
303273.376219 370.364653 179.853332 0.008882 -0.011665
454803.713809 227.235581 75.885587 0.008606 -0.019198
480071.545802 775.452473 189.782282 -0.006256 -0.005555
1333575.176696 474.790505 592.849257 -0.007773 -0.006722
110627.538576 382.758049 1.788275 -0.007007 -0.014502
1406769.050940 41.566302 59.180537 -0.001866 -0.001180
1561676.394922 482.109189 559.293816 -0.016766 -0.007001
281255.947557 246.660288 364.688916 -0.009246 -0.019069
1257382.930842 407.526664 596.194215 0.017782 0.014118
706537.016996 489.471683 268.988047 -0.006343 0.016655
1558318.719993 318.180205 237.097497 0.011350 0.008938
1057752.200895 389.445034 466.050564 0.005111 0.017489
491364.625511 326.207157 325.139013 -0.012860 -0.000413
1734950.389590 255.124132 479.334502 -0.000922 0.003492
1643357.573842 84.774078 56.773386 0.012567 -0.017962
1898263.090243 133.922513 397.735089 -0.004152 0.000408
1157183.811607 141.147387 544.709721 0.018945 0.018330
1260090.642264 401.448083 266.463574 -0.003784 -0.014829
767107.214205 521.717142 323.370154 0.016974 0.013173
55740.578126 634.909614 88.734927 0.013010 -0.009325
1471867.368311 519.102400 224.863435 0.012807 -0.001700
851158.514084 624.063500 377.560715 -0.016455 -0.012925
279214.015361 532.868528 211.836710 -0.018200 0.005636
622537.959657 541.408284 84.605920 0.010268 -0.016709
543551.074594 112.498299 439.109160 0.012909 -0.017317
1125283.938425 670.494692 515.312066 0.008414 0.006515
255944.995329 357.695305 187.065723 0.000112 -0.008826
1549879.616848 742.590841 35.109230 -0.003809 -0.019290
474171.187949 435.921324 410.502401 0.003559 0.003658
648167.413030 720.762681 160.534171 -0.001357 0.006313
697835.028496 589.727988 478.515949 -0.016730 0.001912
1725670.433475 516.058107 231.082107 0.008600 -0.005260
99429.388577 679.133453 481.497968 -0.005526 -0.005957
163663.104253 109.252716 168.320474 -0.006635 0.000360
594763.153510 303.827849 52.906491 0.019281 0.018817
1355525.087265 245.052552 522.190340 0.017940 0.010953
1053977.892294 234.744694 305.597848 -0.007012 -0.004925
115031.983757 149.677444 12.916886 -0.002333 0.016306
752375.869431 393.665050 455.186765 -0.012753 0.014189
219437.964363 208.560276 594.977663 -0.004391 -0.003952
1068114.026016 550.283015 469.125921 0.004826 0.006918
1499866.051366 239.149386 584.139040 0.004719 -0.010295
1491842.997955 116.776046 322.372113 -0.009705 -0.001116
1826279.228472 251.213521 395.275717 0.017291 0.010253
1133058.067007 247.480411 149.319905 -0.007045 -0.000434
207507.431604 346.446680 450.389719 -0.016175 0.012954
304737.184339 504.496378 306.616626 0.017354 -0.010024
361247.467977 546.384019 329.267353 -0.013812 -0.007891
1585793.637478 720.377957 269.225537 -0.006752 -0.013858
1841064.114050 194.854841 281.182254 0.003197 -0.012825
451362.950938 116.069832 291.939625 -0.000994 -0.001229
1950936.490647 463.013085 542.258441 0.007706 0.008323
1454702.783122 701.629725 182.743189 -0.010462 0.012503
1108684.254395 335.096737 297.156889 -0.015858 0.002983
1596490.624173 716.768973 284.814367 -0.012849 -0.009904
1263706.185512 134.092309 282.552954 -0.015924 0.009881
1294332.516982 261.042138 535.823195 -0.014673 0.012040
723046.520130 87.035913 228.546780 -0.009388 0.013353
107937.715067 793.442938 426.798744 -0.005757 -0.010866
1046872.077066 728.802836 389.713771 -0.019393 -0.019542
450965.188654 653.723337 546.622106 0.008008 -0.017430
278162.196408 266.395997 139.749570 0.004373 -0.002624
1960316.196066 205.807063 456.549911 0.014896 -0.004398
1125740.257616 187.844925 299.747972 0.017724 -0.000072
668170.334151 796.695230 294.196751 -0.018196 -0.005844
1443825.863043 455.471422 160.050349 -0.005093 0.003558
564375.188464 478.107950 242.562173 -0.012222 -0.008028
938961.728913 267.153647 379.912147 0.008065 0.017686
132214.712972 546.743804 119.681084 0.013370 0.002233
1179224.623916 311.471735 473.106385 -0.016497 -0.006652
575213.267736 339.087607 197.871024 0.010981 -0.001188
1368718.602401 400.957148 24.058425 0.018036 0.014955
1254302.726711 185.659741 282.669896 -0.018633 -0.002903
1541011.519516 401.006053 456.109435 -0.003925 -0.011877
1407684.757098 375.528262 531.726370 0.016160 -0.008184
883750.411162 393.769281 411.795739 -0.010550 0.003304
38293.802197 414.513155 2.809542 -0.006035 -0.008079
949396.727117 26.724549 479.042566 0.000615 0.019453
1340193.529306 112.126519 129.827048 -0.014282 -0.013051
1289556.392138 729.378050 404.298992 -0.003833 -0.007437
1756783.113702 88.144384 468.947790 0.010461 -0.019758
157687.638028 166.081717 303.228539 0.010648 -0.002497
175039.783202 626.589610 573.199318 -0.016259 -0.014659
506304.289450 453.221349 99.187743 -0.017940 -0.016706
301433.914481 576.017612 133.882740 -0.005382 0.014559
790027.673724 9.508058 464.046379 -0.017183 -0.003250
176035.711624 758.823299 317.276497 0.014792 0.008526
1081972.172988 759.085841 552.345716 -0.018277 0.008708
715741.816310 106.938324 298.845317 -0.007400 -0.010926
1263880.632475 454.400758 476.772342 0.011929 0.004696
1751026.801649 758.634014 202.423722 -0.016183 -0.007299
399196.095951 394.918119 198.056642 0.019109 0.002350
1496994.359185 48.629938 306.585718 -0.008895 0.017279
445396.929255 653.549102 529.824757 -0.014303 0.014539
1193553.106484 399.759455 599.495930 -0.016113 0.012532
450224.472419 581.238729 229.330634 -0.019251 0.001036
1999453.321099 715.717883 285.881150 -0.004088 0.018996
1584501.028799 429.133579 291.144440 -0.015106 0.000399
94458.571679 696.634016 342.427337 0.002264 -0.014109
1007827.074736 623.568928 579.738347 -0.004563 0.016848
1658558.308919 786.721159 253.042639 0.013085 -0.016914
475365.567242 42.329459 482.818983 0.004283 -0.016900
663714.367274 496.155875 580.961813 0.012215 0.018160
1919117.403179 479.281725 296.991411 -0.002163 0.008819
9624.167350 393.728205 354.485843 0.003062 -0.018037
1478876.057770 64.668944 497.163385 0.007717 -0.001374
1502145.321808 426.472956 269.215623 -0.013019 -0.005534
1054818.871922 329.057255 247.623760 -0.006669 -0.018736
972186.690649 532.041917 390.585009 -0.001900 -0.001129
1216433.286302 329.457820 43.397970 -0.015862 0.014311
1585452.240699 85.726108 209.955724 -0.004635 0.007091
796849.675848 98.923584 459.144088 -0.011132 0.013062
461377.134761 782.858277 216.916141 0.007135 -0.013902
1447663.852688 165.136092 338.380960 -0.014470 0.001607
1190708.408687 498.725541 122.662752 -0.010134 -0.017079
1355477.244293 684.116635 294.573608 0.010003 0.018253
694211.989964 433.768112 39.480133 0.007914 0.017112
1497031.391364 75.984932 30.195902 0.000516 -0.007094
1759090.904966 594.393370 180.038624 -0.010330 -0.003080
904928.793621 771.889219 377.622339 -0.019375 -0.015858
341892.055395 489.132762 437.192342 -0.004956 0.014362
1609370.418642 43.102397 428.130809 -0.008169 0.012130
1339833.364515 513.572587 206.836652 0.009434 -0.006388
543533.833951 386.136712 260.602617 -0.007102 0.019773
1510075.678821 160.963619 443.556271 -0.017782 -0.002230
325429.097901 406.714633 246.069763 0.011711 0.000973
1027532.088117 770.875073 81.199758 -0.010403 -0.006334
1987715.010526 37.230691 236.739678 0.008292 -0.006362
396776.620483 301.257218 588.517165 0.001756 -0.015608
639902.701899 652.688854 355.822954 0.010157 -0.014507
1179865.857204 406.071181 204.138341 -0.006874 0.002540
1568458.621189 393.139551 42.267720 -0.012224 -0.008573
1190290.628555 566.821397 150.385230 0.009232 0.017977
1180185.991889 580.633577 597.226073 0.019383 -0.002812
672088.553511 146.485952 485.072531 -0.007411 0.009061
1837656.663655 510.376337 325.249595 0.000515 -0.004376
1360614.323691 81.444884 539.165274 -0.019215 -0.002761
924125.776125 643.727275 555.366741 0.001306 0.019924
418950.309241 102.529403 424.745389 -0.001811 0.014232
1312754.557148 39.419555 349.590583 0.006052 -0.018696
30587.249450 790.933106 130.206934 0.012883 -0.007749
1889215.610870 593.532785 565.945839 -0.000550 -0.009842
669560.509114 133.396331 214.055881 -0.010652 -0.012485
1579576.984783 556.872821 594.896903 0.008598 -0.010929
1982244.182370 739.119622 214.004444 0.007924 -0.004710
432350.935616 284.030754 257.958198 0.011970 -0.019776
930735.730068 652.642285 596.842030 0.007302 0.005509
600671.720971 501.595929 227.643271 -0.010157 -0.015433
1270601.892504 464.059010 169.618178 0.019699 0.012526
938976.299455 626.111193 304.953809 -0.001552 -0.000153
1474031.937064 361.611763 251.545837 -0.016257 -0.013942
1605130.416157 247.709266 302.534879 -0.010670 -0.015574
1023340.410098 559.402663 555.247437 0.000254 -0.004737
1128556.229700 645.828651 5.061982 0.017727 -0.017935
248420.950141 463.882788 377.913403 -0.004102 0.002565
884577.235619 701.171739 213.151325 0.017995 -0.006630
1704879.713107 549.676531 474.546184 -0.009087 0.011158
1882055.445519 60.085580 54.751133 -0.002192 -0.007593
404206.608610 765.784002 4.940336 -0.014904 -0.001415
780987.060993 553.529767 162.462811 -0.004080 0.005524
642018.800900 420.267394 130.884299 0.018038 0.017209
1579863.075903 313.776504 483.307672 -0.014240 -0.006308
286431.929230 799.189865 18.271171 0.017334 -0.009106
1625355.291937 700.174783 207.275762 0.016183 -0.007103
1310099.705732 85.525346 166.788622 0.006599 -0.010573
1485499.756171 42.287910 555.842255 -0.019438 -0.001828
1126826.147142 267.786626 586.709126 0.011207 -0.008652
1817754.082297 456.587794 407.032534 0.008593 0.008660
42605.713030 685.695450 428.888530 -0.017473 0.011477
1969490.396776 691.772725 399.907892 -0.006749 0.010788
1972945.507603 788.208195 525.905027 -0.009426 0.005962
221002.463354 5.580288 421.006252 -0.018480 -0.019154
314139.836614 479.747182 212.936960 -0.014574 -0.004779
1280098.799281 35.213760 571.083590 -0.007241 0.010308
1334025.561499 271.110117 370.180035 -0.004790 -0.004315
817314.073824 291.902450 154.287762 -0.016980 0.007878
52254.755074 49.386432 409.042402 0.016118 -0.006918
662711.798522 9.398986 199.662931 -0.018599 -0.017992
710212.109941 153.501913 389.830596 0.008414 -0.006921
61999.699130 281.113330 223.094770 0.019319 0.006772
261157.692532 519.692910 3.627792 0.009907 -0.018752
797766.605764 125.463602 237.081391 0.006233 -0.010779
184709.901076 545.746463 175.227462 0.010997 0.003293
1235796.007903 85.501953 357.328318 0.018122 -0.014404
1292608.929469 245.283803 198.234510 -0.008132 -0.019334
1317389.029692 261.217895 220.329872 -0.018778 -0.007599
71927.786838 127.738447 575.894619 -0.018264 0.016281
1977614.946653 353.567219 38.315631 -0.004674 -0.016038
591803.305127 381.786053 467.159594 0.003534 -0.009939
726241.200569 165.260188 213.960967 0.018401 -0.013691
995710.504705 485.330477 279.413887 0.013138 0.016103
963862.695249 391.214455 138.020790 0.013997 0.000719
1079147.418532 708.512852 408.096773 0.000042 0.017222
1174876.041326 389.910244 223.318736 0.006101 0.014863
937689.950195 758.233053 209.345484 -0.010102 0.001366
1200871.358253 489.771268 445.107298 0.018295 0.002821
1798372.363578 364.449273 105.783967 -0.005466 -0.008552
158766.744732 676.231307 464.563565 -0.007532 0.007877
584123.108808 679.939953 348.347616 0.018809 -0.006105
1019930.488905 447.407498 500.079423 0.015237 -0.011570
1412068.961846 279.232799 95.684234 -0.017828 0.003984
1390465.348675 524.119438 125.809868 -0.002535 0.004567
1560588.704217 269.618502 41.807066 0.018294 0.008037
709118.110458 28.644168 327.043179 -0.014822 -0.006314
481739.437432 336.814051 116.752603 0.012809 -0.004329
1084185.081108 265.265060 569.419965 -0.004953 -0.011508
321427.933090 65.610426 337.160726 -0.007562 -0.014326
322096.383349 11.900246 475.435159 -0.005133 -0.001933
811598.476400 120.525283 472.199947 -0.000990 -0.015693
975828.599639 662.802285 87.458903 -0.018663 0.018338
980873.326296 219.742654 226.190782 0.007428 -0.016139
1538962.265262 182.303553 256.977190 0.008847 0.004172
1281944.833362 703.530386 411.205913 -0.011741 -0.012075
1646853.441208 292.162046 129.445791 0.004646 0.009429
1334224.681991 17.327610 531.643998 -0.001751 -0.000144
1987979.200663 753.891424 196.488450 -0.014448 0.019150
567825.405192 503.405173 150.189405 0.006617 -0.007358
693992.653253 345.665944 324.410779 0.011166 -0.014020
290886.182473 333.333807 18.710336 0.013265 0.004837
461579.700216 523.950664 590.523392 -0.002182 -0.009211
1440439.939238 90.569345 175.767963 0.004284 0.002718
1578856.275221 479.591185 307.186281 -0.015374 0.009487
975708.803616 319.991497 219.878011 0.009550 -0.017504
1363849.989774 68.083278 296.413220 -0.011051 0.014437
1287670.666020 295.514543 165.493610 0.006993 -0.011983
1793086.186886 725.016574 513.174518 0.015254 -0.005939
253419.465503 481.156525 278.115381 -0.003035 -0.011638
65064.939701 167.189142 484.629000 0.001755 -0.007021
1093948.624606 26.055085 434.829710 0.016637 0.010810
1570950.974510 476.894749 514.177667 -0.008947 0.012884
1433502.711092 738.685347 113.681631 0.019656 0.003958
779698.448619 711.534764 301.945550 -0.010235 0.010913
1707668.152502 297.506467 224.258402 -0.007302 0.011713
1161722.038482 280.379428 1.035743 -0.004389 0.015817
650195.260835 748.078984 556.337601 -0.017968 0.014024
1393276.303724 667.716967 267.721948 0.002116 -0.015476
534900.189626 215.493736 20.817093 -0.001723 -0.009450
1264731.390059 676.585652 91.009066 -0.014610 -0.016293
1848317.172308 790.607104 278.264808 -0.008156 -0.007742
512088.236637 701.967733 394.148418 -0.009756 -0.009264
1104225.446984 465.377650 122.063380 -0.000855 0.005249
107543.810321 140.002933 279.599709 -0.000008 0.009154
1156781.673039 614.992838 597.839251 0.004531 -0.011041
520065.349769 196.743925 42.788598 -0.003460 -0.004745
327390.441823 269.820698 222.011883 0.005085 0.005379
1353004.063178 706.967722 306.649932 -0.006508 -0.014413
1558240.596931 709.747518 433.265928 0.019294 -0.005473
706633.334377 29.306647 323.791749 0.012782 0.001657
534505.464385 317.262006 182.496606 -0.009449 -0.019534
1061346.780072 419.734589 154.890240 0.004186 0.017606
1275778.349152 611.987455 164.409101 -0.019712 -0.004274
1816858.008419 547.096545 166.039272 -0.003173 -0.019293
837596.447597 159.107107 542.032059 -0.014412 -0.012808
537634.699856 396.198793 130.365582 0.012321 -0.007440
1509630.032587 59.596576 425.798065 -0.025529 -0.021839
1442342.147903 473.610081 518.176338 0.019184 -0.012359
1603574.954720 492.082019 575.813902 -0.016932 0.004958
706735.606634 787.841453 184.377192 0.005209 -0.003781
651319.147391 39.742483 362.290503 -0.010774 -0.012383
1573016.600485 398.171458 411.358630 -0.019938 -0.007666
1998835.487291 607.645482 230.170955 0.008376 0.012765
1445522.677826 344.900463 246.129067 0.003477 -0.003645
1207599.107738 311.332787 14.961410 0.002535 -0.001323
1297106.122271 733.970214 269.876722 0.018134 0.001905
1709409.523620 225.349892 358.937922 -0.001615 0.000451
1579454.636005 196.673370 5.859664 -0.000955 -0.009963
635151.660366 380.558282 5.062472 0.008026 -0.012571
1657542.871152 338.016825 368.777532 -0.010404 -0.019605
50074.195513 673.679586 239.450825 -0.017990 -0.003731
1728956.987955 558.584974 193.874527 -0.007464 0.006088
1741304.677791 135.023181 562.115948 -0.001266 0.005057
896425.988943 206.793243 524.863415 -0.001636 0.009344
248631.410417 620.386721 125.791028 -0.014690 -0.000944
789536.960791 769.102236 539.272982 -0.019605 -0.011931
1819863.026878 28.321552 26.116840 -0.007616 -0.016544
901731.744829 139.462028 470.673131 0.010950 -0.000466
878442.611954 515.163781 393.396323 -0.004976 -0.015502
569936.175165 658.580933 222.622052 -0.013654 -0.008685
212161.644461 226.415200 35.181082 -0.007361 -0.003246
1070836.321949 568.344039 228.031328 -0.002626 0.008850
1162154.364009 276.186156 454.535851 0.005043 0.006162
1685995.778854 61.522454 497.387174 0.005550 0.014011
631794.399876 54.156905 296.545285 0.018928 -0.002276
