120102.793966 630.373816 121.585057 -0.006107 -0.005545
269277.329682 299.931143 156.293430 -0.018284 0.015148
1260731.205931 302.320481 191.699748 0.013063 -0.002958
973263.179405 632.949706 572.888309 0.008496 -0.005939
1683880.506867 289.126241 229.210139 -0.016818 -0.013039
1760997.696668 175.470712 580.322654 0.011721 -0.019815
354965.669268 681.944325 474.538818 -0.004793 -0.012051
306862.422408 411.990888 346.451993 -0.003479 0.002353
913598.742761 35.007895 562.676209 0.011155 0.014844
723511.401901 210.189852 397.883588 -0.007306 0.019057
27418.055584 126.982268 203.093760 -0.004125 -0.010455
1026719.971107 221.749799 272.874129 -0.000715 -0.017198
919235.655535 527.200207 552.704152 -0.009944 -0.018416
247720.705461 324.268653 333.775345 0.008061 0.012675
229642.751734 125.488880 517.242750 -0.017956 0.017148
1463437.116455 330.385795 118.975603 -0.004253 0.009172
349002.480669 325.720636 534.075779 0.001291 0.011318
253345.397419 21.878577 48.651307 0.003295 0.000362
301882.374241 33.136666 100.913080 -0.017032 -0.008248
417897.793659 158.401788 419.965570 0.010564 0.015940
1032678.423930 703.041241 34.628956 -0.004922 0.017254
1981626.739717 86.461871 206.284900 -0.012557 0.000481
148080.320166 291.175769 546.268729 0.018534 0.015040
1426235.401736 72.490826 542.631806 0.011803 0.006901
826207.458426 756.243611 428.185900 0.003245 -0.019250
17939.873048 633.083533 129.726716 0.008263 0.002242
229060.592236 178.615793 260.718623 -0.012988 0.003895
729567.630556 129.772678 425.664838 0.008442 -0.006082
424191.899795 625.388872 428.269788 -0.015123 0.009738
1179453.697605 667.588264 501.719578 -0.000342 0.005135
1017047.714916 724.837377 344.255120 -0.011064 -0.000462
1184883.571782 186.664428 168.508064 0.012304 0.017673
1669257.284919 737.981541 97.833363 -0.009234 -0.016949
1530870.404807 506.862979 153.103998 -0.001078 -0.006377
1211583.405366 549.614790 75.462534 -0.007255 0.012395
1741377.547263 727.220894 385.817073 0.008297 -0.003767
544004.606336 172.652728 185.175695 0.013868 -0.002454
1594854.852927 349.808631 402.302319 -0.016924 -0.010147
1223177.906695 729.743112 101.240523 0.010933 -0.013160
527324.168257 433.118163 487.528825 0.000764 -0.019355
312490.830343 99.665362 422.363443 -0.009750 -0.002863
1025907.483430 120.767318 212.153498 -0.013731 0.014353
1509229.653286 341.806316 43.530445 -0.018117 -0.009454
1023852.793045 688.100451 428.197389 -0.012674 0.017495
1918069.081343 635.154747 509.720536 -0.014814 0.002799
59433.087734 314.576979 68.003348 0.013714 0.016465
257531.464220 800.613364 21.715331 0.013270 -0.008795
961609.428265 277.297758 259.692522 0.013376 0.000058
582120.371322 470.072913 558.524391 -0.005431 0.005993
408974.288222 701.771770 306.500053 0.016836 -0.017665
899929.745542 700.298293 511.638940 -0.008030 -0.019845
849952.291162 263.268334 237.614126 0.001510 -0.013092
617567.269419 532.365287 103.649589 -0.006174 -0.000017
907629.657959 661.880047 507.030457 0.015497 0.006315
693382.430213 141.740694 148.667894 -0.008906 0.001676
1797970.130014 385.107535 250.767240 -0.003520 -0.004089
955435.349120 688.603142 163.909137 -0.006711 -0.013569
557659.864685 605.886115 293.273025 0.007015 -0.008252
1324351.926951 788.333506 575.573139 0.013343 -0.006823
917046.023028 230.630529 93.453685 -0.007870 -0.012902
1632997.046985 519.013909 212.627960 -0.017497 0.017129
1790149.784549 770.163997 244.849185 -0.007405 -0.004948
1613713.184192 632.066405 140.575462 -0.016800 -0.015063
791753.703166 288.642791 527.129586 0.015413 -0.018593
347958.385175 437.303994 12.036747 -0.014655 -0.004611
701432.257286 473.866149 403.418934 0.000324 0.015833
1693039.169392 258.618302 326.898294 -0.012034 -0.004481
944105.254926 76.432372 210.580168 0.015358 -0.003686
1451122.988691 550.751443 119.923036 0.018418 0.010774
644142.737912 284.962965 76.547485 -0.011890 -0.010298
328294.663843 300.253381 473.819161 -0.012118 0.000427
344141.964030 428.860210 60.437073 0.013707 -0.018295
1995072.262359 551.868256 220.750994 0.001690 0.015582
1509670.835691 11.084155 591.116424 -0.015723 0.015783
783939.521193 665.483338 350.136168 0.003521 0.011737
702233.533702 730.430097 89.025303 -0.000809 -0.015192
783487.379916 514.321828 295.304667 -0.012694 0.013069
1976.599918 282.052651 217.532993 -0.015851 -0.012077
812477.567611 81.033583 532.128488 0.010929 0.005807
1551513.418346 422.714219 395.129568 0.010375 0.005366
1106838.468046 120.692076 279.764831 -0.014513 0.009726
516376.429478 389.579726 394.344836 -0.004043 0.018679
1541877.001311 639.148217 367.080185 -0.009510 0.019229
877046.727052 211.032864 200.379064 0.012098 -0.005350
1062152.807164 166.447104 281.018326 -0.003289 0.019320
220503.739184 155.112617 306.236808 0.010777 0.018106
285758.867062 257.644999 62.738973 0.004287 -0.002050
1694852.848395 693.284338 566.625217 0.000254 -0.009245
1823523.613542 219.375741 44.359382 0.000924 0.001476
109429.840049 768.278379 480.103981 -0.004462 0.010486
331166.874772 736.379622 582.217227 0.005307 -0.006552
1904142.131984 594.099094 318.590943 -0.001586 0.000435
967910.745632 483.323710 499.215019 0.003517 -0.011505
581591.096978 348.382038 48.180326 -0.010663 0.017488
706572.319710 117.971841 128.407699 -0.003015 0.006870
1499518.371885 385.547461 378.879434 0.001970 0.014865
785875.055374 571.514250 474.366267 -0.005468 -0.006111
257524.722376 252.995153 54.445876 0.006470 0.011210
1201976.699383 114.813531 228.965729 -0.002617 0.009276
1186503.038363 580.072287 101.904207 0.006821 0.018388
215485.423904 20.061475 64.835085 -0.007116 -0.001908
1555844.913030 56.620844 560.870725 -0.003700 0.004791
1610655.802121 641.123562 200.273969 0.003835 -0.013392
1363983.919548 580.639432 288.301418 0.010879 -0.004604
515601.680854 298.548954 317.698388 0.005557 0.012249
521772.659627 185.427400 319.621233 -0.002813 0.016119
984056.433190 429.813162 558.426675 0.003470 0.013585
764465.851134 302.186006 558.091194 -0.007321 0.011436
1098768.237559 98.269127 352.956045 0.014581 0.008850
1505133.839094 452.463261 265.833612 -0.010753 -0.006517
1656881.889169 392.717511 425.879905 -0.005632 -0.014822
1035409.796534 493.472312 216.283940 -0.018005 -0.018103
532033.862794 432.391533 349.883269 -0.012178 -0.014335
885049.308131 462.074290 312.477310 -0.005104 0.015766
611963.250959 737.669779 10.471954 0.015699 0.012227
1469794.933437 516.321796 223.662388 -0.012392 0.015635
1419313.830053 5.369874 222.216558 -0.003139 -0.005435
1001399.715897 751.310976 589.961201 0.014479 0.019439
57920.523946 103.077273 316.870680 0.004566 -0.007022
1340168.589419 44.009528 541.142506 -0.012377 -0.002907
1593328.125585 397.096758 209.016471 0.012547 -0.004450
308175.125303 438.504077 21.625969 0.000921 0.009136
1829796.170737 187.865550 440.341534 -0.008568 0.006237
194622.977727 628.324746 356.811041 -0.016822 0.005970
1163384.351490 85.720080 466.935365 -0.015247 0.009241
203536.384834 623.431509 467.051783 -0.019844 0.018799
408990.508136 640.553291 279.661138 0.002443 0.004638
1709918.606891 566.552993 96.594514 0.015778 -0.010607
1776676.395804 644.383080 280.212677 0.004775 -0.016390
248411.979642 575.661522 526.904320 0.008749 0.011925
1052401.075630 239.737033 543.552791 -0.007833 -0.003533
1254879.329007 324.223672 114.380110 -0.003728 -0.003562
322021.593490 487.282264 125.310770 -0.000154 -0.015066
1647379.426121 386.271297 521.397949 0.019419 -0.005112
204691.412954 699.200363 106.324295 0.002789 -0.000169
536197.156895 555.211422 128.642276 -0.014201 -0.003475
25648.950611 538.015599 428.910294 0.016661 0.018936
247729.502734 436.825366 229.302045 -0.007399 0.018031
1580350.309415 379.704648 335.132468 -0.020009 -0.015902
1443766.372951 659.223896 351.129168 0.003682 0.012391
1912564.341869 554.217943 409.458407 -0.014674 -0.009431
357511.299829 321.079942 575.534324 -0.004438 0.001836
744693.135258 324.236086 130.782651 -0.016545 -0.007023
387589.365424 167.818768 523.082419 0.002987 0.000950
1645202.005117 291.583726 -0.151533 -0.004715 -0.005357
205411.871060 83.756107 113.580742 0.007511 0.007845
1996032.971887 514.942984 233.986128 0.007563 0.010324
1306804.762830 688.150949 106.556915 0.004502 -0.009856
1450619.077985 788.682973 394.970435 0.017713 -0.017182
1969754.747101 110.729989 168.497404 0.013605 0.008610
1609086.544071 543.929740 45.356192 0.012193 -0.017511
883645.576836 726.181640 99.680785 0.005750 0.003624
1722771.757153 502.369243 142.227291 -0.009969 -0.007550
28763.775727 722.595275 101.809829 -0.011947 0.000488
845989.907554 733.663845 301.421060 -0.016751 0.014411
1143645.596292 54.633822 600.470635 0.014091 0.016922
1423342.375748 525.758440 361.904580 0.011480 -0.001575
1329764.171191 184.960905 221.856691 0.013249 0.014448
1926056.274178 553.140463 294.515389 -0.012008 0.017725
1598411.507718 172.898027 507.790888 0.018774 -0.003700
726058.746095 314.144713 195.445043 0.014550 -0.001021
375371.614646 348.305798 324.757146 -0.012670 -0.008653
932014.105344 718.275909 567.115527 -0.017150 0.007100
811741.037672 587.854240 550.853576 0.010982 0.002641
1557690.799962 589.610367 155.029270 -0.009263 0.017507
399385.155365 53.199094 91.089630 -0.018133 -0.018558
1122038.441301 328.174682 256.519242 0.015486 -0.009118
1805346.826001 59.672504 425.587372 -0.000653 0.010512
1995636.369100 729.298473 97.209619 0.017696 0.019467
1695958.700821 279.148284 427.754999 0.010649 -0.015090
558004.577904 435.837013 516.811075 0.001461 0.012503
1597187.265566 589.417885 528.880555 0.018087 0.011277
1833981.536251 409.999963 114.624092 -0.006179 -0.003988
929917.220459 197.710771 284.885460 -0.013209 0.007542
1471826.909795 138.729692 361.143268 0.015871 -0.015403
1165988.196230 595.160319 277.979666 -0.008192 0.000421
1172216.120722 460.766063 32.284700 -0.002206 -0.015472
1736107.381869 196.531698 508.147093 0.009950 -0.012179
1259741.624473 533.108490 424.967049 0.012848 -0.019578
218963.730251 229.097041 155.183736 0.003364 -0.001616
1902503.935575 255.794584 379.486832 0.002183 -0.011335
1496596.111682 109.336388 576.166153 -0.011562 -0.002664
941537.357374 638.187439 5.828988 0.001072 -0.010186
245239.558744 315.927655 292.895916 0.018816 -0.014288
1372376.816986 480.077698 484.727007 -0.004177 -0.003134
1637971.852737 403.580789 423.883665 -0.017029 -0.016330
337179.376901 23.759321 245.420530 0.012144 0.003351
1249672.392965 440.348190 432.891240 0.003375 0.010442
310196.676436 44.250802 335.838783 -0.013359 0.003299
1607296.809371 230.193911 584.959397 -0.008230 -0.009713
236307.595035 784.064956 515.184393 0.017034 -0.004959
561161.337682 597.107636 528.912310 0.019437 0.012912
1939371.158341 125.299292 512.052383 -0.004855 0.018364
870700.636353 2.004321 305.614948 -0.013719 0.003550
541779.813609 249.514828 386.778593 0.013267 -0.000882
453110.709066 506.662662 459.756936 -0.011930 0.017063
47266.968548 257.016222 543.143963 0.015293 -0.010199
562186.379247 129.965431 594.507115 -0.013528 -0.013984
1629854.769274 105.352589 185.092441 0.006687 0.000383
534606.907766 82.338840 307.393200 0.011064 -0.009663
203362.833803 38.277120 342.367376 0.009818 0.015227
92345.910190 778.924173 306.397796 0.012418 -0.012993
877177.283576 667.516210 297.735756 -0.006205 0.008678
1484435.888699 500.995971 528.920221 0.009362 0.011482
64404.659935 438.959272 550.650292 -0.006314 -0.011455
856791.879449 487.185882 190.757519 0.017637 -0.004615
1153201.109335 33.858912 259.515317 -0.014240 0.011665
618554.387530 154.367727 456.559671 0.012847 -0.019886
1875266.974734 207.499079 503.048122 -0.002708 0.004179
1111007.126566 140.209385 138.664450 -0.002543 0.016425
34336.430968 375.494700 275.455015 0.017064 0.004082
1349224.196444 292.264336 249.827825 0.019693 -0.007783
1602661.077679 455.105516 209.675494 -0.010645 0.008550
276647.354605 434.539601 544.401887 0.016467 -0.005564
1822198.850020 671.195851 373.203121 0.009939 -0.009119
453696.245539 243.677190 268.658596 -0.001691 0.009705
713133.517985 379.670964 125.355439 0.012603 -0.003600
36437.158490 391.705075 464.281030 -0.002923 -0.000556
159010.190591 189.090216 31.255525 -0.002844 -0.001197
1535456.720523 453.625470 6.977340 0.007006 -0.001243
749811.288319 470.189028 183.197810 0.019847 -0.006525
1154889.427663 178.691288 384.619345 -0.018994 0.007210
762647.938338 304.992498 92.448216 0.003626 -0.012136
1129345.827331 486.696596 410.756227 -0.006544 -0.018328
337378.635228 333.906821 168.922656 -0.011172 0.013866
1499918.929068 791.363211 248.080257 0.010338 0.006649
1760744.261444 108.693797 149.731872 -0.012556 -0.014681
1172923.453698 610.415025 215.733172 -0.010959 0.011548
79642.974809 486.045488 100.931807 -0.012200 -0.012031
730713.756164 606.778811 483.778233 -0.017944 -0.016077
1702955.846536 175.358805 309.527053 -0.014686 -0.002388
724785.897287 706.036238 257.981295 0.011056 0.005769
187236.443249 524.291197 468.743496 -0.006230 0.013668
1828784.213322 744.181704 362.727087 -0.009429 -0.013173
787390.226865 250.419800 459.588509 0.002475 0.000229
1929498.061505 743.055081 161.223379 0.010614 0.019222
730520.102536 499.712664 120.244411 0.015158 0.010677
1281053.293162 194.176926 381.682197 -0.017204 -0.019254
562426.321470 130.127097 404.887050 -0.017498 0.000261
1033437.869061 779.935296 262.773562 -0.015122 -0.010094
1192859.900739 412.541095 336.261319 -0.005498 -0.016831
138898.690296 261.410155 3.481265 -0.006507 -0.015986
1973181.982512 560.969070 434.064402 -0.012567 0.003317
957790.512106 660.669357 496.916373 -0.015320 0.015869
1692076.045876 318.220030 36.191575 0.000830 -0.001624
1136829.509929 29.131380 260.322014 -0.019502 -0.013630
1367539.427880 482.390478 406.365431 -0.010178 0.018679
1509350.044424 252.442527 176.144595 0.010391 0.006122
785056.476847 597.930305 212.941552 -0.015366 0.017397
1873643.585422 476.173869 457.120143 0.010545 0.008429
1315983.134935 488.270902 64.628576 0.008812 -0.014709
1135951.929323 228.563161 100.542442 -0.019849 -0.008261
656102.584980 548.414818 539.342103 -0.019843 0.017278
1727078.126616 606.217544 148.308238 -0.013759 0.000841
1797488.349396 438.881009 161.450020 -0.009881 0.006607
406141.346510 152.161869 156.533326 0.018577 0.018125
1941231.998588 497.046852 337.358856 -0.016814 -0.006387
1386830.762674 518.620931 376.817567 0.014458 0.005997
1843128.023596 152.328301 201.634330 0.012789 -0.012235
538331.757550 546.171086 571.903306 0.000658 0.013530
944807.663069 332.458848 233.401327 0.009335 0.006546
106756.882792 754.892234 514.633715 -0.007562 0.016349
1618777.323337 226.555064 318.123551 -0.005083 -0.005220
1742666.514471 52.446126 7.026746 -0.000034 0.017117
1321460.731012 337.290501 69.631860 0.019886 -0.010388
620834.287545 213.078992 553.888764 -0.009467 0.011291
1523195.320518 587.312874 118.879547 -0.014019 -0.000939
1731081.362688 163.186275 252.017540 0.008919 0.000662
656632.629529 425.778418 480.642833 0.014354 0.016121
325566.043298 583.609516 580.958088 -0.013080 -0.010861
1792559.657149 666.226395 390.390426 -0.019493 0.013216
1778465.217808 259.414041 59.282312 0.012363 0.003547
1763427.173609 457.684222 193.065111 -0.017955 0.010329
1593951.392730 755.845424 556.307385 -0.011304 0.006597
886016.743670 435.738509 119.139289 -0.010414 -0.003811
204796.643092 323.704470 80.823802 -0.017153 0.002957
727276.621725 773.317452 248.509192 -0.019658 0.019087
488690.041233 721.712011 183.072286 -0.006265 0.008564
1781116.410057 179.143454 171.910529 -0.011462 -0.007823
20635.784613 7.672538 149.476709 0.017504 -0.010968
1834876.302553 303.286182 462.711229 -0.015329 0.004954
350019.654422 174.605109 16.684017 -0.007611 -0.008378
1214501.650638 537.608500 155.127304 -0.019200 0.007502
477760.385944 211.522927 353.532515 0.001772 0.004275
605806.972182 347.285938 499.333381 0.003595 0.005789
272576.070518 480.062310 392.520956 -0.004570 0.001525
1759240.741729 243.236201 550.241750 0.005982 -0.003292
1080301.612187 660.476598 382.541412 0.002795 -0.014589
1857771.559552 140.105785 484.259135 -0.012471 -0.012187
988850.145130 339.818590 276.934665 -0.016672 0.018751
134591.829094 309.714022 242.665419 0.015997 0.019021
96963.198901 28.666928 345.805530 0.008338 -0.003141
227820.812831 464.883436 434.696853 -0.018765 -0.010715
290631.014058 457.632690 34.161623 0.011514 -0.014524
385931.693197 569.391529 190.241333 -0.020036 0.015997
1023297.854244 397.212222 195.439633 0.018826 0.003279
589125.026292 31.613159 579.785502 0.007957 0.017441
1882412.602139 596.849027 583.997510 0.000683 -0.002103
790218.714061 504.659361 18.767216 -0.015187 0.006558
526777.357108 212.265902 139.755671 -0.007106 -0.017984
748590.766801 411.873797 457.615467 0.007589 0.000589
1324791.236466 162.327246 5.897008 0.019527 -0.013029
1179151.767483 226.055898 128.449563 0.002198 0.019233
301466.356172 395.903281 434.702222 -0.014975 -0.019518
349183.755158 414.921650 387.401242 -0.011762 0.005627
616335.581344 375.083844 543.836794 0.001726 0.011536
1910511.639859 733.821931 182.956036 0.008694 0.004282
1640005.631205 304.850603 484.968492 0.013293 -0.005352
1964468.728734 335.765591 391.250557 -0.012187 0.018995
1261209.360911 276.191376 282.362634 -0.005749 -0.001162
968463.258337 424.275603 593.911125 -0.014827 0.009418
1257770.379660 350.169739 124.082889 0.001246 0.019278
1991034.577596 391.346287 537.592968 -0.008007 -0.011741
1007596.648767 95.771705 353.535944 -0.006614 0.017884
1912045.142572 235.975039 222.799229 0.004268 -0.000412
692628.538559 190.273799 501.238935 0.008759 0.003764
609848.141023 240.613201 74.906900 -0.008218 -0.002767
1723251.459991 737.546582 520.928940 -0.017356 -0.001710
1696924.347289 50.427059 567.924938 0.009834 -0.005588
309029.791648 199.766962 289.729411 0.009621 0.002312
867302.640745 559.268250 513.456058 0.012173 -0.007825
691843.061099 120.471534 326.227717 -0.012872 0.018618
272265.500516 388.340050 162.266182 -0.009545 0.011207
1400582.436193 98.386732 421.205487 0.003034 -0.012270
320566.674844 332.954188 150.715742 -0.015710 -0.013505
1229627.376064 208.670902 246.045389 -0.016038 -0.019857
1946485.269790 425.048624 421.427942 0.007623 0.005970
15066.369444 140.513024 292.239452 0.002012 -0.005763
911695.870064 549.170064 506.358517 0.009047 0.017874
1245159.992597 340.268443 42.894602 -0.006167 0.020348
519428.529087 388.677532 247.050303 0.000337 0.003882
1147820.552414 102.305337 512.394722 0.019417 -0.011054
1717933.562453 767.119672 453.792468 0.002498 0.011442
183230.377819 455.351937 577.626104 0.003167 -0.015306
640928.558372 27.355299 483.331809 -0.013448 0.010271
1503776.668340 629.072809 110.954688 0.012840 -0.015526
360957.489517 65.411378 358.349306 0.003708 0.003714
380073.533570 131.835918 431.508691 -0.018229 -0.014039
1889061.825298 723.445695 66.007333 0.008014 -0.001336
1796955.322752 633.935165 20.356699 0.014482 -0.005168
306282.549308 147.109775 243.121104 0.018366 -0.006193
332156.324914 567.555344 78.927158 -0.005931 0.001325
485168.456326 426.755317 367.214066 0.013004 -0.014844
413343.113108 24.455799 173.490693 0.017105 -0.017006
883643.182406 697.264392 587.114168 0.002073 0.002802
887249.075289 360.291749 217.461493 -0.000905 -0.007436
1467432.667253 504.207480 297.529520 -0.014406 0.003561
1682910.725327 245.252872 179.556889 0.018979 0.006318
1660796.624450 172.284479 113.387901 -0.002231 -0.017766
629926.086697 520.389003 50.911770 0.004186 0.003114
318150.466456 37.145002 269.362480 -0.013751 0.003906
40123.955365 464.586880 28.948718 -0.004744 -0.017499
724761.667999 94.092432 413.576800 0.014319 -0.009804
558074.092752 559.699380 337.310740 0.003107 0.006874
438651.350531 326.387168 533.360681 -0.004286 0.014654
1885724.248311 578.836957 300.901258 -0.018901 -0.006830
158400.153815 149.293479 226.060540 0.001146 -0.006977
1952982.963972 437.441362 543.760177 -0.018963 0.017283
1927788.328346 311.063862 28.187102 0.006205 -0.010084
607879.136041 747.058659 567.564879 0.014624 0.000468
1236504.919471 67.947421 551.389994 0.000257 -0.000275
1541570.438790 358.735701 131.494905 -0.009124 -0.000972
1098586.873663 282.397524 398.485611 0.017053 0.015183
1973812.054831 723.197115 257.444782 0.015642 0.017458
717421.361579 684.418154 190.612338 -0.003730 0.000396
1128238.588166 568.344270 265.736224 0.000397 0.003057
1906900.824936 103.311377 396.801584 0.014912 0.005398
311031.282093 514.359986 50.753987 -0.004963 0.016681
1119457.958787 738.729683 161.483961 -0.010724 0.013996
295815.608602 167.825962 451.502919 0.003003 -0.015981
1365835.790227 746.565392 574.018730 -0.019994 -0.006446
933742.419320 452.512959 29.956973 0.016420 -0.016954
1254474.420685 689.992976 122.234197 -0.008479 0.009408
1674721.783807 355.716498 227.791148 0.016823 0.012742
589441.845468 384.435002 445.852444 0.002569 0.008108
1186208.380939 568.269077 547.229980 -0.006138 -0.008544
28320.921598 24.676105 131.553125 0.018879 -0.018779
1123059.363627 350.782958 356.734776 0.004355 -0.006045
1339490.994503 192.691068 126.493046 0.014921 0.001164
1892333.765464 567.755633 583.345914 -0.007235 0.005379
1580513.963280 495.705855 66.116510 0.001231 -0.012661
1628540.167412 101.078307 535.768132 0.009075 -0.001118
358744.990248 592.725035 301.842871 -0.004042 0.008490
1065496.480589 768.593921 90.564037 -0.014934 0.002936
996930.964755 638.401695 488.937578 0.008373 0.006815
685065.261407 523.943983 229.106935 -0.007678 0.019137
22284.613001 83.010008 360.100420 -0.014800 0.005093
1564209.169505 749.589122 458.203348 0.006968 0.006548
471659.941818 684.047358 242.366838 0.009524 -0.009787
234378.384535 216.369042 129.525487 -0.009226 -0.004013
1581110.075852 613.287479 117.728180 0.004190 -0.000949
1733102.233956 757.499084 78.120005 -0.010150 -0.009495
222272.466972 206.839871 219.650635 0.008455 -0.004765
7593.072023 394.897407 189.564925 0.010725 -0.013141
1961038.188991 2.024359 14.035565 -0.004565 0.009663
554464.627316 401.913940 7.723457 -0.000263 0.010867
821613.773155 227.368563 322.725374 0.003905 0.015630
24485.756655 378.257591 502.222692 -0.014262 0.008807
196372.594776 203.383534 588.034580 -0.001422 0.018537
718005.964867 375.072726 274.452680 0.007055 -0.010214
1252709.545778 525.459138 142.070350 0.005945 -0.018313
1958473.456073 741.896279 326.315075 0.019621 -0.003224
628831.249023 322.314132 421.270067 0.014053 -0.019646
1185057.482303 690.535938 288.782021 -0.002874 -0.019711
406775.272641 421.067328 157.395110 -0.012913 0.019372
452064.211691 433.154657 275.564633 0.007346 -0.011359
1391094.198167 249.279199 524.923177 0.017213 0.018301
1830316.959801 730.307374 532.251172 -0.001630 0.016126
610994.441719 618.036608 184.031050 -0.019666 0.004983
631021.334152 481.872272 292.002819 0.011830 -0.018558
989235.750860 1.849187 333.985661 0.010261 -0.012654
1098658.789461 784.269859 435.158735 -0.019666 0.006629
1883467.686308 564.606305 586.043985 0.012824 0.005365
1871849.530317 584.876223 330.472122 0.012870 -0.012445
911993.535660 102.298030 577.305209 0.010586 -0.014602
1176139.691461 61.491006 443.521111 -0.016928 0.015017
1537174.407177 456.315553 526.416375 -0.006937 -0.006928
123261.179832 700.961928 185.323662 0.011694 0.014867
1946848.674653 583.325680 354.099941 0.017980 0.001708
457599.283409 709.052757 164.581926 0.011211 0.008296
926562.791190 189.181522 501.752582 0.000078 0.020015
1942178.605097 12.106114 45.272149 0.008404 -0.016361
1905775.863633 382.789153 397.534428 0.013279 0.012158
1975712.466974 713.549356 408.005962 -0.008337 0.007173
1128937.655654 214.549194 243.631382 -0.013906 -0.011209
1900458.380534 306.131453 62.018795 -0.011065 -0.013422
1623668.112617 550.010451 239.517615 0.005846 -0.015472
798515.523224 494.053329 76.720982 -0.000979 -0.006941
438456.544857 343.787901 482.237894 0.015108 -0.009792
1216805.763178 694.572499 90.613659 -0.008498 -0.013391
1661706.700764 681.379588 259.042469 -0.010495 -0.019708
1303971.794110 150.873753 233.918962 0.010278 -0.003514
1107963.914568 455.414416 58.914046 0.018169 -0.011401
425643.800956 282.583308 500.048219 -0.007584 0.013856
318262.858465 449.219103 154.967172 0.018571 -0.002265
1036196.117772 457.924793 186.675131 0.006836 0.014631
948553.069005 401.560846 427.758847 0.016403 0.009337
1438074.149861 446.892436 555.719958 -0.015618 -0.007610
677338.477540 530.408627 530.689756 -0.002502 0.004692
197747.041563 521.243449 583.597637 0.017218 0.019649
1601492.672973 71.489125 330.518221 -0.017643 -0.017806
1987075.958395 461.478448 375.135217 -0.007821 -0.010050
971748.938305 621.700213 449.418475 -0.012076 0.007403
974474.447302 733.533086 146.049058 -0.003454 -0.018910
1121549.802423 602.044199 413.093604 -0.002208 -0.012398
613932.794246 434.606385 504.541118 -0.008853 -0.001013
1665525.531241 62.880082 338.568506 -0.004468 -0.014544
1238773.710671 302.358945 429.555772 -0.010181 0.007295
1925637.924078 585.400300 276.737199 0.008456 0.017209
290519.337305 158.611044 508.081242 -0.004363 0.004492
1745488.432117 760.839339 218.934098 0.002440 -0.004210
1111265.337612 695.128566 563.098263 -0.004281 -0.013840
829182.160473 184.387550 135.890267 0.019238 0.004581
728391.627189 478.722178 596.379616 -0.016887 0.013641
1349985.243450 33.231823 346.084808 -0.014495 0.010168
1010733.056353 223.852542 571.619709 -0.005912 0.006791
1129411.861826 180.448259 373.248120 0.017222 0.011491
33999.050983 389.333444 394.254657 0.022461 0.015979
1606354.705806 296.062461 66.647859 -0.018772 -0.005950
1451822.744427 315.208245 570.269184 0.008765 -0.000998
1590584.168020 314.813428 309.319994 -0.005147 0.001138
538209.161040 700.832385 484.819821 -0.011162 -0.010865
958317.440449 628.050560 272.243483 -0.015993 0.008651
479655.517489 94.615646 120.087231 0.015863 -0.017011
167238.956395 558.567946 267.476100 -0.012162 0.009131
1592486.357127 737.310422 73.295256 0.009845 0.005641
1189583.299304 432.932307 20.987527 -0.015526 0.016587
1124831.962923 303.234123 474.225217 -0.005197 0.004004
37146.621401 680.302716 232.798581 -0.001137 0.018058
205026.889315 568.816225 41.090948 -0.007901 0.004317
284161.461650 310.232571 183.828058 0.003495 0.003356
68690.410847 306.096479 301.606174 -0.013744 -0.014785
287411.349028 600.094341 404.017562 -0.012907 0.014467
1171263.018237 591.630764 143.547647 -0.004983 -0.015503
1682127.158941 314.914217 577.605929 -0.010870 0.014501
1824708.168313 265.035968 346.683345 0.019211 0.005357
369206.509725 98.053618 13.434741 -0.000372 0.008416
1208981.916871 419.334274 56.239844 -0.015648 0.007269
446720.970071 202.340067 259.073148 0.015800 -0.002837
586212.983628 385.055250 102.208899 0.001335 0.014308
560717.814863 299.211719 150.916837 -0.010355 0.004153
234257.601311 123.774449 558.806253 0.007811 -0.014627
1133248.557864 703.463152 154.178774 0.003533 -0.005176
1934248.125150 153.475786 536.587105 -0.017564 -0.007937
1152133.833222 226.017870 331.310213 -0.019690 -0.013011
1965200.129880 240.302932 396.924419 -0.013829 0.013362
1034901.121182 346.265154 125.923277 0.010900 0.006869
1623246.405098 709.082556 497.181503 0.009742 0.003206
1926329.093951 248.056841 276.399237 -0.011182 0.015960
1658576.383096 150.536897 54.701585 0.008984 -0.010064
786221.519479 241.045821 318.611200 0.017780 -0.007700
1421758.733421 742.881877 364.929687 -0.004773 -0.017434
888519.625593 711.350635 308.053583 0.005904 0.006140
374128.679919 371.282705 325.439098 -0.019385 -0.011590
247207.860577 783.046577 311.462621 0.003279 -0.012051
838233.393076 329.891243 231.413390 0.000741 -0.014314
1269501.125100 722.797335 262.891310 0.011046 0.020571
1490342.234955 701.522905 467.145459 -0.005843 -0.010059
1720173.599068 638.934066 82.396191 -0.005147 -0.001852
1589947.016719 447.776440 550.812461 -0.006495 0.003115
254199.274003 369.768253 331.658151 0.005915 -0.018217
1506623.924480 52.333021 274.486046 -0.014408 0.003087
1187558.641279 619.021741 289.704070 -0.018795 0.017646
663885.182079 619.897405 490.394800 -0.015549 -0.014783
134186.233456 776.556427 557.373732 -0.011870 -0.006224
763995.101100 799.259403 542.402584 -0.008054 -0.006507
960104.740672 340.646047 479.018555 -0.018586 -0.016980
1689167.128731 629.658785 84.947209 -0.007881 0.017128
1435140.350571 715.925443 422.289171 -0.012035 0.017046
1287450.956780 425.467034 421.102588 0.006842 -0.013238
1664884.491668 423.912998 368.631044 0.010642 0.009313
1916152.068375 115.766519 439.925233 0.014354 -0.002297
142374.806172 274.791464 522.095849 0.014830 -0.004937
1889104.925044 571.586248 97.736984 -0.016715 -0.019290
184043.514628 642.451020 546.800581 0.011780 -0.019919
1678137.485719 350.674953 320.198993 0.001595 0.016082
349432.717240 299.316611 257.157054 0.011501 -0.014627
327130.583267 597.900042 167.741534 0.015865 0.004361
1445781.852792 774.681171 571.628963 0.003713 0.013531
657045.848974 430.373018 332.892076 -0.000288 0.004924
1143416.638087 467.911665 254.885267 -0.000622 -0.004813
853229.746620 259.764645 491.292935 0.018361 0.014546
1436276.935710 106.359429 143.681244 -0.014018 0.016996
747046.145027 249.420803 400.617602 0.006111 -0.011875
555282.349025 300.017996 106.772069 -0.010820 0.018770
31011.744417 446.398432 303.406036 0.002807 -0.017980
259713.421697 113.426523 381.632712 0.002213 0.005067
30230.289339 785.935255 570.742971 0.013288 0.017710
1629124.594680 439.936387 45.041110 -0.017902 0.007950
1993199.337271 341.305185 5.364494 0.006601 -0.016785
437214.899080 754.079296 272.186568 -0.004246 -0.013121
847463.854052 329.293198 438.883347 0.017215 0.019223
1561464.248021 48.365426 73.548096 -0.003321 0.004596
1496915.452879 345.578737 357.966515 0.008037 -0.009433
1076064.875850 410.526558 489.289372 0.004505 0.002591
1028186.607653 487.314538 594.706767 0.000924 -0.009092
141764.248787 594.395181 129.611534 0.000990 -0.014454
778578.041484 758.709832 329.906399 -0.015285 0.015191
1058486.954802 720.284937 564.093023 0.005819 -0.007109
1112790.978101 319.301133 448.011415 -0.013857 -0.016077
24501.685065 554.016605 366.334346 0.013085 -0.007843
353571.678676 272.687942 548.680535 -0.013270 0.014603
375264.103699 191.458851 365.824076 -0.003806 0.010617
1493884.026769 634.864687 429.372129 -0.008213 0.016520
1188817.119779 659.952462 487.966467 0.001401 -0.000908
259519.063057 73.910024 525.282617 0.015151 -0.010163
1949033.547169 712.106325 562.608717 0.003481 0.008712
482529.103981 609.332094 36.251995 -0.013827 0.017268
1850091.109914 273.854666 102.856663 0.001405 0.009861
1871495.037280 224.984434 324.771016 0.006231 0.002851
908785.677938 195.174463 241.329522 -0.009271 0.011227
1755362.652128 318.470121 522.266269 0.010157 -0.009000
232765.271437 581.930091 98.732210 -0.018143 -0.007195
1765166.354256 236.542869 45.862965 0.017677 -0.001991
15434.920795 692.781465 474.717590 -0.012885 -0.004010
1077013.659792 90.529698 409.409147 -0.016799 0.010610
516053.778360 427.460581 5.798207 0.006391 0.012132
1576709.125925 429.945084 119.134307 0.006439 -0.008339
948767.654108 620.957026 12.279196 0.005598 0.013211
667159.362075 417.501603 74.288650 -0.003589 -0.001435
1146380.339352 334.063815 198.465691 -0.005344 0.003863
1462269.868451 722.396370 427.135328 -0.003602 0.019241
949273.004639 536.525578 309.718055 -0.000656 -0.006843
636841.273232 217.410775 521.078437 0.000690 0.017239
316267.470045 793.006748 424.496817 -0.012942 0.005317
1072709.865436 409.226808 92.933169 0.006415 0.016884
1234697.917120 187.604265 203.717476 0.017930 0.003946
1871003.135047 543.440234 300.063852 0.005846 -0.016344
968257.898916 95.519370 457.590252 -0.019781 0.004260
184803.100389 256.263853 526.005224 0.018280 0.013469
1613704.762242 94.163315 496.959997 0.000562 -0.008173
920804.219749 40.454836 484.237333 0.004882 0.008284
1455508.939668 184.273028 565.834775 -0.017309 -0.012833
1084419.887087 1.143372 515.153447 -0.018214 0.005931
1899527.167855 422.553611 461.415051 0.008448 0.001111
745706.753221 643.126598 509.182600 -0.010143 0.010540
1369434.811813 44.301135 529.149386 0.000578 0.002794
353913.564400 780.104488 371.910590 0.019273 0.003542
660308.989072 568.486057 492.123150 -0.009058 0.011117
1997036.600484 653.787250 469.020855 0.014265 0.014409
857968.969670 644.572925 232.646968 -0.012095 0.000744
1832483.595159 457.136717 194.363471 0.011812 0.011419
174050.590104 359.894204 525.621008 0.018771 0.018477
887791.815627 115.741030 561.162764 -0.017428 -0.014861
1048845.100705 314.614886 504.422603 -0.006252 0.006684
1236598.032171 273.645588 289.986646 -0.004025 -0.012099
688449.854352 662.728610 2.337431 0.009247 -0.018935
1047717.716101 519.165592 357.783622 0.013921 -0.003477
831685.772553 746.714756 517.348178 -0.008466 0.016126
1646809.537731 587.960359 29.525057 0.010384 0.011945
354697.854423 226.502563 115.110378 -0.019274 0.005154
1718570.137265 508.379454 581.321476 -0.006290 -0.018649
338487.908402 549.599490 517.413087 -0.012996 -0.003254
1776805.868268 558.737793 40.775184 -0.000622 0.001851
960078.654327 720.351627 286.939765 -0.006860 -0.012555
763596.911339 131.432341 556.160872 -0.002743 0.017026
1446903.674606 486.734972 125.346842 0.017808 0.005381
1673049.761761 619.919036 155.780976 0.012208 -0.015278
591079.477496 780.225285 482.634870 -0.013712 -0.013987
450261.526019 36.855833 509.535158 -0.008240 0.001255
788880.985598 619.080251 258.694631 0.014934 -0.015422
1247242.441982 204.436966 167.433136 0.002027 0.007426
405506.701397 217.995956 175.200303 -0.003530 -0.012349
1835863.754077 197.637994 576.255219 -0.012857 -0.017851
159031.381905 380.138046 18.659508 0.015405 0.005328
362722.217274 87.230276 407.208640 -0.018512 -0.003729
420997.232395 340.211903 105.265893 0.005873 -0.007697
580167.091722 213.300732 332.978351 0.002815 0.012588
479025.265425 617.116187 52.461396 0.001286 -0.012672
552036.800679 359.837150 258.461080 -0.010468 0.005058
969986.005207 253.899649 61.505680 0.000833 -0.011954
1471710.388303 557.478408 187.881384 -0.003393 0.009233
1430984.936390 500.985139 91.050335 0.015643 -0.009258
902052.609670 144.386940 321.244546 -0.019777 0.010001
700700.571156 195.512579 313.419758 -0.002450 0.011058
1408199.004553 571.149626 137.278359 -0.014608 0.018118
1713095.736556 496.424465 161.283341 0.018423 -0.014615
944491.339356 557.190547 498.597862 0.011372 -0.015566
1119457.834922 400.526407 441.391646 0.008483 -0.004374
8319.607940 130.647272 343.389159 0.001565 -0.013273
647061.014849 711.955787 247.346174 0.013813 -0.006814
379545.065751 439.161535 25.952962 -0.003345 0.007312
1990576.603445 218.545130 181.358986 -0.009383 -0.010683
876473.971119 589.546777 557.759312 -0.009188 0.000888
80381.552726 664.638384 13.462923 0.011018 0.001701
828036.629980 625.171996 423.010942 0.019524 -0.007174
1747623.103553 248.314429 124.334717 -0.008533 -0.013738
1072386.123739 381.231564 423.771696 0.003237 0.015734
777386.485961 459.691052 100.979931 0.007631 0.013597
801906.589792 103.699153 345.929621 -0.006814 -0.003936
197987.358178 295.839688 137.712811 -0.015162 -0.014145
1545926.498969 428.226801 556.366605 -0.000429 0.001293
492654.834172 281.815580 500.379730 -0.000731 0.004934
1978982.283724 793.001497 69.300805 0.007744 0.002832
17631.095842 66.008718 86.823761 -0.012954 0.010994
1966499.848276 461.762926 543.748470 0.003739 0.014796
611006.784537 527.345366 167.426533 0.001462 0.011203
850069.038966 246.987564 189.962400 -0.005924 0.011500
1676786.882652 479.161063 83.150721 0.006895 -0.017858
1557780.060711 529.884410 26.115697 0.015762 -0.005715
1227310.625476 722.787224 262.624429 -0.015029 -0.023728
428616.731627 591.908513 393.281791 -0.015228 -0.007965
1127178.874392 340.524422 576.830985 0.013655 0.018404
1480731.590409 212.623866 162.254348 -0.017760 0.004807
115335.758829 715.023456 130.673923 -0.012100 0.002661
541498.807511 780.871057 137.411419 -0.007449 0.014835
1167776.423119 741.817451 464.552382 -0.019056 0.007385
1705487.274428 189.988463 255.727251 0.000306 -0.005709
1455042.508177 58.279882 469.783173 0.007531 0.016570
1485351.840726 341.381179 108.564955 -0.019555 -0.000665
1600046.444498 55.428824 226.621286 -0.019271 -0.009266
1889695.885540 230.081780 146.918124 -0.013080 0.004150
230475.999522 606.007732 319.385058 0.015490 0.011172
434670.210087 593.598074 9.882869 0.005754 -0.009935
748135.628527 296.574402 192.928969 -0.013625 -0.017666
474188.291689 718.599602 292.863617 -0.003331 0.016181
1941577.332067 174.209253 588.451329 -0.006006 -0.010701
499196.726130 235.230557 314.384648 -0.000265 -0.001293
254300.674542 487.798842 134.030423 0.006373 -0.000117
6325.354803 699.860358 144.018662 -0.019182 0.000838
980919.682878 316.154364 534.948909 0.012558 0.001950
1900851.625903 40.250929 269.145214 -0.002606 -0.001274
719689.197242 326.159090 412.469426 -0.006338 0.010297
1844748.197982 472.711239 30.027788 -0.002189 -0.016553
1036199.990211 459.325364 416.227172 0.009633 -0.010774
385683.919483 595.598612 65.368890 -0.002701 0.010633
1256102.471266 738.645738 96.170777 0.000423 0.010463
1419511.694191 375.294999 473.010510 -0.013614 0.016237
511292.832210 415.435774 189.813565 0.017686 0.014410
145034.134456 691.046600 270.072962 -0.015049 -0.007553
1071721.370831 513.052592 530.619991 -0.010815 -0.004678
233847.819378 338.084231 77.507142 -0.011041 0.014189
1786277.592083 681.657793 467.357934 -0.017911 -0.005083
1031918.257955 609.570336 506.272695 -0.007876 0.016818
1499349.890975 446.161915 263.474838 -0.017309 0.000086
597617.807145 110.413542 218.970114 0.010022 -0.009531
1353622.215499 228.412105 541.959908 0.002471 0.000628
573296.933702 542.611785 564.153812 -0.003396 0.016134
1590131.532210 246.435672 453.716253 0.003019 -0.005542
258416.177825 73.148815 73.573461 0.018867 -0.004275
87595.200207 577.068725 571.794477 -0.000688 0.011451
906233.425674 625.969932 554.299875 0.012745 0.001239
370032.188655 395.729571 489.147630 -0.016452 -0.017749
664767.085884 299.484049 441.901381 -0.009129 0.011570
1278253.811075 52.979455 58.752008 -0.004110 0.005619
916040.443311 420.114487 438.711432 0.003215 -0.000171
249204.321880 499.032664 130.094234 -0.016949 -0.015721
8661.484350 424.654313 533.368010 0.017163 -0.006051
841302.204338 89.982929 505.992197 -0.010465 -0.011993
1802783.200425 455.969665 346.350723 0.005476 0.013644
731632.451868 220.837548 544.820737 -0.001393 0.006839
1096714.972098 736.651740 118.100047 -0.008791 -0.000128
1386984.768969 324.086332 76.203538 0.016472 -0.000733
469499.863903 731.991135 7.054881 -0.015002 0.013819
718651.906922 435.303465 574.724517 -0.011849 0.011213
316653.122342 84.420155 211.462158 0.010236 0.008818
385530.231700 79.536439 10.973288 -0.015987 0.002580
1379939.433830 519.616408 291.774573 0.015401 0.017185
1974529.288697 463.522545 199.387517 -0.015541 -0.000423
1626419.535664 279.861692 244.557799 0.012987 -0.001061
503204.831157 146.048610 10.624261 -0.011607 -0.004497
1600260.999799 292.906314 294.319106 -0.013935 -0.015950
467442.890847 275.235736 120.983312 -0.009911 -0.002200
1530910.291491 752.964292 56.719191 -0.010013 0.013188
43405.273949 189.883516 245.058225 -0.005778 -0.005880
1801413.789299 133.448064 421.566081 -0.007705 0.019689
348673.859774 447.422430 105.131946 -0.012277 0.010757
1122384.702378 793.190433 80.663609 -0.017930 -0.014254
474000.488629 229.226000 293.466671 -0.002427 0.001566
1867761.544822 162.539147 288.076688 -0.018845 -0.001852
617712.498930 39.685113 415.249258 0.008767 -0.003833
88793.583256 495.213928 343.024170 0.009905 0.016893
1123119.018564 736.297894 291.375836 0.009353 -0.015514
510837.786138 237.514731 62.569336 -0.004323 -0.005981
498234.962345 502.803913 381.260891 0.009534 -0.017336
350510.791107 537.880150 162.984026 0.006261 0.007947
1451432.125387 771.349840 449.433001 -0.003415 0.007371
303273.376219 370.403576 179.802219 0.008883 -0.011663
454803.713809 227.273301 75.801465 0.008610 -0.019196
480071.545802 775.425046 189.757944 -0.006261 -0.005553
1333575.176696 474.756462 592.819803 -0.007765 -0.006721
110627.538576 382.727329 1.724758 -0.007014 -0.014488
1406769.050940 41.558139 59.175371 -0.001860 -0.001178
1561676.394922 482.035714 559.263132 -0.016769 -0.007003
281255.947557 246.619775 364.605355 -0.009244 -0.019069
1257382.930842 407.604580 596.256076 0.017780 0.014116
706537.016996 489.443885 269.061038 -0.006344 0.016658
1558318.719993 318.229945 237.136661 0.011352 0.008937
1057752.200895 389.467430 466.127192 0.005111 0.017484
491364.625511 326.150805 325.137202 -0.012859 -0.000414
1734950.389590 255.120097 479.349803 -0.000920 0.003491
1643357.573842 84.829145 56.694678 0.012566 -0.017961
1898263.090243 133.904317 397.736884 -0.004153 0.000411
1157183.811607 141.230407 544.790042 0.018947 0.018329
1260090.642264 401.431500 266.398589 -0.003785 -0.014830
767107.214205 521.791511 323.427878 0.016969 0.013172
55740.578126 634.966611 88.694041 0.013004 -0.009336
1471867.368311 519.158416 224.855971 0.012760 -0.001706
851158.514084 623.991396 377.504075 -0.016454 -0.012926
279214.015361 532.788763 211.861412 -0.018205 0.005639
622537.959657 541.453281 84.532705 0.010269 -0.016707
543551.074594 112.554978 439.033301 0.012959 -0.017306
1125283.938425 670.531556 515.340602 0.008411 0.006509
255944.995329 357.695793 187.027050 0.000111 -0.008825
1549879.616848 742.574146 35.024709 -0.003811 -0.019286
474171.187949 435.936913 410.518436 0.003556 0.003660
648167.413030 720.756733 160.561837 -0.001358 0.006314
697835.028496 589.654676 478.524326 -0.016730 0.001912
1725670.433475 516.095757 231.059138 0.008584 -0.005223
99429.388577 679.109237 481.471855 -0.005527 -0.005961
163663.104253 109.224237 168.322116 -0.006368 0.000390
594763.153510 303.912345 52.988969 0.019284 0.018826
1355525.087265 245.131199 522.238357 0.017955 0.010962
1053977.892294 234.713971 305.576276 -0.007010 -0.004920
115031.983757 149.667214 12.988331 -0.002336 0.016303
752375.869431 393.609184 455.248941 -0.012745 0.014188
219437.964363 208.541037 594.960330 -0.004391 -0.003958
1068114.026016 550.304160 469.156272 0.004824 0.006934
1499866.051366 239.170054 584.093918 0.004714 -0.010299
1491842.997955 116.733534 322.367232 -0.009698 -0.001111
1826279.228472 251.289278 395.320649 0.017286 0.010254
1133058.067007 247.449537 149.318009 -0.007046 -0.000432
207507.431604 346.375801 450.446484 -0.016175 0.012953
304737.184339 504.572425 306.572688 0.017354 -0.010030
361247.467977 546.323492 329.232771 -0.013813 -0.007893
1585793.637478 720.348380 269.164784 -0.006747 -0.013871
1841064.114050 194.868859 281.126078 0.003201 -0.012814
451362.950938 116.065484 291.934238 -0.000991 -0.001229
1950936.490647 463.046620 542.295167 0.007600 0.008438
1454702.783122 701.583876 182.797991 -0.010464 0.012509
1108684.254395 335.027247 297.169960 -0.015858 0.002983
1596490.624173 716.712316 284.771390 -0.013006 -0.009712
1263706.185512 134.022532 282.596250 -0.015922 0.009880
1294332.516982 260.977836 535.875949 -0.014676 0.012037
723046.520130 86.994779 228.605287 -0.009386 0.013350
107937.715067 793.417693 426.751094 -0.005765 -0.010882
1046872.077066 728.717824 389.628082 -0.019407 -0.019567
450965.188654 653.758423 546.545722 0.008005 -0.017432
278162.196408 266.415160 139.738071 0.004373 -0.002623
1960316.196066 205.872337 456.530637 0.014896 -0.004399
1125740.257616 187.922595 299.747652 0.017725 -0.000074
668170.334151 796.615485 294.171138 -0.018200 -0.005846
1443825.863043 455.449103 160.065947 -0.005094 0.003561
564375.188464 478.054392 242.526996 -0.012222 -0.008027
938961.728913 267.188980 379.989641 0.008061 0.017683
132214.712972 546.802450 119.690877 0.013397 0.002237
1179224.623916 311.399429 473.077241 -0.016504 -0.006649
575213.267736 339.135696 197.865825 0.010967 -0.001185
1368718.602401 401.036181 24.123965 0.018036 0.014958
1254302.726711 185.578108 282.657175 -0.018625 -0.002903
1541011.519516 400.988849 456.057381 -0.003927 -0.011881
1407684.757098 375.599084 531.690500 0.016164 -0.008187
883750.411162 393.723104 411.810220 -0.010525 0.003305
38293.802197 414.486711 2.774151 -0.006034 -0.008074
949396.727117 26.727258 479.127830 0.000621 0.019462
1340193.529306 112.063949 129.769867 -0.014275 -0.013047
1289556.392138 729.361239 404.266401 -0.003840 -0.007438
1756783.113702 88.190172 468.861157 0.010437 -0.019782
157687.638028 166.128390 303.217595 0.010654 -0.002498
175039.783202 626.518369 573.135086 -0.016256 -0.014657
506304.289450 453.142745 99.114549 -0.017936 -0.016701
301433.914481 575.994005 133.946559 -0.005392 0.014568
790027.673724 9.432772 464.032139 -0.017178 -0.003249
176035.711624 758.888106 317.313859 0.014787 0.008527
1081972.172988 759.005717 552.383903 -0.018292 0.008721
715741.816310 106.905906 298.797439 -0.007396 -0.010926
1263880.632475 454.453032 476.792917 0.011929 0.004695
1751026.801649 758.563077 202.391739 -0.016193 -0.007298
399196.095951 395.001896 198.066912 0.019128 0.002337
1496994.359185 48.590970 306.661434 -0.008891 0.017278
445396.929255 653.486421 529.888460 -0.014304 0.014536
1193553.106484 399.688860 599.550834 -0.016107 0.012527
450224.472419 581.154363 229.335172 -0.019254 0.001036
1999453.321099 715.700299 285.964076 -0.003941 0.018853
1584501.028799 429.067386 291.146182 -0.015105 0.000397
94458.571679 696.643933 342.365508 0.002262 -0.014110
1007827.074736 623.548931 579.812164 -0.004564 0.016843
1658558.308919 786.778497 252.968507 0.013084 -0.016920
475365.567242 42.348148 482.744987 0.004248 -0.016872
663714.367274 496.209392 581.041368 0.012210 0.018149
1919117.403179 479.272255 297.030053 -0.002159 0.008817
9624.167350 393.741622 354.406805 0.003062 -0.018037
1478876.057770 64.702660 497.157369 0.007671 -0.001371
1502145.321808 426.415913 269.191375 -0.013016 -0.005533
1054818.871922 329.028032 247.541656 -0.006669 -0.018736
972186.690649 532.033585 390.580061 -0.001903 -0.001130
1216433.286302 329.388320 43.460683 -0.015859 0.014312
1585452.240699 85.705781 209.986753 -0.004642 0.007070
796849.675848 98.874763 459.201310 -0.011151 0.013054
461377.134761 782.889531 216.855226 0.007129 -0.013900
1447663.852688 165.072690 338.387997 -0.014468 0.001605
1190708.408687 498.681151 122.587860 -0.010125 -0.017102
1355477.244293 684.160476 294.653584 0.010006 0.018249
694211.989964 433.802806 39.555132 0.007920 0.017118
1497031.391364 75.987193 30.164823 0.000516 -0.007091
1759090.904966 594.348098 180.025123 -0.010332 -0.003082
904928.793621 771.804312 377.552847 -0.019378 -0.015859
341892.055395 489.111042 437.255285 -0.004957 0.014366
1609370.418642 43.066614 428.183960 -0.008163 0.012129
1339833.364515 513.613938 206.808680 0.009439 -0.006378
543533.833951 386.105589 260.689252 -0.007102 0.019768
1510075.678821 160.885699 443.546502 -0.017781 -0.002229
325429.097901 406.765946 246.074029 0.011709 0.000974
1027532.088117 770.829475 81.172010 -0.010409 -0.006331
1987715.010526 37.267036 236.711805 0.008296 -0.006360
396776.620483 301.264916 588.448758 0.001757 -0.015613
639902.701899 652.733372 355.759379 0.010162 -0.014510
1179865.857204 406.041049 204.149476 -0.006879 0.002542
1568458.621189 393.085987 42.230155 -0.012223 -0.008572
1190290.628555 566.861851 150.464007 0.009231 0.017977
1180185.991889 580.718508 597.213735 0.019380 -0.002819
672088.553511 146.453446 485.112228 -0.007424 0.009058
1837656.663655 510.378594 325.230415 0.000515 -0.004377
1360614.323691 81.360677 539.153166 -0.019218 -0.002766
924125.776125 643.732992 555.454043 0.001304 0.019921
418950.309241 102.521437 424.807722 -0.001825 0.014218
1312754.557148 39.446067 349.508646 0.006049 -0.018701
30587.249450 790.989551 130.172979 0.012879 -0.007748
1889215.610870 593.530367 565.902702 -0.000553 -0.009846
669560.509114 133.349657 214.001174 -0.010651 -0.012484
1579576.984783 556.910509 594.848993 0.008603 -0.010938
1982244.182370 739.154349 213.983801 0.007925 -0.004711
432350.935616 284.083201 257.871533 0.011967 -0.019779
930735.730068 652.674280 596.866164 0.007301 0.005506
600671.720971 501.551437 227.575639 -0.010150 -0.015435
1270601.892504 464.145329 169.673073 0.019698 0.012528
938976.299455 626.104388 304.953136 -0.001554 -0.000155
1474031.937064 361.540520 251.484747 -0.016259 -0.013940
1605130.416157 247.662502 302.466634 -0.010673 -0.015573
1023340.410098 559.403777 555.226675 0.000255 -0.004739
1128556.229700 645.906316 4.983398 0.017721 -0.017931
248420.950141 463.864746 377.924572 -0.004132 0.002533
884577.235619 701.250587 213.122243 0.017992 -0.006643
1704879.713107 549.636712 474.595055 -0.009086 0.011147
1882055.445519 60.075965 54.717870 -0.002196 -0.007588
404206.608610 765.718690 4.934141 -0.014906 -0.001412
780987.060993 553.511868 162.487029 -0.004090 0.005529
642018.800900 420.346441 130.959709 0.018039 0.017209
1579863.075903 313.714085 483.280017 -0.014248 -0.006314
286431.929230 799.265824 18.231285 0.017334 -0.009099
1625355.291937 700.245698 207.244651 0.016183 -0.007096
1310099.705732 85.554278 166.742304 0.006606 -0.010568
1485499.756171 42.202741 555.834247 -0.019434 -0.001827
1126826.147142 267.835735 586.671203 0.011206 -0.008656
1817754.082297 456.625450 407.070487 0.008593 0.008662
42605.713030 685.618979 428.938791 -0.017429 0.011462
1969490.396776 691.743156 399.955166 -0.006747 0.010788
1972945.507603 788.166881 525.931150 -0.009430 0.005961
221002.463354 5.499318 420.922321 -0.018476 -0.019153
314139.836614 479.683317 212.916018 -0.014574 -0.004780
1280098.799281 35.182039 571.128745 -0.007236 0.010301
1334025.561499 271.089119 370.161132 -0.004793 -0.004313
817314.073824 291.828053 154.322288 -0.016975 0.007880
52254.755074 49.457067 409.012097 0.016121 -0.006914
662711.798522 9.317493 199.584093 -0.018596 -0.017990
710212.109941 153.538783 389.800270 0.008414 -0.006921
61999.699130 281.197997 223.124454 0.019324 0.006777
261157.692532 519.736321 3.545627 0.009906 -0.018748
797766.605764 125.490918 237.034154 0.006234 -0.010781
184709.901076 545.794654 175.241881 0.010998 0.003288
1235796.007903 85.581374 357.265193 0.018127 -0.014406
1292608.929469 245.248172 198.149780 -0.008131 -0.019337
1317389.029692 261.135612 220.296579 -0.018776 -0.007597
71927.786838 127.658414 575.965949 -0.018264 0.016275
1977614.946653 353.546722 38.245365 -0.004680 -0.016032
591803.305127 381.801547 467.116041 0.003538 -0.009939
726241.200569 165.340827 213.900975 0.018403 -0.013690
995710.504705 485.388040 279.484453 0.013134 0.016104
963862.695249 391.275793 138.023939 0.013998 0.000718
1079147.418532 708.513064 408.172254 0.000054 0.017228
1174876.041326 389.936982 223.383866 0.006102 0.014863
937689.950195 758.188780 209.351455 -0.010105 0.001359
1200871.358253 489.851433 445.119655 0.018293 0.002819
1798372.363578 364.425318 105.746500 -0.005467 -0.008549
158766.744732 676.198324 464.598098 -0.007521 0.007884
584123.108808 680.022367 348.320864 0.018806 -0.006105
1019930.488905 447.474264 500.028721 0.015236 -0.011571
1412068.961846 279.154670 95.701704 -0.017830 0.003990
1390465.348675 524.108325 125.829889 -0.002537 0.004571
1560588.704217 269.698668 41.842296 0.018294 0.008042
709118.110458 28.579234 327.015472 -0.014814 -0.006331
481739.437432 336.870170 116.733634 0.012804 -0.004328
1084185.081108 265.243353 569.369532 -0.004954 -0.011511
321427.933090 65.577202 337.097994 -0.007602 -0.014305
322096.383349 11.877765 475.426686 -0.005128 -0.001934
811598.476400 120.520947 472.131178 -0.000989 -0.015694
975828.599639 662.720504 87.539267 -0.018663 0.018341
980873.326296 219.775206 226.120062 0.007429 -0.016138
1538962.265262 182.342340 256.995475 0.008855 0.004173
1281944.833362 703.478963 411.152986 -0.011729 -0.012081
1646853.441208 292.182408 129.487115 0.004647 0.009431
1334224.681991 17.319945 531.643367 -0.001747 -0.000145
1987979.200663 753.828118 196.572386 -0.014446 0.019160
567825.405192 503.434202 150.157179 0.006632 -0.007349
693992.653253 345.714927 324.349332 0.011190 -0.014025
290886.182473 333.391936 18.731540 0.013265 0.004841
461579.700216 523.941098 590.483019 -0.002184 -0.009216
1440439.939238 90.588128 175.779872 0.004288 0.002717
1578856.275221 479.523817 307.227839 -0.015373 0.009480
975708.803616 320.033348 219.801318 0.009551 -0.017500
1363849.989774 68.034851 296.476484 -0.011051 0.014438
1287670.666020 295.545190 165.441097 0.006994 -0.011984
1793086.186886 725.083417 513.148496 0.015254 -0.005938
253419.465503 481.143259 278.064394 -0.003020 -0.011632
65064.939701 167.196832 484.598235 0.001755 -0.007021
1093948.624606 26.127999 434.877080 0.016642 0.010810
1570950.974510 476.855518 514.234148 -0.008958 0.012895
1433502.711092 738.771457 113.698990 0.019646 0.003965
779698.448619 711.489898 301.993387 -0.010242 0.010920
1707668.152502 297.474463 224.309738 -0.007305 0.011717
1161722.038482 280.360205 1.105062 -0.004384 0.015821
650195.260835 748.000264 556.399053 -0.017961 0.014023
1393276.303724 667.726242 267.654132 0.002117 -0.015476
534900.189626 215.486190 20.775693 -0.001721 -0.009446
1264731.390059 676.521629 90.937673 -0.014611 -0.016291
1848317.172308 790.571354 278.230878 -0.008160 -0.007744
512088.236637 701.924978 394.107834 -0.009758 -0.009259
1104225.446984 465.373907 122.086386 -0.000854 0.005251
107543.810321 140.002888 279.639832 -0.000012 0.009158
1156781.673039 615.012690 597.790859 0.004529 -0.011046
520065.349769 196.728770 42.767811 -0.003457 -0.004743
327390.441823 269.842974 222.035457 0.005082 0.005380
1353004.063178 706.939226 306.586766 -0.006498 -0.014417
1558240.596931 709.832068 433.241931 0.019295 -0.005479
706633.334377 29.362660 323.799052 0.012782 0.001676
534505.464385 317.220593 182.411016 -0.009452 -0.019530
1061346.780072 419.752955 154.967423 0.004196 0.017621
1275778.349152 611.901070 164.390365 -0.019714 -0.004277
1816858.008419 547.082643 165.954725 -0.003172 -0.019295
837596.447597 159.043936 541.975917 -0.014419 -0.012816
537634.699856 396.252783 130.332985 0.012320 -0.007437
1509630.032587 59.494808 425.683421 -0.019418 -0.030340
1442342.147903 473.694164 518.122149 0.019193 -0.012373
1603574.954720 492.007828 575.835628 -0.016930 0.004958
706735.606634 787.864269 184.360629 0.005204 -0.003779
651319.147391 39.695275 362.236231 -0.010771 -0.012388
1573016.600485 398.084063 411.325049 -0.019950 -0.007660
1998835.487291 607.682181 230.226888 0.008374 0.012764
1445522.677826 344.915698 246.113094 0.003476 -0.003646
1207599.107738 311.343898 14.955629 0.002536 -0.001315
1297106.122271 734.049654 269.885066 0.018123 0.001903
1709409.523620 225.342819 358.939895 -0.001614 0.000449
1579454.636005 196.669187 5.816013 -0.000954 -0.009960
635151.660366 380.593454 5.007394 0.008027 -0.012568
1657542.871152 337.971239 368.691619 -0.010401 -0.019607
50074.195513 673.600755 239.434478 -0.017989 -0.003729
1728956.987955 558.552259 193.901178 -0.007467 0.006076
1741304.677791 135.017630 562.138092 -0.001268 0.005049
896425.988943 206.786080 524.904351 -0.001634 0.009340
248631.410417 620.322343 125.786890 -0.014693 -0.000945
789536.960791 769.016317 539.220702 -0.019609 -0.011930
1819863.026878 28.288181 26.044350 -0.007615 -0.016541
901731.744829 139.510011 470.671094 0.010950 -0.000464
878442.611954 515.141977 393.328388 -0.004976 -0.015504
569936.175165 658.521099 222.583997 -0.013655 -0.008684
212161.644461 226.382945 35.166876 -0.007360 -0.003238
1070836.321949 568.332525 228.070109 -0.002629 0.008850
1162154.364009 276.208259 454.562851 0.005045 0.006161
1685995.778854 61.546876 497.448559 0.005596 0.014006
631794.399876 54.239853 296.535315 0.018930 -0.002274
