120102.793966 630.527697 121.725028 -0.006080 -0.005540
269277.329682 300.392488 155.910703 -0.018254 0.015165
1260731.205931 301.990296 191.774650 0.013088 -0.002975
973263.179405 632.734803 573.038127 0.008524 -0.005927
1683880.506867 289.551245 229.539418 -0.016842 -0.013039
1760997.696668 175.174812 580.823322 0.011714 -0.019838
354965.669268 682.065241 474.842417 -0.004784 -0.011994
306862.422408 412.078824 346.392403 -0.003485 0.002367
913598.742761 34.726836 562.301368 0.011104 0.014842
723511.401901 210.374450 397.402204 -0.007313 0.019068
27418.055584 127.086479 203.358097 -0.004129 -0.010480
1026719.971107 221.767870 273.308478 -0.000716 -0.017202
919235.655535 527.451304 553.169059 -0.009943 -0.018404
247720.705461 324.065195 333.455068 0.008052 0.012691
229642.751734 125.942278 516.808102 -0.017951 0.017275
1463437.116455 330.493264 118.743717 -0.004259 0.009193
349002.480669 325.693818 533.783268 0.000851 0.011823
253345.397419 21.795257 48.642108 0.003304 0.000367
301882.374241 33.566949 101.121359 -0.017046 -0.008247
417897.793659 158.134968 419.563051 0.010568 0.015939
1032678.423930 703.165496 34.193467 -0.004919 0.017237
1981626.739717 86.778453 206.275409 -0.012513 0.000269
148080.320166 290.707768 545.888740 0.018532 0.015055
1426235.401736 72.193024 542.457459 0.011783 0.006906
826207.458426 756.161438 428.672039 0.003263 -0.019252
17939.873048 632.874554 129.670358 0.008288 0.002221
229060.592236 178.944949 260.619361 -0.013082 0.003969
729567.630556 129.560289 425.817729 0.008382 -0.006029
424191.899795 625.771004 428.023242 -0.015139 0.009789
1179453.697605 667.596309 501.589847 -0.000295 0.005140
1017047.714916 725.116716 344.266739 -0.011059 -0.000458
1184883.571782 186.353470 168.062146 0.012323 0.017642
1669257.284919 738.215661 98.255017 -0.009281 -0.016486
1530870.404807 506.889545 153.264584 -0.001027 -0.006341
1211583.405366 549.797944 75.149823 -0.007251 0.012372
1741377.547263 727.011659 385.913407 0.008275 -0.003858
544004.606336 172.302763 185.237649 0.013848 -0.002453
1594854.852927 350.235996 402.558453 -0.016923 -0.010138
1223177.906695 729.466240 101.569886 0.010993 -0.012935
527324.168257 433.098800 488.017434 0.000769 -0.019342
312490.830343 99.904566 422.430098 -0.009194 -0.002448
1025907.483430 121.114186 211.791204 -0.013741 0.014340
1509229.653286 342.257149 43.765824 -0.017651 -0.009196
1023852.793045 688.420487 427.755467 -0.012673 0.017504
1918069.081343 635.529077 509.649648 -0.014833 0.002815
59433.087734 314.230468 67.587548 0.013730 0.016466
257531.464220 800.277938 21.937158 0.013295 -0.008774
961609.428265 276.960281 259.690871 0.013352 0.000073
582120.371322 470.210035 558.372634 -0.005429 0.006026
408974.288222 701.347876 306.945862 0.016739 -0.017642
899929.745542 700.501069 512.139889 -0.008029 -0.019829
849952.291162 263.230384 237.944710 0.001495 -0.013090
617567.269419 532.521198 103.650256 -0.006174 -0.000036
907629.657959 661.488917 506.870446 0.015480 0.006357
693382.430213 141.965658 148.625529 -0.008911 0.001679
1797970.130014 385.196665 250.870318 -0.003539 -0.004075
955435.349120 688.772674 164.251893 -0.006716 -0.013577
557659.864685 605.708845 293.481322 0.007025 -0.008245
1324351.926951 787.996184 575.745204 0.013373 -0.006804
917046.023028 230.829305 93.780048 -0.007873 -0.012946
1632997.046985 519.455343 212.195772 -0.017464 0.017100
1790149.784549 770.351346 244.974697 -0.007435 -0.004993
1613713.184192 632.490357 140.955954 -0.016776 -0.015072
791753.703166 288.253582 527.598940 0.015412 -0.018580
347958.385175 437.674044 12.153817 -0.014652 -0.004661
701432.257286 473.858143 403.019234 0.000310 0.015823
1693039.169392 258.922068 327.011419 -0.012024 -0.004478
944105.254926 76.045538 210.673213 0.015280 -0.003683
1451122.988691 550.286191 119.651213 0.018430 0.010754
644142.737912 285.263412 76.807630 -0.011905 -0.010305
328294.663843 300.562623 473.808622 -0.012378 0.000408
344141.964030 428.513929 60.899052 0.013718 -0.018293
1995072.262359 551.825462 220.357574 0.001700 0.015577
1509670.835691 11.481446 590.717661 -0.015741 0.015798
783939.521193 665.393592 349.839990 0.003587 0.011720
702233.533702 730.450665 89.410258 -0.000819 -0.015298
783487.379916 514.642691 294.974301 -0.012719 0.013097
1976.599918 282.453103 217.838360 -0.015864 -0.012107
812477.567611 80.757633 531.982364 0.010925 0.005766
1551513.418346 422.452115 394.994131 0.010383 0.005360
1106838.468046 121.058882 279.519343 -0.014537 0.009716
516376.429478 389.677154 393.872653 -0.003762 0.018691
1541877.001311 639.388404 366.594557 -0.009513 0.019232
877046.727052 210.727482 200.514173 0.012088 -0.005351
1062152.807164 166.530209 280.530945 -0.003293 0.019280
220503.739184 154.840757 305.779479 0.010754 0.018114
285758.867062 257.536579 62.788202 0.004304 -0.001849
1694852.848395 693.278747 566.857167 0.000188 -0.009126
1823523.613542 219.352684 44.322281 0.000902 0.001462
109429.840049 768.390880 479.839056 -0.004448 0.010496
331166.874772 736.245662 582.382265 0.005302 -0.006519
1904142.131984 594.138947 318.579895 -0.001570 0.000440
967910.745632 483.234693 499.505544 0.003533 -0.011505
581591.096978 348.650657 47.738153 -0.010611 0.017532
706572.319710 118.047304 128.234727 -0.002961 0.006828
1499518.371885 385.497742 378.504240 0.001967 0.014849
785875.055374 571.652188 474.520610 -0.005457 -0.006112
257524.722376 252.832341 54.163736 0.006425 0.011136
1201976.699383 114.879805 228.731356 -0.002632 0.009286
1186503.038363 579.899598 101.439580 0.006856 0.018409
215485.423904 20.241418 64.883187 -0.007135 -0.001902
1555844.913030 56.714075 560.749666 -0.003683 0.004797
1610655.802121 641.026563 200.612215 0.003847 -0.013397
1363983.919548 580.364742 288.417683 0.010877 -0.004604
515601.680854 298.408686 317.388927 0.005552 0.012260
521772.659627 185.498541 319.213869 -0.002821 0.016144
984056.433190 429.722582 558.079072 0.003718 0.013957
764465.851134 302.370967 557.802254 -0.007328 0.011447
1098768.237559 97.897251 352.733234 0.014900 0.008794
1505133.839094 452.734185 265.997924 -0.010704 -0.006496
1656881.889169 392.860324 426.254074 -0.005679 -0.014812
1035409.796534 493.927169 216.741152 -0.018020 -0.018108
532033.862794 432.699038 350.245331 -0.012176 -0.014339
885049.308131 462.203344 312.079072 -0.005117 0.015774
611963.250959 737.273054 10.163299 0.015722 0.012219
1469794.933437 516.637963 223.269980 -0.012651 0.015428
1419313.830053 5.449397 222.353867 -0.003159 -0.005440
1001399.715897 750.945170 589.469914 0.014492 0.019471
57920.523946 102.962231 317.048058 0.004545 -0.007027
1340168.589419 44.322340 541.215849 -0.012397 -0.002902
1593328.125585 396.780059 209.128699 0.012535 -0.004439
308175.125303 438.480159 21.395821 0.000975 0.009092
1829796.170737 188.081948 440.184028 -0.008571 0.006237
194622.977727 628.749649 356.660362 -0.016830 0.005963
1163384.351490 86.108075 466.704507 -0.015469 0.009035
203536.384834 623.932633 466.577027 -0.019844 0.018801
408990.508136 640.493877 279.544448 0.002264 0.004599
1709918.606891 566.155891 96.862939 0.015677 -0.010650
1776676.395804 644.261823 280.626442 0.004828 -0.016379
248411.979642 575.440663 526.603177 0.008743 0.011925
1052401.075630 239.934964 543.642310 -0.007843 -0.003558
1254879.329007 324.318445 114.470497 -0.003779 -0.003596
322021.593490 487.221948 125.682366 0.003974 -0.014196
1647379.426121 385.780898 521.527089 0.019420 -0.005116
204691.412954 699.129684 106.328614 0.002809 -0.000173
536197.156895 555.569926 128.729967 -0.014192 -0.003471
25648.950611 537.594294 428.431589 0.016708 0.018977
247729.502734 437.012284 228.846679 -0.007404 0.018033
1580350.309415 380.209830 335.534016 -0.020001 -0.015900
1443766.372951 659.131112 350.816395 0.003666 0.012381
1912564.341869 554.588414 409.696556 -0.014666 -0.009430
357511.299829 321.190837 575.487658 -0.004344 0.001860
744693.135258 324.654078 130.959761 -0.016559 -0.007004
387589.365424 167.743360 523.058251 0.002985 0.000964
1645202.005117 291.702732 -0.015924 -0.004710 -0.005383
205411.871060 83.566658 113.382788 0.007493 0.007832
1996032.971887 514.753749 233.720900 0.007416 0.010694
1306804.762830 688.037283 106.805866 0.004501 -0.009861
1450619.077985 788.235392 395.404304 0.017735 -0.017180
1969754.747101 110.384403 168.279947 0.013792 0.008609
1609086.544071 543.621864 45.798577 0.012190 -0.017525
883645.576836 726.040351 99.588252 0.005446 0.003705
1722771.757153 502.621063 142.418374 -0.009974 -0.007583
28763.775727 722.899216 101.796501 -0.012128 0.000571
845989.907554 734.086477 301.056731 -0.016721 0.014444
1143645.596292 54.278058 600.043029 0.014085 0.016944
1423342.375748 525.468093 361.944173 0.011515 -0.001561
1329764.171191 184.626474 221.491899 0.013238 0.014443
1926056.274178 553.443429 294.067912 -0.011988 0.017714
1598411.507718 172.424068 507.884247 0.018763 -0.003694
726058.746095 313.777129 195.470844 0.014562 -0.001022
375371.614646 348.624434 324.974261 -0.012572 -0.008547
932014.105344 718.709389 566.933987 -0.017184 0.007287
811741.037672 587.576912 550.787198 0.010982 0.002616
1557690.799962 589.844297 154.587037 -0.009264 0.017518
399385.155365 53.657102 91.558178 -0.018141 -0.018550
1122038.441301 327.783683 256.749073 0.015480 -0.009084
1805346.826001 59.600585 425.646395 0.000616 -0.007792
1995636.369100 728.851567 96.720102 0.017698 0.019308
1695958.700821 278.879470 428.136046 0.010641 -0.015088
558004.577904 435.800248 516.495216 0.001450 0.012513
1597187.265566 588.961237 528.595757 0.018079 0.011279
1833981.536251 410.156087 114.724962 -0.006186 -0.004001
929917.220459 198.043140 284.693832 -0.013110 0.007633
1471826.909795 138.328993 361.532233 0.015864 -0.015402
1165988.196230 595.366640 277.969105 -0.008149 0.000416
1172216.120722 460.821283 32.675737 -0.002168 -0.015497
1736107.381869 196.280457 508.454248 0.009948 -0.012148
1259741.624473 532.784028 425.461360 0.012849 -0.019571
218963.730251 229.012196 155.224174 0.003356 -0.001587
1902503.935575 255.739529 379.773225 0.002177 -0.011347
1496596.111682 109.628163 576.233147 -0.011547 -0.002642
941537.357374 638.160623 6.086532 0.001051 -0.010212
245239.558744 315.452476 293.256819 0.018817 -0.014295
1372376.816986 480.183065 484.806183 -0.004168 -0.003136
1637971.852737 404.009966 424.296854 -0.016958 -0.016393
337179.376901 23.453099 245.336029 0.012108 0.003341
1249672.392965 440.262712 432.627344 0.003395 0.010458
310196.676436 44.588265 335.755647 -0.013368 0.003285
1607296.809371 230.402084 585.204258 -0.008258 -0.009680
236307.595035 783.634669 515.309900 0.017044 -0.004980
561161.337682 596.616134 528.586180 0.019489 0.012917
1939371.158341 125.421928 511.588708 -0.004858 0.018358
870700.636353 2.351046 305.525332 -0.013741 0.003547
541779.813609 249.180158 386.801166 0.013238 -0.000906
453110.709066 506.963796 459.325939 -0.011919 0.017071
47266.968548 256.629949 543.401024 0.015299 -0.010161
562186.379247 130.307094 594.859933 -0.013532 -0.013959
1629854.769274 105.183785 185.082711 0.006682 0.000387
534606.907766 82.059499 307.637248 0.011059 -0.009665
203362.833803 38.028961 341.983677 0.009837 0.015162
92345.910190 778.610394 306.725919 0.012433 -0.012993
877177.283576 667.672968 297.516479 -0.006210 0.008688
1484435.888699 500.759531 528.630192 0.009364 0.011488
64404.659935 439.119100 550.938850 -0.006345 -0.011400
856791.879449 486.740354 190.874141 0.017648 -0.004621
1153201.109335 34.217931 259.221241 -0.014194 0.011623
618554.387530 154.043370 457.061703 0.012842 -0.019875
1875266.974734 207.567198 502.942679 -0.002688 0.004172
1111007.126566 140.273685 138.249965 -0.002549 0.016401
34336.430968 375.057499 275.334673 0.017620 0.005751
1349224.196444 291.766875 250.024310 0.019705 -0.007778
1602661.077679 455.374576 209.459086 -0.010665 0.008589
276647.354605 434.127721 544.541631 0.016180 -0.005507
1822198.850020 670.944662 373.433513 0.009955 -0.009128
453696.245539 243.720176 268.414017 -0.001713 0.009666
713133.517985 379.352685 125.446450 0.012605 -0.003608
36437.158490 391.776811 464.296206 -0.002753 -0.000642
159010.190591 189.162198 31.285909 -0.002857 -0.001210
1535456.720523 453.448462 7.009147 0.007013 -0.001276
749811.288319 469.687460 183.362876 0.019877 -0.006548
1154889.427663 179.171142 384.437018 -0.019009 0.007230
762647.938338 304.900971 92.754783 0.003623 -0.012144
1129345.827331 486.861185 411.218433 -0.006493 -0.018279
337378.635228 334.188893 168.572588 -0.011168 0.013859
1499918.929068 791.101207 247.912964 0.010411 0.006601
1760744.261444 109.010810 150.102205 -0.012552 -0.014650
1172923.453698 610.691526 215.441716 -0.010939 0.011535
79642.974809 486.353615 101.235745 -0.012203 -0.012041
730713.756164 607.231962 484.184236 -0.017945 -0.016078
1702955.846536 175.729914 309.587186 -0.014705 -0.002374
724785.897287 705.757338 257.835785 0.011033 0.005755
187236.443249 524.448508 468.398281 -0.006229 0.013673
1828784.213322 744.417297 363.063572 -0.009232 -0.013470
787390.226865 250.357045 459.582185 0.002495 0.000272
1929498.061505 742.785377 160.738174 0.010751 0.019204
730520.102536 499.328683 119.978431 0.015237 0.010401
1281053.293162 194.611322 382.168291 -0.017200 -0.019245
562426.321470 130.569294 404.880081 -0.017523 0.000292
1033437.869061 780.317065 263.028154 -0.015114 -0.010069
1192859.900739 412.679978 336.686450 -0.005501 -0.016839
138898.690296 261.574656 3.885219 -0.006521 -0.016006
1973181.982512 561.286320 433.980544 -0.012559 0.003324
957790.512106 661.056390 496.515621 -0.015332 0.015870
1692076.045876 318.199054 36.232656 0.000831 -0.001630
1136829.509929 29.625349 260.666108 -0.019620 -0.013621
1367539.427880 482.647571 405.894041 -0.010182 0.018655
1509350.044424 252.179575 175.990396 0.010434 0.006090
785056.476847 598.318376 212.502342 -0.015369 0.017388
1873643.585422 475.907535 456.907174 0.010549 0.008438
1315983.134935 488.048900 65.000477 0.008771 -0.014745
1135951.929323 229.064654 100.750929 -0.019869 -0.008250
656102.584980 548.915920 538.905717 -0.019844 0.017283
1727078.126616 606.564826 148.287198 -0.013745 0.000825
1797488.349396 439.130703 161.283260 -0.009895 0.006600
406141.346510 151.692788 156.075682 0.018574 0.018120
1941231.998588 497.471505 337.520037 -0.016818 -0.006378
1386830.762674 518.255773 376.666012 0.014462 0.006006
1843128.023596 152.005509 201.943460 0.012776 -0.012247
538331.757550 546.154521 571.561341 0.000654 0.013553
944807.663069 332.221469 233.235108 0.009474 0.006621
106756.882792 755.082657 514.220959 -0.007520 0.016341
1618777.323337 226.683667 318.257006 -0.005101 -0.005353
1742666.514471 52.447053 6.594705 -0.000039 0.017101
1321460.731012 336.788155 69.894371 0.019899 -0.010403
620834.287545 213.318279 553.603385 -0.009484 0.011311
1523195.320518 587.666736 118.903412 -0.014007 -0.000952
1731081.362688 162.961313 252.000877 0.008898 0.000658
656632.629529 425.415918 480.235606 0.014355 0.016131
325566.043298 583.939775 581.232176 -0.013076 -0.010846
1792559.657149 666.718543 390.056350 -0.019484 0.013243
1778465.217808 259.101142 59.193421 0.012417 0.003492
1763427.173609 458.129376 192.818636 -0.017288 0.009320
1593951.392730 756.131029 556.140060 -0.011315 0.006654
886016.743670 436.000538 119.235662 -0.010340 -0.003822
204796.643092 324.137688 80.747786 -0.017154 0.003064
727276.621725 773.812716 248.026102 -0.019563 0.019172
488690.041233 721.870340 182.856040 -0.006275 0.008562
1781116.410057 179.433418 172.108094 -0.011503 -0.007823
20635.784613 7.230674 149.753757 0.017491 -0.010974
1834876.302553 303.673414 462.586411 -0.015340 0.004931
350019.654422 174.797377 16.895683 -0.007616 -0.008386
1214501.650638 538.093386 154.938182 -0.019202 0.007477
477760.385944 211.478451 353.424480 0.001751 0.004282
605806.972182 347.195122 499.186971 0.003598 0.005806
272576.070518 480.177566 392.482655 -0.004559 0.001508
1759240.741729 243.084889 550.324260 0.006001 -0.003242
1080301.612187 660.406336 382.909937 0.002769 -0.014597
1857771.559552 140.421081 484.566772 -0.012500 -0.012177
988850.145130 340.239567 276.461074 -0.016669 0.018757
134591.829094 309.310280 242.184884 0.015978 0.019037
96963.198901 28.458158 345.884851 0.008201 -0.003140
227820.812831 465.357207 434.967290 -0.018757 -0.010704
290631.014058 457.343102 34.527417 0.011424 -0.014450
385931.693197 569.896951 189.837417 -0.019993 0.015993
1023297.854244 396.736511 195.357735 0.018850 0.003208
589125.026292 31.412604 579.344479 0.007927 0.017487
1882412.602139 596.831579 584.050302 0.000699 -0.002078
790218.714061 505.042844 18.601882 -0.015185 0.006536
526777.357108 212.445608 140.209992 -0.007126 -0.017998
748590.766801 411.682043 457.600402 0.007597 0.000604
1324791.236466 161.834224 6.226232 0.019520 -0.013045
1179151.767483 226.000504 127.964109 0.002189 0.019214
301466.356172 396.281837 435.194644 -0.015006 -0.019482
349183.755158 415.218823 387.259381 -0.011774 0.005608
616335.581344 375.040446 543.544994 0.001711 0.011575
1910511.639859 733.602231 182.847939 0.008706 0.004279
1640005.631205 304.515345 485.103074 0.013259 -0.005308
1964468.728734 336.073484 390.770872 -0.012198 0.018996
1261209.360911 276.336464 282.392321 -0.005742 -0.001188
968463.258337 424.649979 593.672990 -0.014823 0.009442
1257770.379660 350.137302 123.596606 0.001321 0.019236
1991034.577596 391.548397 537.889168 -0.008000 -0.011717
1007596.648767 95.942896 353.083388 -0.006976 0.017961
1912045.142572 235.867271 222.809662 0.004267 -0.000415
692628.538559 190.036671 501.149776 0.010219 0.003330
609848.141023 240.820872 74.976817 -0.008229 -0.002770
1723251.459991 737.984634 520.972107 -0.017337 -0.001708
1696924.347289 50.178876 568.065404 0.009822 -0.005537
309029.791648 199.523476 289.670016 0.009662 0.002393
867302.640745 558.960647 513.653482 0.012188 -0.007811
691843.061099 120.795891 325.756776 -0.012815 0.018681
272265.500516 388.581143 161.983220 -0.009549 0.011204
1400582.436193 98.312081 421.516589 0.002877 -0.012362
320566.674844 333.350918 151.056767 -0.015710 -0.013503
1229627.376064 209.076336 246.546698 -0.016072 -0.019846
1946485.269790 425.027100 421.270777 -0.009871 -0.003554
15066.369444 140.462349 292.384807 0.002001 -0.005749
911695.870064 548.941801 505.907081 0.009031 0.017880
1245159.992597 340.432350 42.385318 -0.006739 0.019998
519428.529087 388.668003 246.953361 0.000416 0.003795
1147820.552414 101.814977 512.673706 0.019419 -0.011041
1717933.562453 767.056849 453.502875 0.002477 0.011493
183230.377819 455.271970 578.012225 0.003166 -0.015274
640928.558372 27.695138 483.071356 -0.013466 0.010355
1503776.668340 628.748340 111.346950 0.012858 -0.015541
360957.489517 65.317944 358.255343 0.003692 0.003728
380073.533570 132.296103 431.862513 -0.018216 -0.013985
1889061.825298 723.243415 66.041429 0.008006 -0.001364
1796955.322752 633.569371 20.487240 0.014489 -0.005170
306282.549308 146.646322 243.277310 0.018339 -0.006178
332156.324914 567.704985 78.894119 -0.005921 0.001292
485168.456326 426.423458 367.590411 0.013291 -0.014957
413343.113108 24.024047 173.920259 0.017090 -0.017015
883643.182406 697.212010 587.043035 0.002075 0.002832
887249.075289 360.314461 217.649630 -0.000893 -0.007465
1467432.667253 504.571399 297.439610 -0.014416 0.003560
1682910.725327 244.774034 179.397413 0.018944 0.006312
1660796.624450 172.341005 113.836762 -0.002245 -0.017784
629926.086697 520.283087 50.833320 0.004203 0.003099
318150.466456 37.496859 269.263323 -0.014128 0.003946
40123.955365 464.706206 29.391624 -0.004707 -0.017578
724761.667999 93.730773 413.824086 0.014323 -0.009779
558074.092752 559.620873 337.137016 0.003110 0.006885
438651.350531 326.490207 532.995383 -0.003889 0.014297
1885724.248311 579.314261 301.073507 -0.018901 -0.006812
158400.153815 149.264763 226.237174 0.001128 -0.007012
1952982.963972 437.920048 543.324070 -0.018952 0.017257
1927788.328346 310.907487 28.442147 0.006179 -0.010115
607879.136041 746.689311 567.553314 0.014627 0.000448
1236504.919471 67.941031 551.396538 0.000249 -0.000243
1541570.438790 358.965850 131.519240 -0.009103 -0.000956
1098586.873663 281.966805 398.102117 0.017059 0.015189
1973812.054831 722.801802 257.006082 0.015664 0.017290
717421.361579 684.512432 190.602406 -0.003736 0.000391
1128238.588166 568.334211 265.659151 0.000399 0.003048
1906900.824936 102.934899 396.665432 0.014904 0.005385
311031.282093 514.485630 50.332992 -0.004988 0.016661
1119457.958787 739.002607 161.130443 -0.010900 0.014004
295815.608602 167.749966 451.906227 0.003016 -0.015960
1365835.790227 747.070204 574.180939 -0.019986 -0.006401
933742.419320 452.098597 30.385521 0.016397 -0.016986
1254474.420685 690.207065 121.996562 -0.008476 0.009413
1674721.783807 355.291642 227.469421 0.016825 0.012739
589441.845468 384.370531 445.647592 0.002537 0.008116
1186208.380939 568.424000 547.445762 -0.006132 -0.008545
28320.921598 24.199529 132.027399 0.018865 -0.018783
1123059.363627 350.671881 356.887739 0.004442 -0.006069
1339490.994503 192.314355 126.463910 0.014915 0.001143
1892333.765464 567.936641 583.211288 -0.007103 0.005288
1580513.963280 495.674229 66.436545 0.001274 -0.012685
1628540.167412 100.849108 535.796196 0.009077 -0.001105
358744.990248 592.826797 301.628404 -0.004018 0.008495
1065496.480589 768.970745 90.489631 -0.014910 0.002957
996930.964755 638.190281 488.765509 0.008370 0.006813
685065.261407 524.136104 228.623145 -0.007538 0.019178
22284.613001 83.385437 359.970006 -0.014942 0.005251
1564209.169505 749.412917 458.038010 0.006988 0.006546
471659.941818 683.806797 242.614189 0.009528 -0.009803
234378.384535 216.602423 129.627099 -0.009257 -0.004034
1581110.075852 613.181629 117.752337 0.004194 -0.000964
1733102.233956 757.755219 78.360007 -0.010135 -0.009513
222272.466972 206.626482 219.771111 0.008445 -0.004776
7593.072023 394.626874 189.897625 0.010701 -0.013210
1961038.188991 2.139830 13.791688 -0.004580 0.009651
554464.627316 401.920581 7.449405 -0.000263 0.010837
821613.773155 227.266992 322.331653 0.004131 0.015562
24485.756655 378.617820 502.000185 -0.014268 0.008815
196372.594776 203.419408 587.565994 -0.001419 0.018575
718005.964867 374.894854 274.711256 0.007029 -0.010279
1252709.545778 525.308907 142.532936 0.005953 -0.018323
1958473.456073 741.400593 326.396417 0.019637 -0.003218
628831.249023 321.959317 421.766068 0.014048 -0.019638
1185057.482303 690.608349 289.279986 -0.002860 -0.019727
406775.272641 421.392132 156.903570 -0.012809 0.019550
452064.211691 432.968981 275.851219 0.007359 -0.011338
1391094.198167 248.843604 524.460449 0.017286 0.018347
1830316.959801 730.348534 531.843638 -0.001630 0.016150
610994.441719 618.533015 183.905154 -0.019649 0.004987
631021.334152 481.572963 292.472697 0.011878 -0.018661
989235.750860 1.590368 334.305194 0.010237 -0.012652
1098658.789461 784.766170 434.991339 -0.019641 0.006629
1883467.686308 564.284061 585.907024 0.012700 0.005477
1871849.530317 584.551214 330.786189 0.012870 -0.012429
911993.535660 102.031394 577.673547 0.010532 -0.014570
1176139.691461 61.918671 443.141689 -0.016942 0.015033
1537174.407177 456.490827 526.591473 -0.006945 -0.006940
123261.179832 700.667942 184.944098 0.011580 0.015185
1946848.674653 582.871572 354.056645 0.017985 0.001721
457599.283409 708.769588 164.372426 0.011216 0.008296
926562.791190 189.192069 501.243204 -0.001061 0.020302
1942178.605097 11.894149 45.685353 0.008383 -0.016364
1905775.863633 382.454163 397.227409 0.013252 0.012157
1975712.466974 713.758732 407.824993 -0.008247 0.007160
1128937.655654 214.899756 243.914731 -0.013858 -0.011232
1900458.380534 306.410737 62.357886 -0.011054 -0.013434
1623668.112617 549.862722 239.908174 0.005854 -0.015460
798515.523224 494.077928 76.896192 -0.000969 -0.006935
438456.544857 343.405591 482.484235 0.015173 -0.009712
1216805.763178 694.787006 90.952093 -0.008491 -0.013412
1661706.700764 681.644582 259.540281 -0.010492 -0.019718
1303971.794110 150.614352 234.007783 0.010266 -0.003520
1107963.914568 454.955560 59.202024 0.018172 -0.011406
425643.800956 282.763655 499.703651 -0.006775 0.013451
318262.858465 448.750339 155.024959 0.018555 -0.002311
1036196.117772 457.752315 186.307321 0.006822 0.014500
948553.069005 401.147172 427.521409 0.016355 0.009465
1438074.149861 447.286978 555.910383 -0.015628 -0.007472
677338.477540 530.471732 530.571206 -0.002496 0.004697
197747.041563 520.808457 583.101292 0.017234 0.019661
1601492.672973 71.934586 330.968122 -0.017637 -0.017825
1987075.958395 461.676168 375.389330 -0.007839 -0.010076
971748.938305 622.005171 449.231456 -0.012076 0.007409
974474.447302 733.620197 146.526836 -0.003446 -0.018930
1121549.802423 602.099933 413.406582 -0.002206 -0.012390
613932.794246 434.830098 504.566604 -0.008865 -0.001005
1665525.531241 62.993831 338.935310 -0.004541 -0.014507
1238773.710671 302.616058 429.371624 -0.010183 0.007289
1925637.924078 585.186804 276.302865 0.008453 0.017189
290519.337305 158.721439 507.967749 -0.004380 0.004497
1745488.432117 760.777386 219.040118 0.002466 -0.004187
1111265.337612 695.235739 563.449616 -0.004205 -0.013987
829182.160473 183.901999 135.774622 0.019217 0.004578
728391.627189 479.148189 596.034077 -0.016851 0.013725
1349985.243450 33.598621 345.828154 -0.014555 0.010158
1010733.056353 224.001939 571.448075 -0.005920 0.006802
1129411.861826 180.013521 372.958086 0.017208 0.011479
33999.050983 388.828619 393.864967 0.018855 0.015303
1606354.705806 296.536884 66.798142 -0.018802 -0.005952
1451822.744427 314.986957 570.294893 0.008760 -0.001039
1590584.168020 314.943413 309.291177 -0.005147 0.001144
538209.161040 701.114162 485.094146 -0.011155 -0.010862
958317.440449 628.454382 272.025107 -0.015989 0.008643
479655.517489 94.215295 120.517038 0.015845 -0.017029
167238.956395 558.875276 267.245533 -0.012179 0.009130
1592486.357127 737.061629 73.153119 0.009859 0.005616
1189583.299304 433.324811 20.568999 -0.015560 0.016559
1124831.962923 303.365117 474.123959 -0.005176 0.004016
37146.621401 680.331404 232.342751 -0.001135 0.018043
205026.889315 569.015326 40.982123 -0.007868 0.004302
284161.461650 310.144378 183.743614 0.003490 0.003331
68690.410847 306.443641 301.979584 -0.013751 -0.014789
287411.349028 600.420263 403.652408 -0.012906 0.014453
1171263.018237 591.756519 143.939488 -0.004977 -0.015531
1682127.158941 315.188900 577.238829 -0.010884 0.014573
1824708.168313 264.550778 346.548010 0.019216 0.005362
369206.509725 98.063002 13.222399 -0.000371 0.008402
1208981.916871 419.729576 56.056446 -0.015659 0.007256
446720.970071 201.940906 259.144697 0.015813 -0.002829
586212.983628 385.021492 101.847792 0.001339 0.014291
560717.814863 299.472995 150.812389 -0.010338 0.004120
234257.601311 123.577455 559.175499 0.007792 -0.014617
1133248.557864 703.373914 154.309682 0.003534 -0.005192
1934248.125150 153.919492 536.787665 -0.017577 -0.007946
1152133.833222 226.515035 331.637434 -0.019684 -0.012906
1965200.129880 240.652788 396.586802 -0.013880 0.013377
1034901.121182 345.991090 125.749126 0.010809 0.006923
1623246.405098 708.836392 497.100498 0.009754 0.003209
1926329.093951 248.339196 275.996183 -0.011180 0.015962
1658576.383096 150.310137 54.955846 0.008975 -0.010074
786221.519479 240.596356 318.805423 0.017818 -0.007682
1421758.733421 743.005092 365.365054 -0.004983 -0.017054
888519.625593 711.200076 307.897370 0.006024 0.006231
374128.679919 371.772205 325.732047 -0.019383 -0.011611
247207.860577 782.963479 311.766834 0.003302 -0.012042
838233.393076 329.874078 231.776300 0.000609 -0.014431
1269501.125100 723.053595 262.391756 -0.013899 0.014860
1490342.234955 701.670246 467.399444 -0.005826 -0.010057
1720173.599068 639.063584 82.443282 -0.005110 -0.001877
1589947.016719 447.940239 550.734515 -0.006479 0.003060
254199.274003 369.619101 332.118088 0.005898 -0.018209
1506623.924480 52.696776 274.408056 -0.014401 0.003090
1187558.641279 619.496224 289.258439 -0.018784 0.017647
663885.182079 620.290058 490.768096 -0.015549 -0.014782
134186.233456 776.855816 557.530904 -0.011841 -0.006224
763995.101100 799.462470 542.566773 -0.008029 -0.006497
960104.740672 341.115673 479.447635 -0.018609 -0.017005
1689167.128731 629.858119 84.514817 -0.007906 0.017116
1435140.350571 716.229376 421.858700 -0.012036 0.017047
1287450.956780 425.035387 421.446610 0.033320 0.001158
1664884.491668 423.645251 368.395496 0.010559 0.009341
1916152.068375 115.403059 439.982875 0.014433 -0.002269
142374.806172 274.416930 522.220446 0.014832 -0.004931
1889104.925044 572.007388 98.224201 -0.016644 -0.019298
184043.514628 642.153510 547.303713 0.011782 -0.019929
1678137.485719 350.634309 319.793361 0.001623 0.016045
349432.717240 299.025932 257.526142 0.011520 -0.014604
327130.583267 597.499320 167.631403 0.015872 0.004361
1445781.852792 774.587246 571.287062 0.003726 0.013547
657045.848974 430.380265 332.767818 -0.000286 0.004917
1143416.638087 467.927329 255.006873 -0.000619 -0.004818
853229.746620 259.300969 490.925335 0.018361 0.014568
1436276.935710 106.713935 143.252888 -0.014057 0.016931
747046.145027 249.266557 400.915980 0.006107 -0.011757
555282.349025 300.291292 106.298123 -0.010824 0.018766
31011.744417 446.327603 303.860020 0.002802 -0.017975
259713.421697 113.370721 381.504886 0.002207 0.005057
30230.289339 785.599584 570.296376 0.013298 0.017661
1629124.594680 440.388369 44.840313 -0.017895 0.007952
1993199.337271 341.138441 5.788741 0.006605 -0.016815
437214.899080 754.186172 272.517863 -0.004218 -0.013117
847463.854052 328.858350 438.397902 0.017224 0.019223
1561464.248021 48.449457 73.431819 -0.003334 0.004613
1496915.452879 345.376516 358.204683 0.007979 -0.009429
1076064.875850 410.412836 489.223699 0.004502 0.002610
1028186.607653 487.290880 594.935923 0.000950 -0.009057
141764.248787 594.369956 129.976708 0.001007 -0.014467
778578.041484 759.095421 329.522703 -0.015254 0.015197
1058486.954802 720.136432 564.273698 0.005945 -0.007209
1112790.978101 319.651018 448.417365 -0.013854 -0.016073
24501.685065 553.686053 366.532309 0.013094 -0.007836
353571.678676 273.022924 548.311518 -0.013261 0.014622
375264.103699 191.554985 365.556062 -0.003808 0.010609
1493884.026769 635.071824 428.954851 -0.008192 0.016528
1188817.119779 659.917046 487.989652 0.001404 -0.000928
259519.063057 73.527705 525.539454 0.015128 -0.010178
1949033.547169 712.018806 562.388814 0.003451 0.008704
482529.103981 609.681179 35.816083 -0.013820 0.017255
1850091.109914 273.819507 102.607501 0.001379 0.009872
1871495.037280 224.828752 324.697583 0.006101 0.002965
908785.677938 195.408719 241.046296 -0.009282 0.011204
1755362.652128 318.213622 522.493492 0.010157 -0.008996
232765.271437 582.386549 98.915719 -0.018002 -0.007336
1765166.354256 236.096541 45.913506 0.017671 -0.002012
15434.920795 693.106703 474.818601 -0.012874 -0.003990
1077013.659792 90.954137 409.141476 -0.016814 0.010589
516053.778360 427.299304 5.492281 0.006382 0.012097
1576709.125925 429.782937 119.345042 0.006404 -0.008351
948767.654108 620.815777 11.945847 0.005588 0.013189
667159.362075 417.592260 74.324982 -0.003591 -0.001443
1146380.339352 334.199183 198.368215 -0.005378 0.003857
1462269.868451 722.486578 426.648973 -0.003543 0.019278
949273.004639 536.542197 309.890547 -0.000661 -0.006818
636841.273232 217.393258 520.643038 0.000698 0.017244
316267.470045 793.333292 424.362997 -0.012919 0.005283
1072709.865436 409.064828 92.507011 0.006413 0.016867
1234697.917120 187.151592 203.617965 0.017921 0.003935
1871003.135047 543.292705 300.476519 0.005839 -0.016339
968257.898916 96.020026 457.483375 -0.019874 0.004204
184803.100389 255.801528 525.665062 0.018336 0.013472
1613704.762242 94.149154 497.166493 0.000560 -0.008182
920804.219749 40.333342 484.027018 0.004730 0.008371
1455508.939668 184.710208 566.158847 -0.017315 -0.012833
1084419.887087 1.603627 515.003635 -0.018238 0.005934
1899527.167855 422.340028 461.386781 0.008467 0.001128
745706.753221 643.382176 508.916271 -0.010098 0.010552
1369434.811813 44.286760 529.078995 0.000560 0.002781
353913.564400 779.617359 371.821286 0.019307 0.003531
660308.989072 568.714608 491.842360 -0.009043 0.011121
1997036.600484 653.427004 468.657047 0.014266 0.014404
857968.969670 644.878274 232.628211 -0.012088 0.000742
1832483.595159 456.847424 194.061292 0.011089 0.012390
174050.590104 359.420342 525.154286 0.018759 0.018487
887791.815627 116.181362 561.537888 -0.017446 -0.014848
1048845.100705 314.772742 504.253615 -0.006250 0.006700
1236598.032171 273.747371 290.291772 -0.004036 -0.012067
688449.854352 662.494894 2.815817 0.009263 -0.018953
1047717.716101 518.814371 357.871672 0.013895 -0.003496
831685.772553 746.927965 516.941093 -0.008420 0.016115
1646809.537731 587.698067 29.223641 0.010389 0.011927
354697.854423 226.989461 114.980457 -0.019288 0.005136
1718570.137265 508.538078 581.792170 -0.006273 -0.018629
338487.908402 549.927803 517.494981 -0.013006 -0.003232
1776805.868268 558.753342 40.728698 -0.000610 0.001830
960078.654327 720.521276 287.255513 -0.006579 -0.012448
763596.911339 131.502002 555.731318 -0.002773 0.016995
1446903.674606 486.299905 125.213175 0.016862 0.005167
1673049.761761 619.610302 156.166873 0.012243 -0.015285
591079.477496 780.571296 482.987982 -0.013691 -0.013979
450261.526019 37.064202 509.503433 -0.008263 0.001258
788880.985598 618.703040 259.084194 0.014940 -0.015431
1247242.441982 204.386181 167.245641 0.001995 0.007424
405506.701397 218.085204 175.513158 -0.003539 -0.012429
1835863.754077 197.962629 576.705767 -0.012853 -0.017832
159031.381905 379.749069 18.525177 0.015402 0.005311
362722.217274 87.699473 407.303829 -0.018651 -0.003810
420997.232395 340.064530 105.462960 0.005795 -0.007907
580167.091722 213.230147 332.660189 0.002775 0.012610
479025.265425 617.083624 52.781566 0.001293 -0.012685
552036.800679 360.101600 258.332651 -0.010477 0.005114
969986.005207 253.880019 61.807278 0.000721 -0.011931
1471710.388303 557.564180 187.649144 -0.003400 0.009160
1430984.936390 500.589980 91.284234 0.015653 -0.009266
902052.609670 144.886526 320.991948 -0.019789 0.010005
700700.571156 195.574459 313.140364 -0.002450 0.011070
1408199.004553 571.518601 136.820938 -0.014615 0.018110
1713095.736556 495.959405 161.652265 0.018409 -0.014603
944491.339356 556.903282 498.990991 0.011379 -0.015570
1119457.834922 400.312157 441.501824 0.008485 -0.004351
8319.607940 130.607843 343.724326 0.001558 -0.013272
647061.014849 711.607034 247.518720 0.013807 -0.006852
379545.065751 439.245778 25.768096 -0.003327 0.007330
1990576.603445 218.782129 181.628550 -0.009387 -0.010666
876473.971119 589.778781 557.736895 -0.009186 0.000887
80381.552726 664.359949 13.420028 0.011034 0.001697
828036.629980 624.679129 423.192529 0.019510 -0.007207
1747623.103553 248.529934 124.681822 -0.008535 -0.013752
1072386.123739 381.150406 423.374313 0.003191 0.015738
777386.485961 459.498108 100.636710 0.007650 0.013586
801906.589792 103.871018 346.029353 -0.006797 -0.003962
197987.358178 296.222464 138.069846 -0.015154 -0.014132
1545926.498969 428.240112 556.336210 -0.000634 0.001106
492654.834172 281.843827 500.250241 -0.001440 0.005307
1978982.283724 792.805670 69.229603 0.007765 0.002807
17631.095842 66.335870 86.546075 -0.012956 0.010998
1966499.848276 461.676210 543.365859 0.003102 0.015532
611006.784537 527.308573 167.143527 0.001452 0.011210
850069.038966 247.137066 189.671991 -0.005917 0.011501
1676786.882652 478.987056 83.601787 0.006886 -0.017866
1557780.060711 529.486338 26.260329 0.015765 -0.005739
1227310.625476 722.612557 263.202024 0.010823 -0.017747
428616.731627 592.293046 393.482924 -0.015227 -0.007965
1127178.874392 340.179486 576.365984 0.013663 0.018423
1480731.590409 213.072334 162.133281 -0.017758 0.004781
115335.758829 715.328976 130.606751 -0.012097 0.002659
541498.807511 781.058909 137.036843 -0.007428 0.014831
1167776.423119 742.298778 464.365563 -0.019065 0.007411
1705487.274428 189.980394 255.871549 0.000333 -0.005719
1455042.508177 58.089910 469.364757 0.007514 0.016568
1485351.840726 341.874602 108.581542 -0.019522 -0.000649
1600046.444498 55.915637 226.855368 -0.019284 -0.009273
1889695.885540 230.412168 146.813507 -0.013086 0.004135
230475.999522 605.616116 319.102809 0.015526 0.011182
434670.210087 593.452723 10.134069 0.005757 -0.009960
748135.628527 296.919371 193.374989 -0.013699 -0.017657
474188.291689 718.683292 292.453295 -0.003298 0.016318
1941577.332067 174.361115 588.720690 -0.006021 -0.010632
499196.726130 235.237033 314.417533 -0.000248 -0.001312
254300.674542 487.638117 134.033037 0.006356 -0.000090
6325.354803 700.344774 143.997788 -0.019183 0.000815
980919.682878 315.837400 534.899268 0.012545 0.001982
1900851.625903 40.316168 269.177304 -0.002559 -0.001267
719689.197242 326.319176 412.209453 -0.006341 0.010293
1844748.197982 472.766195 30.446077 -0.002163 -0.016575
1036199.990211 459.081917 416.498804 0.009648 -0.010739
385683.919483 595.666720 65.100596 -0.002693 0.010616
1256102.471266 738.631337 95.915452 0.000678 0.009813
1419511.694191 375.639114 472.600154 -0.013640 0.016263
511292.832210 414.989104 189.449830 0.017689 0.014398
145034.134456 691.426619 270.263712 -0.015048 -0.007554
1071721.370831 513.325486 530.738025 -0.010798 -0.004670
233847.819378 338.362779 77.148490 -0.011019 0.014217
1786277.592083 682.109976 467.486388 -0.017901 -0.005091
1031918.257955 609.769242 505.847881 -0.007877 0.016827
1499349.890975 446.599653 263.472970 -0.017360 0.000062
597617.807145 110.160742 219.210916 0.009999 -0.009540
1353622.215499 228.349776 541.944021 0.002465 0.000630
573296.933702 542.697644 563.746340 -0.003404 0.016138
1590131.532210 246.359725 453.856454 0.002996 -0.005562
258416.177825 72.672369 73.681339 0.018867 -0.004269
87595.200207 577.086069 571.505305 -0.000685 0.011451
906233.425674 625.648043 554.268519 0.012749 0.001245
370032.188655 396.145163 489.595609 -0.016462 -0.017730
664767.085884 299.714685 441.609098 -0.009137 0.011578
1278253.811075 53.083643 58.610000 -0.004142 0.005628
916040.443311 420.033145 438.715493 0.003228 -0.000151
249204.321880 499.460549 130.491012 -0.016939 -0.015704
8661.484350 424.221182 533.520855 0.017141 -0.006054
841302.204338 90.247503 506.294730 -0.010489 -0.011968
1802783.200425 455.831356 346.006196 0.005478 0.013643
731632.451868 220.873231 544.647785 -0.001433 0.006859
1096714.972098 736.874031 118.101843 -0.008812 -0.000012
1386984.768969 323.670420 76.222264 0.016467 -0.000751
469499.863903 732.370171 6.706305 -0.015018 0.013787
718651.906922 435.602753 574.440870 -0.011854 0.011251
316653.122342 84.167798 211.232421 0.009754 0.009349
385530.231700 79.940175 10.908367 -0.015988 0.002561
1379939.433830 519.227023 291.340955 0.015438 0.017156
1974529.288697 463.914173 199.397504 -0.015476 -0.000369
1626419.535664 279.533942 244.584645 0.012970 -0.001066
503204.831157 146.342018 10.738044 -0.011632 -0.004514
1600260.999799 293.258148 294.721838 -0.013930 -0.015945
467442.890847 275.486123 121.038901 -0.009920 -0.002202
1530910.291491 753.216950 56.386474 -0.009997 0.013163
43405.273949 190.029871 245.206969 -0.005813 -0.005901
1801413.789299 133.642318 421.069228 -0.007680 0.019663
348673.859774 447.732632 104.860396 -0.012291 0.010750
1122384.702378 793.642896 81.023348 -0.017904 -0.014237
474000.488629 229.287442 293.427318 -0.002439 0.001551
1867761.544822 163.015467 288.123177 -0.018878 -0.001830
617712.498930 39.464117 415.346339 0.008736 -0.003856
88793.583256 494.964254 342.596333 0.009866 0.016991
1123119.018564 736.061118 291.767563 0.009399 -0.015511
510837.786138 237.624172 62.720479 -0.004344 -0.005989
498234.962345 502.563220 381.698633 0.009529 -0.017333
350510.791107 537.722328 162.783133 0.006239 0.007963
1451432.125387 771.435130 449.247476 -0.003340 0.007323
303273.376219 370.179273 180.096871 0.008882 -0.011673
454803.713809 227.056163 76.286373 0.008587 -0.019208
480071.545802 775.582802 189.898332 -0.006233 -0.005566
1333575.176696 474.953152 592.989543 -0.007814 -0.006721
110627.538576 382.903983 2.091631 -0.006977 -0.014567
1406769.050940 41.605554 59.205231 -0.001895 -0.001187
1561676.394922 482.458991 559.439811 -0.016755 -0.006989
281255.947557 246.853344 365.086957 -0.009254 -0.019074
1257382.930842 407.155388 595.899477 0.017797 0.014126
706537.016996 489.603983 268.640578 -0.006335 0.016642
1558318.719993 317.943455 236.910960 0.011338 0.008938
1057752.200895 389.338392 465.685285 0.005108 0.017514
491364.625511 326.475596 325.147596 -0.012864 -0.000410
1734950.389590 255.143438 479.261599 -0.000928 0.003494
1643357.573842 84.511759 57.148322 0.012570 -0.017967
1898263.090243 134.009151 397.726726 -0.004150 0.000393
1157183.811607 140.752099 544.327070 0.018935 0.018338
1260090.642264 401.527019 266.773001 -0.003780 -0.014823
767107.214205 521.362655 323.095153 0.016996 0.013179
55740.578126 634.637796 88.928985 0.013037 -0.009271
1471867.368311 518.832684 224.898369 0.013042 -0.001636
851158.514084 624.406969 377.830395 -0.016459 -0.012918
279214.015361 533.248130 211.719244 -0.018176 0.005621
622537.959657 541.194049 84.954744 0.010262 -0.016718
543551.074594 112.231440 439.471070 0.012660 -0.017361
1125283.938425 670.318903 515.175818 0.008431 0.006541
255944.995329 357.692960 187.250026 0.000113 -0.008835
1549879.616848 742.670271 35.512003 -0.003802 -0.019307
474171.187949 435.846876 410.426171 0.003575 0.003647
648167.413030 720.790961 160.402500 -0.001353 0.006305
697835.028496 590.077103 478.476038 -0.016725 0.001913
1725670.433475 515.877657 231.194026 0.008699 -0.005475
99429.388577 679.248726 481.622089 -0.005521 -0.005937
163663.104253 109.409432 168.314006 -0.008634 0.000296
594763.153510 303.425587 52.514183 0.019267 0.018777
1355525.087265 244.678855 521.962203 0.017869 0.010909
1053977.892294 234.891106 305.700860 -0.007018 -0.004947
115031.983757 149.725907 12.576414 -0.002310 0.016321
752375.869431 393.931649 454.890579 -0.012794 0.014193
219437.964363 208.651914 595.059853 -0.004391 -0.003924
1068114.026016 550.182200 468.982355 0.004834 0.006839
1499866.051366 239.050586 584.353707 0.004749 -0.010276
1491842.997955 116.978934 322.395667 -0.009738 -0.001141
1826279.228472 250.852387 395.061791 0.017316 0.010248
1133058.067007 247.627381 149.329027 -0.007039 -0.000441
207507.431604 346.784256 450.119293 -0.016174 0.012960
304737.184339 504.134192 306.825562 0.017353 -0.009998
361247.467977 546.672244 329.431943 -0.013808 -0.007881
1585793.637478 720.519099 269.514131 -0.006772 -0.013798
1841064.114050 194.788369 281.450452 0.003172 -0.012875
451362.950938 116.090692 291.965262 -0.001005 -0.001228
1950936.490647 462.846508 542.090868 0.008276 0.007716
1454702.783122 701.847959 182.482526 -0.010451 0.012476
1108684.254395 335.427677 297.094623 -0.015855 0.002984
1596490.624173 717.026024 285.030244 -0.011666 -0.010732
1263706.185512 134.424767 282.346731 -0.015934 0.009881
1294332.516982 261.348232 535.571772 -0.014660 0.012053
723046.520130 87.231966 228.267954 -0.009399 0.013366
107937.715067 793.562722 427.024827 -0.005723 -0.010802
1046872.077066 729.206868 390.120556 -0.019325 -0.019444
450965.188654 653.556058 546.985804 0.008022 -0.017422
278162.196408 266.304732 139.804394 0.004373 -0.002629
1960316.196066 205.496185 456.641646 0.014895 -0.004393
1125740.257616 187.475061 299.749380 0.017719 -0.000063
668170.334151 797.074774 294.318595 -0.018175 -0.005832
1443825.863043 455.577691 159.976260 -0.005090 0.003542
564375.188464 478.363038 242.729745 -0.012222 -0.008030
938961.728913 266.985115 379.542881 0.008085 0.017700
132214.712972 546.466155 119.634685 0.013235 0.002215
1179224.623916 311.815694 473.245364 -0.016464 -0.006666
575213.267736 338.857707 197.896001 0.011051 -0.001205
1368718.602401 400.580732 23.746476 0.018035 0.014938
1254302.726711 186.049063 282.730467 -0.018675 -0.002902
1541011.519516 401.087848 456.357128 -0.003913 -0.011858
1407684.757098 375.191166 531.897080 0.016143 -0.008174
883750.411162 393.990652 411.726878 -0.010662 0.003294
38293.802197 414.639128 2.978414 -0.006037 -0.008104
949396.727117 26.712043 478.637042 0.000583 0.019409
1340193.529306 112.424915 130.099616 -0.014313 -0.013068
1289556.392138 729.457717 404.454143 -0.003801 -0.007431
1756783.113702 87.925028 469.358810 0.010554 -0.019626
157687.638028 165.859749 303.280594 0.010623 -0.002491
175039.783202 626.929088 573.505345 -0.016273 -0.014667
506304.289450 453.595997 99.536652 -0.017963 -0.016729
301433.914481 576.129436 133.579328 -0.005333 0.014515
790027.673724 9.866899 464.114245 -0.017204 -0.003253
176035.711624 758.514337 317.098603 0.014815 0.008521
1081972.172988 759.466568 552.164619 -0.018207 0.008647
715741.816310 107.092928 299.073357 -0.007415 -0.010926
1263880.632475 454.151742 476.674299 0.011933 0.004699
1751026.801649 758.971281 202.576107 -0.016137 -0.007304
399196.095951 394.520247 198.006910 0.019018 0.002415
1496994.359185 48.815770 306.225048 -0.008913 0.017283
445396.929255 653.847573 529.521168 -0.014298 0.014554
1193553.106484 400.096047 599.234090 -0.016142 0.012560
450224.472419 581.640367 229.308999 -0.019237 0.001037
1999453.321099 715.813158 285.477885 -0.005135 0.019605
1584501.028799 429.448887 291.136022 -0.015109 0.000408
94458.571679 696.586682 342.721790 0.002272 -0.014107
1007827.074736 623.664150 579.386481 -0.004562 0.016871
1658558.308919 786.448001 253.395389 0.013092 -0.016889
475365.567242 42.237971 483.173078 0.004498 -0.017029
663714.367274 495.900635 580.582212 0.012244 0.018217
1919117.403179 479.327076 296.807213 -0.002184 0.008833
9624.167350 393.664312 354.862304 0.003061 -0.018038
1478876.057770 64.505517 497.192092 0.007945 -0.001373
1502145.321808 426.744779 269.331185 -0.013029 -0.005540
1054818.871922 329.196441 248.014818 -0.006669 -0.018738
972186.690649 532.081453 390.608493 -0.001888 -0.001122
1216433.286302 329.789051 43.099358 -0.015879 0.014304
1585452.240699 85.822560 209.806524 -0.004611 0.007211
796849.675848 99.154885 458.871050 -0.011031 0.013103
461377.134761 782.709070 217.206336 0.007163 -0.013907
1447663.852688 165.438172 338.347367 -0.014478 0.001613
1190708.408687 498.937294 123.018158 -0.010151 -0.016984
1355477.244293 683.908064 294.192466 0.009984 0.018271
694211.989964 433.603223 39.123259 0.007887 0.017087
1497031.391364 75.974178 30.344073 0.000515 -0.007105
1759090.904966 594.608913 180.102851 -0.010324 -0.003074
904928.793621 772.293441 377.953278 -0.019361 -0.015855
341892.055395 489.236108 436.892809 -0.004947 0.014342
1609370.418642 43.273180 427.877624 -0.008197 0.012132
1339833.364515 513.375957 206.970474 0.009408 -0.006435
543533.833951 386.284916 260.189626 -0.007100 0.019803
1510075.678821 161.334770 443.602824 -0.017785 -0.002231
325429.097901 406.470135 246.049501 0.011719 0.000969
1027532.088117 771.091874 81.332152 -0.010373 -0.006353
1987715.010526 37.057776 236.872552 0.008277 -0.006371
396776.620483 301.220645 588.842670 0.001749 -0.015584
639902.701899 652.477113 356.125592 0.010135 -0.014494
1179865.857204 406.214379 204.085372 -0.006849 0.002535
1568458.621189 393.394700 42.446741 -0.012226 -0.008582
1190290.628555 566.628691 150.010016 0.009234 0.017978
1180185.991889 580.228932 597.284423 0.019393 -0.002779
672088.553511 146.639975 484.883281 -0.007348 0.009074
1837656.663655 510.365587 325.340879 0.000515 -0.004371
1360614.323691 81.845760 539.222648 -0.019200 -0.002737
924125.776125 643.699925 554.950752 0.001315 0.019939
418950.309241 102.566465 424.447665 -0.001737 0.014299
1312754.557148 39.293093 349.980489 0.006066 -0.018668
30587.249450 790.664012 130.368725 0.012904 -0.007755
1889215.610870 593.544106 566.151067 -0.000535 -0.009824
669560.509114 133.618664 214.316498 -0.010654 -0.012489
1579576.984783 556.693569 595.124586 0.008579 -0.010889
1982244.182370 738.954250 214.102728 0.007923 -0.004708
432350.935616 283.780749 258.370788 0.011987 -0.019761
930735.730068 652.489808 596.726882 0.007309 0.005525
600671.720971 501.808283 227.965305 -0.010192 -0.015426
1270601.892504 463.647777 169.356867 0.019708 0.012515
938976.299455 626.143467 304.956880 -0.001541 -0.000142
1474031.937064 361.950974 251.836921 -0.016248 -0.013952
1605130.416157 247.931835 302.859999 -0.010658 -0.015581
1023340.410098 559.397437 555.346177 0.000247 -0.004725
1128556.229700 645.458367 5.436519 0.017757 -0.017955
248420.950141 463.966832 377.858163 -0.003947 0.002732
884577.235619 700.796024 213.289076 0.018009 -0.006570
1704879.713107 549.866246 474.312774 -0.009092 0.011209
1882055.445519 60.131101 54.909832 -0.002170 -0.007615
404206.608610 766.094964 4.969991 -0.014895 -0.001427
780987.060993 553.614430 162.347770 -0.004034 0.005500
642018.800900 419.890978 130.525088 0.018033 0.017213
1579863.075903 314.073348 483.439083 -0.014206 -0.006284
286431.929230 798.828083 18.461554 0.017334 -0.009138
1625355.291937 699.837059 207.424363 0.016180 -0.007137
1310099.705732 85.387941 167.009544 0.006568 -0.010598
1485499.756171 42.693785 555.880461 -0.019456 -0.001833
1126826.147142 267.552687 586.889464 0.011211 -0.008630
1817754.082297 456.408451 406.851923 0.008593 0.008648
42605.713030 686.062342 428.648176 -0.017686 0.011558
1969490.396776 691.913706 399.682777 -0.006761 0.010784
1972945.507603 788.404752 525.780582 -0.009409 0.005964
221002.463354 5.966178 421.406020 -0.018499 -0.019155
314139.836614 480.051388 213.036637 -0.014577 -0.004773
1280098.799281 35.365127 570.868136 -0.007264 0.010339
1334025.561499 271.209936 370.270214 -0.004775 -0.004327
817314.073824 292.257063 154.123450 -0.017002 0.007868
52254.755074 49.050193 409.186982 0.016103 -0.006937
662711.798522 9.787294 200.038532 -0.018612 -0.018001
710212.109941 153.326314 389.975039 0.008413 -0.006921
61999.699130 280.710333 222.953681 0.019300 0.006749
261157.692532 519.486106 4.019394 0.009910 -0.018774
797766.605764 125.333585 237.306276 0.006226 -0.010771
184709.901076 545.517006 175.158436 0.010991 0.003322
1235796.007903 85.123991 357.628852 0.018098 -0.014395
1292608.929469 245.453568 198.637860 -0.008136 -0.019318
1317389.029692 261.609907 220.488552 -0.018788 -0.007607
71927.786838 128.119653 575.554529 -0.018266 0.016309
1977614.946653 353.664466 38.650637 -0.004644 -0.016065
591803.305127 381.712465 467.366994 0.003519 -0.009936
726241.200569 164.876210 214.246750 0.018394 -0.013695
995710.504705 485.056076 279.077806 0.013158 0.016102
963862.695249 390.922372 138.005705 0.013992 0.000726
1079147.418532 708.512562 407.737620 -0.000014 0.017193
1174876.041326 389.782925 223.008494 0.006099 0.014867
937689.950195 758.443732 209.316590 -0.010087 0.001403
1200871.358253 489.389298 445.048336 0.018308 0.002829
1798372.363578 364.563267 105.962609 -0.005458 -0.008567
158766.744732 676.389037 464.399500 -0.007582 0.007845
584123.108808 679.547231 348.475073 0.018825 -0.006109
1019930.488905 447.089454 500.320871 0.015241 -0.011567
1412068.961846 279.604776 95.601414 -0.017817 0.003953
1390465.348675 524.172298 125.714744 -0.002530 0.004549
1560588.704217 269.236725 41.639552 0.018291 0.008015
709118.110458 28.953866 327.174128 -0.014853 -0.006235
481739.437432 336.546420 116.843025 0.012838 -0.004336
1084185.081108 265.368397 569.660004 -0.004949 -0.011494
321427.933090 65.766346 337.460713 -0.007380 -0.014420
322096.383349 12.007638 475.475427 -0.005158 -0.001926
811598.476400 120.546014 472.527426 -0.000997 -0.015688
975828.599639 663.191798 87.076311 -0.018663 0.018325
980873.326296 219.587708 226.527695 0.007420 -0.016146
1538962.265262 182.119304 256.890201 0.008809 0.004163
1281944.833362 703.775992 411.457558 -0.011794 -0.012040
1646853.441208 292.065116 129.249069 0.004642 0.009422
1334224.681991 17.364371 531.646940 -0.001771 -0.000138
1987979.200663 754.193059 196.089261 -0.014456 0.019104
567825.405192 503.267778 150.343397 0.006549 -0.007397
693992.653253 345.433920 324.703120 0.011072 -0.013994
290886.182473 333.056946 18.609606 0.013265 0.004816
461579.700216 523.996114 590.715355 -0.002173 -0.009185
1440439.939238 90.480097 175.711185 0.004268 0.002723
1578856.275221 479.912071 306.987951 -0.015376 0.009519
975708.803616 319.792190 220.243509 0.009549 -0.017521
1363849.989774 68.313956 296.111962 -0.011054 0.014432
1287670.666020 295.368614 165.743652 0.006991 -0.011978
1793086.186886 724.698208 513.298507 0.015254 -0.005943
253419.465503 481.220684 278.358568 -0.003117 -0.011665
65064.939701 167.152522 484.775528 0.001754 -0.007021
1093948.624606 25.708130 434.604058 0.016611 0.010813
1570950.974510 477.080959 513.909268 -0.008899 0.012839
1433502.711092 738.274642 113.599397 0.019700 0.003921
779698.448619 711.748055 301.718126 -0.010205 0.010881
1707668.152502 297.658702 224.014169 -0.007287 0.011691
1161722.038482 280.471285 0.705802 -0.004413 0.015800
650195.260835 748.454341 556.044886 -0.018002 0.014026
1393276.303724 667.672841 268.044959 0.002112 -0.015477
534900.189626 215.529746 21.014499 -0.001728 -0.009467
1264731.390059 676.890554 91.349252 -0.014608 -0.016306
1848317.172308 790.777121 278.426307 -0.008136 -0.007734
512088.236637 702.171227 394.342053 -0.009745 -0.009291
1104225.446984 465.395543 121.953907 -0.000860 0.005241
107543.810321 140.002864 279.408873 0.000015 0.009133
1156781.673039 614.898172 598.069438 0.004540 -0.011017
520065.349769 196.816267 42.887709 -0.003473 -0.004753
327390.441823 269.714412 221.899696 0.005101 0.005372
1353004.063178 707.104142 306.950526 -0.006566 -0.014393
1558240.596931 709.344873 433.379864 0.019290 -0.005445
706633.334377 29.039950 323.758128 0.012772 0.001565
534505.464385 317.459085 182.904472 -0.009436 -0.019551
1061346.780072 419.647695 154.523450 0.004140 0.017544
1275778.349152 612.398790 164.498136 -0.019705 -0.004258
1816858.008419 547.162809 166.441842 -0.003177 -0.019284
837596.447597 159.407566 542.298948 -0.014380 -0.012768
537634.699856 395.941569 130.521013 0.012328 -0.007454
1509630.032587 60.091155 426.061763 -0.020956 -0.008467
1442342.147903 473.210087 518.433707 0.019149 -0.012306
1603574.954720 492.435514 575.710484 -0.016943 0.004952
706735.606634 787.732479 184.456186 0.005233 -0.003789
651319.147391 39.967501 362.548714 -0.010788 -0.012361
1573016.600485 398.586971 411.518907 -0.019881 -0.007692
1998835.487291 607.470596 229.904470 0.008383 0.012772
1445522.677826 344.827823 246.205103 0.003483 -0.003642
1207599.107738 311.279924 14.989399 0.002531 -0.001359
1297106.122271 733.591179 269.836898 0.018188 0.001911
1709409.523620 225.383641 358.928417 -0.001620 0.000460
1579454.636005 196.693358 6.067751 -0.000960 -0.009978
635151.660366 380.390846 5.324967 0.008019 -0.012584
1657542.871152 338.234109 369.186612 -0.010417 -0.019596
50074.195513 674.055085 239.528813 -0.017993 -0.003742
1728956.987955 558.740605 193.746935 -0.007450 0.006139
1741304.677791 135.049488 562.010017 -0.001255 0.005094
896425.988943 206.827471 524.668232 -0.001644 0.009360
248631.410417 620.693122 125.810695 -0.014672 -0.000941
789536.960791 769.511231 539.522004 -0.019588 -0.011932
1819863.026878 28.480576 26.462234 -0.007623 -0.016554
901731.744829 139.233535 470.682953 0.010946 -0.000475
878442.611954 515.267606 393.719732 -0.004973 -0.015490
569936.175165 658.865805 222.803371 -0.013645 -0.008690
212161.644461 226.568869 35.249200 -0.007365 -0.003282
1070836.321949 568.398705 227.846602 -0.002612 0.008852
1162154.364009 276.080966 454.407205 0.005037 0.006166
1685995.778854 61.408919 497.094618 0.005328 0.014020
631794.399876 53.761988 296.592920 0.018916 -0.002289
