120102.793966 630.367126 121.578981 -0.006108 -0.005545
269277.329682 299.911111 156.310025 -0.018285 0.015147
1260731.205931 302.334792 191.696508 0.013062 -0.002957
973263.179405 632.959014 572.881803 0.008495 -0.005939
1683880.506867 289.107817 229.195854 -0.016817 -0.013039
1760997.696668 175.483553 580.300946 0.011721 -0.019814
354965.669268 681.939074 474.525615 -0.004794 -0.012054
306862.422408 411.987076 346.454570 -0.003479 0.002352
913598.742761 35.020117 562.692472 0.011157 0.014844
723511.401901 210.181848 397.904465 -0.007306 0.019057
27418.055584 126.977750 203.082306 -0.004124 -0.010454
1026719.971107 221.749016 272.855288 -0.000715 -0.017198
919235.655535 527.189314 552.683977 -0.009944 -0.018416
247720.705461 324.277485 333.789230 0.008062 0.012674
229642.751734 125.469208 517.261534 -0.017957 0.017143
1463437.116455 330.381136 118.985651 -0.004253 0.009171
349002.480669 325.722062 534.088165 0.001312 0.011293
253345.397419 21.882187 48.651703 0.003295 0.000361
301882.374241 33.118007 100.904043 -0.017031 -0.008248
417897.793659 158.413361 419.983033 0.010564 0.015940
1032678.423930 703.035849 34.647858 -0.004922 0.017254
1981626.739717 86.448114 206.285433 -0.012559 0.000490
148080.320166 291.196073 546.285206 0.018534 0.015039
1426235.401736 72.503758 542.639367 0.011804 0.006901
826207.458426 756.247166 428.164811 0.003244 -0.019250
17939.873048 633.092585 129.729173 0.008262 0.002243
229060.592236 178.601567 260.722888 -0.012984 0.003892
729567.630556 129.781928 425.658174 0.008445 -0.006084
424191.899795 625.372305 428.280455 -0.015123 0.009736
1179453.697605 667.587889 501.725203 -0.000344 0.005135
1017047.714916 724.825256 344.254615 -0.011065 -0.000462
1184883.571782 186.677908 168.527426 0.012303 0.017674
1669257.284919 737.971429 97.814780 -0.009227 -0.016975
1530870.404807 506.861797 153.097010 -0.001080 -0.006379
1211583.405366 549.606841 75.476114 -0.007255 0.012396
1741377.547263 727.229983 385.812948 0.008298 -0.003763
544004.606336 172.667922 185.173007 0.013869 -0.002454
1594854.852927 349.790091 402.291202 -0.016924 -0.010148
1223177.906695 729.755088 101.226099 0.010930 -0.013171
527324.168257 433.119000 487.507620 0.000763 -0.019356
312490.830343 99.654668 422.360294 -0.009773 -0.002885
1025907.483430 120.752275 212.169222 -0.013731 0.014354
1509229.653286 341.786452 43.520081 -0.018147 -0.009466
1023852.793045 688.086566 428.216555 -0.012674 0.017495
1918069.081343 635.138518 509.723603 -0.014813 0.002799
59433.087734 314.592002 68.021386 0.013713 0.016465
257531.464220 800.627901 21.705696 0.013269 -0.008796
961609.428265 277.312412 259.692585 0.013377 0.000057
582120.371322 470.066963 558.530956 -0.005431 0.005991
408974.288222 701.790217 306.480700 0.016840 -0.017666
899929.745542 700.289496 511.617199 -0.008030 -0.019846
849952.291162 263.269990 237.599784 0.001511 -0.013092
617567.269419 532.358523 103.649571 -0.006174 -0.000016
907629.657959 661.897025 507.037374 0.015498 0.006313
693382.430213 141.730938 148.669730 -0.008906 0.001676
1797970.130014 385.103679 250.762761 -0.003519 -0.004090
955435.349120 688.595791 163.894272 -0.006710 -0.013569
557659.864685 605.893799 293.263985 0.007014 -0.008252
1324351.926951 788.348122 575.565664 0.013342 -0.006824
917046.023028 230.621908 93.439552 -0.007870 -0.012900
1632997.046985 518.994739 212.646725 -0.017498 0.017130
1790149.784549 770.155885 244.843766 -0.007404 -0.004946
1613713.184192 632.047999 140.558961 -0.016801 -0.015062
791753.703166 288.659676 527.109217 0.015413 -0.018593
347958.385175 437.287938 12.031696 -0.014656 -0.004609
701432.257286 473.866505 403.436280 0.000325 0.015833
1693039.169392 258.605119 326.893385 -0.012034 -0.004482
944105.254926 76.449199 210.576129 0.015361 -0.003687
1451122.988691 550.771621 119.934840 0.018417 0.010775
644142.737912 284.949939 76.536203 -0.011889 -0.010298
328294.663843 300.240111 473.819629 -0.012108 0.000428
344141.964030 428.875226 60.417030 0.013706 -0.018295
1995072.262359 551.870107 220.768064 0.001689 0.015582
1509670.835691 11.066930 591.133714 -0.015723 0.015782
783939.521193 665.487194 350.149026 0.003518 0.011738
702233.533702 730.429211 89.008662 -0.000809 -0.015188
783487.379916 514.307922 295.318985 -0.012693 0.013069
1976.599918 282.035286 217.519762 -0.015851 -0.012076
812477.567611 81.045556 532.134851 0.010930 0.005809
1551513.418346 422.725586 395.135447 0.010375 0.005367
1106838.468046 120.676177 279.775486 -0.014512 0.009726
516376.429478 389.575277 394.365293 -0.004080 0.018667
1541877.001311 639.137799 367.101250 -0.009510 0.019228
877046.727052 211.046117 200.373203 0.012098 -0.005350
1062152.807164 166.443501 281.039493 -0.003289 0.019322
220503.739184 155.124424 306.256644 0.010778 0.018106
285758.867062 257.649695 62.736722 0.004286 -0.002059
1694852.848395 693.284618 566.615086 0.000257 -0.009250
1823523.613542 219.376754 44.361000 0.000925 0.001477
109429.840049 768.273491 480.115468 -0.004462 0.010485
331166.874772 736.385436 582.210048 0.005307 -0.006553
1904142.131984 594.097356 318.591420 -0.001587 0.000435
967910.745632 483.327562 499.202416 0.003516 -0.011505
581591.096978 348.370355 48.199484 -0.010665 0.017486
706572.319710 117.968536 128.415226 -0.003018 0.006871
1499518.371885 385.549620 378.895720 0.001971 0.014866
785875.055374 571.508260 474.359571 -0.005468 -0.006111
257524.722376 253.002242 54.458158 0.006472 0.011213
1201976.699383 114.810664 228.975891 -0.002616 0.009276
1186503.038363 580.079759 101.924352 0.006820 0.018387
215485.423904 20.053680 64.832995 -0.007115 -0.001908
1555844.913030 56.616789 560.875974 -0.003701 0.004791
1610655.802121 641.127764 200.259298 0.003835 -0.013392
1363983.919548 580.651350 288.296374 0.010879 -0.004605
515601.680854 298.555042 317.711807 0.005557 0.012248
521772.659627 185.424318 319.638891 -0.002812 0.016118
984056.433190 429.816959 558.441550 0.003461 0.013571
764465.851134 302.177986 558.103723 -0.007320 0.011436
1098768.237559 98.285095 352.965741 0.014570 0.008852
1505133.839094 452.451480 265.826472 -0.010755 -0.006518
1656881.889169 392.711342 425.863667 -0.005630 -0.014823
1035409.796534 493.452588 216.264108 -0.018004 -0.018103
532033.862794 432.378192 349.867565 -0.012178 -0.014335
885049.308131 462.068699 312.494582 -0.005103 0.015765
611963.250959 737.686977 10.485350 0.015698 0.012227
1469794.933437 516.308226 223.679520 -0.012382 0.015642
1419313.830053 5.366436 222.210604 -0.003138 -0.005434
1001399.715897 751.326838 589.982496 0.014479 0.019437
57920.523946 103.082276 316.862988 0.004567 -0.007021
1340168.589419 43.995969 541.139322 -0.012376 -0.002907
1593328.125585 397.110505 209.011596 0.012548 -0.004450
308175.125303 438.505084 21.635979 0.000919 0.009138
1829796.170737 187.856163 440.348366 -0.008568 0.006237
194622.977727 628.306317 356.817581 -0.016822 0.005970
1163384.351490 85.703382 466.945493 -0.015236 0.009248
203536.384834 623.409769 467.072378 -0.019844 0.018799
408990.508136 640.555971 279.666221 0.002451 0.004639
1709918.606891 566.570281 96.582895 0.015783 -0.010605
1776676.395804 644.388309 280.194721 0.004772 -0.016390
248411.979642 575.671107 526.917384 0.008749 0.011925
1052401.075630 239.728452 543.548921 -0.007832 -0.003532
1254879.329007 324.219589 114.376208 -0.003725 -0.003561
322021.593490 487.281902 125.294279 -0.000509 -0.015037
1647379.426121 386.292572 521.392349 0.019419 -0.005111
204691.412954 699.203418 106.324109 0.002788 -0.000169
536197.156895 555.195864 128.638469 -0.014201 -0.003475
25648.950611 538.033851 428.931037 0.016659 0.018934
247729.502734 436.817260 229.321798 -0.007399 0.018031
1580350.309415 379.682727 335.115047 -0.020009 -0.015902
1443766.372951 659.227931 351.142743 0.003683 0.012391
1912564.341869 554.201867 409.448075 -0.014675 -0.009431
357511.299829 321.075079 575.536336 -0.004441 0.001835
744693.135258 324.217961 130.774957 -0.016545 -0.007023
387589.365424 167.822040 523.083460 0.002987 0.000950
1645202.005117 291.578560 -0.157401 -0.004716 -0.005356
205411.871060 83.764335 113.589338 0.007512 0.007846
1996032.971887 514.951273 233.997431 0.007569 0.010309
1306804.762830 688.155881 106.546118 0.004502 -0.009855
1450619.077985 788.702378 394.951611 0.017712 -0.017182
1969754.747101 110.744891 168.506836 0.013600 0.008609
1609086.544071 543.943098 45.337009 0.012193 -0.017511
883645.576836 726.187947 99.684754 0.005764 0.003620
1722771.757153 502.358322 142.219020 -0.009969 -0.007549
28763.775727 722.582191 101.810362 -0.011940 0.000484
845989.907554 733.645493 301.436847 -0.016752 0.014410
1143645.596292 54.649260 600.489173 0.014091 0.016921
1423342.375748 525.771015 361.902855 0.011478 -0.001575
1329764.171191 184.975420 221.872520 0.013249 0.014449
1926056.274178 553.127307 294.534808 -0.012009 0.017726
1598411.507718 172.918596 507.786835 0.018775 -0.003700
726058.746095 314.160653 195.443924 0.014550 -0.001021
375371.614646 348.291915 324.747664 -0.012675 -0.008658
932014.105344 718.257121 567.123302 -0.017149 0.007093
811741.037672 587.866271 550.856471 0.010982 0.002643
1557690.799962 589.600219 155.048450 -0.009263 0.017507
399385.155365 53.179229 91.069298 -0.018132 -0.018559
1122038.441301 328.191648 256.509252 0.015487 -0.009120
1805346.826001 59.670463 425.599553 -0.003113 0.011653
1995636.369100 729.317860 97.230950 0.017696 0.019474
1695958.700821 279.159950 427.738467 0.010649 -0.015090
558004.577904 435.838614 516.824772 0.001462 0.012502
1597187.265566 589.437700 528.892908 0.018087 0.011277
1833981.536251 409.993193 114.619723 -0.006179 -0.003987
929917.220459 197.696298 284.893721 -0.013213 0.007538
1471826.909795 138.747080 361.126393 0.015871 -0.015403
1165988.196230 595.151343 277.980127 -0.008194 0.000421
1172216.120722 460.763645 32.267750 -0.002208 -0.015471
1736107.381869 196.542599 508.133750 0.009950 -0.012180
1259741.624473 533.122566 424.945601 0.012848 -0.019578
218963.730251 229.100726 155.181965 0.003364 -0.001617
1902503.935575 255.796975 379.474415 0.002183 -0.011334
1496596.111682 109.323720 576.163234 -0.011563 -0.002665
941537.357374 638.188614 5.817830 0.001073 -0.010185
245239.558744 315.948269 292.880263 0.018816 -0.014288
1372376.816986 480.073122 484.723574 -0.004177 -0.003134
1637971.852737 403.562131 423.865777 -0.017032 -0.016327
337179.376901 23.772627 245.424201 0.012146 0.003352
1249672.392965 440.351886 432.902679 0.003374 0.010441
310196.676436 44.236167 335.842397 -0.013358 0.003300
1607296.809371 230.184896 584.948756 -0.008228 -0.009714
236307.595035 784.083617 515.178961 0.017034 -0.004959
561161.337682 597.128928 528.926455 0.019435 0.012912
1939371.158341 125.293973 512.072502 -0.004855 0.018365
870700.636353 1.989292 305.618837 -0.013718 0.003550
541779.813609 249.529363 386.777627 0.013268 -0.000881
453110.709066 506.649592 459.775630 -0.011931 0.017063
47266.968548 257.032976 543.132789 0.015293 -0.010201
562186.379247 129.950611 594.491794 -0.013527 -0.013985
1629854.769274 105.359915 185.092861 0.006687 0.000383
534606.907766 82.350962 307.382615 0.011064 -0.009663
203362.833803 38.287875 342.384058 0.009817 0.015229
92345.910190 778.937777 306.383561 0.012418 -0.012993
877177.283576 667.509413 297.745263 -0.006204 0.008678
1484435.888699 501.006228 528.932799 0.009362 0.011482
64404.659935 438.952356 550.637741 -0.006313 -0.011457
856791.879449 487.205204 190.752462 0.017636 -0.004615
1153201.109335 33.843310 259.528098 -0.014242 0.011667
618554.387530 154.381802 456.537885 0.012847 -0.019886
1875266.974734 207.496113 503.052701 -0.002708 0.004180
1111007.126566 140.206599 138.682445 -0.002543 0.016427
34336.430968 375.513384 275.459464 0.017046 0.004041
1349224.196444 292.285910 249.819298 0.019692 -0.007783
1602661.077679 455.093855 209.684860 -0.010644 0.008548
276647.354605 434.557651 544.395790 0.016484 -0.005567
1822198.850020 671.206739 373.193130 0.009938 -0.009119
453696.245539 243.675338 268.669229 -0.001691 0.009706
713133.517985 379.684771 125.351495 0.012602 -0.003600
36437.158490 391.701869 464.280423 -0.002929 -0.000552
159010.190591 189.087101 31.254214 -0.002843 -0.001196
1535456.720523 453.633145 6.975979 0.007005 -0.001242
749811.288319 470.210770 183.190662 0.019845 -0.006524
1154889.427663 178.670480 384.627243 -0.018994 0.007209
762647.938338 304.996471 92.434921 0.003626 -0.012135
1129345.827331 486.689426 410.736147 -0.006547 -0.018330
337378.635228 333.894582 168.937846 -0.011172 0.013866
1499918.929068 791.374534 248.087542 0.010334 0.006651
1760744.261444 108.680041 149.715787 -0.012556 -0.014683
1172923.453698 610.403018 215.745824 -0.010960 0.011549
79642.974809 486.032123 100.918627 -0.012200 -0.012031
730713.756164 606.759153 483.760620 -0.017944 -0.016077
1702955.846536 175.342716 309.524436 -0.014685 -0.002388
724785.897287 706.048351 257.987616 0.011057 0.005770
187236.443249 524.284372 468.758469 -0.006230 0.013667
1828784.213322 744.171369 362.712663 -0.009438 -0.013160
787390.226865 250.422511 459.588759 0.002474 0.000227
1929498.061505 743.066706 161.244438 0.010609 0.019223
730520.102536 499.729267 120.256115 0.015152 0.010690
1281053.293162 194.158078 381.661103 -0.017204 -0.019254
562426.321470 130.107928 404.887335 -0.017497 0.000259
1033437.869061 779.918730 262.762503 -0.015122 -0.010095
1192859.900739 412.535073 336.242880 -0.005498 -0.016830
138898.690296 261.403026 3.463752 -0.006506 -0.015985
1973181.982512 560.955303 434.068036 -0.012567 0.003317
957790.512106 660.652573 496.933758 -0.015320 0.015869
1692076.045876 318.220939 36.189797 0.000830 -0.001623
1136829.509929 29.110018 260.307082 -0.019497 -0.013630
1367539.427880 482.379328 406.385895 -0.010177 0.018680
1509350.044424 252.453910 176.151303 0.010389 0.006124
785056.476847 597.913471 212.960611 -0.015366 0.017397
1873643.585422 476.185421 457.129377 0.010545 0.008429
1315983.134935 488.280557 64.612463 0.008814 -0.014708
1135951.929323 228.541416 100.533391 -0.019848 -0.008262
656102.584980 548.393080 539.361032 -0.019843 0.017278
1727078.126616 606.202470 148.309160 -0.013760 0.000842
1797488.349396 438.870184 161.457258 -0.009880 0.006607
406141.346510 152.182221 156.553183 0.018577 0.018125
1941231.998588 497.028432 337.351858 -0.016814 -0.006387
1386830.762674 518.636771 376.824137 0.014458 0.005997
1843128.023596 152.342312 201.620926 0.012789 -0.012235
538331.757550 546.171807 571.918128 0.000658 0.013529
944807.663069 332.469072 233.408498 0.009330 0.006544
106756.882792 754.883949 514.651627 -0.007563 0.016349
1618777.323337 226.549495 318.117835 -0.005082 -0.005214
1742666.514471 52.446089 7.045498 -0.000034 0.017117
1321460.731012 337.312286 69.620480 0.019885 -0.010387
620834.287545 213.068621 553.901134 -0.009467 0.011290
1523195.320518 587.297515 118.878519 -0.014019 -0.000938
1731081.362688 163.196046 252.018265 0.008920 0.000662
656632.629529 425.794144 480.660493 0.014354 0.016120
325566.043298 583.595186 580.946189 -0.013081 -0.010862
1792559.657149 666.205040 390.404904 -0.019494 0.013214
1778465.217808 259.427584 59.286199 0.012361 0.003549
1763427.173609 457.664538 193.076461 -0.017980 0.010391
1593951.392730 755.833040 556.314611 -0.011304 0.006595
886016.743670 435.727098 119.135114 -0.010417 -0.003810
204796.643092 323.685679 80.827039 -0.017152 0.002953
727276.621725 773.295915 248.530100 -0.019661 0.019083
488690.041233 721.705148 183.081668 -0.006264 0.008564
1781116.410057 179.130898 171.901958 -0.011460 -0.007823
20635.784613 7.691715 149.464693 0.017505 -0.010968
1834876.302553 303.269389 462.716657 -0.015328 0.004955
350019.654422 174.596771 16.674838 -0.007611 -0.008378
1214501.650638 537.587466 155.135523 -0.019200 0.007503
477760.385944 211.524869 353.537198 0.001773 0.004274
605806.972182 347.289876 499.339723 0.003594 0.005789
272576.070518 480.057303 392.522628 -0.004570 0.001526
1759240.741729 243.242755 550.238143 0.005981 -0.003294
1080301.612187 660.479661 382.525429 0.002797 -0.014589
1857771.559552 140.092123 484.245783 -0.012470 -0.012187
988850.145130 339.800326 276.955207 -0.016672 0.018750
134591.829094 309.731548 242.686257 0.015998 0.019020
96963.198901 28.676065 345.802089 0.008344 -0.003141
227820.812831 464.862878 434.685115 -0.018765 -0.010715
290631.014058 457.645307 34.145710 0.011518 -0.014527
385931.693197 569.369578 190.258858 -0.020038 0.015997
1023297.854244 397.232846 195.443227 0.018824 0.003282
589125.026292 31.621877 579.804608 0.007958 0.017439
1882412.602139 596.849775 583.995205 0.000683 -0.002104
790218.714061 504.642723 18.774401 -0.015187 0.006559
526777.357108 212.258117 139.735970 -0.007105 -0.017983
748590.766801 411.882111 457.616112 0.007589 0.000588
1324791.236466 162.348638 5.882735 0.019527 -0.013028
1179151.767483 226.058306 128.470634 0.002198 0.019234
301466.356172 395.886876 434.680839 -0.014974 -0.019520
349183.755158 414.908765 387.407407 -0.011761 0.005628
616335.581344 375.085735 543.849431 0.001727 0.011534
1910511.639859 733.831455 182.960728 0.008694 0.004282
1640005.631205 304.865167 484.962628 0.013295 -0.005354
1964468.728734 335.752240 391.271367 -0.012186 0.018995
1261209.360911 276.185077 282.361361 -0.005750 -0.001161
968463.258337 424.259360 593.921442 -0.014827 0.009417
1257770.379660 350.171102 124.104009 0.001242 0.019280
1991034.577596 391.337515 537.580104 -0.008007 -0.011742
1007596.648767 95.764465 353.555535 -0.006602 0.017881
1912045.142572 235.979715 222.798779 0.004268 -0.000411
692628.538559 190.283373 501.243071 0.008719 0.003785
609848.141023 240.604197 74.903868 -0.008218 -0.002767
1723251.459991 737.527568 520.927066 -0.017357 -0.001710
1696924.347289 50.437833 567.918815 0.009834 -0.005590
309029.791648 199.777501 289.731942 0.009619 0.002308
867302.640745 559.281586 513.447485 0.012173 -0.007826
691843.061099 120.457432 326.248112 -0.012874 0.018615
272265.500516 388.329593 162.278459 -0.009545 0.011207
1400582.436193 98.390060 421.192048 0.003041 -0.012265
320566.674844 332.936976 150.700946 -0.015710 -0.013506
1229627.376064 208.653332 246.023635 -0.016036 -0.019858
1946485.269790 425.057118 421.434369 0.007882 0.005764
15066.369444 140.515229 292.233138 0.002012 -0.005764
911695.870064 549.179975 506.378098 0.009047 0.017873
1245159.992597 340.261707 42.916902 -0.006130 0.020364
519428.529087 388.677899 247.054558 0.000334 0.003886
1147820.552414 102.326610 512.382612 0.019417 -0.011055
1717933.562453 767.122410 453.805002 0.002499 0.011440
183230.377819 455.355407 577.609335 0.003167 -0.015308
640928.558372 27.340567 483.343059 -0.013447 0.010267
1503776.668340 629.086875 110.937679 0.012839 -0.015525
360957.489517 65.415441 358.353374 0.003709 0.003713
380073.533570 131.815947 431.493309 -0.018230 -0.014042
1889061.825298 723.454476 66.005870 0.008015 -0.001335
1796955.322752 633.951030 20.351037 0.014481 -0.005168
306282.549308 147.129897 243.114318 0.018367 -0.006194
332156.324914 567.548847 78.928611 -0.005931 0.001326
485168.456326 426.769558 367.197807 0.012993 -0.014838
413343.113108 24.474538 173.472062 0.017105 -0.017006
883643.182406 697.266663 587.117237 0.002073 0.002801
887249.075289 360.290757 217.453348 -0.000906 -0.007434
1467432.667253 504.191698 297.533421 -0.014406 0.003561
1682910.725327 245.273665 179.563811 0.018981 0.006318
1660796.624450 172.282035 113.368438 -0.002231 -0.017765
629926.086697 520.393588 50.915182 0.004185 0.003115
318150.466456 37.129945 269.366758 -0.013736 0.003904
40123.955365 464.581682 28.929549 -0.004746 -0.017496
724761.667999 94.108119 413.566059 0.014318 -0.009805
558074.092752 559.702785 337.318270 0.003107 0.006873
438651.350531 326.382462 533.376746 -0.004305 0.014673
1885724.248311 578.816251 300.893776 -0.018901 -0.006831
158400.153815 149.294736 226.052897 0.001147 -0.006975
1952982.963972 437.420587 543.779112 -0.018964 0.017284
1927788.328346 311.070661 28.176056 0.006206 -0.010083
607879.136041 747.074680 567.565392 0.014624 0.000469
1236504.919471 67.947703 551.389692 0.000258 -0.000277
1541570.438790 358.725704 131.493840 -0.009125 -0.000973
1098586.873663 282.416207 398.502245 0.017053 0.015183
1973812.054831 723.214250 257.463911 0.015640 0.017466
717421.361579 684.414067 190.612771 -0.003730 0.000396
1128238.588166 568.344706 265.739573 0.000397 0.003057
1906900.824936 103.327714 396.807498 0.014913 0.005398
311031.282093 514.354549 50.772263 -0.004962 0.016682
1119457.958787 738.717939 161.499294 -0.010717 0.013996
295815.608602 167.829252 451.485410 0.003002 -0.015982
1365835.790227 746.543487 574.011667 -0.019994 -0.006448
933742.419320 452.530948 29.938400 0.016421 -0.016953
1254474.420685 689.983687 122.244504 -0.008479 0.009408
1674721.783807 355.734928 227.805107 0.016823 0.012742
589441.845468 384.437816 445.861326 0.002570 0.008107
1186208.380939 568.262352 547.220620 -0.006138 -0.008544
28320.921598 24.696788 131.532553 0.018879 -0.018779
1123059.363627 350.787727 356.728154 0.004351 -0.006044
1339490.994503 192.707414 126.494321 0.014921 0.001165
1892333.765464 567.747703 583.351809 -0.007241 0.005384
1580513.963280 495.707202 66.102640 0.001229 -0.012660
1628540.167412 101.088249 535.766907 0.009075 -0.001119
358744.990248 592.720606 301.852172 -0.004043 0.008490
1065496.480589 768.577559 90.567253 -0.014936 0.002935
996930.964755 638.410868 488.945045 0.008374 0.006815
685065.261407 523.935567 229.127899 -0.007685 0.019135
22284.613001 82.993797 360.105997 -0.014795 0.005088
1564209.169505 749.596755 458.210522 0.006967 0.006548
471659.941818 684.057792 242.356117 0.009524 -0.009786
234378.384535 216.358935 129.521091 -0.009225 -0.004013
1581110.075852 613.292068 117.727141 0.004189 -0.000948
1733102.233956 757.487963 78.109603 -0.010151 -0.009495
222272.466972 206.849134 219.645414 0.008456 -0.004765
7593.072023 394.909158 189.550530 0.010726 -0.013138
1961038.188991 2.019358 14.046152 -0.004565 0.009664
554464.627316 401.913652 7.735364 -0.000263 0.010869
821613.773155 227.372835 322.742499 0.003895 0.015634
24485.756655 378.241967 502.232339 -0.014261 0.008806
196372.594776 203.381976 588.054887 -0.001422 0.018535
718005.964867 375.080456 274.441491 0.007056 -0.010212
1252709.545778 525.465651 142.050288 0.005945 -0.018313
1958473.456073 741.917773 326.311543 0.019620 -0.003224
628831.249023 322.329528 421.248545 0.014054 -0.019646
1185057.482303 690.532789 288.760428 -0.002875 -0.019710
406775.272641 421.053178 157.416328 -0.012918 0.019363
452064.211691 433.162705 275.552188 0.007346 -0.011359
1391094.198167 249.298055 524.943225 0.017210 0.018299
1830316.959801 730.305588 532.268839 -0.001630 0.016125
610994.441719 618.015063 184.036509 -0.019667 0.004983
631021.334152 481.885231 291.982490 0.011828 -0.018554
989235.750860 1.860429 333.971798 0.010262 -0.012654
1098658.789461 784.248314 435.165998 -0.019667 0.006629
1883467.686308 564.620357 586.049859 0.012830 0.005360
1871849.530317 584.890322 330.458488 0.012870 -0.012446
911993.535660 102.309629 577.289211 0.010589 -0.014603
1176139.691461 61.472461 443.537563 -0.016928 0.015016
1537174.407177 456.307954 526.408785 -0.006936 -0.006928
123261.179832 700.974741 185.339940 0.011697 0.014852
1946848.674653 583.345377 354.101811 0.017979 0.001707
457599.283409 709.065038 164.591015 0.011210 0.008296
926562.791190 189.181626 501.774502 0.000111 0.020001
1942178.605097 12.115322 45.254225 0.008405 -0.016361
1905775.863633 382.803702 397.547748 0.013280 0.012158
1975712.466974 713.540221 408.013820 -0.008341 0.007173
1128937.655654 214.533958 243.619103 -0.013908 -0.011208
1900458.380534 306.119331 62.004092 -0.011065 -0.013421
1623668.112617 550.016855 239.500665 0.005845 -0.015473
798515.523224 494.052256 76.713377 -0.000979 -0.006941
438456.544857 343.804451 482.227165 0.015105 -0.009795
1216805.763178 694.563189 90.598989 -0.008498 -0.013391
1661706.700764 681.368090 259.020878 -0.010496 -0.019707
1303971.794110 150.885014 233.915112 0.010279 -0.003514
1107963.914568 455.434320 58.901556 0.018169 -0.011401
425643.800956 282.574973 500.063409 -0.007632 0.013876
318262.858465 449.239448 154.964692 0.018572 -0.002263
1036196.117772 457.932283 186.691163 0.006837 0.014637
948553.069005 401.578817 427.769073 0.016404 0.009331
1438074.149861 446.875326 555.711617 -0.015617 -0.007617
677338.477540 530.405886 530.694896 -0.002502 0.004692
197747.041563 521.262311 583.619163 0.017217 0.019649
1601492.672973 71.469796 330.498714 -0.017643 -0.017805
1987075.958395 461.469881 375.124208 -0.007820 -0.010049
971748.938305 621.686983 449.426585 -0.012076 0.007402
974474.447302 733.529302 146.028343 -0.003454 -0.018909
1121549.802423 602.041780 413.080021 -0.002208 -0.012398
613932.794246 434.596687 504.540008 -0.008853 -0.001013
1665525.531241 62.875189 338.552572 -0.004464 -0.014546
1238773.710671 302.347792 429.563764 -0.010180 0.007296
1925637.924078 585.409564 276.756053 0.008456 0.017210
290519.337305 158.606264 508.086162 -0.004363 0.004491
1745488.432117 760.842011 218.929486 0.002439 -0.004211
1111265.337612 695.123874 563.083104 -0.004284 -0.013833
829182.160473 184.408626 135.895286 0.019239 0.004581
728391.627189 478.703676 596.394558 -0.016889 0.013637
1349985.243450 33.215945 346.095948 -0.014492 0.010169
1010733.056353 223.846066 571.627149 -0.005911 0.006791
1129411.861826 180.467127 373.260708 0.017223 0.011491
33999.050983 389.358338 394.272272 0.022999 0.016187
1606354.705806 296.041897 66.641341 -0.018771 -0.005950
1451822.744427 315.217848 570.268092 0.008765 -0.000996
1590584.168020 314.807790 309.321241 -0.005147 0.001138
538209.161040 700.820157 484.807918 -0.011162 -0.010865
958317.440449 628.033039 272.252961 -0.015993 0.008652
479655.517489 94.633024 120.068595 0.015863 -0.017011
167238.956395 558.554623 267.486104 -0.012161 0.009131
1592486.357127 737.321208 73.301437 0.009845 0.005642
1189583.299304 432.915299 21.005700 -0.015525 0.016588
1124831.962923 303.228429 474.229603 -0.005198 0.004003
37146.621401 680.301471 232.818364 -0.001137 0.018059
205026.889315 568.807568 41.095678 -0.007903 0.004318
284161.461650 310.236399 183.831735 0.003495 0.003357
68690.410847 306.081422 301.589976 -0.013744 -0.014785
287411.349028 600.080202 404.033411 -0.012907 0.014467
1171263.018237 591.625305 143.530664 -0.004983 -0.015502
1682127.158941 314.902309 577.621815 -0.010870 0.014499
1824708.168313 265.057014 346.689213 0.019210 0.005357
369206.509725 98.053211 13.443961 -0.000372 0.008416
1208981.916871 419.317131 56.247807 -0.015648 0.007269
446720.970071 202.357376 259.070039 0.015799 -0.002838
586212.983628 385.056713 102.224574 0.001335 0.014309
560717.814863 299.200374 150.921387 -0.010356 0.004154
234257.601311 123.783007 558.790229 0.007812 -0.014627
1133248.557864 703.467022 154.173104 0.003533 -0.005175
1934248.125150 153.456545 536.578409 -0.017563 -0.007937
1152133.833222 225.996299 331.295956 -0.019690 -0.013016
1965200.129880 240.287783 396.939057 -0.013827 0.013362
1034901.121182 346.277097 125.930801 0.010904 0.006867
1623246.405098 709.093229 497.185015 0.009742 0.003206
1926329.093951 248.044591 276.416721 -0.011182 0.015960
1658576.383096 150.546739 54.690560 0.008984 -0.010063
786221.519479 241.065298 318.602764 0.017778 -0.007701
1421758.733421 742.876653 364.910578 -0.004763 -0.017451
888519.625593 711.357100 308.060307 0.005899 0.006135
374128.679919 371.261468 325.426402 -0.019385 -0.011589
247207.860577 783.050169 311.449418 0.003278 -0.012052
838233.393076 329.892058 231.397711 0.000746 -0.014310
1269501.125100 722.809404 262.913185 0.010977 0.019416
1490342.234955 701.516504 467.134439 -0.005844 -0.010059
1720173.599068 638.928427 82.394162 -0.005149 -0.001851
1589947.016719 447.769324 550.815875 -0.006496 0.003117
254199.274003 369.774733 331.638193 0.005916 -0.018217
1506623.924480 52.317237 274.489427 -0.014408 0.003086
1187558.641279 619.001150 289.723402 -0.018795 0.017646
663885.182079 619.880371 490.378604 -0.015549 -0.014783
134186.233456 776.543423 557.366913 -0.011871 -0.006224
763995.101100 799.250580 542.395455 -0.008055 -0.006507
960104.740672 340.625686 478.999953 -0.018585 -0.016980
1689167.128731 629.650152 84.965974 -0.007880 0.017129
1435140.350571 715.912258 422.307845 -0.012035 0.017046
1287450.956780 425.474313 421.088256 0.006449 -0.012928
1664884.491668 423.924659 368.641246 0.010645 0.009311
1916152.068375 115.782243 439.922715 0.014351 -0.002298
142374.806172 274.807711 522.090440 0.014830 -0.004938
1889104.925044 571.567933 97.715852 -0.016719 -0.019290
184043.514628 642.463926 546.778760 0.011780 -0.019919
1678137.485719 350.676700 320.216612 0.001593 0.016083
349432.717240 299.329210 257.141029 0.011500 -0.014628
327130.583267 597.917422 167.746312 0.015864 0.004361
1445781.852792 774.685238 571.643786 0.003712 0.013530
657045.848974 430.372702 332.897471 -0.000288 0.004924
1143416.638087 467.910984 254.879994 -0.000622 -0.004813
853229.746620 259.784760 491.308870 0.018361 0.014545
1436276.935710 106.344073 143.699866 -0.014016 0.017000
747046.145027 249.427498 400.604589 0.006111 -0.011881
555282.349025 300.006142 106.792632 -0.010820 0.018770
31011.744417 446.401508 303.386338 0.002808 -0.017980
259713.421697 113.428947 381.638262 0.002213 0.005067
30230.289339 785.949813 570.762374 0.013288 0.017713
1629124.594680 439.916775 45.049820 -0.017902 0.007950
1993199.337271 341.312417 5.346106 0.006601 -0.016784
437214.899080 754.074644 272.172193 -0.004247 -0.013121
847463.854052 329.312057 438.904407 0.017215 0.019223
1561464.248021 48.361787 73.553130 -0.003321 0.004595
1496915.452879 345.587543 357.956181 0.008039 -0.009433
1076064.875850 410.531494 489.292210 0.004505 0.002591
1028186.607653 487.315550 594.696806 0.000923 -0.009093
141764.248787 594.396265 129.595700 0.000989 -0.014454
778578.041484 758.693086 329.923041 -0.015286 0.015191
1058486.954802 720.291310 564.085236 0.005814 -0.007106
1112790.978101 319.285952 447.993802 -0.013857 -0.016078
24501.685065 554.030941 366.325754 0.013085 -0.007843
353571.678676 272.673404 548.696533 -0.013270 0.014603
375264.103699 191.454681 365.835708 -0.003806 0.010618
1493884.026769 634.855689 429.390227 -0.008214 0.016520
1188817.119779 659.953997 487.965473 0.001401 -0.000907
259519.063057 73.926623 525.271483 0.015152 -0.010163
1949033.547169 712.110139 562.618261 0.003483 0.008712
482529.103981 609.316947 36.270913 -0.013827 0.017269
1850091.109914 273.856206 102.867465 0.001406 0.009860
1871495.037280 224.991264 324.774136 0.006237 0.002846
908785.677938 195.164306 241.341822 -0.009271 0.011228
1755362.652128 318.481249 522.256409 0.010157 -0.009000
232765.271437 581.910212 98.724331 -0.018148 -0.007189
1765166.354256 236.562235 45.860785 0.017678 -0.001990
15434.920795 692.767349 474.713197 -0.012885 -0.004010
1077013.659792 90.511295 409.420771 -0.016798 0.010611
516053.778360 427.467583 5.811499 0.006391 0.012134
1576709.125925 429.952139 119.125172 0.006441 -0.008339
948767.654108 620.963160 12.293670 0.005599 0.013212
667159.362075 417.497671 74.287078 -0.003589 -0.001434
1146380.339352 334.057960 198.469924 -0.005343 0.003864
1462269.868451 722.392423 427.156406 -0.003604 0.019240
949273.004639 536.524860 309.710557 -0.000655 -0.006844
636841.273232 217.411530 521.097322 0.000689 0.017239
316267.470045 792.992568 424.502643 -0.012943 0.005319
1072709.865436 409.233836 92.951667 0.006416 0.016885
1234697.917120 187.623908 203.721799 0.017931 0.003946
1871003.135047 543.446639 300.045946 0.005846 -0.016345
968257.898916 95.497701 457.594920 -0.019777 0.004262
184803.100389 256.283878 526.019980 0.018277 0.013469
1613704.762242 94.163930 496.951044 0.000562 -0.008172
920804.219749 40.460187 484.246406 0.004887 0.008280
1455508.939668 184.254066 565.820716 -0.017308 -0.012833
1084419.887087 1.123418 515.159945 -0.018213 0.005931
1899527.167855 422.562865 461.416267 0.008447 0.001110
745706.753221 643.115484 509.194147 -0.010145 0.010540
1369434.811813 44.301769 529.152447 0.000579 0.002794
353913.564400 780.125601 371.914471 0.019272 0.003542
660308.989072 568.476134 492.135330 -0.009058 0.011117
1997036.600484 653.802878 469.036641 0.014265 0.014410
857968.969670 644.559674 232.647783 -0.012095 0.000744
1832483.595159 457.149673 194.375948 0.011839 0.011359
174050.590104 359.914768 525.641249 0.018771 0.018476
887791.815627 115.721937 561.146484 -0.017428 -0.014861
1048845.100705 314.608037 504.429925 -0.006252 0.006683
1236598.032171 273.641179 289.973390 -0.004024 -0.012100
688449.854352 662.738739 2.316687 0.009246 -0.018934
1047717.716101 519.180844 357.779812 0.013922 -0.003477
831685.772553 746.705480 517.365845 -0.008468 0.016126
1646809.537731 587.971735 29.538143 0.010384 0.011945
354697.854423 226.481448 115.116025 -0.019274 0.005155
1718570.137265 508.372563 581.301044 -0.006291 -0.018650
338487.908402 549.585253 517.409521 -0.012995 -0.003255
1776805.868268 558.737112 40.777213 -0.000622 0.001852
960078.654327 720.344105 286.926007 -0.006872 -0.012560
763596.911339 131.429336 556.179525 -0.002742 0.017027
1446903.674606 486.754525 125.352735 0.017889 0.005376
1673049.761761 619.932410 155.764239 0.012207 -0.015278
591079.477496 780.210263 482.619547 -0.013713 -0.013987
450261.526019 36.846807 509.536533 -0.008239 0.001254
788880.985598 619.096612 258.677736 0.014934 -0.015422
1247242.441982 204.439187 167.441272 0.002029 0.007426
405506.701397 217.992090 175.186776 -0.003529 -0.012346
1835863.754077 197.623909 576.235662 -0.012858 -0.017852
159031.381905 380.154922 18.665346 0.015405 0.005329
362722.217274 87.209998 407.204557 -0.018506 -0.003726
420997.232395 340.218338 105.257466 0.005875 -0.007687
580167.091722 213.303817 332.992141 0.002817 0.012587
479025.265425 617.117595 52.447513 0.001286 -0.012671
552036.800679 359.825682 258.466620 -0.010468 0.005055
969986.005207 253.900564 61.492584 0.000838 -0.011954
1471710.388303 557.474691 187.891501 -0.003392 0.009237
1430984.936390 501.002276 91.040193 0.015642 -0.009258
902052.609670 144.365274 321.255502 -0.019777 0.010001
700700.571156 195.509895 313.431872 -0.002450 0.011057
1408199.004553 571.133622 137.298208 -0.014608 0.018118
1713095.736556 496.444648 161.267329 0.018423 -0.014616
944491.339356 557.203005 498.580809 0.011372 -0.015566
1119457.834922 400.535700 441.386853 0.008483 -0.004375
8319.607940 130.648986 343.374617 0.001565 -0.013273
647061.014849 711.970921 247.338710 0.013814 -0.006812
379545.065751 439.157870 25.960972 -0.003345 0.007311
1990576.603445 218.534851 181.347282 -0.009383 -0.010684
876473.971119 589.536712 557.760285 -0.009188 0.000888
80381.552726 664.650455 13.464786 0.011017 0.001701
828036.629980 625.193385 423.003083 0.019524 -0.007173
1747623.103553 248.305081 124.319666 -0.008533 -0.013738
1072386.123739 381.235111 423.788932 0.003239 0.015733
777386.485961 459.699412 100.994827 0.007631 0.013597
801906.589792 103.691687 345.925309 -0.006815 -0.003935
197987.358178 295.823077 137.697314 -0.015162 -0.014146
1545926.498969 428.226335 556.368026 -0.000421 0.001301
492654.834172 281.814802 500.385125 -0.000690 0.004915
1978982.283724 793.009980 69.303908 0.007743 0.002833
17631.095842 65.994527 86.835806 -0.012954 0.010994
1966499.848276 461.767035 543.764663 0.003763 0.014767
611006.784537 527.346967 167.438807 0.001462 0.011203
850069.038966 246.981075 189.974999 -0.005924 0.011500
1676786.882652 479.168617 83.131158 0.006896 -0.017857
1557780.060711 529.901678 26.109436 0.015762 -0.005714
1227310.625476 722.770791 262.599116 -0.014960 -0.022537
428616.731627 591.891831 393.273065 -0.015228 -0.007965
1127178.874392 340.539382 576.851147 0.013655 0.018403
1480731.590409 212.604408 162.259615 -0.017761 0.004808
115335.758829 715.010200 130.676838 -0.012100 0.002661
541498.807511 780.862896 137.427672 -0.007450 0.014835
1167776.423119 741.796574 464.560472 -0.019056 0.007384
1705487.274428 189.988798 255.720997 0.000305 -0.005709
1455042.508177 58.288133 469.801326 0.007532 0.016570
1485351.840726 341.359755 108.564225 -0.019556 -0.000666
1600046.444498 55.407712 226.611136 -0.019270 -0.009265
1889695.885540 230.067450 146.922671 -0.013080 0.004151
230475.999522 606.024701 319.397297 0.015489 0.011171
434670.210087 593.604378 9.871985 0.005754 -0.009934
748135.628527 296.559477 192.909616 -0.013622 -0.017666
474188.291689 718.595952 292.881341 -0.003333 0.016176
1941577.332067 174.202674 588.439604 -0.006005 -0.010704
499196.726130 235.230266 314.383232 -0.000266 -0.001292
254300.674542 487.805824 134.030294 0.006374 -0.000118
6325.354803 699.839344 144.019580 -0.019182 0.000839
980919.682878 316.168122 534.951044 0.012559 0.001948
1900851.625903 40.248073 269.143818 -0.002608 -0.001274
719689.197242 326.152146 412.480706 -0.006338 0.010297
1844748.197982 472.708840 30.009654 -0.002190 -0.016552
1036199.990211 459.335916 416.215368 0.009632 -0.010776
385683.919483 595.595654 65.380538 -0.002701 0.010633
1256102.471266 738.646192 96.182259 0.000406 0.010499
1419511.694191 375.280085 473.028297 -0.013613 0.016235
511292.832210 415.455149 189.829352 0.017686 0.014410
145034.134456 691.030113 270.064687 -0.015049 -0.007553
1071721.370831 513.040743 530.614866 -0.010816 -0.004679
233847.819378 338.072135 77.522686 -0.011042 0.014188
1786277.592083 681.638170 467.352365 -0.017912 -0.005083
1031918.257955 609.561708 506.291120 -0.007876 0.016818
1499349.890975 446.142954 263.474932 -0.017307 0.000087
597617.807145 110.424522 218.959673 0.010023 -0.009531
1353622.215499 228.414812 541.960596 0.002472 0.000628
573296.933702 542.608065 564.171487 -0.003395 0.016134
1590131.532210 246.438981 453.710182 0.003020 -0.005541
258416.177825 73.169484 73.568778 0.018867 -0.004275
87595.200207 577.067971 571.807022 -0.000688 0.011451
906233.425674 625.983894 554.301232 0.012744 0.001238
370032.188655 395.711547 489.128184 -0.016452 -0.017750
664767.085884 299.474048 441.914057 -0.009129 0.011570
1278253.811075 52.974953 58.758164 -0.004109 0.005619
916040.443311 420.118008 438.711244 0.003214 -0.000172
249204.321880 499.014095 130.077011 -0.016949 -0.015721
8661.484350 424.673116 533.361381 0.017164 -0.006051
841302.204338 89.971465 505.979058 -0.010464 -0.011994
1802783.200425 455.975664 346.365671 0.005476 0.013644
731632.451868 220.836023 544.828229 -0.001391 0.006838
1096714.972098 736.642109 118.099904 -0.008790 -0.000133
1386984.768969 324.104378 76.202735 0.016472 -0.000732
469499.863903 731.974700 7.070020 -0.015001 0.013820
718651.906922 435.290484 574.736801 -0.011849 0.011212
316653.122342 84.431381 211.471803 0.010257 0.008791
385530.231700 79.518924 10.976115 -0.015987 0.002581
1379939.433830 519.633280 291.793400 0.015400 0.017186
1974529.288697 463.505518 199.387052 -0.015544 -0.000426
1626419.535664 279.875920 244.556637 0.012988 -0.001060
503204.831157 146.035896 10.619334 -0.011606 -0.004497
1600260.999799 292.891048 294.301632 -0.013935 -0.015951
467442.890847 275.224879 120.980902 -0.009910 -0.002200
1530910.291491 752.953321 56.733639 -0.010014 0.013189
43405.273949 189.877187 245.051785 -0.005776 -0.005879
1801413.789299 133.439622 421.587651 -0.007707 0.019690
348673.859774 447.408980 105.143730 -0.012277 0.010757
1122384.702378 793.170789 80.647993 -0.017931 -0.014255
474000.488629 229.223341 293.468387 -0.002427 0.001566
1867761.544822 162.518502 288.074659 -0.018844 -0.001853
617712.498930 39.694718 415.245060 0.008768 -0.003832
88793.583256 495.224780 343.042675 0.009907 0.016889
1123119.018564 736.308140 291.358840 0.009351 -0.015514
510837.786138 237.509995 62.562784 -0.004322 -0.005981
498234.962345 502.814358 381.241899 0.009534 -0.017336
350510.791107 537.887009 162.992733 0.006262 0.007947
1451432.125387 771.346097 449.441077 -0.003418 0.007373
303273.376219 370.413308 179.789442 0.008883 -0.011663
454803.713809 227.282734 75.780435 0.008611 -0.019196
480071.545802 775.418186 189.751861 -0.006263 -0.005552
1333575.176696 474.747956 592.812440 -0.007763 -0.006721
110627.538576 382.719644 1.708888 -0.007015 -0.014484
1406769.050940 41.556103 59.174081 -0.001858 -0.001178
1561676.394922 482.017343 559.255459 -0.016769 -0.007004
281255.947557 246.609648 364.584465 -0.009244 -0.019068
1257382.930842 407.624058 596.271540 0.017779 0.014115
706537.016996 489.436934 269.079288 -0.006345 0.016659
1558318.719993 318.242382 237.146452 0.011353 0.008937
1057752.200895 389.473030 466.146345 0.005111 0.017483
491364.625511 326.136718 325.136748 -0.012859 -0.000414
1734950.389590 255.119089 479.353628 -0.000920 0.003491
1643357.573842 84.842912 56.675001 0.012566 -0.017961
1898263.090243 133.899768 397.737335 -0.004153 0.000412
1157183.811607 141.251164 544.810121 0.018947 0.018328
1260090.642264 401.427354 266.382342 -0.003785 -0.014831
767107.214205 521.810101 323.442308 0.016968 0.013172
55740.578126 634.980856 88.683812 0.013002 -0.009339
1471867.368311 519.172389 224.854102 0.012748 -0.001707
851158.514084 623.973370 377.489913 -0.016454 -0.012927
279214.015361 532.768818 211.867590 -0.018207 0.005640
622537.959657 541.464532 84.514402 0.010270 -0.016707
543551.074594 112.569182 439.014343 0.012972 -0.017303
1125283.938425 670.540771 515.347733 0.008410 0.006508
255944.995329 357.695915 187.017382 0.000111 -0.008824
1549879.616848 742.569971 35.003581 -0.003811 -0.019285
474171.187949 435.940809 410.522447 0.003555 0.003661
648167.413030 720.755245 160.568755 -0.001358 0.006315
697835.028496 589.636347 478.526420 -0.016731 0.001912
1725670.433475 516.105158 231.053420 0.008580 -0.005214
99429.388577 679.103182 481.465324 -0.005527 -0.005962
163663.104253 109.217294 168.322547 -0.006306 0.000397
594763.153510 303.933471 53.009595 0.019285 0.018829
1355525.087265 245.150871 522.250368 0.017958 0.010965
1053977.892294 234.706292 305.570886 -0.007010 -0.004919
115031.983757 149.664654 13.006191 -0.002337 0.016302
752375.869431 393.595223 455.264485 -0.012743 0.014188
219437.964363 208.536227 594.955993 -0.004391 -0.003960
1068114.026016 550.309445 469.163870 0.004824 0.006938
1499866.051366 239.175217 584.082635 0.004712 -0.010300
1491842.997955 116.722911 322.366016 -0.009696 -0.001110
1826279.228472 251.308215 395.331884 0.017284 0.010255
1133058.067007 247.441817 149.317536 -0.007046 -0.000432
207507.431604 346.358081 450.460675 -0.016175 0.012953
304737.184339 504.591437 306.561700 0.017354 -0.010031
361247.467977 546.308359 329.224123 -0.013813 -0.007893
1585793.637478 720.340989 269.149587 -0.006746 -0.013874
1841064.114050 194.872367 281.112041 0.003202 -0.012811
451362.950938 116.064398 291.932891 -0.000991 -0.001230
1950936.490647 463.054931 542.304427 0.007574 0.008466
1454702.783122 701.572413 182.811695 -0.010464 0.012510
1108684.254395 335.009874 297.173228 -0.015858 0.002983
1596490.624173 716.698049 284.760776 -0.013041 -0.009664
1263706.185512 134.005088 282.607074 -0.015922 0.009880
1294332.516982 260.961758 535.889135 -0.014676 0.012036
723046.520130 86.984497 228.619912 -0.009385 0.013349
107937.715067 793.411376 426.739171 -0.005767 -0.010886
1046872.077066 728.696561 389.606642 -0.019411 -0.019574
450965.188654 653.767193 546.526624 0.008005 -0.017433
278162.196408 266.419951 139.735197 0.004373 -0.002623
1960316.196066 205.888656 456.525818 0.014896 -0.004399
1125740.257616 187.942014 299.747571 0.017725 -0.000074
668170.334151 796.595545 294.164732 -0.018202 -0.005847
1443825.863043 455.443522 160.069849 -0.005094 0.003562
564375.188464 478.041002 242.518202 -0.012222 -0.008027
938961.728913 267.197811 380.009013 0.008060 0.017682
132214.712972 546.817131 119.693329 0.013404 0.002238
1179224.623916 311.381347 473.069957 -0.016506 -0.006648
575213.267736 339.147709 197.864527 0.010964 -0.001184
1368718.602401 401.055940 24.140353 0.018036 0.014959
1254302.726711 185.557704 282.653994 -0.018623 -0.002903
1541011.519516 400.984546 456.044365 -0.003928 -0.011882
1407684.757098 375.616792 531.681531 0.016165 -0.008187
883750.411162 393.711576 411.813841 -0.010519 0.003305
38293.802197 414.480100 2.765307 -0.006034 -0.008072
949396.727117 26.727940 479.149153 0.000623 0.019465
1340193.529306 112.048311 129.755574 -0.014274 -0.013046
1289556.392138 729.357031 404.258252 -0.003841 -0.007438
1756783.113702 88.201603 468.839482 0.010431 -0.019788
157687.638028 166.140062 303.214858 0.010655 -0.002498
175039.783202 626.500561 573.119029 -0.016256 -0.014657
506304.289450 453.123096 99.096253 -0.017935 -0.016699
301433.914481 575.988096 133.962520 -0.005395 0.014570
790027.673724 9.413953 464.028580 -0.017177 -0.003249
176035.711624 758.904304 317.323201 0.014785 0.008527
1081972.172988 758.985675 552.393460 -0.018296 0.008724
715741.816310 106.897803 298.785470 -0.007396 -0.010926
1263880.632475 454.466100 476.798060 0.011929 0.004695
1751026.801649 758.545336 202.383743 -0.016196 -0.007298
399196.095951 395.022854 198.069470 0.019133 0.002333
1496994.359185 48.581231 306.680362 -0.008890 0.017278
445396.929255 653.470750 529.904384 -0.014305 0.014535
1193553.106484 399.671215 599.564556 -0.016106 0.012525
450224.472419 581.133269 229.336306 -0.019255 0.001035
1999453.321099 715.696001 285.984710 -0.003907 0.018817
1584501.028799 429.050838 291.146617 -0.015105 0.000396
94458.571679 696.646411 342.350050 0.002262 -0.014110
1007827.074736 623.543931 579.830616 -0.004564 0.016842
1658558.308919 786.792831 252.949970 0.013084 -0.016921
475365.567242 42.352797 482.726507 0.004239 -0.016865
663714.367274 496.222768 581.061250 0.012209 0.018147
1919117.403179 479.269890 297.039713 -0.002158 0.008817
9624.167350 393.744977 354.387045 0.003062 -0.018037
1478876.057770 64.711057 497.155868 0.007659 -0.001371
1502145.321808 426.401654 269.185313 -0.013016 -0.005533
1054818.871922 329.020726 247.521130 -0.006669 -0.018736
972186.690649 532.031500 390.578822 -0.001903 -0.001130
1216433.286302 329.370946 43.476362 -0.015858 0.014312
1585452.240699 85.700694 209.994496 -0.004644 0.007065
796849.675848 98.862544 459.215610 -0.011156 0.013052
461377.134761 782.897341 216.839998 0.007128 -0.013900
1447663.852688 165.056840 338.389756 -0.014467 0.001605
1190708.408687 498.670060 122.569121 -0.010123 -0.017108
1355477.244293 684.171438 294.673575 0.010007 0.018248
694211.989964 433.811483 39.573886 0.007922 0.017119
1497031.391364 75.987758 30.157054 0.000516 -0.007091
1759090.904966 594.336779 180.021746 -0.010332 -0.003082
904928.793621 771.783083 377.535473 -0.019378 -0.015859
341892.055395 489.105611 437.271025 -0.004958 0.014367
1609370.418642 43.057672 428.197247 -0.008161 0.012129
1339833.364515 513.624279 206.801694 0.009440 -0.006376
543533.833951 386.097808 260.710908 -0.007103 0.019766
1510075.678821 160.866219 443.544060 -0.017781 -0.002229
325429.097901 406.778774 246.075096 0.011709 0.000974
1027532.088117 770.818071 81.165075 -0.010410 -0.006330
1987715.010526 37.276124 236.704838 0.008296 -0.006359
396776.620483 301.266841 588.431652 0.001758 -0.015615
639902.701899 652.744505 355.743482 0.010163 -0.014510
1179865.857204 406.033512 204.152260 -0.006880 0.002542
1568458.621189 393.072596 42.220764 -0.012223 -0.008571
1190290.628555 566.871964 150.483702 0.009231 0.017977
1180185.991889 580.739740 597.210646 0.019380 -0.002821
672088.553511 146.445311 485.122151 -0.007428 0.009057
1837656.663655 510.379158 325.225619 0.000515 -0.004378
1360614.323691 81.339622 539.150135 -0.019219 -0.002767
924125.776125 643.734420 555.475867 0.001303 0.019920
418950.309241 102.519436 424.823296 -0.001828 0.014214
1312754.557148 39.452693 349.488157 0.006048 -0.018703
30587.249450 791.003660 130.164491 0.012878 -0.007748
1889215.610870 593.529760 565.891915 -0.000554 -0.009847
669560.509114 133.337988 213.987498 -0.010651 -0.012484
1579576.984783 556.919934 594.837009 0.008604 -0.010940
1982244.182370 739.163031 213.978640 0.007925 -0.004711
432350.935616 284.096310 257.849864 0.011966 -0.019780
930735.730068 652.682277 596.872195 0.007300 0.005505
600671.720971 501.540318 227.558730 -0.010148 -0.015435
1270601.892504 464.166908 169.686799 0.019697 0.012529
938976.299455 626.102685 304.952966 -0.001555 -0.000155
1474031.937064 361.522708 251.469475 -0.016259 -0.013940
1605130.416157 247.650809 302.449574 -0.010674 -0.015573
1023340.410098 559.404056 555.221482 0.000255 -0.004740
1128556.229700 645.925729 4.963754 0.017719 -0.017930
248420.950141 463.860216 377.927342 -0.004139 0.002525
884577.235619 701.270298 213.114964 0.017991 -0.006646
1704879.713107 549.626758 474.607266 -0.009086 0.011145
1882055.445519 60.073558 54.709558 -0.002198 -0.007587
404206.608610 765.702360 4.932594 -0.014906 -0.001412
780987.060993 553.507386 162.493087 -0.004092 0.005531
642018.800900 420.366203 130.978561 0.018040 0.017208
1579863.075903 313.698474 483.273099 -0.014250 -0.006315
286431.929230 799.284815 18.221318 0.017334 -0.009097
1625355.291937 700.263427 207.236879 0.016183 -0.007094
1310099.705732 85.561516 166.730727 0.006607 -0.010566
1485499.756171 42.181451 555.832246 -0.019433 -0.001827
1126826.147142 267.848012 586.661719 0.011206 -0.008658
1817754.082297 456.634865 407.079977 0.008593 0.008663
42605.713030 685.599891 428.951346 -0.017418 0.011458
1969490.396776 691.735764 399.966985 -0.006746 0.010789
1972945.507603 788.156550 525.937681 -0.009431 0.005961
221002.463354 5.479078 420.901338 -0.018475 -0.019153
314139.836614 479.667351 212.910781 -0.014574 -0.004780
1280098.799281 35.174112 571.140029 -0.007235 0.010300
1334025.561499 271.083868 370.156408 -0.004794 -0.004312
817314.073824 291.809457 154.330921 -0.016974 0.007881
52254.755074 49.474728 409.004524 0.016122 -0.006913
662711.798522 9.297121 199.564385 -0.018595 -0.017990
710212.109941 153.548001 389.792688 0.008414 -0.006920
61999.699130 281.219168 223.131879 0.019325 0.006778
261157.692532 519.747174 3.525089 0.009906 -0.018747
797766.605764 125.497748 237.022343 0.006234 -0.010781
184709.901076 545.806703 175.245481 0.010998 0.003286
1235796.007903 85.601234 357.249410 0.018128 -0.014407
1292608.929469 245.239265 198.128595 -0.008130 -0.019338
1317389.029692 261.115042 220.288257 -0.018776 -0.007596
71927.786838 127.638405 575.983777 -0.018264 0.016273
1977614.946653 353.541594 38.227802 -0.004682 -0.016031
591803.305127 381.805423 467.105153 0.003539 -0.009939
726241.200569 165.360988 213.885977 0.018403 -0.013690
995710.504705 485.402429 279.502095 0.013133 0.016104
963862.695249 391.291129 138.024725 0.013998 0.000718
1079147.418532 708.513125 408.191128 0.000058 0.017229
1174876.041326 389.943667 223.400148 0.006102 0.014862
937689.950195 758.177710 209.352943 -0.010106 0.001357
1200871.358253 489.871473 445.122743 0.018292 0.002819
1798372.363578 364.419328 105.737135 -0.005468 -0.008548
158766.744732 676.190086 464.606736 -0.007518 0.007886
584123.108808 680.042969 348.314176 0.018805 -0.006104
1019930.488905 447.490955 500.016044 0.015236 -0.011571
1412068.961846 279.135136 95.706076 -0.017831 0.003992
1390465.348675 524.105546 125.834896 -0.002537 0.004572
1560588.704217 269.718710 41.851107 0.018295 0.008043
709118.110458 28.563006 327.008533 -0.014812 -0.006336
481739.437432 336.884196 116.728892 0.012803 -0.004328
1084185.081108 265.237926 569.356921 -0.004954 -0.011511
321427.933090 65.568868 337.082325 -0.007611 -0.014300
322096.383349 11.872148 475.424567 -0.005127 -0.001934
811598.476400 120.519864 472.113984 -0.000988 -0.015694
975828.599639 662.700058 87.559360 -0.018663 0.018341
980873.326296 219.783346 226.102383 0.007430 -0.016137
1538962.265262 182.352043 257.000047 0.008858 0.004174
1281944.833362 703.466115 411.139750 -0.011726 -0.012083
1646853.441208 292.187500 129.497448 0.004648 0.009432
1334224.681991 17.318032 531.643208 -0.001746 -0.000145
1987979.200663 753.812292 196.593377 -0.014445 0.019162
567825.405192 503.441469 150.149129 0.006635 -0.007347
693992.653253 345.727189 324.333966 0.011196 -0.014026
290886.182473 333.406469 18.736844 0.013265 0.004842
461579.700216 523.938706 590.472921 -0.002184 -0.009217
1440439.939238 90.592826 175.782849 0.004289 0.002717
1578856.275221 479.506975 307.238224 -0.015373 0.009479
975708.803616 320.043811 219.782147 0.009551 -0.017499
1363849.989774 68.022744 296.492301 -0.011051 0.014438
1287670.666020 295.552852 165.427968 0.006994 -0.011985
1793086.186886 725.100128 513.141991 0.015254 -0.005938
253419.465503 481.139953 278.051651 -0.003016 -0.011631
65064.939701 167.198755 484.590544 0.001755 -0.007021
1093948.624606 26.146232 434.888923 0.016643 0.010810
1570950.974510 476.845702 514.248277 -0.008961 0.012898
1433502.711092 738.792978 113.703334 0.019643 0.003966
779698.448619 711.478677 302.005352 -0.010244 0.010922
1707668.152502 297.466459 224.322575 -0.007306 0.011718
1161722.038482 280.355402 1.122394 -0.004383 0.015822
650195.260835 747.980588 556.414416 -0.017959 0.014023
1393276.303724 667.728562 267.637177 0.002117 -0.015476
534900.189626 215.484305 20.765345 -0.001721 -0.009445
1264731.390059 676.505622 90.919826 -0.014611 -0.016290
1848317.172308 790.562414 278.222394 -0.008161 -0.007744
512088.236637 701.914288 394.097692 -0.009759 -0.009257
1104225.446984 465.372972 122.092139 -0.000853 0.005251
107543.810321 140.002874 279.649866 -0.000014 0.009159
1156781.673039 615.017652 597.778757 0.004529 -0.011047
520065.349769 196.724983 42.762615 -0.003456 -0.004742
327390.441823 269.848541 222.041352 0.005081 0.005381
1353004.063178 706.932109 306.570971 -0.006495 -0.014418
1558240.596931 709.853207 433.235927 0.019295 -0.005481
706633.334377 29.376663 323.800891 0.012782 0.001681
534505.464385 317.210237 182.389620 -0.009453 -0.019529
1061346.780072 419.757554 154.986729 0.004198 0.017624
1275778.349152 611.879473 164.385679 -0.019715 -0.004278
1816858.008419 547.079168 165.933587 -0.003172 -0.019295
837596.447597 159.028138 541.961875 -0.014421 -0.012818
537634.699856 396.266280 130.324837 0.012320 -0.007437
1509630.032587 59.475120 425.649387 -0.016475 -0.031704
1442342.147903 473.715192 518.108592 0.019195 -0.012377
1603574.954720 491.989281 575.841060 -0.016929 0.004959
706735.606634 787.869970 184.356490 0.005203 -0.003778
651319.147391 39.683475 362.222659 -0.010771 -0.012389
1573016.600485 398.062205 411.316658 -0.019954 -0.007659
1998835.487291 607.691355 230.240871 0.008374 0.012763
1445522.677826 344.919506 246.109100 0.003476 -0.003646
1207599.107738 311.346677 14.954189 0.002536 -0.001313
1297106.122271 734.069506 269.887151 0.018120 0.001903
1709409.523620 225.341051 358.940387 -0.001613 0.000449
1579454.636005 196.668142 5.805102 -0.000954 -0.009959
635151.660366 380.602249 4.993625 0.008028 -0.012567
1657542.871152 337.959844 368.670139 -0.010401 -0.019607
50074.195513 673.581047 239.430393 -0.017989 -0.003729
1728956.987955 558.544079 193.907834 -0.007468 0.006074
1741304.677791 135.016241 562.143622 -0.001268 0.005047
896425.988943 206.784291 524.914583 -0.001633 0.009339
248631.410417 620.306246 125.785855 -0.014694 -0.000945
789536.960791 768.994835 539.207632 -0.019610 -0.011930
1819863.026878 28.279838 26.026228 -0.007615 -0.016541
901731.744829 139.522007 470.670586 0.010950 -0.000463
878442.611954 515.136525 393.311402 -0.004976 -0.015505
569936.175165 658.506139 222.574483 -0.013656 -0.008684
212161.644461 226.374881 35.163329 -0.007360 -0.003236
1070836.321949 568.329644 228.079804 -0.002630 0.008850
1162154.364009 276.213786 454.569600 0.005045 0.006161
1685995.778854 61.553013 497.463903 0.005607 0.014005
631794.399876 54.260593 296.532824 0.018931 -0.002273
