120102.793966 630.387383 121.597378 -0.006104 -0.005545
269277.329682 299.971768 156.259769 -0.018281 0.015149
1260731.205931 302.291452 191.706321 0.013065 -0.002959
973263.179405 632.930825 572.901504 0.008499 -0.005938
1683880.506867 289.163613 229.239113 -0.016820 -0.013039
1760997.696668 175.444669 580.366686 0.011720 -0.019817
354965.669268 681.954975 474.565591 -0.004792 -0.012046
306862.422408 411.998620 346.446764 -0.003480 0.002354
913598.742761 34.983113 562.643224 0.011151 0.014844
723511.401901 210.206088 397.841240 -0.007307 0.019058
27418.055584 126.991434 203.116994 -0.004125 -0.010457
1026719.971107 221.751389 272.912344 -0.000715 -0.017198
919235.655535 527.222303 552.745072 -0.009944 -0.018415
247720.705461 324.250741 333.747180 0.008061 0.012676
229642.751734 125.528780 517.204633 -0.017956 0.017160
1463437.116455 330.395246 118.955220 -0.004254 0.009174
349002.480669 325.717816 534.050572 0.001247 0.011369
253345.397419 21.871255 48.650503 0.003296 0.000362
301882.374241 33.174512 100.931408 -0.017033 -0.008248
417897.793659 158.378313 419.930152 0.010565 0.015940
1032678.423930 703.052177 34.590619 -0.004922 0.017252
1981626.739717 86.489771 206.283851 -0.012554 0.000463
148080.320166 291.134587 546.235309 0.018533 0.015041
1426235.401736 72.464601 542.616471 0.011801 0.006902
826207.458426 756.236398 428.228674 0.003247 -0.019250
17939.873048 633.065170 129.721735 0.008265 0.002240
229060.592236 178.644661 260.709961 -0.012996 0.003901
729567.630556 129.753927 425.678346 0.008436 -0.006076
424191.899795 625.422479 428.248146 -0.015125 0.009742
1179453.697605 667.589020 501.708168 -0.000338 0.005135
1017047.714916 724.861963 344.256146 -0.011064 -0.000461
1184883.571782 186.637086 168.468796 0.012306 0.017671
1669257.284919 738.002073 97.870967 -0.009246 -0.016898
1530870.404807 506.865369 153.118165 -0.001073 -0.006374
1211583.405366 549.630910 75.434994 -0.007255 0.012393
1741377.547263 727.202460 385.825454 0.008295 -0.003776
544004.606336 172.621914 185.181147 0.013867 -0.002454
1594854.852927 349.846237 402.324865 -0.016924 -0.010146
1223177.906695 729.718812 101.269739 0.010939 -0.013137
527324.168257 433.116466 487.571832 0.000764 -0.019354
312490.830343 99.686973 422.369755 -0.009701 -0.002819
1025907.483430 120.797830 212.121606 -0.013732 0.014352
1509229.653286 341.846507 43.551427 -0.018059 -0.009430
1023852.793045 688.128613 428.158512 -0.012674 0.017496
1918069.081343 635.187665 509.714315 -0.014815 0.002801
59433.087734 314.546504 67.966762 0.013715 0.016465
257531.464220 800.583874 21.734871 0.013273 -0.008793
961609.428265 277.268038 259.692393 0.013374 0.000059
582120.371322 470.084980 558.511072 -0.005431 0.005996
408974.288222 701.734371 306.539304 0.016827 -0.017663
899929.745542 700.316137 511.683036 -0.008030 -0.019844
849952.291162 263.264979 237.643216 0.001509 -0.013091
617567.269419 532.379006 103.649629 -0.006174 -0.000019
907629.657959 661.845613 507.016420 0.015496 0.006319
693382.430213 141.760484 148.664170 -0.008906 0.001676
1797970.130014 385.115358 250.776325 -0.003522 -0.004088
955435.349120 688.618054 163.939289 -0.006711 -0.013570
557659.864685 605.870527 293.291360 0.007016 -0.008251
1324351.926951 788.303854 575.588298 0.013345 -0.006821
917046.023028 230.648016 93.482357 -0.007870 -0.012905
1632997.046985 519.052784 212.589902 -0.017494 0.017126
1790149.784549 770.180453 244.860183 -0.007407 -0.004952
1613713.184192 632.103733 140.608933 -0.016798 -0.015064
791753.703166 288.608544 527.170898 0.015413 -0.018591
347958.385175 437.336559 12.046999 -0.014655 -0.004616
701432.257286 473.865430 403.383754 0.000323 0.015832
1693039.169392 258.645040 326.908252 -0.012033 -0.004481
944105.254926 76.398255 210.588359 0.015350 -0.003686
1451122.988691 550.710517 119.899098 0.018419 0.010772
644142.737912 284.989386 76.570368 -0.011891 -0.010298
328294.663843 300.280332 473.818214 -0.012140 0.000425
344141.964030 428.829752 60.477725 0.013708 -0.018295
1995072.262359 551.864501 220.716371 0.001690 0.015581
1509670.835691 11.119095 591.081351 -0.015725 0.015784
783939.521193 665.475508 350.110090 0.003527 0.011735
702233.533702 730.431897 89.059070 -0.000810 -0.015201
783487.379916 514.350037 295.275624 -0.012696 0.013071
1976.599918 282.087875 217.559832 -0.015852 -0.012080
812477.567611 81.009297 532.115588 0.010929 0.005804
1551513.418346 422.691164 395.117644 0.010376 0.005366
1106838.468046 120.724328 279.743220 -0.014515 0.009725
516376.429478 389.588640 394.303313 -0.003984 0.018693
1541877.001311 639.169348 367.037457 -0.009510 0.019229
877046.727052 211.005983 200.390951 0.012097 -0.005350
1062152.807164 166.454413 280.975399 -0.003290 0.019317
220503.739184 155.088673 306.196575 0.010775 0.018107
285758.867062 257.635473 62.743509 0.004287 -0.002032
1694852.848395 693.283780 566.645747 0.000248 -0.009234
1823523.613542 219.373690 44.356104 0.000922 0.001475
109429.840049 768.288292 480.080680 -0.004461 0.010487
331166.874772 736.367830 582.231782 0.005307 -0.006549
1904142.131984 594.102617 318.589975 -0.001585 0.000436
967910.745632 483.315893 499.240583 0.003518 -0.011505
581591.096978 348.405727 48.141463 -0.010659 0.017492
706572.319710 117.978536 128.392438 -0.003011 0.006866
1499518.371885 385.543083 378.846404 0.001970 0.014864
785875.055374 571.526398 474.379847 -0.005467 -0.006112
257524.722376 252.980781 54.420975 0.006466 0.011203
1201976.699383 114.819347 228.945115 -0.002618 0.009277
1186503.038363 580.057126 101.863345 0.006824 0.018390
215485.423904 20.077289 64.839324 -0.007118 -0.001907
1555844.913030 56.629065 560.860079 -0.003699 0.004791
1610655.802121 641.115039 200.303727 0.003836 -0.013392
1363983.919548 580.615260 288.311650 0.010878 -0.004604
515601.680854 298.536606 317.671170 0.005557 0.012250
521772.659627 185.433651 319.585414 -0.002814 0.016121
984056.433190 429.805430 558.396455 0.003489 0.013615
764465.851134 302.202274 558.065780 -0.007321 0.011437
1098768.237559 98.236704 352.936386 0.014603 0.008845
1505133.839094 452.487149 265.848091 -0.010749 -0.006515
1656881.889169 392.730031 425.912840 -0.005636 -0.014821
1035409.796534 493.512321 216.324166 -0.018006 -0.018103
532033.862794 432.418593 349.915124 -0.012178 -0.014336
885049.308131 462.085632 312.442277 -0.005105 0.015766
611963.250959 737.634893 10.444787 0.015701 0.012226
1469794.933437 516.349357 223.627662 -0.012414 0.015620
1419313.830053 5.376851 222.228634 -0.003141 -0.005435
1001399.715897 751.278801 589.918004 0.014480 0.019441
57920.523946 103.067129 316.886283 0.004564 -0.007022
1340168.589419 44.037033 541.148964 -0.012379 -0.002906
1593328.125585 397.068879 209.026357 0.012546 -0.004449
308175.125303 438.502026 21.605673 0.000925 0.009132
1829796.170737 187.884588 440.327674 -0.008568 0.006237
194622.977727 628.362126 356.797775 -0.016823 0.005969
1163384.351490 85.753985 466.914849 -0.015269 0.009225
203536.384834 623.475604 467.010012 -0.019844 0.018799
408990.508136 640.547880 279.650834 0.002427 0.004636
1709918.606891 566.517944 96.618089 0.015768 -0.010611
1776676.395804 644.372465 280.249096 0.004779 -0.016389
248411.979642 575.642082 526.877823 0.008748 0.011925
1052401.075630 239.754439 543.560643 -0.007834 -0.003535
1254879.329007 324.231959 114.388029 -0.003732 -0.003565
322021.593490 487.281865 125.344268 0.000500 -0.015077
1647379.426121 386.228147 521.409308 0.019419 -0.005112
204691.412954 699.194164 106.324671 0.002791 -0.000170
536197.156895 555.242976 128.649997 -0.014200 -0.003475
25648.950611 537.978574 428.868213 0.016664 0.018939
247729.502734 436.841808 229.261978 -0.007400 0.018031
1580350.309415 379.749108 335.167803 -0.020008 -0.015902
1443766.372951 659.215716 351.101637 0.003681 0.012390
1912564.341869 554.250550 409.479362 -0.014674 -0.009431
357511.299829 321.089794 575.530242 -0.004430 0.001838
744693.135258 324.272852 130.798254 -0.016546 -0.007021
387589.365424 167.812130 523.080306 0.002987 0.000952
1645202.005117 291.594203 -0.139628 -0.004715 -0.005359
205411.871060 83.739419 113.563311 0.007509 0.007844
1996032.971887 514.926190 233.963155 0.007552 0.010354
1306804.762830 688.140946 106.578815 0.004502 -0.009856
1450619.077985 788.643611 395.008614 0.017715 -0.017182
1969754.747101 110.699745 168.478273 0.013616 0.008610
1609086.544071 543.902646 45.395105 0.012193 -0.017512
883645.576836 726.168895 99.672725 0.005722 0.003631
1722771.757153 502.391396 142.244071 -0.009970 -0.007553
28763.775727 722.621839 101.808739 -0.011962 0.000494
845989.907554 733.701063 301.389035 -0.016748 0.014414
1143645.596292 54.602512 600.433032 0.014091 0.016924
1423342.375748 525.732927 361.908078 0.011483 -0.001573
1329764.171191 184.931467 221.824587 0.013248 0.014448
1926056.274178 553.167142 294.476004 -0.012006 0.017724
1598411.507718 172.856311 507.799109 0.018773 -0.003699
726058.746095 314.112380 195.447312 0.014551 -0.001021
375371.614646 348.333939 324.776361 -0.012659 -0.008642
932014.105344 718.314020 567.099734 -0.017152 0.007115
811741.037672 587.829837 550.847709 0.010982 0.002639
1557690.799962 589.630949 154.990368 -0.009263 0.017508
399385.155365 53.239386 91.130866 -0.018133 -0.018557
1122038.441301 328.140271 256.539500 0.015486 -0.009115
1805346.826001 59.669633 425.567769 0.002891 0.006986
1995636.369100 729.259151 97.166381 0.017696 0.019451
1695958.700821 279.124623 427.788530 0.010648 -0.015090
558004.577904 435.833767 516.783292 0.001460 0.012504
1597187.265566 589.377697 528.855497 0.018086 0.011277
1833981.536251 410.013694 114.632954 -0.006180 -0.003989
929917.220459 197.740114 284.868692 -0.013201 0.007550
1471826.909795 138.694426 361.177494 0.015870 -0.015403
1165988.196230 595.178517 277.978731 -0.008188 0.000421
1172216.120722 460.770961 32.319082 -0.002203 -0.015475
1736107.381869 196.509590 508.174151 0.009950 -0.012176
1259741.624473 533.079940 425.010552 0.012848 -0.019577
218963.730251 229.089567 155.187324 0.003363 -0.001613
1902503.935575 255.789734 379.512019 0.002182 -0.011336
1496596.111682 109.362078 576.172070 -0.011561 -0.002662
941537.357374 638.185059 5.851623 0.001070 -0.010188
245239.558744 315.885844 292.927666 0.018816 -0.014289
1372376.816986 480.086978 484.733972 -0.004176 -0.003135
1637971.852737 403.618623 423.919957 -0.017024 -0.016336
337179.376901 23.732339 245.413084 0.012141 0.003350
1249672.392965 440.340689 432.868036 0.003376 0.010443
310196.676436 44.280486 335.831453 -0.013359 0.003298
1607296.809371 230.212200 584.980976 -0.008232 -0.009710
236307.595035 784.027104 515.195416 0.017035 -0.004961
561161.337682 597.064440 528.883618 0.019442 0.012913
1939371.158341 125.310080 512.011577 -0.004855 0.018364
870700.636353 2.034808 305.607059 -0.013721 0.003550
541779.813609 249.485351 386.780555 0.013264 -0.000884
453110.709066 506.689170 459.719020 -0.011929 0.017064
47266.968548 256.982239 543.166621 0.015294 -0.010195
562186.379247 129.995490 594.538185 -0.013528 -0.013982
1629854.769274 105.337730 185.091590 0.006687 0.000384
534606.907766 82.314256 307.414672 0.011064 -0.009663
203362.833803 38.255302 342.333548 0.009820 0.015221
92345.910190 778.896578 306.426668 0.012419 -0.012993
877177.283576 667.529998 297.716471 -0.006205 0.008679
1484435.888699 500.975167 528.894707 0.009362 0.011482
64404.659935 438.973305 550.675739 -0.006316 -0.011449
856791.879449 487.146691 190.767774 0.017638 -0.004616
1153201.109335 33.890550 259.489400 -0.014236 0.011662
618554.387530 154.339181 456.603857 0.012847 -0.019885
1875266.974734 207.505094 503.038836 -0.002706 0.004179
1111007.126566 140.215037 138.627954 -0.002544 0.016423
34336.430968 375.456744 275.445849 0.017100 0.004170
1349224.196444 292.220576 249.845119 0.019694 -0.007783
1602661.077679 455.129170 209.656491 -0.010646 0.008553
276647.354605 434.503047 544.414244 0.016435 -0.005558
1822198.850020 671.173764 373.223385 0.009940 -0.009120
453696.245539 243.680951 268.637036 -0.001693 0.009701
713133.517985 379.642960 125.363440 0.012603 -0.003601
36437.158490 391.711555 464.282274 -0.002909 -0.000564
159010.190591 189.096537 31.258185 -0.002845 -0.001198
1535456.720523 453.609902 6.980105 0.007006 -0.001246
749811.288319 470.144925 183.212312 0.019849 -0.006527
1154889.427663 178.733496 384.603321 -0.018996 0.007212
762647.938338 304.984442 92.475183 0.003626 -0.012136
1129345.827331 486.711132 410.796947 -0.006539 -0.018323
337378.635228 333.931645 168.891845 -0.011171 0.013865
1499918.929068 791.340232 248.065487 0.010345 0.006645
1760744.261444 108.721696 149.764491 -0.012556 -0.014678
1172923.453698 610.439375 215.707513 -0.010957 0.011547
79642.974809 486.072597 100.958542 -0.012200 -0.012032
730713.756164 606.818684 483.813957 -0.017944 -0.016077
1702955.846536 175.391440 309.532358 -0.014688 -0.002387
724785.897287 706.011673 257.968477 0.011054 0.005768
187236.443249 524.305040 468.713125 -0.006230 0.013668
1828784.213322 744.202636 362.756390 -0.009411 -0.013201
787390.226865 250.414299 459.587997 0.002477 0.000233
1929498.061505 743.031483 161.180668 0.010625 0.019221
730520.102536 499.678971 120.220717 0.015169 0.010650
1281053.293162 194.215152 381.724978 -0.017203 -0.019253
562426.321470 130.165980 404.886468 -0.017500 0.000263
1033437.869061 779.968897 262.795990 -0.015121 -0.010092
1192859.900739 412.553312 336.298718 -0.005498 -0.016832
138898.690296 261.424615 3.516789 -0.006508 -0.015988
1973181.982512 560.996994 434.057031 -0.012566 0.003318
957790.512106 660.703400 496.881110 -0.015321 0.015869
1692076.045876 318.218186 36.195183 0.000830 -0.001624
1136829.509929 29.174726 260.352299 -0.019512 -0.013629
1367539.427880 482.413095 406.323929 -0.010179 0.018677
1509350.044424 252.419433 176.130994 0.010395 0.006119
785056.476847 597.964449 212.902895 -0.015366 0.017396
1873643.585422 476.150438 457.101412 0.010545 0.008430
1315983.134935 488.251325 64.661264 0.008808 -0.014712
1135951.929323 228.607268 100.560798 -0.019851 -0.008260
656102.584980 548.458910 539.303710 -0.019843 0.017279
1727078.126616 606.248116 148.306370 -0.013758 0.000840
1797488.349396 438.902965 161.435340 -0.009882 0.006606
406141.346510 152.120590 156.493053 0.018577 0.018124
1941231.998588 497.084213 337.373047 -0.016814 -0.006386
1386830.762674 518.588804 376.804240 0.014458 0.005998
1843128.023596 152.299885 201.661519 0.012788 -0.012236
538331.757550 546.169625 571.873239 0.000657 0.013532
944807.663069 332.438094 233.386774 0.009345 0.006552
106756.882792 754.909032 514.597388 -0.007558 0.016348
1618777.323337 226.566361 318.135161 -0.005085 -0.005231
1742666.514471 52.446202 6.988713 -0.000034 0.017115
1321460.731012 337.246312 69.654944 0.019887 -0.010389
620834.287545 213.100031 553.863673 -0.009469 0.011293
1523195.320518 587.344023 118.881633 -0.014018 -0.000940
1731081.362688 163.166458 252.016069 0.008917 0.000662
656632.629529 425.746522 480.607011 0.014354 0.016121
325566.043298 583.638581 580.982220 -0.013080 -0.010860
1792559.657149 666.269710 390.361058 -0.019493 0.013218
1778465.217808 259.386563 59.274436 0.012368 0.003542
1763427.173609 457.724063 193.042296 -0.017903 0.010207
1593951.392730 755.870544 556.292720 -0.011305 0.006602
886016.743670 435.761641 119.147758 -0.010407 -0.003812
204796.643092 323.742585 80.817220 -0.017154 0.002966
727276.621725 773.361124 248.466771 -0.019650 0.019095
488690.041233 721.725932 183.053256 -0.006265 0.008564
1781116.410057 179.168928 171.927913 -0.011466 -0.007824
20635.784613 7.633644 149.501081 0.017503 -0.010969
1834876.302553 303.320244 462.700223 -0.015330 0.004952
350019.654422 174.622022 16.702634 -0.007612 -0.008379
1214501.650638 537.651165 155.110637 -0.019201 0.007499
477760.385944 211.518993 353.523016 0.001770 0.004275
605806.972182 347.277951 499.320515 0.003595 0.005791
272576.070518 480.072462 392.517568 -0.004569 0.001524
1759240.741729 243.222906 550.249060 0.005984 -0.003288
1080301.612187 660.470389 382.573830 0.002793 -0.014590
1857771.559552 140.133499 484.286214 -0.012473 -0.012186
988850.145130 339.855635 276.892999 -0.016671 0.018751
134591.829094 309.678477 242.623152 0.015996 0.019022
96963.198901 28.648415 345.812509 0.008325 -0.003141
227820.812831 464.925132 434.720660 -0.018764 -0.010714
290631.014058 457.607115 34.193887 0.011505 -0.014516
385931.693197 569.436046 190.205788 -0.020032 0.015996
1023297.854244 397.170389 195.432355 0.018828 0.003273
589125.026292 31.595482 579.746743 0.007954 0.017445
1882412.602139 596.847507 584.002181 0.000685 -0.002101
790218.714061 504.693107 18.752645 -0.015187 0.006556
526777.357108 212.281695 139.795634 -0.007108 -0.017985
748590.766801 411.856932 457.614156 0.007590 0.000590
1324791.236466 162.283858 5.925961 0.019526 -0.013030
1179151.767483 226.051015 128.406829 0.002197 0.019231
301466.356172 395.936560 434.745588 -0.014978 -0.019515
349183.755158 414.947786 387.388740 -0.011763 0.005626
616335.581344 375.080010 543.811157 0.001725 0.011539
1910511.639859 733.802611 182.946521 0.008695 0.004282
1640005.631205 304.821068 484.980379 0.013290 -0.005348
1964468.728734 335.792672 391.208350 -0.012188 0.018995
1261209.360911 276.204150 282.365220 -0.005749 -0.001165
968463.258337 424.308548 593.890196 -0.014826 0.009420
1257770.379660 350.166963 124.040057 0.001253 0.019274
1991034.577596 391.364077 537.619055 -0.008006 -0.011739
1007596.648767 95.786429 353.496199 -0.006639 0.017890
1912045.142572 235.965555 222.800144 0.004268 -0.000412
692628.538559 190.254241 501.230618 0.008845 0.003722
609848.141023 240.631463 74.913050 -0.008219 -0.002768
1723251.459991 737.585146 520.932740 -0.017354 -0.001710
1696924.347289 50.405209 567.937348 0.009833 -0.005583
309029.791648 199.745580 289.724267 0.009625 0.002319
867302.640745 559.241199 513.473444 0.012175 -0.007824
691843.061099 120.500131 326.186342 -0.012867 0.018623
272265.500516 388.361260 162.241280 -0.009546 0.011206
1400582.436193 98.380005 421.232762 0.003021 -0.012280
320566.674844 332.989097 150.745751 -0.015710 -0.013505
1229627.376064 208.706542 246.089512 -0.016041 -0.019856
1946485.269790 425.032323 421.414212 0.007035 0.006388
15066.369444 140.508555 292.252257 0.002011 -0.005762
911695.870064 549.149963 506.318800 0.009045 0.017874
1245159.992597 340.282225 42.849424 -0.006238 0.020315
519428.529087 388.676774 247.041685 0.000345 0.003875
1147820.552414 102.262191 512.419284 0.019417 -0.011053
1717933.562453 767.114123 453.767038 0.002496 0.011446
183230.377819 455.344899 577.660112 0.003167 -0.015303
640928.558372 27.385184 483.308979 -0.013450 0.010279
1503776.668340 629.044277 110.989188 0.012841 -0.015527
360957.489517 65.403139 358.341052 0.003707 0.003715
380073.533570 131.876423 431.539880 -0.018228 -0.014034
1889061.825298 723.427888 66.010305 0.008014 -0.001339
1796955.322752 633.902986 20.368184 0.014482 -0.005169
306282.549308 147.068967 243.134864 0.018364 -0.006192
332156.324914 567.568522 78.924217 -0.005930 0.001322
485168.456326 426.726396 367.247062 0.013026 -0.014855
413343.113108 24.417793 173.528483 0.017103 -0.017007
883643.182406 697.259785 587.107940 0.002073 0.002804
887249.075289 360.293760 217.478018 -0.000904 -0.007438
1467432.667253 504.239492 297.521607 -0.014407 0.003561
1682910.725327 245.210702 179.542851 0.018976 0.006318
1660796.624450 172.289439 113.427379 -0.002233 -0.017767
629926.086697 520.379700 50.904851 0.004187 0.003113
318150.466456 37.175591 269.353797 -0.013781 0.003910
40123.955365 464.597417 28.987611 -0.004741 -0.017506
724761.667999 94.060615 413.598583 0.014319 -0.009802
558074.092752 559.692475 337.295465 0.003108 0.006875
438651.350531 326.396647 533.328160 -0.004247 0.014617
1885724.248311 578.878956 300.916433 -0.018901 -0.006828
158400.153815 149.290934 226.076046 0.001145 -0.006980
1952982.963972 437.483496 543.721777 -0.018961 0.017280
1927788.328346 311.050077 28.209512 0.006203 -0.010087
607879.136041 747.026163 567.563840 0.014625 0.000467
1236504.919471 67.946850 551.390603 0.000256 -0.000272
1541570.438790 358.755973 131.497062 -0.009123 -0.000970
1098586.873663 282.359630 398.451872 0.017054 0.015184
1973812.054831 723.162356 257.406007 0.015644 0.017442
717421.361579 684.426443 190.611459 -0.003731 0.000395
1128238.588166 568.343387 265.729434 0.000398 0.003056
1906900.824936 103.278242 396.789591 0.014912 0.005397
311031.282093 514.371017 50.716922 -0.004965 0.016680
1119457.958787 738.753527 161.452861 -0.010737 0.013996
295815.608602 167.819289 451.538428 0.003004 -0.015979
1365835.790227 746.609819 574.033048 -0.019993 -0.006442
933742.419320 452.476475 29.994650 0.016418 -0.016957
1254474.420685 690.011817 122.213292 -0.008479 0.009408
1674721.783807 355.679117 227.762835 0.016823 0.012741
589441.845468 384.429297 445.834427 0.002566 0.008108
1186208.380939 568.282715 547.248966 -0.006137 -0.008544
28320.921598 24.634157 131.594853 0.018878 -0.018779
1123059.363627 350.773272 356.748211 0.004363 -0.006047
1339490.994503 192.657914 126.490461 0.014920 0.001162
1892333.765464 567.771696 583.333971 -0.007223 0.005370
1580513.963280 495.703116 66.144646 0.001234 -0.012663
1628540.167412 101.058141 535.770615 0.009075 -0.001117
358744.990248 592.734013 301.824005 -0.004040 0.008491
1065496.480589 768.627104 90.557511 -0.014932 0.002938
996930.964755 638.383089 488.922435 0.008373 0.006815
685065.261407 523.961031 229.064408 -0.007666 0.019141
22284.613001 83.042907 360.089091 -0.014811 0.005104
1564209.169505 749.573638 458.188797 0.006969 0.006548
471659.941818 684.026194 242.388586 0.009525 -0.009788
234378.384535 216.389546 129.534408 -0.009229 -0.004015
1581110.075852 613.278169 117.730290 0.004190 -0.000950
1733102.233956 757.521637 78.141105 -0.010149 -0.009497
222272.466972 206.821084 219.661225 0.008454 -0.004766
7593.072023 394.873578 189.594130 0.010723 -0.013146
1961038.188991 2.034505 14.014094 -0.004567 0.009662
554464.627316 401.914524 7.699313 -0.000263 0.010865
821613.773155 227.359860 322.690654 0.003927 0.015621
24485.756655 378.289282 502.203121 -0.014262 0.008808
196372.594776 203.386693 587.993387 -0.001422 0.018540
718005.964867 375.057050 274.475379 0.007054 -0.010217
1252709.545778 525.445928 142.111043 0.005946 -0.018314
1958473.456073 741.852679 326.322238 0.019622 -0.003223
628831.249023 322.282906 421.313720 0.014053 -0.019645
1185057.482303 690.542324 288.825821 -0.002873 -0.019712
406775.272641 421.096012 157.352045 -0.012905 0.019389
452064.211691 433.138332 275.589870 0.007347 -0.011357
1391094.198167 249.240943 524.882507 0.017220 0.018305
1830316.959801 730.310996 532.215337 -0.001630 0.016128
610994.441719 618.080305 184.019976 -0.019664 0.004984
631021.334152 481.845981 292.044064 0.011833 -0.018566
989235.750860 1.826389 334.013780 0.010259 -0.012654
1098658.789461 784.313555 435.144005 -0.019664 0.006629
1883467.686308 564.577821 586.032050 0.012813 0.005376
1871849.530317 584.847625 330.499775 0.012870 -0.012444
911993.535660 102.274513 577.337651 0.010581 -0.014599
1176139.691461 61.528623 443.487741 -0.016930 0.015018
1537174.407177 456.330968 526.431770 -0.006937 -0.006929
123261.179832 700.935952 185.290594 0.011686 0.014897
1946848.674653 583.285728 354.096145 0.017980 0.001709
457599.283409 709.027846 164.563493 0.011211 0.008296
926562.791190 189.181424 501.708076 0.000009 0.020044
1942178.605097 12.087442 45.308504 0.008402 -0.016361
1905775.863633 382.759649 397.507412 0.013277 0.012158
1975712.466974 713.567871 407.990026 -0.008328 0.007171
1128937.655654 214.580089 243.656292 -0.013902 -0.011211
1900458.380534 306.156039 62.048621 -0.011064 -0.013423
1623668.112617 549.997461 239.551994 0.005846 -0.015471
798515.523224 494.055503 76.736405 -0.000978 -0.006941
438456.544857 343.754325 482.259647 0.015113 -0.009787
1216805.763178 694.591381 90.643417 -0.008497 -0.013393
1661706.700764 681.402909 259.086262 -0.010495 -0.019709
1303971.794110 150.850916 233.926772 0.010277 -0.003515
1107963.914568 455.374044 58.939381 0.018169 -0.011402
425643.800956 282.600057 500.017475 -0.007492 0.013816
318262.858465 449.177839 154.972210 0.018570 -0.002269
1036196.117772 457.909603 186.642632 0.006836 0.014620
948553.069005 401.524402 427.738087 0.016400 0.009349
1438074.149861 446.927141 555.736855 -0.015619 -0.007598
677338.477540 530.414186 530.679329 -0.002502 0.004693
197747.041563 521.205189 583.553974 0.017219 0.019650
1601492.672973 71.528328 330.557789 -0.017643 -0.017808
1987075.958395 461.495829 375.157550 -0.007822 -0.010052
971748.938305 621.727046 449.402025 -0.012076 0.007403
974474.447302 733.540759 146.091079 -0.003453 -0.018911
1121549.802423 602.049106 413.121152 -0.002208 -0.012397
613932.794246 434.626058 504.543368 -0.008854 -0.001012
1665525.531241 62.890017 338.600820 -0.004474 -0.014541
1238773.710671 302.381567 429.539562 -0.010181 0.007295
1925637.924078 585.381511 276.698960 0.008456 0.017208
290519.337305 158.620741 508.071261 -0.004365 0.004492
1745488.432117 760.833914 218.943450 0.002442 -0.004208
1111265.337612 695.138073 563.129030 -0.004275 -0.013853
829182.160473 184.344804 135.880088 0.019236 0.004581
728391.627189 478.759699 596.349298 -0.016884 0.013648
1349985.243450 33.264037 346.062214 -0.014500 0.010168
1010733.056353 223.865679 571.604618 -0.005912 0.006792
1129411.861826 180.409992 373.222587 0.017221 0.011490
33999.050983 389.284517 394.219471 0.021621 0.015716
1606354.705806 296.104177 66.661081 -0.018775 -0.005950
1451822.744427 315.188769 570.271406 0.008765 -0.001001
1590584.168020 314.824866 309.317464 -0.005147 0.001139
538209.161040 700.857187 484.843962 -0.011161 -0.010864
958317.440449 628.086097 272.224260 -0.015993 0.008651
479655.517489 94.580400 120.125033 0.015861 -0.017013
167238.956395 558.594972 267.455811 -0.012163 0.009131
1592486.357127 737.288544 73.282724 0.009846 0.005639
1189583.299304 432.966811 20.950672 -0.015529 0.016585
1124831.962923 303.245670 474.216319 -0.005196 0.004005
37146.621401 680.305242 232.758457 -0.001137 0.018057
205026.889315 568.833778 41.081356 -0.007898 0.004316
284161.461650 310.224806 183.820602 0.003494 0.003354
68690.410847 306.127020 301.639027 -0.013745 -0.014785
287411.349028 600.123021 403.985417 -0.012907 0.014465
1171263.018237 591.641835 143.582099 -0.004982 -0.015505
1682127.158941 314.938373 577.573700 -0.010872 0.014508
1824708.168313 264.993281 346.671442 0.019211 0.005357
369206.509725 98.054445 13.416043 -0.000372 0.008414
1208981.916871 419.369047 56.223694 -0.015649 0.007267
446720.970071 202.304958 259.079451 0.015801 -0.002837
586212.983628 385.052283 102.177108 0.001335 0.014306
560717.814863 299.234726 150.907613 -0.010353 0.004150
234257.601311 123.757095 558.838754 0.007809 -0.014626
1133248.557864 703.455300 154.190276 0.003533 -0.005177
1934248.125150 153.514815 536.604743 -0.017565 -0.007938
1152133.833222 226.061621 331.339114 -0.019689 -0.013001
1965200.129880 240.333665 396.894726 -0.013833 0.013363
1034901.121182 346.240945 125.908007 0.010891 0.006874
1623246.405098 709.060908 497.174378 0.009743 0.003206
1926329.093951 248.081688 276.363773 -0.011182 0.015960
1658576.383096 150.516935 54.723948 0.008983 -0.010064
786221.519479 241.006310 318.628308 0.017783 -0.007698
1421758.733421 742.892504 364.968386 -0.004792 -0.017398
888519.625593 711.337506 308.039932 0.005913 0.006148
374128.679919 371.325778 325.464854 -0.019385 -0.011592
247207.860577 783.039289 311.489399 0.003281 -0.012051
838233.393076 329.889607 231.445207 0.000732 -0.014324
1269501.125100 722.773241 262.841279 0.010278 0.025115
1490342.234955 701.535887 467.167810 -0.005842 -0.010059
1720173.599068 638.945500 82.400308 -0.005144 -0.001854
1589947.016719 447.790871 550.805547 -0.006494 0.003109
254199.274003 369.755112 331.698629 0.005913 -0.018216
1506623.924480 52.365036 274.479187 -0.014407 0.003087
1187558.641279 619.063502 289.664860 -0.018794 0.017646
663885.182079 619.931956 490.427647 -0.015549 -0.014783
134186.233456 776.582800 557.387562 -0.011867 -0.006224
763995.101100 799.277296 542.417042 -0.008051 -0.006506
960104.740672 340.687348 479.056288 -0.018588 -0.016982
1689167.128731 629.676300 84.909150 -0.007883 0.017127
1435140.350571 715.952186 422.251293 -0.012035 0.017046
1287450.956780 425.450862 421.132708 0.007734 -0.013871
1664884.491668 423.889357 368.610348 0.010636 0.009316
1916152.068375 115.734615 439.930334 0.014361 -0.002294
142374.806172 274.758510 522.106819 0.014830 -0.004937
1889104.925044 571.623381 97.779847 -0.016708 -0.019290
184043.514628 642.424843 546.844843 0.011781 -0.019920
1678137.485719 350.671407 320.163263 0.001597 0.016078
349432.717240 299.291053 257.189554 0.011503 -0.014625
327130.583267 597.864790 167.731844 0.015865 0.004361
1445781.852792 774.672920 571.598894 0.003714 0.013533
657045.848974 430.373658 332.881136 -0.000288 0.004923
1143416.638087 467.913046 254.895963 -0.000621 -0.004814
853229.746620 259.723845 491.260611 0.018361 0.014548
1436276.935710 106.390582 143.643484 -0.014022 0.016990
747046.145027 249.407225 400.643978 0.006110 -0.011865
555282.349025 300.042040 106.730361 -0.010821 0.018770
31011.744417 446.392195 303.445988 0.002807 -0.017980
259713.421697 113.421606 381.621454 0.002212 0.005066
30230.289339 785.905728 570.703622 0.013289 0.017706
1629124.594680 439.976165 45.023443 -0.017901 0.007951
1993199.337271 341.290517 5.401794 0.006601 -0.016788
437214.899080 754.088729 272.215723 -0.004244 -0.013121
847463.854052 329.254944 438.840631 0.017216 0.019223
1561464.248021 48.372807 73.537882 -0.003322 0.004597
1496915.452879 345.560885 357.987476 0.008032 -0.009433
1076064.875850 410.516549 489.283612 0.004505 0.002593
1028186.607653 487.312481 594.726965 0.000927 -0.009089
141764.248787 594.392979 129.643654 0.000992 -0.014455
778578.041484 758.743792 329.872644 -0.015282 0.015191
1058486.954802 720.271995 564.108827 0.005830 -0.007116
1112790.978101 319.331922 448.047140 -0.013856 -0.016077
24501.685065 553.987528 366.351772 0.013086 -0.007842
353571.678676 272.717427 548.648083 -0.013269 0.014605
375264.103699 191.467308 365.800484 -0.003806 0.010617
1493884.026769 634.882934 429.335420 -0.008211 0.016521
1188817.119779 659.949348 487.968487 0.001401 -0.000910
259519.063057 73.876359 525.305202 0.015149 -0.010165
1949033.547169 712.098592 562.589359 0.003478 0.008711
482529.103981 609.362817 36.213625 -0.013826 0.017267
1850091.109914 273.851546 102.834750 0.001403 0.009862
1871495.037280 224.970602 324.764670 0.006219 0.002861
908785.677938 195.195064 241.304577 -0.009272 0.011225
1755362.652128 318.447552 522.286268 0.010157 -0.009000
232765.271437 581.970392 98.748212 -0.018132 -0.007208
1765166.354256 236.503590 45.867390 0.017677 -0.001993
15434.920795 692.810095 474.726498 -0.012884 -0.004008
1077013.659792 90.567028 409.385574 -0.016801 0.010608
516053.778360 427.446381 5.771252 0.006390 0.012129
1576709.125925 429.930781 119.152838 0.006436 -0.008340
948767.654108 620.944587 12.249842 0.005598 0.013209
667159.362075 417.509577 74.291839 -0.003589 -0.001435
1146380.339352 334.075693 198.457107 -0.005347 0.003863
1462269.868451 722.404367 427.092569 -0.003597 0.019244
949273.004639 536.527035 309.733258 -0.000656 -0.006841
636841.273232 217.409242 521.040131 0.000690 0.017239
316267.470045 793.035504 424.485007 -0.012941 0.005314
1072709.865436 409.212553 92.895654 0.006415 0.016883
1234697.917120 187.564424 203.708709 0.017929 0.003945
1871003.135047 543.427246 300.100169 0.005845 -0.016344
968257.898916 95.563332 457.580791 -0.019788 0.004255
184803.100389 256.223229 525.975295 0.018285 0.013469
1613704.762242 94.162067 496.978157 0.000562 -0.008173
920804.219749 40.444000 484.218918 0.004871 0.008291
1455508.939668 184.311490 565.863290 -0.017309 -0.012833
1084419.887087 1.183846 515.140267 -0.018216 0.005931
1899527.167855 422.534837 461.412581 0.008450 0.001112
745706.753221 643.149132 509.159178 -0.010139 0.010541
1369434.811813 44.299851 529.143180 0.000577 0.002793
353913.564400 780.061659 371.902722 0.019276 0.003541
660308.989072 568.506183 492.098447 -0.009056 0.011118
1997036.600484 653.755551 468.988837 0.014265 0.014409
857968.969670 644.599800 232.645315 -0.012094 0.000744
1832483.595159 457.110533 194.337966 0.011755 0.011536
174050.590104 359.852496 525.579951 0.018770 0.018477
887791.815627 115.779758 561.195785 -0.017430 -0.014860
1048845.100705 314.628777 504.407749 -0.006252 0.006685
1236598.032171 273.654533 290.013527 -0.004026 -0.012096
688449.854352 662.708061 2.379506 0.009248 -0.018936
1047717.716101 519.134662 357.791350 0.013919 -0.003479
831685.772553 746.733564 517.312347 -0.008462 0.016125
1646809.537731 587.937284 29.498518 0.010385 0.011943
354697.854423 226.545392 115.098927 -0.019275 0.005152
1718570.137265 508.393430 581.362914 -0.006289 -0.018648
338487.908402 549.628368 517.420315 -0.012997 -0.003252
1776805.868268 558.739173 40.771072 -0.000620 0.001850
960078.654327 720.366841 286.967654 -0.006834 -0.012547
763596.911339 131.438440 556.123043 -0.002746 0.017023
1446903.674606 486.695568 125.334881 0.017660 0.005382
1673049.761761 619.891905 155.814926 0.012211 -0.015279
591079.477496 780.255753 482.665949 -0.013710 -0.013986
450261.526019 36.874144 509.532370 -0.008242 0.001255
788880.985598 619.047066 258.728900 0.014935 -0.015423
1247242.441982 204.432465 167.416636 0.002024 0.007426
405506.701397 218.003801 175.227751 -0.003530 -0.012356
1835863.754077 197.666564 576.294884 -0.012857 -0.017850
159031.381905 380.103816 18.647671 0.015404 0.005326
362722.217274 87.271423 407.216934 -0.018523 -0.003736
420997.232395 340.198860 105.283017 0.005867 -0.007716
580167.091722 213.294481 332.950378 0.002811 0.012590
479025.265425 617.113329 52.489554 0.001287 -0.012673
552036.800679 359.860411 258.449836 -0.010469 0.005063
969986.005207 253.897810 61.532240 0.000823 -0.011952
1471710.388303 557.485947 187.860874 -0.003393 0.009227
1430984.936390 500.950378 91.070908 0.015644 -0.009259
902052.609670 144.430888 321.222323 -0.019778 0.010001
700700.571156 195.518024 313.395186 -0.002450 0.011059
1408199.004553 571.182086 137.238101 -0.014608 0.018117
1713095.736556 496.383530 161.315816 0.018422 -0.014614
944491.339356 557.165277 498.632451 0.011373 -0.015566
1119457.834922 400.507557 441.401363 0.008483 -0.004372
8319.607940 130.643795 343.418652 0.001564 -0.013273
647061.014849 711.925094 247.361318 0.013813 -0.006817
379545.065751 439.168965 25.936713 -0.003343 0.007313
1990576.603445 218.565979 181.382723 -0.009383 -0.010682
876473.971119 589.567192 557.757339 -0.009188 0.000888
80381.552726 664.613900 13.459145 0.011019 0.001700
828036.629980 625.128614 423.026887 0.019523 -0.007177
1747623.103553 248.333389 124.365246 -0.008533 -0.013740
1072386.123739 381.224377 423.736734 0.003233 0.015734
777386.485961 459.674093 100.949719 0.007633 0.013596
801906.589792 103.714293 345.938371 -0.006813 -0.003939
197987.358178 295.873378 137.744241 -0.015161 -0.014144
1545926.498969 428.227772 556.363747 -0.000445 0.001279
492654.834172 281.817295 500.368727 -0.000812 0.004970
1978982.283724 792.984287 69.294514 0.007746 0.002830
17631.095842 66.037503 86.799331 -0.012954 0.010995
1966499.848276 461.754673 543.715527 0.003689 0.014855
611006.784537 527.342119 167.401638 0.001461 0.011204
850069.038966 247.000726 189.936846 -0.005923 0.011500
1676786.882652 479.145742 83.190403 0.006894 -0.017858
1557780.060711 529.849385 26.128399 0.015762 -0.005717
1227310.625476 722.820149 262.681614 -0.014231 -0.028420
428616.731627 591.942351 393.299488 -0.015228 -0.007965
1127178.874392 340.494079 576.790088 0.013656 0.018406
1480731.590409 212.663330 162.243668 -0.017760 0.004805
115335.758829 715.050342 130.668010 -0.012100 0.002661
541498.807511 780.887607 137.378456 -0.007447 0.014835
1167776.423119 741.859794 464.535970 -0.019057 0.007387
1705487.274428 189.987780 255.739937 0.000309 -0.005710
1455042.508177 58.263148 469.746355 0.007530 0.016569
1485351.840726 341.424628 108.566431 -0.019552 -0.000664
1600046.444498 55.471646 226.641876 -0.019272 -0.009266
1889695.885540 230.110845 146.908903 -0.013081 0.004149
230475.999522 605.973309 319.360233 0.015493 0.011172
434670.210087 593.585287 9.904947 0.005755 -0.009937
748135.628527 296.604683 192.968223 -0.013631 -0.017665
474188.291689 718.607000 292.827649 -0.003328 0.016193
1941577.332067 174.222600 588.475100 -0.006007 -0.010695
499196.726130 235.231144 314.387524 -0.000263 -0.001295
254300.674542 487.784682 134.030681 0.006371 -0.000115
6325.354803 699.902981 144.016803 -0.019182 0.000836
980919.682878 316.126461 534.944574 0.012557 0.001952
1900851.625903 40.256715 269.148045 -0.002602 -0.001274
719689.197242 326.173174 412.446546 -0.006338 0.010296
1844748.197982 472.716101 30.064571 -0.002187 -0.016555
1036199.990211 459.303958 416.251110 0.009634 -0.010771
385683.919483 595.604613 65.345265 -0.002700 0.010631
1256102.471266 738.644759 96.147607 0.000457 0.010392
1419511.694191 375.325253 472.974429 -0.013616 0.016239
511292.832210 415.396474 189.781548 0.017686 0.014409
145034.134456 691.080040 270.089745 -0.015049 -0.007553
1071721.370831 513.076623 530.630385 -0.010814 -0.004678
233847.819378 338.108762 77.475611 -0.011039 0.014191
1786277.592083 681.697591 467.369229 -0.017910 -0.005084
1031918.257955 609.587838 506.235323 -0.007876 0.016819
1499349.890975 446.200381 263.474649 -0.017313 0.000084
597617.807145 110.391274 218.991293 0.010020 -0.009532
1353622.215499 228.406614 541.958511 0.002471 0.000629
573296.933702 542.619331 564.117962 -0.003397 0.016134
1590131.532210 246.428966 453.728570 0.003017 -0.005544
258416.177825 73.106893 73.582959 0.018867 -0.004274
87595.200207 577.070254 571.769033 -0.000688 0.011451
906233.425674 625.941613 554.297122 0.012745 0.001239
370032.188655 395.766130 489.187068 -0.016453 -0.017748
664767.085884 299.504334 441.875670 -0.009130 0.011571
1278253.811075 52.988591 58.739521 -0.004113 0.005620
916040.443311 420.107342 438.711809 0.003216 -0.000169
249204.321880 499.070324 130.129164 -0.016948 -0.015719
8661.484350 424.616179 533.381457 0.017161 -0.006052
841302.204338 90.006185 506.018843 -0.010467 -0.011990
1802783.200425 455.957497 346.320407 0.005476 0.013644
731632.451868 220.840647 544.805539 -0.001396 0.006841
1096714.972098 736.671277 118.100321 -0.008794 -0.000118
1386984.768969 324.049731 76.205167 0.016472 -0.000734
469499.863903 732.024471 7.024177 -0.015003 0.013816
718651.906922 435.329796 574.699598 -0.011850 0.011217
316653.122342 84.397458 211.442504 0.010193 0.008872
385530.231700 79.571963 10.967556 -0.015987 0.002579
1379939.433830 519.582182 291.736391 0.015404 0.017182
1974529.288697 463.557072 199.388452 -0.015535 -0.000418
1626419.535664 279.832835 244.560156 0.012986 -0.001061
503204.831157 146.074403 10.634256 -0.011609 -0.004499
1600260.999799 292.937278 294.354548 -0.013935 -0.015950
467442.890847 275.257759 120.988201 -0.009911 -0.002200
1530910.291491 752.986540 56.689889 -0.010012 0.013186
43405.273949 189.896358 245.071292 -0.005781 -0.005881
1801413.789299 133.465183 421.522334 -0.007703 0.019686
348673.859774 447.449712 105.108044 -0.012278 0.010756
1122384.702378 793.230272 80.695280 -0.017928 -0.014252
474000.488629 229.231395 293.463194 -0.002428 0.001564
1867761.544822 162.581025 288.080801 -0.018848 -0.001850
617712.498930 39.665635 415.257778 0.008764 -0.003835
88793.583256 495.191921 342.986622 0.009902 0.016902
1123119.018564 736.277107 291.410307 0.009357 -0.015513
510837.786138 237.524339 62.582627 -0.004325 -0.005982
498234.962345 502.782728 381.299412 0.009534 -0.017336
350510.791107 537.866240 162.966365 0.006259 0.007949
1451432.125387 771.357421 449.416627 -0.003409 0.007367
303273.376219 370.383839 179.828137 0.008883 -0.011664
454803.713809 227.254172 75.844121 0.008608 -0.019197
480071.545802 775.438957 189.770284 -0.006259 -0.005554
1333575.176696 474.773720 592.834738 -0.007769 -0.006721
110627.538576 382.742910 1.756958 -0.007010 -0.014495
1406769.050940 41.562275 59.177990 -0.001863 -0.001179
1561676.394922 482.072973 559.278693 -0.016767 -0.007002
281255.947557 246.640317 364.647727 -0.009245 -0.019069
1257382.930842 407.565072 596.224708 0.017781 0.014117
706537.016996 489.457981 269.024024 -0.006344 0.016657
1558318.719993 318.204722 237.116802 0.011351 0.008937
1057752.200895 389.456073 466.088338 0.005111 0.017487
491364.625511 326.179380 325.138120 -0.012860 -0.000413
1734950.389590 255.122142 479.342045 -0.000921 0.003492
1643357.573842 84.801222 56.734589 0.012567 -0.017961
1898263.090243 133.913544 397.735972 -0.004152 0.000410
1157183.811607 141.188308 544.749313 0.018946 0.018330
1260090.642264 401.439910 266.431543 -0.003784 -0.014830
767107.214205 521.753803 323.398608 0.016971 0.013173
55740.578126 634.937712 88.714780 0.013007 -0.009330
1471867.368311 519.130037 224.859759 0.012784 -0.001703
851158.514084 624.027958 377.532797 -0.016455 -0.012925
279214.015361 532.829213 211.848884 -0.018203 0.005637
622537.959657 541.430463 84.569830 0.010269 -0.016708
543551.074594 112.526210 439.071761 0.012934 -0.017312
1125283.938425 670.512865 515.326135 0.008413 0.006512
255944.995329 357.695546 187.046659 0.000111 -0.008826
1549879.616848 742.582612 35.067566 -0.003810 -0.019288
474171.187949 435.929010 410.510304 0.003558 0.003659
648167.413030 720.759749 160.547807 -0.001357 0.006314
697835.028496 589.691851 478.520078 -0.016730 0.001912
1725670.433475 516.076674 231.070765 0.008592 -0.005242
99429.388577 679.121517 481.485099 -0.005526 -0.005959
163663.104253 109.238532 168.321267 -0.006500 0.000375
594763.153510 303.869497 52.947141 0.019282 0.018822
1355525.087265 245.091310 522.214003 0.017947 0.010958
1053977.892294 234.729549 305.587212 -0.007011 -0.004923
115031.983757 149.672404 12.952104 -0.002334 0.016304
752375.869431 393.637508 455.217413 -0.012749 0.014189
219437.964363 208.550793 594.969122 -0.004391 -0.003955
1068114.026016 550.293439 469.140873 0.004825 0.006926
1499866.051366 239.159577 584.116801 0.004717 -0.010297
1491842.997955 116.755087 322.369705 -0.009701 -0.001114
1826279.228472 251.250866 395.297864 0.017288 0.010254
1133058.067007 247.465193 149.318970 -0.007046 -0.000433
207507.431604 346.411743 450.417700 -0.016175 0.012954
304737.184339 504.533863 306.594971 0.017354 -0.010027
361247.467977 546.354185 329.250308 -0.013813 -0.007892
1585793.637478 720.363375 269.195598 -0.006750 -0.013864
1841064.114050 194.861749 281.154558 0.003199 -0.012820
451362.950938 116.067687 291.936970 -0.000992 -0.001229
1950936.490647 463.029673 542.276481 0.007653 0.008380
1454702.783122 701.607126 182.770199 -0.010463 0.012506
1108684.254395 335.062484 297.163332 -0.015858 0.002983
1596490.624173 716.741132 284.793077 -0.012929 -0.009809
1263706.185512 134.057913 282.574295 -0.015923 0.009880
1294332.516982 261.010444 535.849200 -0.014674 0.012039
723046.520130 87.015636 228.575621 -0.009387 0.013351
107937.715067 793.430499 426.775265 -0.005761 -0.010874
1046872.077066 728.760940 389.671547 -0.019400 -0.019554
450965.188654 653.740633 546.584456 0.008007 -0.017431
278162.196408 266.405443 139.743901 0.004373 -0.002624
1960316.196066 205.839238 456.540411 0.014896 -0.004398
1125740.257616 187.883210 299.747815 0.017725 -0.000073
668170.334151 796.655924 294.184127 -0.018198 -0.005845
1443825.863043 455.460421 160.058036 -0.005093 0.003560
564375.188464 478.081550 242.544834 -0.012222 -0.008028
938961.728913 267.171066 379.950347 0.008063 0.017684
132214.712972 546.772697 119.685909 0.013383 0.002235
1179224.623916 311.436098 473.092018 -0.016500 -0.006651
575213.267736 339.111319 197.868459 0.010974 -0.001187
1368718.602401 400.996105 24.090729 0.018036 0.014957
1254302.726711 185.619498 282.663625 -0.018629 -0.002903
1541011.519516 400.997574 456.083778 -0.003926 -0.011879
1407684.757098 375.563169 531.708690 0.016162 -0.008186
883750.411162 393.746506 411.802876 -0.010538 0.003305
38293.802197 414.500120 2.792094 -0.006035 -0.008076
949396.727117 26.725881 479.084589 0.000618 0.019457
1340193.529306 112.095673 129.798860 -0.014279 -0.013049
1289556.392138 729.369767 404.282928 -0.003836 -0.007437
1756783.113702 88.166967 468.905101 0.010449 -0.019770
157687.638028 166.104720 303.223145 0.010651 -0.002497
175039.783202 626.554493 573.167656 -0.016257 -0.014658
506304.289450 453.182601 99.151662 -0.017938 -0.016703
301433.914481 576.005981 133.914193 -0.005387 0.014564
790027.673724 9.470946 464.039360 -0.017181 -0.003250
176035.711624 758.855246 317.294913 0.014789 0.008526
1081972.172988 759.046354 552.364532 -0.018285 0.008714
715741.816310 106.922343 298.821717 -0.007398 -0.010926
1263880.632475 454.426525 476.782484 0.011929 0.004695
1751026.801649 758.599054 202.407957 -0.016188 -0.007299
399196.095951 394.959404 198.061712 0.019118 0.002344
1496994.359185 48.610728 306.623040 -0.008893 0.017279
445396.929255 653.518206 529.856159 -0.014304 0.014537
1193553.106484 399.724654 599.522996 -0.016110 0.012529
450224.472419 581.197145 229.332871 -0.019253 0.001036
1999453.321099 715.709135 285.922105 -0.004013 0.018925
1584501.028799 429.100951 291.145300 -0.015105 0.000398
94458.571679 696.638905 342.396861 0.002263 -0.014110
1007827.074736 623.559071 579.774735 -0.004563 0.016845
1658558.308919 786.749422 253.006101 0.013085 -0.016917
475365.567242 42.338691 482.782494 0.004265 -0.016886
663714.367274 496.182258 581.001033 0.012213 0.018155
1919117.403179 479.277055 297.010460 -0.002161 0.008818
9624.167350 393.734819 354.446883 0.003062 -0.018037
1478876.057770 64.685589 497.160418 0.007694 -0.001373
1502145.321808 426.444838 269.203670 -0.013017 -0.005534
1054818.871922 329.042851 247.583289 -0.006669 -0.018736
972186.690649 532.037811 390.582571 -0.001902 -0.001129
1216433.286302 329.423560 43.428881 -0.015860 0.014311
1585452.240699 85.716092 209.971030 -0.004639 0.007081
796849.675848 98.899530 459.172298 -0.011141 0.013058
461377.134761 782.873686 216.886114 0.007132 -0.013901
1447663.852688 165.104839 338.384430 -0.014469 0.001606
1190708.408687 498.703655 122.625850 -0.010130 -0.017090
1355477.244293 684.138243 294.613032 0.010005 0.018251
694211.989964 433.785210 39.517098 0.007917 0.017115
1497031.391364 75.986046 30.180581 0.000516 -0.007092
1759090.904966 594.371055 180.031970 -0.010331 -0.003081
904928.793621 771.847369 377.588085 -0.019376 -0.015858
341892.055395 489.122057 437.223365 -0.004957 0.014364
1609370.418642 43.084756 428.157008 -0.008166 0.012129
1339833.364515 513.592967 206.822858 0.009436 -0.006383
543533.833951 386.121371 260.645324 -0.007102 0.019771
1510075.678821 160.925211 443.551456 -0.017782 -0.002229
325429.097901 406.739928 246.071865 0.011710 0.000974
1027532.088117 770.852600 81.186078 -0.010406 -0.006332
1987715.010526 37.248604 236.725938 0.008294 -0.006361
396776.620483 301.261012 588.483449 0.001757 -0.015611
639902.701899 652.710795 355.791618 0.010159 -0.014508
1179865.857204 406.056331 204.143829 -0.006876 0.002541
1568458.621189 393.113148 42.249202 -0.012224 -0.008573
1190290.628555 566.841338 150.424061 0.009232 0.017977
1180185.991889 580.675442 597.219995 0.019382 -0.002815
672088.553511 146.469936 485.092100 -0.007418 0.009059
1837656.663655 510.377450 325.240141 0.000515 -0.004377
1360614.323691 81.403379 539.159308 -0.019217 -0.002763
924125.776125 643.730094 555.409776 0.001305 0.019923
418950.309241 102.525484 424.776121 -0.001818 0.014225
1312754.557148 39.432625 349.550198 0.006050 -0.018698
30587.249450 790.960931 130.190196 0.012881 -0.007749
1889215.610870 593.531595 565.924578 -0.000552 -0.009844
669560.509114 133.373324 214.028914 -0.010651 -0.012484
1579576.984783 556.891395 594.873292 0.008601 -0.010933
1982244.182370 739.136739 213.994269 0.007925 -0.004711
432350.935616 284.056608 257.915481 0.011969 -0.019777
930735.730068 652.658057 596.853928 0.007301 0.005507
600671.720971 501.573994 227.609935 -0.010153 -0.015434
1270601.892504 464.101559 169.645236 0.019698 0.012527
938976.299455 626.107840 304.953479 -0.001553 -0.000154
1474031.937064 361.576647 251.515724 -0.016258 -0.013941
1605130.416157 247.686217 302.501240 -0.010672 -0.015574
1023340.410098 559.403211 555.237204 0.000254 -0.004738
1128556.229700 645.866937 5.023244 0.017724 -0.017933
248420.950141 463.873911 377.918926 -0.004117 0.002549
884577.235619 701.210606 213.136997 0.017994 -0.006636
1704879.713107 549.656903 474.570279 -0.009087 0.011153
1882055.445519 60.080843 54.734735 -0.002194 -0.007591
404206.608610 765.751809 4.937281 -0.014905 -0.001414
780987.060993 553.520949 162.474745 -0.004084 0.005527
642018.800900 420.306357 130.921470 0.018039 0.017209
1579863.075903 313.745740 483.294043 -0.014244 -0.006311
286431.929230 799.227307 18.251506 0.017334 -0.009102
1625355.291937 700.209738 207.260423 0.016183 -0.007100
1310099.705732 85.539603 166.765788 0.006602 -0.010570
1485499.756171 42.245926 555.838307 -0.019436 -0.001827
1126826.147142 267.810833 586.690435 0.011207 -0.008654
1817754.082297 456.606356 407.051240 0.008593 0.008661
42605.713030 685.657732 428.913313 -0.017451 0.011470
1969490.396776 691.758149 399.931194 -0.006748 0.010788
1972945.507603 788.187833 525.917904 -0.009428 0.005961
221002.463354 5.540374 420.964881 -0.018478 -0.019153
314139.836614 479.715701 212.926638 -0.014574 -0.004779
1280098.799281 35.198121 571.105851 -0.007239 0.010305
1334025.561499 271.099769 370.170716 -0.004792 -0.004314
817314.073824 291.865776 154.304779 -0.016978 0.007879
52254.755074 49.421248 409.027462 0.016119 -0.006916
662711.798522 9.358815 199.624069 -0.018597 -0.017991
710212.109941 153.520087 389.815648 0.008414 -0.006921
61999.699130 281.155061 223.109399 0.019321 0.006774
261157.692532 519.714308 3.587289 0.009907 -0.018750
797766.605764 125.477066 237.058108 0.006233 -0.010780
184709.901076 545.770217 175.234572 0.010997 0.003290
1235796.007903 85.541099 357.297203 0.018124 -0.014405
1292608.929469 245.266239 198.192747 -0.008131 -0.019336
1317389.029692 261.177335 220.313460 -0.018777 -0.007598
71927.786838 127.698997 575.929782 -0.018264 0.016278
1977614.946653 353.557119 38.280993 -0.004677 -0.016035
591803.305127 381.793688 467.138127 0.003536 -0.009939
726241.200569 165.299935 213.931396 0.018402 -0.013691
995710.504705 485.358853 279.448671 0.013136 0.016103
963862.695249 391.244689 138.022343 0.013998 0.000719
1079147.418532 708.512950 408.133976 0.000048 0.017225
1174876.041326 389.923423 223.350840 0.006102 0.014863
937689.950195 758.211232 209.348431 -0.010103 0.001363
1200871.358253 489.810784 445.113390 0.018294 0.002820
1798372.363578 364.437466 105.765497 -0.005467 -0.008550
158766.744732 676.215043 464.580583 -0.007527 0.007881
584123.108808 679.980578 348.334429 0.018807 -0.006105
1019930.488905 447.440409 500.054431 0.015236 -0.011570
1412068.961846 279.194289 95.692842 -0.017829 0.003987
1390465.348675 524.113961 125.819734 -0.002536 0.004569
1560588.704217 269.658017 41.824429 0.018294 0.008040
709118.110458 28.612156 327.029531 -0.014818 -0.006323
481739.437432 336.841716 116.743252 0.012806 -0.004329
1084185.081108 265.254361 569.395107 -0.004954 -0.011509
321427.933090 65.594071 337.129793 -0.007582 -0.014316
322096.383349 11.889162 475.430983 -0.005131 -0.001933
811598.476400 120.523145 472.166050 -0.000989 -0.015693
975828.599639 662.761973 87.498514 -0.018663 0.018339
980873.326296 219.758699 226.155922 0.007429 -0.016139
1538962.265262 182.322667 256.986202 0.008851 0.004173
1281944.833362 703.505032 411.179828 -0.011735 -0.012078
1646853.441208 292.172082 129.466160 0.004647 0.009430
1334224.681991 17.323830 531.643688 -0.001749 -0.000144
1987979.200663 753.860218 196.529818 -0.014447 0.019155
567825.405192 503.419474 150.173515 0.006624 -0.007354
693992.653253 345.690076 324.380493 0.011178 -0.014023
290886.182473 333.362460 18.720785 0.013265 0.004839
461579.700216 523.945950 590.503494 -0.002183 -0.009213
1440439.939238 90.578602 175.773833 0.004286 0.002718
1578856.275221 479.557978 307.206769 -0.015374 0.009484
975708.803616 320.012126 219.840206 0.009551 -0.017502
1363849.989774 68.059407 296.444403 -0.011051 0.014437
1287670.666020 295.529649 165.467726 0.006994 -0.011984
1793086.186886 725.049522 513.161691 0.015254 -0.005938
253419.465503 481.149978 278.090246 -0.003027 -0.011635
65064.939701 167.192933 484.613835 0.001755 -0.007021
1093948.624606 26.091023 434.853060 0.016639 0.010810
1570950.974510 476.875418 514.205501 -0.008952 0.012889
1433502.711092 738.727798 113.690184 0.019651 0.003961
779698.448619 711.512652 301.969126 -0.010239 0.010917
1707668.152502 297.490693 224.283704 -0.007303 0.011715
1161722.038482 280.369950 1.069909 -0.004387 0.015819
650195.260835 748.040178 556.367892 -0.017964 0.014024
1393276.303724 667.721538 267.688520 0.002117 -0.015476
534900.189626 215.490016 20.796684 -0.001722 -0.009448
1264731.390059 676.554094 90.973873 -0.014610 -0.016292
1848317.172308 790.589485 278.248084 -0.008158 -0.007743
512088.236637 701.946660 394.128410 -0.009757 -0.009261
1104225.446984 465.375805 122.074719 -0.000854 0.005250
107543.810321 140.002913 279.619484 -0.000010 0.009156
1156781.673039 615.002625 597.815400 0.004530 -0.011043
520065.349769 196.736453 42.778351 -0.003458 -0.004744
327390.441823 269.831680 222.023502 0.005084 0.005380
1353004.063178 706.953670 306.618798 -0.006503 -0.014415
1558240.596931 709.789194 433.254103 0.019295 -0.005476
706633.334377 29.334256 323.795338 0.012782 0.001666
534505.464385 317.241594 182.454415 -0.009451 -0.019532
1061346.780072 419.743637 154.928277 0.004191 0.017613
1275778.349152 611.944875 164.399868 -0.019713 -0.004276
1816858.008419 547.089692 165.997598 -0.003172 -0.019294
837596.447597 159.075972 542.004390 -0.014416 -0.012812
537634.699856 396.225406 130.349513 0.012321 -0.007439
1509630.032587 59.543126 425.746351 -0.023658 -0.026125
1442342.147903 473.651522 518.149634 0.019188 -0.012366
1603574.954720 492.045447 575.824611 -0.016931 0.004958
706735.606634 787.852702 184.369027 0.005207 -0.003780
651319.147391 39.719212 362.263754 -0.010773 -0.012385
1573016.600485 398.128386 411.342074 -0.019944 -0.007663
1998835.487291 607.663573 230.198526 0.008375 0.012764
1445522.677826 344.907973 246.121194 0.003477 -0.003645
1207599.107738 311.338263 14.958556 0.002536 -0.001319
1297106.122271 734.009378 269.880836 0.018128 0.001904
1709409.523620 225.346405 358.938895 -0.001614 0.000450
1579454.636005 196.671308 5.838146 -0.000955 -0.009961
635151.660366 380.575618 5.035322 0.008027 -0.012569
1657542.871152 337.994353 368.735185 -0.010403 -0.019606
50074.195513 673.640728 239.442766 -0.017989 -0.003730
1728956.987955 558.568850 193.887670 -0.007466 0.006082
1741304.677791 135.020446 562.126867 -0.001267 0.005053
896425.988943 206.789711 524.883595 -0.001635 0.009342
248631.410417 620.354990 125.788989 -0.014691 -0.000944
789536.960791 769.059887 539.247212 -0.019607 -0.011931
1819863.026878 28.305102 26.081107 -0.007616 -0.016543
901731.744829 139.485679 470.672126 0.010950 -0.000465
878442.611954 515.153034 393.362838 -0.004976 -0.015503
569936.175165 658.551441 222.603293 -0.013654 -0.008684
212161.644461 226.399300 35.174076 -0.007361 -0.003242
1070836.321949 568.338365 228.050444 -0.002628 0.008850
1162154.364009 276.197050 454.549160 0.005044 0.006162
1685995.778854 61.534467 497.417434 0.005573 0.014009
631794.399876 54.197790 296.540369 0.018929 -0.002275
