120102.793966 630.394342 121.603700 -0.006103 -0.005545
269277.329682 299.992610 156.242497 -0.018280 0.015150
1260731.205931 302.276555 191.709695 0.013066 -0.002960
973263.179405 632.921135 572.908273 0.008500 -0.005937
1683880.506867 289.182791 229.253980 -0.016821 -0.013039
1760997.696668 175.431306 580.389281 0.011720 -0.019818
354965.669268 681.960438 474.579323 -0.004792 -0.012043
306862.422408 412.002587 346.444080 -0.003480 0.002355
913598.742761 34.970401 562.626300 0.011148 0.014844
723511.401901 210.214419 397.819511 -0.007307 0.019059
27418.055584 126.996137 203.128918 -0.004125 -0.010459
1026719.971107 221.752204 272.931953 -0.000715 -0.017199
919235.655535 527.233640 552.766067 -0.009944 -0.018414
247720.705461 324.241551 333.732727 0.008060 0.012677
229642.751734 125.549252 517.185066 -0.017956 0.017165
1463437.116455 330.400096 118.944760 -0.004254 0.009175
349002.480669 325.716407 534.037595 0.001225 0.011395
253345.397419 21.867497 48.650090 0.003296 0.000362
301882.374241 33.193932 100.940812 -0.017033 -0.008248
417897.793659 158.366268 419.911978 0.010565 0.015940
1032678.423930 703.057788 34.570950 -0.004921 0.017251
1981626.739717 86.504083 206.283329 -0.012552 0.000454
148080.320166 291.113456 546.218159 0.018533 0.015042
1426235.401736 72.451146 542.608602 0.011800 0.006902
826207.458426 756.232696 428.250621 0.003248 -0.019250
17939.873048 633.055745 129.719182 0.008266 0.002239
229060.592236 178.659481 260.705512 -0.013000 0.003904
729567.630556 129.744311 425.685272 0.008433 -0.006074
424191.899795 625.439725 428.237038 -0.015126 0.009744
1179453.697605 667.589404 501.702313 -0.000336 0.005135
1017047.714916 724.874577 344.256672 -0.011064 -0.000461
1184883.571782 186.623055 168.448650 0.012307 0.017669
1669257.284919 738.012617 97.890218 -0.009251 -0.016872
1530870.404807 506.866591 153.125432 -0.001071 -0.006373
1211583.405366 549.639181 75.420865 -0.007254 0.012392
1741377.547263 727.193004 385.829762 0.008294 -0.003781
544004.606336 172.606105 185.183944 0.013866 -0.002454
1594854.852927 349.865532 402.336433 -0.016924 -0.010146
1223177.906695 729.706339 101.284711 0.010942 -0.013126
527324.168257 433.115594 487.593898 0.000765 -0.019353
312490.830343 99.698020 422.372955 -0.009677 -0.002796
1025907.483430 120.813486 212.105243 -0.013732 0.014351
1509229.653286 341.867081 43.562171 -0.018030 -0.009418
1023852.793045 688.143063 428.138564 -0.012674 0.017497
1918069.081343 635.204557 509.711121 -0.014816 0.002801
59433.087734 314.530867 67.947990 0.013716 0.016465
257531.464220 800.568741 21.744896 0.013274 -0.008792
961609.428265 277.252791 259.692325 0.013373 0.000060
582120.371322 470.091171 558.504235 -0.005430 0.005997
408974.288222 701.715189 306.559442 0.016822 -0.017662
899929.745542 700.325292 511.705660 -0.008030 -0.019843
849952.291162 263.263259 237.658142 0.001508 -0.013091
617567.269419 532.386045 103.649650 -0.006174 -0.000019
907629.657959 661.827946 507.009214 0.015495 0.006321
693382.430213 141.770638 148.662258 -0.008907 0.001676
1797970.130014 385.119374 250.780985 -0.003523 -0.004087
955435.349120 688.625706 163.954761 -0.006711 -0.013570
557659.864685 605.862528 293.300767 0.007016 -0.008251
1324351.926951 788.288638 575.596075 0.013347 -0.006821
917046.023028 230.656989 93.497072 -0.007870 -0.012907
1632997.046985 519.072729 212.570376 -0.017493 0.017125
1790149.784549 770.188898 244.865830 -0.007408 -0.004954
1613713.184192 632.122885 140.626108 -0.016797 -0.015064
791753.703166 288.590971 527.192095 0.015413 -0.018591
347958.385175 437.353268 12.052262 -0.014655 -0.004618
701432.257286 473.865062 403.365703 0.000322 0.015831
1693039.169392 258.658759 326.913361 -0.012032 -0.004481
944105.254926 76.380755 210.592562 0.015347 -0.003686
1451122.988691 550.689516 119.886817 0.018419 0.010771
644142.737912 285.002944 76.582110 -0.011892 -0.010299
328294.663843 300.294180 473.817730 -0.012151 0.000424
344141.964030 428.814123 60.498584 0.013708 -0.018295
1995072.262359 551.862574 220.698606 0.001691 0.015581
1509670.835691 11.137024 591.063355 -0.015726 0.015785
783939.521193 665.471485 350.096710 0.003530 0.011735
702233.533702 730.432821 89.076404 -0.000811 -0.015205
783487.379916 514.364513 295.260720 -0.012697 0.013073
1976.599918 282.105949 217.573605 -0.015853 -0.012081
812477.567611 80.996837 532.108972 0.010929 0.005802
1551513.418346 422.679334 395.111526 0.010376 0.005366
1106838.468046 120.740878 279.732132 -0.014517 0.009725
516376.429478 389.593168 394.281998 -0.003959 0.018697
1541877.001311 639.180191 367.015534 -0.009510 0.019229
877046.727052 210.992192 200.397051 0.012096 -0.005350
1062152.807164 166.458164 280.953377 -0.003290 0.019315
220503.739184 155.076389 306.175931 0.010774 0.018107
285758.867062 257.630585 62.745821 0.004288 -0.002023
1694852.848395 693.283499 566.656272 0.000245 -0.009229
1823523.613542 219.372639 44.354423 0.000921 0.001474
109429.840049 768.293378 480.068724 -0.004460 0.010487
331166.874772 736.361779 582.239248 0.005306 -0.006547
1904142.131984 594.104424 318.589479 -0.001584 0.000436
967910.745632 483.311881 499.253700 0.003519 -0.011505
581591.096978 348.417878 48.121519 -0.010656 0.017494
706572.319710 117.981967 128.384610 -0.003008 0.006865
1499518.371885 385.540837 378.829458 0.001970 0.014863
785875.055374 571.532631 474.386815 -0.005466 -0.006112
257524.722376 252.973410 54.408204 0.006464 0.011200
1201976.699383 114.822332 228.934538 -0.002619 0.009278
1186503.038363 580.049345 101.842377 0.006826 0.018391
215485.423904 20.085405 64.841499 -0.007119 -0.001907
1555844.913030 56.633281 560.854616 -0.003698 0.004792
1610655.802121 641.110664 200.318996 0.003837 -0.013393
1363983.919548 580.602857 288.316899 0.010878 -0.004604
515601.680854 298.530271 317.657204 0.005556 0.012250
521772.659627 185.436859 319.567034 -0.002814 0.016122
984056.433190 429.801447 558.380923 0.003498 0.013631
764465.851134 302.210621 558.052740 -0.007322 0.011438
1098768.237559 98.220049 352.926302 0.014614 0.008843
1505133.839094 452.499403 265.855519 -0.010746 -0.006514
1656881.889169 392.736458 425.929738 -0.005638 -0.014821
1035409.796534 493.532850 216.344806 -0.018006 -0.018103
532033.862794 432.432478 349.931468 -0.012178 -0.014336
885049.308131 462.091452 312.424301 -0.005106 0.015767
611963.250959 737.616992 10.430848 0.015702 0.012226
1469794.933437 516.363517 223.609857 -0.012425 0.015613
1419313.830053 5.380432 222.234831 -0.003142 -0.005435
1001399.715897 751.262291 589.895838 0.014481 0.019443
57920.523946 103.061926 316.894289 0.004563 -0.007022
1340168.589419 44.051147 541.152277 -0.012380 -0.002906
1593328.125585 397.054575 209.031429 0.012545 -0.004448
308175.125303 438.500969 21.595263 0.000928 0.009130
1829796.170737 187.894357 440.320563 -0.008568 0.006237
194622.977727 628.381307 356.790970 -0.016823 0.005969
1163384.351490 85.771400 466.904336 -0.015281 0.009217
203536.384834 623.498229 466.988578 -0.019844 0.018799
408990.508136 640.545118 279.645550 0.002419 0.004635
1709918.606891 566.499970 96.630189 0.015763 -0.010613
1776676.395804 644.367014 280.267782 0.004782 -0.016389
248411.979642 575.632108 526.864227 0.008748 0.011925
1052401.075630 239.763371 543.564673 -0.007834 -0.003536
1254879.329007 324.236216 114.392095 -0.003734 -0.003567
322021.593490 487.281120 125.361451 0.000805 -0.015065
1647379.426121 386.206006 521.415137 0.019419 -0.005112
204691.412954 699.190982 106.324864 0.002792 -0.000170
536197.156895 555.259166 128.653958 -0.014200 -0.003474
25648.950611 537.959573 428.846619 0.016666 0.018941
247729.502734 436.850245 229.241420 -0.007400 0.018032
1580350.309415 379.771920 335.185934 -0.020008 -0.015902
1443766.372951 659.211520 351.087511 0.003680 0.012389
1912564.341869 554.267280 409.490115 -0.014673 -0.009431
357511.299829 321.094842 575.528145 -0.004425 0.001839
744693.135258 324.291717 130.806258 -0.016547 -0.007020
387589.365424 167.808725 523.079221 0.002987 0.000952
1645202.005117 291.599579 -0.133517 -0.004715 -0.005360
205411.871060 83.730857 113.554368 0.007509 0.007844
1996032.971887 514.917583 233.951342 0.007546 0.010369
1306804.762830 688.135814 106.590052 0.004502 -0.009856
1450619.077985 788.623413 395.028204 0.017716 -0.017182
1969754.747101 110.684217 168.468456 0.013622 0.008610
1609086.544071 543.888744 45.415071 0.012193 -0.017513
883645.576836 726.162379 99.668584 0.005707 0.003634
1722771.757153 502.402763 142.252683 -0.009970 -0.007555
28763.775727 722.635482 101.808173 -0.011970 0.000498
845989.907554 733.720158 301.372601 -0.016747 0.014415
1143645.596292 54.586447 600.413737 0.014090 0.016925
1423342.375748 525.719834 361.909871 0.011485 -0.001573
1329764.171191 184.916363 221.808114 0.013247 0.014448
1926056.274178 553.180829 294.455796 -0.012005 0.017724
1598411.507718 172.834907 507.803327 0.018773 -0.003699
726058.746095 314.095789 195.448477 0.014552 -0.001021
375371.614646 348.348369 324.786211 -0.012654 -0.008637
932014.105344 718.333577 567.091618 -0.017154 0.007122
811741.037672 587.817316 550.844701 0.010982 0.002638
1557690.799962 589.641510 154.970406 -0.009263 0.017508
399385.155365 53.260061 91.152024 -0.018134 -0.018557
1122038.441301 328.122616 256.549892 0.015486 -0.009114
1805346.826001 59.665715 425.560918 0.003910 0.005041
1995636.369100 729.238975 97.144208 0.017696 0.019443
1695958.700821 279.112483 427.805735 0.010648 -0.015090
558004.577904 435.832102 516.769036 0.001460 0.012504
1597187.265566 589.357077 528.842640 0.018086 0.011277
1833981.536251 410.020740 114.637503 -0.006180 -0.003990
929917.220459 197.755163 284.860081 -0.013197 0.007555
1471826.909795 138.676332 361.195056 0.015870 -0.015403
1165988.196230 595.187851 277.978251 -0.008186 0.000420
1172216.120722 460.773472 32.336726 -0.002201 -0.015476
1736107.381869 196.498246 508.188032 0.009949 -0.012174
1259741.624473 533.065291 425.032872 0.012848 -0.019577
218963.730251 229.085733 155.189162 0.003363 -0.001612
1902503.935575 255.787245 379.524944 0.002182 -0.011336
1496596.111682 109.375258 576.175104 -0.011560 -0.002661
941537.357374 638.183839 5.863240 0.001069 -0.010189
245239.558744 315.864391 292.943957 0.018816 -0.014289
1372376.816986 480.091739 484.737546 -0.004176 -0.003135
1637971.852737 403.638031 423.938583 -0.017021 -0.016339
337179.376901 23.718498 245.409264 0.012140 0.003350
1249672.392965 440.336839 432.856129 0.003377 0.010444
310196.676436 44.295718 335.827693 -0.013360 0.003297
1607296.809371 230.221586 584.992046 -0.008233 -0.009708
236307.595035 784.007682 515.201073 0.017035 -0.004962
561161.337682 597.042273 528.868895 0.019444 0.012913
1939371.158341 125.315615 511.990640 -0.004855 0.018363
870700.636353 2.050453 305.603012 -0.013722 0.003550
541779.813609 249.470229 386.781564 0.013263 -0.000885
453110.709066 506.702771 459.699564 -0.011929 0.017064
47266.968548 256.964802 543.178244 0.015294 -0.010194
562186.379247 130.010914 594.554126 -0.013528 -0.013981
1629854.769274 105.330106 185.091152 0.006687 0.000384
534606.907766 82.301642 307.425689 0.011063 -0.009663
203362.833803 38.244106 342.316196 0.009820 0.015218
92345.910190 778.882417 306.441483 0.012420 -0.012993
877177.283576 667.537073 297.706576 -0.006205 0.008680
1484435.888699 500.964493 528.881615 0.009362 0.011483
64404.659935 438.980507 550.688791 -0.006318 -0.011447
856791.879449 487.126581 190.773037 0.017638 -0.004616
1153201.109335 33.906780 259.476104 -0.014234 0.011660
618554.387530 154.324534 456.626528 0.012846 -0.019884
1875266.974734 207.508178 503.034072 -0.002705 0.004178
1111007.126566 140.217938 138.609230 -0.002544 0.016422
34336.430968 375.437237 275.441068 0.017119 0.004217
1349224.196444 292.198122 249.853992 0.019695 -0.007782
1602661.077679 455.141309 209.646738 -0.010647 0.008555
276647.354605 434.484318 544.420579 0.016419 -0.005555
1822198.850020 671.162430 373.233783 0.009941 -0.009120
453696.245539 243.682882 268.625976 -0.001694 0.009699
713133.517985 379.628592 125.367546 0.012603 -0.003601
36437.158490 391.714867 464.282920 -0.002902 -0.000569
159010.190591 189.099781 31.259551 -0.002846 -0.001198
1535456.720523 453.601914 6.981527 0.007007 -0.001247
749811.288319 470.122293 183.219755 0.019851 -0.006528
1154889.427663 178.755154 384.595098 -0.018996 0.007213
762647.938338 304.980308 92.489020 0.003625 -0.012137
1129345.827331 486.718586 410.817837 -0.006537 -0.018321
337378.635228 333.944382 168.876037 -0.011171 0.013865
1499918.929068 791.328436 248.057912 0.010348 0.006643
1760744.261444 108.736011 149.781225 -0.012555 -0.014677
1172923.453698 610.451867 215.694349 -0.010957 0.011546
79642.974809 486.086507 100.972260 -0.012200 -0.012032
730713.756164 606.839143 483.832287 -0.017944 -0.016077
1702955.846536 175.408186 309.535078 -0.014689 -0.002386
724785.897287 705.999071 257.961901 0.011053 0.005767
187236.443249 524.312143 468.697541 -0.006230 0.013668
1828784.213322 744.213361 362.771449 -0.009402 -0.013215
787390.226865 250.411475 459.587730 0.002478 0.000235
1929498.061505 743.019365 161.158754 0.010631 0.019220
730520.102536 499.661673 120.208583 0.015174 0.010636
1281053.293162 194.234766 381.746929 -0.017203 -0.019252
562426.321470 130.185934 404.886167 -0.017501 0.000265
1033437.869061 779.986136 262.807496 -0.015121 -0.010091
1192859.900739 412.559581 336.317909 -0.005498 -0.016832
138898.690296 261.432036 3.535018 -0.006509 -0.015989
1973181.982512 561.011321 434.053248 -0.012566 0.003318
957790.512106 660.720869 496.863017 -0.015322 0.015869
1692076.045876 318.217239 36.197035 0.000830 -0.001624
1136829.509929 29.196975 260.367838 -0.019518 -0.013629
1367539.427880 482.424700 406.302635 -0.010179 0.018675
1509350.044424 252.407581 176.124018 0.010397 0.006118
785056.476847 597.981968 212.883062 -0.015366 0.017396
1873643.585422 476.138415 457.091800 0.010545 0.008430
1315983.134935 488.241284 64.678039 0.008806 -0.014714
1135951.929323 228.629901 100.570216 -0.019852 -0.008260
656102.584980 548.481534 539.284009 -0.019843 0.017279
1727078.126616 606.263801 148.305413 -0.013757 0.000839
1797488.349396 438.914232 161.427809 -0.009882 0.006606
406141.346510 152.099410 156.472388 0.018577 0.018124
1941231.998588 497.103384 337.380327 -0.016814 -0.006386
1386830.762674 518.572320 376.797401 0.014459 0.005998
1843128.023596 152.285306 201.675470 0.012787 -0.012237
538331.757550 546.168876 571.857810 0.000657 0.013533
944807.663069 332.427436 233.379302 0.009350 0.006555
106756.882792 754.917648 514.578749 -0.007556 0.016348
1618777.323337 226.572159 318.141128 -0.005086 -0.005236
1742666.514471 52.446242 6.969200 -0.000035 0.017114
1321460.731012 337.223637 69.666789 0.019888 -0.010390
620834.287545 213.110827 553.850797 -0.009470 0.011294
1523195.320518 587.360005 118.882705 -0.014017 -0.000940
1731081.362688 163.156292 252.015315 0.008916 0.000662
656632.629529 425.730156 480.588630 0.014354 0.016122
325566.043298 583.653494 580.994601 -0.013080 -0.010859
1792559.657149 666.291934 390.345987 -0.019492 0.013219
1778465.217808 259.372460 59.270398 0.012371 0.003540
1763427.173609 457.744459 193.030692 -0.017876 0.010148
1593951.392730 755.883434 556.285191 -0.011306 0.006605
886016.743670 435.773505 119.152104 -0.010403 -0.003812
204796.643092 323.762143 80.813836 -0.017154 0.002971
727276.621725 773.383526 248.444999 -0.019646 0.019098
488690.041233 721.733076 183.043492 -0.006266 0.008564
1781116.410057 179.182001 171.936833 -0.011468 -0.007824
20635.784613 7.613689 149.513587 0.017503 -0.010969
1834876.302553 303.337722 462.694578 -0.015330 0.004951
350019.654422 174.630700 16.712187 -0.007612 -0.008379
1214501.650638 537.673056 155.102088 -0.019201 0.007498
477760.385944 211.516975 353.518141 0.001769 0.004276
605806.972182 347.273852 499.313912 0.003595 0.005792
272576.070518 480.077671 392.515831 -0.004568 0.001523
1759240.741729 243.216083 550.252807 0.005985 -0.003285
1080301.612187 660.467205 382.590465 0.002792 -0.014590
1857771.559552 140.147721 484.300108 -0.012475 -0.012186
988850.145130 339.874643 276.871620 -0.016671 0.018751
134591.829094 309.660240 242.601463 0.015995 0.019023
96963.198901 28.638928 345.816091 0.008318 -0.003141
227820.812831 464.946526 434.732875 -0.018764 -0.010713
290631.014058 457.594000 34.210436 0.011501 -0.014513
385931.693197 569.458884 190.187550 -0.020030 0.015996
1023297.854244 397.148922 195.428625 0.018829 0.003269
589125.026292 31.586414 579.726852 0.007953 0.017447
1882412.602139 596.846726 584.004575 0.000685 -0.002100
790218.714061 504.710422 18.745170 -0.015187 0.006555
526777.357108 212.289799 139.816139 -0.007109 -0.017986
748590.766801 411.848278 457.613483 0.007590 0.000591
1324791.236466 162.261596 5.940818 0.019526 -0.013031
1179151.767483 226.048510 128.384903 0.002197 0.019230
301466.356172 395.953637 434.767836 -0.014979 -0.019513
349183.755158 414.961197 387.382326 -0.011763 0.005625
616335.581344 375.078044 543.798000 0.001724 0.011541
1910511.639859 733.792697 182.941639 0.008696 0.004282
1640005.631205 304.805917 484.986475 0.013288 -0.005346
1964468.728734 335.806568 391.186694 -0.012188 0.018995
1261209.360911 276.210704 282.366548 -0.005748 -0.001166
968463.258337 424.325452 593.879455 -0.014826 0.009421
1257770.379660 350.165532 124.018083 0.001257 0.019272
1991034.577596 391.373205 537.632439 -0.008006 -0.011738
1007596.648767 95.794006 353.475800 -0.006652 0.017893
1912045.142572 235.960689 222.800614 0.004268 -0.000412
692628.538559 190.244130 501.226387 0.008892 0.003700
609848.141023 240.640835 74.916205 -0.008220 -0.002768
1723251.459991 737.604931 520.934690 -0.017353 -0.001710
1696924.347289 50.393999 567.943713 0.009832 -0.005581
309029.791648 199.734606 289.721621 0.009626 0.002322
867302.640745 559.227318 513.482364 0.012175 -0.007823
691843.061099 120.514800 326.165108 -0.012865 0.018626
272265.500516 388.372143 162.228504 -0.009546 0.011206
1400582.436193 98.376565 421.246766 0.003014 -0.012284
320566.674844 333.007009 150.761149 -0.015710 -0.013505
1229627.376064 208.724832 246.112150 -0.016042 -0.019856
1946485.269790 425.024493 421.406807 0.006698 0.006603
15066.369444 140.506262 292.258826 0.002011 -0.005761
911695.870064 549.139651 506.298421 0.009045 0.017874
1245159.992597 340.289357 42.826272 -0.006272 0.020298
519428.529087 388.676379 247.037270 0.000348 0.003871
1147820.552414 102.240052 512.431886 0.019417 -0.011052
1717933.562453 767.111277 453.753987 0.002495 0.011449
183230.377819 455.341288 577.677560 0.003167 -0.015302
640928.558372 27.400519 483.297257 -0.013451 0.010283
1503776.668340 629.029636 111.006891 0.012842 -0.015528
360957.489517 65.398914 358.336816 0.003706 0.003716
380073.533570 131.897206 431.555879 -0.018228 -0.014031
1889061.825298 723.418751 66.011832 0.008013 -0.001340
1796955.322752 633.886474 20.374077 0.014483 -0.005169
306282.549308 147.048031 243.141923 0.018363 -0.006191
332156.324914 567.575282 78.922711 -0.005929 0.001321
485168.456326 426.711538 367.264002 0.013038 -0.014860
413343.113108 24.398294 173.547873 0.017103 -0.017008
883643.182406 697.257421 587.104742 0.002073 0.002806
887249.075289 360.294790 217.486499 -0.000904 -0.007439
1467432.667253 504.255918 297.517547 -0.014407 0.003561
1682910.725327 245.189068 179.535648 0.018974 0.006317
1660796.624450 172.291985 113.447636 -0.002233 -0.017768
629926.086697 520.374925 50.901302 0.004188 0.003112
318150.466456 37.191312 269.349339 -0.013797 0.003912
40123.955365 464.602821 29.007572 -0.004739 -0.017510
724761.667999 94.044289 413.609759 0.014320 -0.009801
558074.092752 559.688932 337.287626 0.003108 0.006875
438651.350531 326.401478 533.311505 -0.004227 0.014599
1885724.248311 578.900505 300.924217 -0.018901 -0.006827
158400.153815 149.289629 226.084005 0.001144 -0.006982
1952982.963972 437.505113 543.702076 -0.018960 0.017279
1927788.328346 311.043005 28.221013 0.006202 -0.010088
607879.136041 747.009489 567.563309 0.014625 0.000466
1236504.919471 67.946558 551.390912 0.000256 -0.000271
1541570.438790 358.766374 131.498168 -0.009122 -0.000970
1098586.873663 282.340186 398.434560 0.017054 0.015184
1973812.054831 723.144519 257.386125 0.015645 0.017434
717421.361579 684.430697 190.611009 -0.003731 0.000395
1128238.588166 568.342934 265.725950 0.000398 0.003055
1906900.824936 103.261241 396.783438 0.014911 0.005396
311031.282093 514.376679 50.697906 -0.004967 0.016679
1119457.958787 738.765774 161.436904 -0.010744 0.013996
295815.608602 167.815863 451.556646 0.003005 -0.015978
1365835.790227 746.632614 574.040391 -0.019993 -0.006440
933742.419320 452.457757 30.013984 0.016417 -0.016959
1254474.420685 690.021484 122.202565 -0.008479 0.009408
1674721.783807 355.659936 227.748309 0.016823 0.012741
589441.845468 384.426373 445.825182 0.002564 0.008109
1186208.380939 568.289712 547.258708 -0.006137 -0.008544
28320.921598 24.612634 131.616264 0.018877 -0.018779
1123059.363627 350.768296 356.755107 0.004367 -0.006048
1339490.994503 192.640903 126.489136 0.014920 0.001161
1892333.765464 567.779927 583.327851 -0.007217 0.005365
1580513.963280 495.701708 66.159084 0.001236 -0.012664
1628540.167412 101.047794 535.771888 0.009075 -0.001116
358744.990248 592.738618 301.814324 -0.004038 0.008491
1065496.480589 768.644128 90.554160 -0.014931 0.002939
996930.964755 638.373542 488.914666 0.008373 0.006815
685065.261407 523.969767 229.042584 -0.007659 0.019142
22284.613001 83.059796 360.083269 -0.014816 0.005109
1564209.169505 749.565691 458.181332 0.006970 0.006548
471659.941818 684.015334 242.399746 0.009525 -0.009789
234378.384535 216.400069 129.538986 -0.009230 -0.004016
1581110.075852 613.273392 117.731374 0.004190 -0.000951
1733102.233956 757.533208 78.151934 -0.010148 -0.009498
222272.466972 206.811445 219.666659 0.008454 -0.004767
7593.072023 394.861353 189.609121 0.010722 -0.013149
1961038.188991 2.039712 14.003078 -0.004567 0.009662
554464.627316 401.914823 7.686926 -0.000263 0.010863
821613.773155 227.355376 322.672845 0.003938 0.015617
24485.756655 378.305543 502.193079 -0.014263 0.008808
196372.594776 203.388314 587.972247 -0.001422 0.018542
718005.964867 375.049009 274.487028 0.007053 -0.010218
1252709.545778 525.439149 142.131924 0.005946 -0.018314
1958473.456073 741.830307 326.325912 0.019623 -0.003223
628831.249023 322.266884 421.336117 0.014053 -0.019644
1185057.482303 690.545599 288.848296 -0.002873 -0.019713
406775.272641 421.110723 157.329933 -0.012900 0.019398
452064.211691 433.129954 275.602818 0.007348 -0.011356
1391094.198167 249.221308 524.861636 0.017223 0.018307
1830316.959801 730.312855 532.196948 -0.001630 0.016129
610994.441719 618.102724 184.014294 -0.019664 0.004984
631021.334152 481.832489 292.065234 0.011835 -0.018570
989235.750860 1.814693 334.028207 0.010258 -0.012654
1098658.789461 784.335974 435.136447 -0.019663 0.006629
1883467.686308 564.563217 586.025917 0.012807 0.005382
1871849.530317 584.832951 330.513962 0.012870 -0.012443
911993.535660 102.262451 577.354295 0.010578 -0.014598
1176139.691461 61.547926 443.470618 -0.016930 0.015019
1537174.407177 456.338877 526.439671 -0.006938 -0.006929
123261.179832 700.922630 185.273601 0.011682 0.014912
1946848.674653 583.265228 354.094196 0.017980 0.001710
457599.283409 709.015064 164.554034 0.011211 0.008296
926562.791190 189.181434 501.685215 -0.000028 0.020058
1942178.605097 12.077862 45.327158 0.008401 -0.016361
1905775.863633 382.744513 397.493551 0.013275 0.012158
1975712.466974 713.577364 407.981850 -0.008324 0.007171
1128937.655654 214.595938 243.669075 -0.013900 -0.011212
1900458.380534 306.168653 62.063925 -0.011064 -0.013423
1623668.112617 549.990795 239.569633 0.005847 -0.015470
798515.523224 494.056618 76.744318 -0.000978 -0.006940
438456.544857 343.737092 482.270803 0.015116 -0.009783
1216805.763178 694.601068 90.658688 -0.008497 -0.013394
1661706.700764 681.414875 259.108732 -0.010495 -0.019709
1303971.794110 150.839198 233.930779 0.010277 -0.003515
1107963.914568 455.353328 58.952380 0.018169 -0.011402
425643.800956 282.608573 500.001735 -0.007447 0.013796
318262.858465 449.156667 154.974799 0.018569 -0.002271
1036196.117772 457.901810 186.625967 0.006835 0.014614
948553.069005 401.505705 427.727425 0.016398 0.009355
1438074.149861 446.944949 555.745514 -0.015620 -0.007592
677338.477540 530.417038 530.673979 -0.002501 0.004693
197747.041563 521.185557 583.531570 0.017220 0.019651
1601492.672973 71.548443 330.578093 -0.017642 -0.017809
1987075.958395 461.504748 375.169011 -0.007823 -0.010053
971748.938305 621.740814 449.393585 -0.012076 0.007404
974474.447302 733.544696 146.112641 -0.003453 -0.018912
1121549.802423 602.051623 413.135286 -0.002208 -0.012397
613932.794246 434.636153 504.544522 -0.008855 -0.001012
1665525.531241 62.895120 338.617398 -0.004478 -0.014539
1238773.710671 302.393174 429.531245 -0.010181 0.007295
1925637.924078 585.371870 276.679342 0.008456 0.017207
290519.337305 158.625718 508.066139 -0.004365 0.004492
1745488.432117 760.831129 218.948247 0.002444 -0.004207
1111265.337612 695.142945 563.144827 -0.004272 -0.013859
829182.160473 184.322873 135.874865 0.019235 0.004581
728391.627189 478.778949 596.333735 -0.016883 0.013652
1349985.243450 33.280571 346.050622 -0.014503 0.010167
1010733.056353 223.872420 571.596874 -0.005913 0.006793
1129411.861826 180.390358 373.209488 0.017220 0.011489
33999.050983 389.260064 394.201605 0.021280 0.015627
1606354.705806 296.125583 66.667865 -0.018776 -0.005950
1451822.744427 315.178777 570.272548 0.008765 -0.001003
1590584.168020 314.830734 309.316165 -0.005147 0.001139
538209.161040 700.869912 484.856349 -0.011161 -0.010864
958317.440449 628.104331 272.214397 -0.015993 0.008650
479655.517489 94.562316 120.144430 0.015860 -0.017014
167238.956395 558.608840 267.445401 -0.012164 0.009131
1592486.357127 737.277318 73.276296 0.009847 0.005638
1189583.299304 432.984516 20.931764 -0.015531 0.016584
1124831.962923 303.251593 474.211753 -0.005195 0.004005
37146.621401 680.306537 232.737870 -0.001136 0.018056
205026.889315 568.842782 41.076436 -0.007897 0.004315
284161.461650 310.220822 183.816779 0.003494 0.003353
68690.410847 306.142691 301.655884 -0.013745 -0.014785
287411.349028 600.137736 403.968925 -0.012907 0.014465
1171263.018237 591.647515 143.599777 -0.004982 -0.015507
1682127.158941 314.950769 577.557157 -0.010872 0.014511
1824708.168313 264.971378 346.665334 0.019211 0.005357
369206.509725 98.054869 13.406450 -0.000372 0.008414
1208981.916871 419.386890 56.215409 -0.015650 0.007267
446720.970071 202.286942 259.082685 0.015802 -0.002836
586212.983628 385.050761 102.160797 0.001335 0.014306
560717.814863 299.246530 150.902883 -0.010353 0.004148
234257.601311 123.748192 558.855430 0.007808 -0.014626
1133248.557864 703.451272 154.196179 0.003533 -0.005178
1934248.125150 153.534842 536.613794 -0.017566 -0.007939
1152133.833222 226.084069 331.353934 -0.019689 -0.012996
1965200.129880 240.349438 396.879490 -0.013835 0.013364
1034901.121182 346.228530 125.900168 0.010886 0.006877
1623246.405098 709.049799 497.170722 0.009744 0.003207
1926329.093951 248.094436 276.345577 -0.011182 0.015960
1658576.383096 150.506694 54.735423 0.008983 -0.010065
786221.519479 240.986034 318.637085 0.017785 -0.007698
1421758.733421 742.897973 364.988212 -0.004802 -0.017380
888519.625593 711.330761 308.032920 0.005918 0.006152
374128.679919 371.347879 325.478071 -0.019384 -0.011593
247207.860577 783.035547 311.503138 0.003282 -0.012050
838233.393076 329.888775 231.461541 0.000727 -0.014329
1269501.125100 722.762767 262.810198 0.007572 0.029698
1490342.234955 701.542547 467.179278 -0.005841 -0.010058
1720173.599068 638.951364 82.402423 -0.005142 -0.001855
1589947.016719 447.798274 550.802003 -0.006493 0.003107
254199.274003 369.748370 331.719398 0.005912 -0.018216
1506623.924480 52.381462 274.475668 -0.014407 0.003087
1187558.641279 619.084929 289.644741 -0.018793 0.017646
663885.182079 619.949684 490.444502 -0.015549 -0.014783
134186.233456 776.596329 557.394659 -0.011866 -0.006224
763995.101100 799.286475 542.424459 -0.008050 -0.006506
960104.740672 340.708541 479.075650 -0.018589 -0.016983
1689167.128731 629.685289 84.889623 -0.007885 0.017127
1435140.350571 715.965907 422.231858 -0.012035 0.017046
1287450.956780 425.441757 421.148708 0.008244 -0.014195
1664884.491668 423.877233 368.599726 0.010632 0.009317
1916152.068375 115.718240 439.932949 0.014364 -0.002293
142374.806172 274.741601 522.112448 0.014831 -0.004936
1889104.925044 571.642428 97.801841 -0.016704 -0.019291
184043.514628 642.411411 546.867554 0.011781 -0.019920
1678137.485719 350.669585 320.144933 0.001599 0.016076
349432.717240 299.277937 257.206228 0.011504 -0.014624
327130.583267 597.846701 167.726872 0.015866 0.004361
1445781.852792 774.668685 571.583465 0.003715 0.013533
657045.848974 430.373986 332.875523 -0.000288 0.004923
1143416.638087 467.913754 254.901451 -0.000621 -0.004814
853229.746620 259.702911 491.244025 0.018361 0.014549
1436276.935710 106.406569 143.624115 -0.014024 0.016987
747046.145027 249.400259 400.657502 0.006110 -0.011859
555282.349025 300.054378 106.708961 -0.010821 0.018770
31011.744417 446.388995 303.466487 0.002807 -0.017979
259713.421697 113.419084 381.615679 0.002212 0.005065
30230.289339 785.890576 570.683437 0.013289 0.017703
1629124.594680 439.996574 45.014378 -0.017901 0.007951
1993199.337271 341.282990 5.420935 0.006602 -0.016789
437214.899080 754.093566 272.230683 -0.004242 -0.013121
847463.854052 329.235316 438.818714 0.017216 0.019223
1561464.248021 48.376596 73.532639 -0.003323 0.004598
1496915.452879 345.551730 357.998230 0.008029 -0.009433
1076064.875850 410.511413 489.280655 0.004504 0.002594
1028186.607653 487.311424 594.737327 0.000928 -0.009087
141764.248787 594.391847 129.660135 0.000993 -0.014456
778578.041484 758.761214 329.855323 -0.015280 0.015192
1058486.954802 720.265345 564.116942 0.005835 -0.007119
1112790.978101 319.347721 448.065470 -0.013856 -0.016077
24501.685065 553.972608 366.360713 0.013086 -0.007842
353571.678676 272.732555 548.631431 -0.013268 0.014606
375264.103699 191.471648 365.788380 -0.003806 0.010616
1493884.026769 634.892295 429.316584 -0.008210 0.016521
1188817.119779 659.947751 487.969525 0.001401 -0.000911
259519.063057 73.859087 525.316791 0.015148 -0.010165
1949033.547169 712.094627 562.579428 0.003477 0.008711
482529.103981 609.378580 36.193939 -0.013826 0.017267
1850091.109914 273.849947 102.823506 0.001402 0.009862
1871495.037280 224.963515 324.761405 0.006213 0.002866
908785.677938 195.205636 241.291779 -0.009272 0.011224
1755362.652128 318.435972 522.296528 0.010157 -0.009000
232765.271437 581.991062 98.756434 -0.018126 -0.007215
1765166.354256 236.483436 45.869663 0.017676 -0.001994
15434.920795 692.824784 474.731067 -0.012883 -0.004007
1077013.659792 90.586183 409.373479 -0.016802 0.010607
516053.778360 427.439096 5.757424 0.006390 0.012127
1576709.125925 429.923444 119.162347 0.006434 -0.008341
948767.654108 620.938206 12.234782 0.005597 0.013208
667159.362075 417.513669 74.293475 -0.003589 -0.001436
1146380.339352 334.081790 198.452703 -0.005348 0.003863
1462269.868451 722.408467 427.070627 -0.003594 0.019246
949273.004639 536.527783 309.741056 -0.000656 -0.006840
636841.273232 217.408455 521.020475 0.000691 0.017240
316267.470045 793.050258 424.478949 -0.012940 0.005312
1072709.865436 409.205239 92.876406 0.006415 0.016882
1234697.917120 187.543982 203.704212 0.017929 0.003944
1871003.135047 543.420582 300.118803 0.005845 -0.016344
968257.898916 95.585895 457.575942 -0.019792 0.004253
184803.100389 256.202381 525.959938 0.018287 0.013469
1613704.762242 94.161426 496.987476 0.000562 -0.008174
920804.219749 40.438450 484.209462 0.004865 0.008296
1455508.939668 184.331225 565.877921 -0.017310 -0.012833
1084419.887087 1.204616 515.133505 -0.018217 0.005932
1899527.167855 422.525202 461.411312 0.008451 0.001113
745706.753221 643.160691 509.147159 -0.010137 0.010542
1369434.811813 44.299194 529.139996 0.000576 0.002792
353913.564400 780.039680 371.898685 0.019278 0.003540
660308.989072 568.516508 492.085771 -0.009056 0.011118
1997036.600484 653.739287 468.972409 0.014265 0.014409
857968.969670 644.613589 232.644468 -0.012094 0.000743
1832483.595159 457.097148 194.324781 0.011724 0.011593
174050.590104 359.831096 525.558884 0.018769 0.018478
887791.815627 115.799631 561.212726 -0.017431 -0.014859
1048845.100705 314.635905 504.400127 -0.006251 0.006686
1236598.032171 273.659123 290.027317 -0.004026 -0.012094
688449.854352 662.697516 2.401097 0.009249 -0.018937
1047717.716101 519.118793 357.795317 0.013918 -0.003480
831685.772553 746.743210 517.293963 -0.008460 0.016124
1646809.537731 587.925444 29.484901 0.010385 0.011942
354697.854423 226.567369 115.093053 -0.019276 0.005152
1718570.137265 508.400599 581.384174 -0.006288 -0.018647
338487.908402 549.643187 517.424023 -0.012997 -0.003251
1776805.868268 558.739880 40.768964 -0.000620 0.001849
960078.654327 720.374626 286.981956 -0.006821 -0.012542
763596.911339 131.441571 556.103635 -0.002748 0.017022
1446903.674606 486.675473 125.328747 0.017591 0.005379
1673049.761761 619.877981 155.832346 0.012213 -0.015279
591079.477496 780.271384 482.681894 -0.013709 -0.013986
450261.526019 36.883542 509.530940 -0.008243 0.001255
788880.985598 619.030038 258.746484 0.014935 -0.015423
1247242.441982 204.430157 167.408170 0.002023 0.007425
405506.701397 218.007826 175.241841 -0.003531 -0.012360
1835863.754077 197.681222 576.315234 -0.012857 -0.017849
159031.381905 380.086253 18.641598 0.015404 0.005326
362722.217274 87.292545 407.221196 -0.018529 -0.003740
420997.232395 340.192173 105.291820 0.005864 -0.007726
580167.091722 213.291277 332.936024 0.002810 0.012591
479025.265425 617.111862 52.504003 0.001287 -0.012674
552036.800679 359.872346 258.444063 -0.010469 0.005065
969986.005207 253.896874 61.545866 0.000818 -0.011951
1471710.388303 557.489816 187.850356 -0.003394 0.009224
1430984.936390 500.932542 91.081464 0.015644 -0.009259
902052.609670 144.453438 321.210920 -0.019779 0.010001
700700.571156 195.520818 313.382577 -0.002450 0.011059
1408199.004553 571.198741 137.217446 -0.014609 0.018117
1713095.736556 496.362527 161.332478 0.018421 -0.014614
944491.339356 557.152311 498.650198 0.011373 -0.015566
1119457.834922 400.497885 441.406348 0.008483 -0.004371
8319.607940 130.642012 343.433786 0.001564 -0.013273
647061.014849 711.909346 247.369092 0.013813 -0.006819
379545.065751 439.172776 25.928375 -0.003342 0.007314
1990576.603445 218.576677 181.394901 -0.009383 -0.010681
876473.971119 589.577668 557.756327 -0.009188 0.000888
80381.552726 664.601336 13.457206 0.011020 0.001700
828036.629980 625.106356 423.035071 0.019522 -0.007179
1747623.103553 248.343118 124.380911 -0.008533 -0.013740
1072386.123739 381.220692 423.718795 0.003230 0.015734
777386.485961 459.665390 100.934219 0.007634 0.013595
801906.589792 103.722061 345.942862 -0.006812 -0.003940
197987.358178 295.890663 137.760366 -0.015161 -0.014143
1545926.498969 428.228284 556.362294 -0.000453 0.001271
492654.834172 281.818243 500.363050 -0.000851 0.004989
1978982.283724 792.975456 69.291289 0.007747 0.002829
17631.095842 66.052273 86.786796 -0.012954 0.010995
1966499.848276 461.750482 543.698573 0.003663 0.014885
611006.784537 527.340453 167.388864 0.001460 0.011204
850069.038966 247.007479 189.923735 -0.005923 0.011500
1676786.882652 479.137882 83.210764 0.006894 -0.017859
1557780.060711 529.831414 26.134918 0.015762 -0.005718
1227310.625476 722.835087 262.716545 -0.011430 -0.033157
428616.731627 591.959712 393.308569 -0.015228 -0.007965
1127178.874392 340.478510 576.769102 0.013656 0.018407
1480731.590409 212.683579 162.238191 -0.017760 0.004804
115335.758829 715.064137 130.664976 -0.012099 0.002661
541498.807511 780.896098 137.361542 -0.007446 0.014834
1167776.423119 741.881522 464.527547 -0.019057 0.007388
1705487.274428 189.987427 255.746448 0.000310 -0.005710
1455042.508177 58.254563 469.727463 0.007529 0.016569
1485351.840726 341.446920 108.567188 -0.019551 -0.000663
1600046.444498 55.493619 226.652441 -0.019273 -0.009267
1889695.885540 230.125759 146.904173 -0.013081 0.004148
230475.999522 605.955644 319.347495 0.015495 0.011173
434670.210087 593.578725 9.916278 0.005755 -0.009938
748135.628527 296.620225 192.988364 -0.013634 -0.017665
474188.291689 718.610793 292.809183 -0.003326 0.016199
1941577.332067 174.229450 588.487292 -0.006008 -0.010692
499196.726130 235.231444 314.389000 -0.000263 -0.001296
254300.674542 487.777419 134.030811 0.006371 -0.000113
6325.354803 699.924851 144.015851 -0.019182 0.000835
980919.682878 316.112144 534.942347 0.012556 0.001954
1900851.625903 40.259681 269.149497 -0.002600 -0.001273
719689.197242 326.180400 412.434807 -0.006338 0.010296
1844748.197982 472.718593 30.083446 -0.002186 -0.016556
1036199.990211 459.292973 416.263389 0.009635 -0.010769
385683.919483 595.607691 65.333145 -0.002700 0.010630
1256102.471266 738.644229 96.135780 0.000473 0.010356
1419511.694191 375.340778 472.955914 -0.013618 0.016240
511292.832210 415.376309 189.765120 0.017687 0.014408
145034.134456 691.097198 270.098356 -0.015049 -0.007553
1071721.370831 513.088952 530.635718 -0.010813 -0.004677
233847.819378 338.121348 77.459431 -0.011038 0.014192
1786277.592083 681.718011 467.375025 -0.017910 -0.005084
1031918.257955 609.596818 506.216147 -0.007876 0.016819
1499349.890975 446.220122 263.474555 -0.017315 0.000083
597617.807145 110.379850 219.002161 0.010019 -0.009532
1353622.215499 228.403797 541.957794 0.002470 0.000629
573296.933702 542.623204 564.099566 -0.003397 0.016134
1590131.532210 246.425527 453.734891 0.003016 -0.005545
258416.177825 73.085382 73.587832 0.018867 -0.004274
87595.200207 577.071038 571.755977 -0.000688 0.011451
906233.425674 625.927082 554.295709 0.012745 0.001240
370032.188655 395.784889 489.207302 -0.016454 -0.017747
664767.085884 299.514743 441.862478 -0.009130 0.011571
1278253.811075 52.993282 58.733113 -0.004114 0.005620
916040.443311 420.103676 438.712002 0.003216 -0.000168
249204.321880 499.089646 130.147085 -0.016948 -0.015718
8661.484350 424.596614 533.388356 0.017160 -0.006052
841302.204338 90.018119 506.032513 -0.010468 -0.011989
1802783.200425 455.951254 346.304851 0.005476 0.013643
731632.451868 220.842240 544.797740 -0.001398 0.006841
1096714.972098 736.681304 118.100453 -0.008795 -0.000113
1386984.768969 324.030951 76.206004 0.016472 -0.000735
469499.863903 732.041577 7.008426 -0.015004 0.013815
718651.906922 435.343306 574.686808 -0.011850 0.011218
316653.122342 84.385849 211.432373 0.010171 0.008899
385530.231700 79.590191 10.964617 -0.015987 0.002578
1379939.433830 519.564619 291.716801 0.015406 0.017181
1974529.288697 463.574783 199.388928 -0.015532 -0.000416
1626419.535664 279.818030 244.561365 0.012985 -0.001061
503204.831157 146.087639 10.639385 -0.011610 -0.004500
1600260.999799 292.953165 294.372733 -0.013934 -0.015950
467442.890847 275.269059 120.990710 -0.009912 -0.002201
1530910.291491 752.997955 56.674857 -0.010011 0.013184
43405.273949 189.902950 245.077999 -0.005783 -0.005882
1801413.789299 133.473965 421.499890 -0.007702 0.019685
348673.859774 447.463711 105.095780 -0.012279 0.010756
1122384.702378 793.250711 80.711529 -0.017927 -0.014252
474000.488629 229.234164 293.461411 -0.002429 0.001564
1867761.544822 162.602515 288.082910 -0.018850 -0.001849
617712.498930 39.655644 415.262151 0.008763 -0.003836
88793.583256 495.180632 342.967350 0.009901 0.016906
1123119.018564 736.266437 291.427994 0.009359 -0.015513
510837.786138 237.529271 62.589447 -0.004326 -0.005982
498234.962345 502.771858 381.319177 0.009533 -0.017336
350510.791107 537.859104 162.957302 0.006258 0.007949
1451432.125387 771.361305 449.408230 -0.003405 0.007364
303273.376219 370.373712 179.841436 0.008883 -0.011665
454803.713809 227.244358 75.866008 0.008607 -0.019198
480071.545802 775.446092 189.776617 -0.006258 -0.005555
1333575.176696 474.782579 592.842402 -0.007771 -0.006721
110627.538576 382.750902 1.773487 -0.007009 -0.014499
1406769.050940 41.564400 59.179334 -0.001864 -0.001179
1561676.394922 482.092090 559.286676 -0.016767 -0.007002
281255.947557 246.650858 364.669468 -0.009246 -0.019069
1257382.930842 407.544799 596.208613 0.017782 0.014117
706537.016996 489.465214 269.005034 -0.006343 0.016656
1558318.719993 318.191780 237.106612 0.011350 0.008937
1057752.200895 389.450246 466.068400 0.005111 0.017488
491364.625511 326.194042 325.138591 -0.012860 -0.000413
1734950.389590 255.123192 479.338063 -0.000921 0.003492
1643357.573842 84.786894 56.755067 0.012567 -0.017962
1898263.090243 133.918278 397.735505 -0.004152 0.000409
1157183.811607 141.166708 544.728415 0.018945 0.018330
1260090.642264 401.444224 266.448450 -0.003784 -0.014829
767107.214205 521.734452 323.383589 0.016973 0.013173
55740.578126 634.922881 88.725416 0.013009 -0.009327
1471867.368311 519.115455 224.861700 0.012796 -0.001702
851158.514084 624.046719 377.547533 -0.016455 -0.012925
279214.015361 532.849965 211.842457 -0.018201 0.005636
622537.959657 541.418756 84.588880 0.010268 -0.016709
543551.074594 112.511470 439.091500 0.012921 -0.017314
1125283.938425 670.503273 515.318709 0.008414 0.006514
255944.995329 357.695418 187.056722 0.000112 -0.008826
1549879.616848 742.586956 35.089557 -0.003810 -0.019289
474171.187949 435.924953 410.506132 0.003558 0.003659
648167.413030 720.761297 160.540609 -0.001357 0.006313
697835.028496 589.710926 478.517899 -0.016730 0.001912
1725670.433475 516.066876 231.076746 0.008596 -0.005252
99429.388577 679.127818 481.491892 -0.005526 -0.005958
163663.104253 109.245982 168.320844 -0.006570 0.000367
594763.153510 303.847513 52.925683 0.019282 0.018819
1355525.087265 245.070850 522.201512 0.017944 0.010955
1053977.892294 234.737543 305.592825 -0.007011 -0.004924
115031.983757 149.675065 12.933515 -0.002333 0.016305
752375.869431 393.652045 455.201236 -0.012751 0.014189
219437.964363 208.555799 594.973631 -0.004391 -0.003954
1068114.026016 550.287937 469.132979 0.004826 0.006922
1499866.051366 239.154199 584.128540 0.004718 -0.010296
1491842.997955 116.766149 322.370975 -0.009703 -0.001115
1826279.228472 251.231155 395.286174 0.017290 0.010253
1133058.067007 247.473226 149.319463 -0.007045 -0.000433
207507.431604 346.430184 450.402931 -0.016175 0.012954
304737.184339 504.514077 306.606402 0.017354 -0.010025
361247.467977 546.369933 329.259305 -0.013812 -0.007891
1585793.637478 720.371072 269.211403 -0.006751 -0.013861
1841064.114050 194.858102 281.169175 0.003198 -0.012822
451362.950938 116.068819 291.938371 -0.000993 -0.001229
1950936.490647 463.020932 542.266944 0.007681 0.008350
1454702.783122 701.619055 182.755941 -0.010462 0.012504
1108684.254395 335.080564 297.159931 -0.015858 0.002983
1596490.624173 716.755849 284.804289 -0.012887 -0.009859
1263706.185512 134.076068 282.563030 -0.015924 0.009880
1294332.516982 261.027174 535.835474 -0.014673 0.012039
723046.520130 87.026339 228.560398 -0.009388 0.013352
107937.715067 793.437066 426.787660 -0.005759 -0.010870
1046872.077066 728.783056 389.693838 -0.019396 -0.019548
450965.188654 653.731504 546.604330 0.008007 -0.017431
278162.196408 266.400457 139.746893 0.004373 -0.002624
1960316.196066 205.822255 456.545425 0.014896 -0.004398
1125740.257616 187.863001 299.747898 0.017724 -0.000072
668170.334151 796.676672 294.190791 -0.018197 -0.005844
1443825.863043 455.466228 160.053978 -0.005093 0.003559
564375.188464 478.095485 242.553986 -0.012222 -0.008028
938961.728913 267.161872 379.930184 0.008064 0.017685
132214.712972 546.757443 119.683362 0.013376 0.002234
1179224.623916 311.454909 473.099601 -0.016499 -0.006652
575213.267736 339.098805 197.869813 0.010978 -0.001188
1368718.602401 400.975542 24.073677 0.018036 0.014956
1254302.726711 185.640739 282.666935 -0.018631 -0.002903
1541011.519516 401.002050 456.097321 -0.003926 -0.011878
1407684.757098 375.544743 531.718022 0.016161 -0.008185
883750.411162 393.758524 411.799109 -0.010544 0.003304
38293.802197 414.507000 2.801303 -0.006035 -0.008078
949396.727117 26.725177 479.062406 0.000617 0.019455
1340193.529306 112.111954 129.813738 -0.014280 -0.013050
1289556.392138 729.374140 404.291408 -0.003835 -0.007437
1756783.113702 88.155050 468.927637 0.010455 -0.019763
157687.638028 166.092578 303.225993 0.010649 -0.002497
175039.783202 626.573029 573.184368 -0.016258 -0.014658
506304.289450 453.203053 99.170706 -0.017939 -0.016705
301433.914481 576.012122 133.897590 -0.005385 0.014561
790027.673724 9.490534 464.043065 -0.017182 -0.003250
176035.711624 758.838384 317.285192 0.014790 0.008526
1081972.172988 759.067199 552.354599 -0.018281 0.008711
715741.816310 106.930778 298.834174 -0.007399 -0.010926
1263880.632475 454.412924 476.777130 0.011929 0.004696
1751026.801649 758.617509 202.416278 -0.016185 -0.007299
399196.095951 394.937609 198.059038 0.019113 0.002347
1496994.359185 48.620867 306.603340 -0.008894 0.017279
445396.929255 653.534514 529.839585 -0.014304 0.014538
1193553.106484 399.743023 599.508710 -0.016112 0.012531
450224.472419 581.219095 229.331690 -0.019252 0.001036
1999453.321099 715.713732 285.900506 -0.004052 0.018963
1584501.028799 429.118173 291.144846 -0.015106 0.000398
94458.571679 696.636325 342.412947 0.002264 -0.014109
1007827.074736 623.564274 579.755529 -0.004563 0.016847
1658558.308919 786.734504 253.025388 0.013085 -0.016916
475365.567242 42.333823 482.801750 0.004274 -0.016894
663714.367274 496.168333 580.980333 0.012214 0.018158
1919117.403179 479.279520 297.000405 -0.002162 0.008819
9624.167350 393.731328 354.467448 0.003062 -0.018037
1478876.057770 64.676809 497.161984 0.007706 -0.001374
1502145.321808 426.459680 269.209979 -0.013018 -0.005534
1054818.871922 329.050454 247.604651 -0.006669 -0.018736
972186.690649 532.039979 390.583858 -0.001901 -0.001129
1216433.286302 329.441643 43.412565 -0.015861 0.014311
1585452.240699 85.721380 209.962954 -0.004637 0.007086
796849.675848 98.912229 459.157409 -0.011136 0.013060
461377.134761 782.865553 216.901963 0.007134 -0.013901
1447663.852688 165.121336 338.382598 -0.014469 0.001606
1190708.408687 498.715206 122.645331 -0.010132 -0.017084
1355477.244293 684.126837 294.592223 0.010004 0.018252
694211.989964 433.776184 39.497586 0.007916 0.017114
1497031.391364 75.985458 30.188668 0.000516 -0.007093
1759090.904966 594.382834 180.035483 -0.010331 -0.003081
904928.793621 771.869459 377.606166 -0.019375 -0.015858
341892.055395 489.127708 437.206989 -0.004956 0.014363
1609370.418642 43.094067 428.143179 -0.008167 0.012129
1339833.364515 513.582209 206.830138 0.009435 -0.006386
543533.833951 386.129469 260.622782 -0.007102 0.019772
1510075.678821 160.945484 443.553998 -0.017782 -0.002230
325429.097901 406.726577 246.070755 0.011710 0.000973
1027532.088117 770.864463 81.193299 -0.010404 -0.006333
1987715.010526 37.239148 236.733191 0.008293 -0.006361
396776.620483 301.259009 588.501247 0.001756 -0.015610
639902.701899 652.699213 355.808159 0.010158 -0.014507
1179865.857204 406.064170 204.140932 -0.006875 0.002541
1568458.621189 393.127085 42.258977 -0.012224 -0.008573
1190290.628555 566.830812 150.403564 0.009232 0.017977
1180185.991889 580.653344 597.223204 0.019382 -0.002814
672088.553511 146.478392 485.081771 -0.007415 0.009060
1837656.663655 510.376862 325.245131 0.000515 -0.004377
1360614.323691 81.425288 539.162458 -0.019216 -0.002762
924125.776125 643.728606 555.387061 0.001305 0.019924
418950.309241 102.527554 424.759901 -0.001814 0.014228
1312754.557148 39.425726 349.571516 0.006051 -0.018697
30587.249450 790.946245 130.199031 0.012882 -0.007749
1889215.610870 593.532223 565.935801 -0.000551 -0.009843
669560.509114 133.385468 214.043148 -0.010651 -0.012485
1579576.984783 556.881590 594.885756 0.008599 -0.010931
1982244.182370 739.127704 213.999640 0.007925 -0.004711
432350.935616 284.042961 257.938029 0.011969 -0.019777
930735.730068 652.649732 596.847648 0.007302 0.005508
600671.720971 501.585571 227.627531 -0.010155 -0.015434
1270601.892504 464.079100 169.630953 0.019699 0.012527
938976.299455 626.109610 304.953654 -0.001552 -0.000153
1474031.937064 361.595183 251.531619 -0.016258 -0.013942
1605130.416157 247.698383 302.518996 -0.010671 -0.015574
1023340.410098 559.402922 555.242606 0.000254 -0.004737
1128556.229700 645.846729 5.043691 0.017725 -0.017934
248420.950141 463.878600 377.916015 -0.004109 0.002557
884577.235619 701.190091 213.144561 0.017994 -0.006633
1704879.713107 549.667263 474.557562 -0.009087 0.011155
1882055.445519 60.083344 54.743390 -0.002193 -0.007592
404206.608610 765.768802 4.938893 -0.014904 -0.001414
780987.060993 553.525605 162.468445 -0.004082 0.005525
642018.800900 420.285791 130.901850 0.018038 0.017209
1579863.075903 313.761980 483.301237 -0.014242 -0.006310
286431.929230 799.207544 18.261885 0.017334 -0.009104
1625355.291937 700.191288 207.268519 0.016183 -0.007101
1310099.705732 85.532077 166.777840 0.006601 -0.010571
1485499.756171 42.268087 555.840391 -0.019437 -0.001828
1126826.147142 267.798056 586.700302 0.011207 -0.008653
1817754.082297 456.596558 407.041366 0.008593 0.008660
42605.713030 685.677635 428.900234 -0.017463 0.011474
1969490.396776 691.765843 399.918894 -0.006749 0.010788
1972945.507603 788.198581 525.911107 -0.009427 0.005962
221002.463354 5.561442 420.986718 -0.018479 -0.019153
314139.836614 479.732318 212.932087 -0.014574 -0.004779
1280098.799281 35.206375 571.094102 -0.007240 0.010306
1334025.561499 271.105231 370.175635 -0.004791 -0.004314
817314.073824 291.885133 154.295797 -0.016979 0.007878
52254.755074 49.402870 409.035347 0.016118 -0.006917
662711.798522 9.380019 199.644582 -0.018598 -0.017992
710212.109941 153.510494 389.823538 0.008414 -0.006921
61999.699130 281.133033 223.101676 0.019320 0.006773
261157.692532 519.703013 3.608667 0.009907 -0.018751
797766.605764 125.469959 237.070398 0.006233 -0.010779
184709.901076 545.757678 175.230820 0.010997 0.003292
1235796.007903 85.520435 357.313627 0.018123 -0.014405
1292608.929469 245.275510 198.214792 -0.008131 -0.019335
1317389.029692 261.198744 220.322123 -0.018778 -0.007598
71927.786838 127.719820 575.911223 -0.018264 0.016279
1977614.946653 353.562451 38.299276 -0.004676 -0.016037
591803.305127 381.789658 467.149458 0.003535 -0.009939
726241.200569 165.278955 213.947005 0.018402 -0.013691
995710.504705 485.343876 279.430311 0.013137 0.016103
963862.695249 391.228730 138.021523 0.013997 0.000719
1079147.418532 708.512896 408.114338 0.000045 0.017224
1174876.041326 389.916467 223.333894 0.006102 0.014863
937689.950195 758.222750 209.346877 -0.010102 0.001365
1200871.358253 489.789926 445.110174 0.018295 0.002820
1798372.363578 364.443698 105.775246 -0.005466 -0.008551
158766.744732 676.223626 464.571599 -0.007530 0.007879
584123.108808 679.959135 348.341389 0.018808 -0.006105
1019930.488905 447.423037 500.067623 0.015236 -0.011570
1412068.961846 279.214616 95.688297 -0.017829 0.003985
1390465.348675 524.116852 125.814526 -0.002536 0.004568
1560588.704217 269.637159 41.815264 0.018294 0.008038
709118.110458 28.629052 327.036737 -0.014820 -0.006318
481739.437432 336.827114 116.748188 0.012808 -0.004329
1084185.081108 265.260008 569.408229 -0.004953 -0.011508
321427.933090 65.602709 337.146118 -0.007571 -0.014321
322096.383349 11.895012 475.433187 -0.005132 -0.001933
811598.476400 120.524273 472.183942 -0.000990 -0.015693
975828.599639 662.783252 87.477605 -0.018663 0.018339
980873.326296 219.750230 226.174322 0.007428 -0.016139
1538962.265262 182.312577 256.981445 0.008849 0.004172
1281944.833362 703.518413 411.193597 -0.011738 -0.012076
1646853.441208 292.166784 129.455408 0.004647 0.009430
1334224.681991 17.325825 531.643852 -0.001750 -0.000144
1987979.200663 753.876689 196.507981 -0.014447 0.019152
567825.405192 503.411924 150.181901 0.006621 -0.007356
693992.653253 345.677335 324.396480 0.011172 -0.014021
290886.182473 333.347336 18.715269 0.013265 0.004838
461579.700216 523.948438 590.513997 -0.002182 -0.009212
1440439.939238 90.573715 175.770735 0.004285 0.002718
1578856.275221 479.575506 307.195956 -0.015374 0.009485
975708.803616 320.001237 219.860161 0.009550 -0.017503
1363849.989774 68.072007 296.427943 -0.011051 0.014437
1287670.666020 295.521676 165.481389 0.006994 -0.011983
1793086.186886 725.032131 513.168461 0.015254 -0.005939
253419.465503 481.153431 278.103512 -0.003031 -0.011637
65064.939701 167.190932 484.621840 0.001755 -0.007021
1093948.624606 26.072053 434.840735 0.016638 0.010810
1570950.974510 476.885623 514.190808 -0.008949 0.012886
1433502.711092 738.705392 113.685668 0.019653 0.003959
779698.448619 711.524325 301.956680 -0.010237 0.010915
1707668.152502 297.499020 224.270348 -0.007303 0.011714
1161722.038482 280.374952 1.051874 -0.004388 0.015818
650195.260835 748.060660 556.351903 -0.017966 0.014024
1393276.303724 667.719125 267.706164 0.002116 -0.015476
534900.189626 215.491979 20.807457 -0.001722 -0.009449
1264731.390059 676.570752 90.992449 -0.014610 -0.016293
1848317.172308 790.598786 278.256912 -0.008157 -0.007742
512088.236637 701.957784 394.138971 -0.009756 -0.009263
1104225.446984 465.376779 122.068734 -0.000854 0.005250
107543.810321 140.002924 279.609046 -0.000009 0.009155
1156781.673039 614.997459 597.827990 0.004531 -0.011042
520065.349769 196.740397 42.783759 -0.003459 -0.004744
327390.441823 269.825883 222.017369 0.005084 0.005379
1353004.063178 706.961086 306.635232 -0.006506 -0.014414
1558240.596931 709.767196 433.260346 0.019294 -0.005475
706633.334377 29.319683 323.793441 0.012782 0.001661
534505.464385 317.252369 182.476685 -0.009450 -0.019533
1061346.780072 419.738860 154.908198 0.004189 0.017610
1275778.349152 611.967351 164.404742 -0.019713 -0.004275
1816858.008419 547.093309 166.019595 -0.003173 -0.019293
837596.447597 159.092407 542.018996 -0.014414 -0.012810
537634.699856 396.211359 130.357994 0.012321 -0.007440
1509630.032587 59.570843 425.774805 -0.024878 -0.023800
1442342.147903 473.629647 518.163731 0.019186 -0.012363
1603574.954720 492.064751 575.818958 -0.016931 0.004958
706735.606634 787.846765 184.373336 0.005208 -0.003780
651319.147391 39.731495 362.277874 -0.010774 -0.012384
1573016.600485 398.151123 411.350812 -0.019941 -0.007665
1998835.487291 607.654024 230.183973 0.008375 0.012765
1445522.677826 344.904009 246.125350 0.003477 -0.003645
1207599.107738 311.335372 14.960061 0.002535 -0.001321
1297106.122271 733.988707 269.878665 0.018131 0.001904
1709409.523620 225.348245 358.938382 -0.001614 0.000451
1579454.636005 196.672396 5.849503 -0.000955 -0.009962
635151.660366 380.566467 5.049653 0.008026 -0.012570
1657542.871152 338.006214 368.757538 -0.010404 -0.019605
50074.195513 673.661239 239.447019 -0.017990 -0.003731
1728956.987955 558.577361 193.880734 -0.007465 0.006085
1741304.677791 135.021890 562.121104 -0.001266 0.005055
896425.988943 206.791575 524.872944 -0.001635 0.009343
248631.410417 620.371740 125.790065 -0.014690 -0.000944
789536.960791 769.082241 539.260815 -0.019606 -0.011931
1819863.026878 28.313785 26.099968 -0.007616 -0.016543
901731.744829 139.473195 470.672656 0.010950 -0.000465
878442.611954 515.158707 393.380513 -0.004976 -0.015502
569936.175165 658.567008 222.613195 -0.013654 -0.008685
212161.644461 226.407693 35.177773 -0.007361 -0.003244
1070836.321949 568.341361 228.040354 -0.002627 0.008850
1162154.364009 276.191300 454.542135 0.005044 0.006162
1685995.778854 61.528120 497.401462 0.005561 0.014010
631794.399876 54.176209 296.542964 0.018928 -0.002276
