120102.793966 630.356786 121.569595 -0.006110 -0.005546
269277.329682 299.880159 156.335664 -0.018287 0.015147
1260731.205931 302.356901 191.691503 0.013061 -0.002956
973263.179405 632.973391 572.871749 0.008493 -0.005940
1683880.506867 289.079354 229.173782 -0.016815 -0.013039
1760997.696668 175.503394 580.267408 0.011722 -0.019813
354965.669268 681.930960 474.505209 -0.004794 -0.012057
306862.422408 411.981188 346.458551 -0.003479 0.002351
913598.742761 35.039005 562.717598 0.011161 0.014845
723511.401901 210.169481 397.936721 -0.007306 0.019056
27418.055584 126.970768 203.064612 -0.004124 -0.010453
1026719.971107 221.747805 272.826178 -0.000715 -0.017198
919235.655535 527.172482 552.652803 -0.009944 -0.018417
247720.705461 324.291131 333.810681 0.008062 0.012673
229642.751734 125.438813 517.290543 -0.017957 0.017134
1463437.116455 330.373937 119.001173 -0.004253 0.009170
349002.480669 325.724312 534.107245 0.001347 0.011252
253345.397419 21.887763 48.652315 0.003294 0.000361
301882.374241 33.089181 100.890082 -0.017030 -0.008248
417897.793659 158.431242 420.010013 0.010564 0.015940
1032678.423930 703.027518 34.677065 -0.004922 0.017256
1981626.739717 86.426854 206.286274 -0.012561 0.000504
148080.320166 291.227445 546.310661 0.018534 0.015038
1426235.401736 72.523739 542.651048 0.011806 0.006901
826207.458426 756.252656 428.132229 0.003243 -0.019249
17939.873048 633.106568 129.732972 0.008260 0.002245
229060.592236 178.579595 260.729473 -0.012978 0.003888
729567.630556 129.796226 425.647872 0.008449 -0.006088
424191.899795 625.346709 428.296931 -0.015121 0.009732
1179453.697605 667.587304 501.733894 -0.000347 0.005134
1017047.714916 724.806527 344.253833 -0.011065 -0.000462
1184883.571782 186.698732 168.557345 0.012302 0.017676
1669257.284919 737.955820 97.786012 -0.009215 -0.017017
1530870.404807 506.859967 153.086210 -0.001083 -0.006382
1211583.405366 549.594560 75.497097 -0.007256 0.012397
1741377.547263 727.244030 385.806585 0.008299 -0.003755
544004.606336 172.691399 185.168853 0.013870 -0.002454
1594854.852927 349.761445 402.274025 -0.016924 -0.010148
1223177.906695 729.773586 101.203791 0.010926 -0.013189
527324.168257 433.120292 487.474856 0.000763 -0.019357
312490.830343 99.638095 422.355381 -0.009809 -0.002920
1025907.483430 120.729034 212.193519 -0.013730 0.014354
1509229.653286 341.755693 43.504042 -0.018196 -0.009484
1023852.793045 688.065113 428.246168 -0.012674 0.017494
1918069.081343 635.113446 509.728339 -0.014812 0.002798
59433.087734 314.615214 68.049255 0.013713 0.016465
257531.464220 800.650360 21.690807 0.013268 -0.008797
961609.428265 277.335055 259.692681 0.013378 0.000056
582120.371322 470.057771 558.541095 -0.005431 0.005989
408974.288222 701.818728 306.450795 0.016848 -0.017668
899929.745542 700.275903 511.583605 -0.008030 -0.019847
849952.291162 263.272548 237.577624 0.001512 -0.013092
617567.269419 532.348072 103.649545 -0.006174 -0.000015
907629.657959 661.923259 507.048058 0.015499 0.006310
693382.430213 141.715864 148.672566 -0.008905 0.001675
1797970.130014 385.097723 250.755838 -0.003518 -0.004090
955435.349120 688.584433 163.871305 -0.006710 -0.013568
557659.864685 605.905672 293.250017 0.007014 -0.008252
1324351.926951 788.370703 575.554112 0.013340 -0.006825
917046.023028 230.608588 93.417719 -0.007869 -0.012897
1632997.046985 518.965119 212.675722 -0.017500 0.017132
1790149.784549 770.143355 244.835397 -0.007402 -0.004943
1613713.184192 632.019559 140.533466 -0.016803 -0.015062
791753.703166 288.685765 527.077744 0.015413 -0.018594
347958.385175 437.263131 12.023897 -0.014656 -0.004606
701432.257286 473.867056 403.463081 0.000326 0.015834
1693039.169392 258.584749 326.885798 -0.012035 -0.004482
944105.254926 76.475204 210.569888 0.015366 -0.003687
1451122.988691 550.802795 119.953079 0.018417 0.010776
644142.737912 284.929816 76.518773 -0.011888 -0.010297
328294.663843 300.219631 473.820354 -0.012091 0.000429
344141.964030 428.898426 60.386062 0.013706 -0.018295
1995072.262359 551.872965 220.794440 0.001688 0.015582
1509670.835691 11.040318 591.160428 -0.015722 0.015781
783939.521193 665.493146 350.168895 0.003514 0.011739
702233.533702 730.427842 88.982961 -0.000808 -0.015181
783487.379916 514.286438 295.341104 -0.012692 0.013067
1976.599918 282.008457 217.499323 -0.015850 -0.012074
812477.567611 81.064057 532.144687 0.010930 0.005812
1551513.418346 422.743147 395.144531 0.010375 0.005367
1106838.468046 120.651614 279.791950 -0.014511 0.009727
516376.429478 389.568310 394.396865 -0.004154 0.018635
1541877.001311 639.121702 367.133797 -0.009509 0.019228
877046.727052 211.066595 200.364147 0.012099 -0.005350
1062152.807164 166.437933 281.072200 -0.003289 0.019325
220503.739184 155.142668 306.287290 0.010779 0.018105
285758.867062 257.656950 62.733225 0.004286 -0.002073
1694852.848395 693.285055 566.599423 0.000261 -0.009258
1823523.613542 219.378321 44.363500 0.000926 0.001478
109429.840049 768.265937 480.133215 -0.004463 0.010484
331166.874772 736.394420 582.198954 0.005308 -0.006555
1904142.131984 594.094669 318.592157 -0.001588 0.000435
967910.745632 483.333513 499.182942 0.003515 -0.011505
581591.096978 348.352300 48.229079 -0.010669 0.017483
706572.319710 117.963425 128.426859 -0.003021 0.006874
1499518.371885 385.552956 378.920885 0.001971 0.014867
785875.055374 571.499003 474.349227 -0.005469 -0.006111
257524.722376 253.013199 54.477142 0.006475 0.011218
1201976.699383 114.806237 228.991592 -0.002615 0.009275
1186503.038363 580.091300 101.955474 0.006817 0.018386
215485.423904 20.041637 64.829764 -0.007114 -0.001909
1555844.913030 56.610523 560.884082 -0.003702 0.004790
1610655.802121 641.134254 200.236630 0.003834 -0.013391
1363983.919548 580.669764 288.288580 0.010879 -0.004605
515601.680854 298.564449 317.732538 0.005558 0.012247
521772.659627 185.419558 319.666172 -0.002812 0.016116
984056.433190 429.822806 558.464501 0.003448 0.013548
764465.851134 302.165596 558.123079 -0.007320 0.011435
1098768.237559 98.309744 352.980727 0.014554 0.008855
1505133.839094 452.433272 265.815439 -0.010758 -0.006519
1656881.889169 392.701814 425.838577 -0.005627 -0.014823
1035409.796534 493.422114 216.233467 -0.018003 -0.018102
532033.862794 432.357578 349.843300 -0.012178 -0.014335
885049.308131 462.060061 312.521267 -0.005102 0.015765
611963.250959 737.713547 10.506047 0.015697 0.012228
1469794.933437 516.287281 223.706007 -0.012366 0.015653
1419313.830053 5.361125 222.201406 -0.003137 -0.005434
1001399.715897 751.351345 590.015395 0.014478 0.019435
57920.523946 103.090007 316.851104 0.004568 -0.007021
1340168.589419 43.975021 541.134401 -0.012375 -0.002907
1593328.125585 397.131744 209.004062 0.012549 -0.004451
308175.125303 438.506637 21.651450 0.000915 0.009141
1829796.170737 187.841661 440.358924 -0.008568 0.006237
194622.977727 628.277843 356.827687 -0.016821 0.005971
1163384.351490 85.677608 466.961156 -0.015218 0.009260
203536.384834 623.376180 467.104197 -0.019844 0.018798
408990.508136 640.560130 279.674075 0.002463 0.004641
1709918.606891 566.597003 96.564946 0.015791 -0.010602
1776676.395804 644.396384 280.166977 0.004769 -0.016391
248411.979642 575.685916 526.937569 0.008750 0.011925
1052401.075630 239.715195 543.542945 -0.007832 -0.003530
1254879.329007 324.213286 114.370183 -0.003722 -0.003559
322021.593490 487.280544 125.268889 -0.001103 -0.014955
1647379.426121 386.325442 521.383698 0.019419 -0.005111
204691.412954 699.208136 106.323823 0.002787 -0.000169
536197.156895 555.171825 128.632586 -0.014202 -0.003476
25648.950611 538.062047 428.963084 0.016657 0.018931
247729.502734 436.804737 229.352319 -0.007399 0.018031
1580350.309415 379.648858 335.088129 -0.020010 -0.015903
1443766.372951 659.234166 351.163718 0.003684 0.012392
1912564.341869 554.177027 409.432112 -0.014675 -0.009431
357511.299829 321.067556 575.539441 -0.004447 0.001834
744693.135258 324.189958 130.763068 -0.016544 -0.007025
387589.365424 167.827097 523.085067 0.002988 0.000949
1645202.005117 291.570578 -0.166465 -0.004716 -0.005354
205411.871060 83.777051 113.602619 0.007513 0.007847
1996032.971887 514.964091 234.014862 0.007577 0.010287
1306804.762830 688.163501 106.529436 0.004502 -0.009855
1450619.077985 788.732357 394.922527 0.017711 -0.017183
1969754.747101 110.767906 168.521408 0.013593 0.008609
1609086.544071 543.963737 45.307370 0.012194 -0.017510
883645.576836 726.197721 99.690877 0.005785 0.003615
1722771.757153 502.341448 142.206245 -0.009969 -0.007546
28763.775727 722.561991 101.811177 -0.011928 0.000479
845989.907554 733.617136 301.461236 -0.016754 0.014407
1143645.596292 54.673112 600.517812 0.014092 0.016919
1423342.375748 525.790442 361.900188 0.011476 -0.001576
1329764.171191 184.997847 221.896977 0.013250 0.014449
1926056.274178 553.106980 294.564813 -0.012010 0.017727
1598411.507718 172.950376 507.780571 0.018776 -0.003701
726058.746095 314.185281 195.442195 0.014549 -0.001021
375371.614646 348.270454 324.733003 -0.012683 -0.008666
932014.105344 718.228094 567.135300 -0.017148 0.007083
811741.037672 587.884860 550.860945 0.010982 0.002644
1557690.799962 589.584541 155.078082 -0.009262 0.017506
399385.155365 53.148538 91.037885 -0.018132 -0.018559
1122038.441301 328.217862 256.493814 0.015487 -0.009122
1805346.826001 59.661756 425.619907 -0.007156 0.012169
1995636.369100 729.347813 97.263924 0.017696 0.019486
1695958.700821 279.177976 427.712924 0.010650 -0.015091
558004.577904 435.841088 516.845933 0.001462 0.012502
1597187.265566 589.468315 528.911996 0.018087 0.011276
1833981.536251 409.982735 114.612974 -0.006179 -0.003987
929917.220459 197.673928 284.906474 -0.013219 0.007532
1471826.909795 138.773945 361.100321 0.015872 -0.015403
1165988.196230 595.137472 277.980841 -0.008197 0.000422
1172216.120722 460.759905 32.241564 -0.002211 -0.015469
1736107.381869 196.559440 508.113132 0.009950 -0.012182
1259741.624473 533.144313 424.912461 0.012848 -0.019579
218963.730251 229.106420 155.179226 0.003365 -0.001619
1902503.935575 255.800671 379.455231 0.002184 -0.011333
1496596.111682 109.304147 576.158722 -0.011564 -0.002666
941537.357374 638.190431 5.800592 0.001074 -0.010183
245239.558744 315.980119 292.856079 0.018816 -0.014288
1372376.816986 480.066052 484.718268 -0.004178 -0.003134
1637971.852737 403.533298 423.838145 -0.017036 -0.016322
337179.376901 23.793188 245.429875 0.012148 0.003352
1249672.392965 440.357595 432.920351 0.003372 0.010440
310196.676436 44.213557 335.847983 -0.013358 0.003301
1607296.809371 230.170970 584.932311 -0.008227 -0.009717
236307.595035 784.112449 515.170569 0.017033 -0.004957
561161.337682 597.161822 528.948311 0.019431 0.012912
1939371.158341 125.285756 512.103587 -0.004855 0.018365
870700.636353 1.966072 305.624847 -0.013717 0.003551
541779.813609 249.551824 386.776136 0.013270 -0.000880
453110.709066 506.629397 459.804511 -0.011931 0.017063
47266.968548 257.058862 543.115520 0.015293 -0.010204
562186.379247 129.927714 594.468120 -0.013527 -0.013987
1629854.769274 105.371235 185.093509 0.006688 0.000383
534606.907766 82.369690 307.366259 0.011065 -0.009663
203362.833803 38.304492 342.409840 0.009816 0.015234
92345.910190 778.958795 306.361568 0.012417 -0.012993
877177.283576 667.498912 297.759951 -0.006204 0.008677
1484435.888699 501.022075 528.952233 0.009362 0.011481
64404.659935 438.941673 550.618345 -0.006311 -0.011461
856791.879449 487.235056 190.744651 0.017636 -0.004615
1153201.109335 33.819199 259.547848 -0.014246 0.011669
618554.387530 154.403548 456.504223 0.012848 -0.019887
1875266.974734 207.491527 503.059776 -0.002710 0.004180
1111007.126566 140.202295 138.710251 -0.002543 0.016428
34336.430968 375.542217 275.466252 0.017021 0.003980
1349224.196444 292.319242 249.806123 0.019692 -0.007784
1602661.077679 455.075840 209.699327 -0.010642 0.008546
276647.354605 434.585576 544.386363 0.016511 -0.005571
1822198.850020 671.223560 373.177696 0.009937 -0.009118
453696.245539 243.672478 268.685661 -0.001689 0.009709
713133.517985 379.706102 125.345402 0.012602 -0.003599
36437.158490 391.696902 464.279495 -0.002939 -0.000545
159010.190591 189.082289 31.252190 -0.002842 -0.001195
1535456.720523 453.645003 6.973879 0.007005 -0.001239
749811.288319 470.244359 183.179620 0.019843 -0.006523
1154889.427663 178.638331 384.639445 -0.018993 0.007208
762647.938338 305.002608 92.414381 0.003626 -0.012135
1129345.827331 486.678341 410.705117 -0.006551 -0.018334
337378.635228 333.875672 168.961318 -0.011172 0.013867
1499918.929068 791.392023 248.098804 0.010329 0.006655
1760744.261444 108.658787 149.690931 -0.012557 -0.014685
1172923.453698 610.384466 215.765373 -0.010961 0.011549
79642.974809 486.011473 100.898264 -0.012199 -0.012030
730713.756164 606.728779 483.733407 -0.017944 -0.016077
1702955.846536 175.317860 309.520393 -0.014684 -0.002389
724785.897287 706.067068 257.997383 0.011059 0.005771
187236.443249 524.273827 468.781603 -0.006230 0.013667
1828784.213322 744.155381 362.690406 -0.009452 -0.013138
787390.226865 250.426698 459.589141 0.002473 0.000224
1929498.061505 743.084657 161.276976 0.010601 0.019224
730520.102536 499.754906 120.274227 0.015142 0.010711
1281053.293162 194.128958 381.628512 -0.017204 -0.019255
562426.321470 130.078313 404.887773 -0.017495 0.000257
1033437.869061 779.893133 262.745413 -0.015123 -0.010097
1192859.900739 412.525767 336.214392 -0.005497 -0.016830
138898.690296 261.392014 3.436696 -0.006505 -0.015984
1973181.982512 560.934030 434.073650 -0.012568 0.003316
957790.512106 660.626643 496.960619 -0.015319 0.015869
1692076.045876 318.222344 36.187050 0.000830 -0.001623
1136829.509929 29.077024 260.284011 -0.019489 -0.013630
1367539.427880 482.362102 406.417515 -0.010177 0.018682
1509350.044424 252.471493 176.161670 0.010386 0.006126
785056.476847 597.887462 212.990059 -0.015366 0.017398
1873643.585422 476.203269 457.143644 0.010544 0.008428
1315983.134935 488.295478 64.587570 0.008817 -0.014705
1135951.929323 228.507821 100.519407 -0.019847 -0.008262
656102.584980 548.359493 539.390278 -0.019843 0.017278
1727078.126616 606.179179 148.310586 -0.013760 0.000843
1797488.349396 438.853462 161.468442 -0.009879 0.006607
406141.346510 152.213667 156.583863 0.018578 0.018125
1941231.998588 496.999973 337.341046 -0.016813 -0.006388
1386830.762674 518.661243 376.834287 0.014458 0.005996
1843128.023596 152.363960 201.600217 0.012790 -0.012234
538331.757550 546.172920 571.941026 0.000658 0.013527
944807.663069 332.484858 233.419570 0.009322 0.006539
106756.882792 754.871144 514.679301 -0.007566 0.016350
1618777.323337 226.540894 318.109016 -0.005081 -0.005206
1742666.514471 52.446032 7.074472 -0.000033 0.017118
1321460.731012 337.345945 69.602898 0.019885 -0.010386
620834.287545 213.052598 553.920243 -0.009466 0.011289
1523195.320518 587.273785 118.876932 -0.014020 -0.000937
1731081.362688 163.211146 252.019387 0.008921 0.000663
656632.629529 425.818441 480.687778 0.014354 0.016119
325566.043298 583.573045 580.927803 -0.013081 -0.010863
1792559.657149 666.172043 390.427270 -0.019494 0.013213
1778465.217808 259.448504 59.292210 0.012357 0.003553
1763427.173609 457.634074 193.094133 -0.018015 0.010490
1593951.392730 755.813907 556.325770 -0.011303 0.006591
886016.743670 435.709460 119.128665 -0.010423 -0.003810
204796.643092 323.656646 80.832031 -0.017151 0.002946
727276.621725 773.262631 248.562396 -0.019667 0.019077
488690.041233 721.694545 183.096165 -0.006264 0.008564
1781116.410057 179.111502 171.888716 -0.011458 -0.007823
20635.784613 7.721346 149.446129 0.017506 -0.010967
1834876.302553 303.243445 462.725046 -0.015327 0.004957
350019.654422 174.583889 16.660658 -0.007611 -0.008377
1214501.650638 537.554966 155.148224 -0.019200 0.007504
477760.385944 211.527870 353.544432 0.001774 0.004274
605806.972182 347.295960 499.349520 0.003594 0.005788
272576.070518 480.049567 392.525212 -0.004571 0.001527
1759240.741729 243.252878 550.232564 0.005980 -0.003297
1080301.612187 660.484396 382.500736 0.002798 -0.014588
1857771.559552 140.071018 484.225154 -0.012468 -0.012188
988850.145130 339.772106 276.986944 -0.016672 0.018750
134591.829094 309.758629 242.718451 0.015999 0.019019
96963.198901 28.690198 345.796773 0.008354 -0.003141
227820.812831 464.831115 434.666977 -0.018766 -0.010716
290631.014058 457.664809 34.121116 0.011525 -0.014533
385931.693197 569.335659 190.285935 -0.020041 0.015997
1023297.854244 397.264708 195.448787 0.018823 0.003287
589125.026292 31.635348 579.834124 0.007960 0.017436
1882412.602139 596.850929 583.991642 0.000681 -0.002106
790218.714061 504.617017 18.785505 -0.015187 0.006561
526777.357108 212.246091 139.705531 -0.007104 -0.017982
748590.766801 411.894957 457.617107 0.007589 0.000587
1324791.236466 162.381691 5.860683 0.019527 -0.013027
1179151.767483 226.062028 128.503191 0.002199 0.019235
301466.356172 395.861531 434.647796 -0.014972 -0.019522
349183.755158 414.888859 387.416935 -0.011760 0.005629
616335.581344 375.088658 543.868953 0.001728 0.011532
1910511.639859 733.846170 182.967977 0.008693 0.004283
1640005.631205 304.887672 484.953564 0.013297 -0.005357
1964468.728734 335.731613 391.303518 -0.012186 0.018995
1261209.360911 276.175345 282.359397 -0.005750 -0.001159
968463.258337 424.234263 593.937380 -0.014827 0.009415
1257770.379660 350.173200 124.136646 0.001237 0.019283
1991034.577596 391.323962 537.560227 -0.008007 -0.011744
1007596.648767 95.753305 353.585797 -0.006585 0.017876
1912045.142572 235.986940 222.798083 0.004268 -0.000411
692628.538559 190.298079 501.249505 0.008659 0.003817
609848.141023 240.590288 74.899184 -0.008217 -0.002767
1723251.459991 737.498188 520.924170 -0.017358 -0.001711
1696924.347289 50.454480 567.909351 0.009835 -0.005593
309029.791648 199.793780 289.735845 0.009616 0.002303
867302.640745 559.302190 513.434238 0.012172 -0.007827
691843.061099 120.435638 326.279617 -0.012877 0.018611
272265.500516 388.313437 162.297429 -0.009545 0.011207
1400582.436193 98.395215 421.171294 0.003051 -0.012257
320566.674844 332.910384 150.678085 -0.015710 -0.013506
1229627.376064 208.626190 245.990022 -0.016034 -0.019858
1946485.269790 425.070776 421.443859 0.008249 0.005449
15066.369444 140.518636 292.223381 0.002013 -0.005765
911695.870064 549.195291 506.408352 0.009048 0.017873
1245159.992597 340.251382 42.951391 -0.006070 0.020388
519428.529087 388.678460 247.061140 0.000328 0.003892
1147820.552414 102.359477 512.363899 0.019417 -0.011056
1717933.562453 767.126641 453.824362 0.002501 0.011436
183230.377819 455.360768 577.583423 0.003167 -0.015310
640928.558372 27.317806 483.360432 -0.013446 0.010261
1503776.668340 629.108606 110.911401 0.012838 -0.015524
360957.489517 65.421720 358.359658 0.003710 0.003712
380073.533570 131.785089 431.469538 -0.018231 -0.014046
1889061.825298 723.468042 66.003612 0.008015 -0.001333
1796955.322752 633.975542 20.342289 0.014481 -0.005168
306282.549308 147.160988 243.103833 0.018369 -0.006195
332156.324914 567.538807 78.930858 -0.005932 0.001329
485168.456326 426.791537 367.172698 0.012977 -0.014830
413343.113108 24.503492 173.443277 0.017106 -0.017006
883643.182406 697.270172 587.121976 0.002073 0.002798
887249.075289 360.289223 217.440765 -0.000907 -0.007432
1467432.667253 504.167315 297.539450 -0.014405 0.003561
1682910.725327 245.305795 179.574506 0.018983 0.006319
1660796.624450 172.278260 113.338369 -0.002230 -0.017764
629926.086697 520.400672 50.920456 0.004184 0.003116
318150.466456 37.106714 269.373363 -0.013714 0.003901
40123.955365 464.573647 28.899939 -0.004748 -0.017491
724761.667999 94.132354 413.549461 0.014318 -0.009806
558074.092752 559.708044 337.329904 0.003107 0.006873
438651.350531 326.375150 533.401606 -0.004335 0.014702
1885724.248311 578.784258 300.882213 -0.018901 -0.006832
158400.153815 149.296679 226.041092 0.001148 -0.006973
1952982.963972 437.388486 543.808369 -0.018966 0.017286
1927788.328346 311.081167 28.158991 0.006208 -0.010080
607879.136041 747.099433 567.566188 0.014623 0.000471
1236504.919471 67.948140 551.389221 0.000258 -0.000279
1541570.438790 358.710256 131.492192 -0.009127 -0.000974
1098586.873663 282.445071 398.527944 0.017053 0.015183
1973812.054831 723.240722 257.493485 0.015638 0.017478
717421.361579 684.407754 190.613441 -0.003730 0.000396
1128238.588166 568.345378 265.744748 0.000397 0.003058
1906900.824936 103.352957 396.816636 0.014913 0.005399
311031.282093 514.346151 50.800501 -0.004961 0.016684
1119457.958787 738.699806 161.522985 -0.010707 0.013996
295815.608602 167.834333 451.458357 0.003001 -0.015984
1365835.790227 746.509643 574.000751 -0.019995 -0.006451
933742.419320 452.558745 29.909706 0.016423 -0.016951
1254474.420685 689.969334 122.260428 -0.008480 0.009407
1674721.783807 355.763402 227.826674 0.016822 0.012742
589441.845468 384.442168 445.875048 0.002572 0.008107
1186208.380939 568.251962 547.206158 -0.006139 -0.008544
28320.921598 24.728745 131.500767 0.018880 -0.018778
1123059.363627 350.795087 356.717925 0.004345 -0.006043
1339490.994503 192.732671 126.496295 0.014921 0.001166
1892333.765464 567.735438 583.360929 -0.007251 0.005391
1580513.963280 495.709279 66.081212 0.001226 -0.012659
1628540.167412 101.103611 535.765013 0.009075 -0.001119
358744.990248 592.713762 301.866542 -0.004044 0.008490
1065496.480589 768.552277 90.572221 -0.014937 0.002934
996930.964755 638.425042 488.956580 0.008374 0.006815
685065.261407 523.922552 229.160285 -0.007694 0.019132
22284.613001 82.968760 360.114603 -0.014787 0.005081
1564209.169505 749.608547 458.221606 0.006966 0.006548
471659.941818 684.073913 242.339553 0.009524 -0.009785
234378.384535 216.343322 129.514300 -0.009223 -0.004011
1581110.075852 613.299159 117.725537 0.004189 -0.000947
1733102.233956 757.470780 78.093533 -0.010152 -0.009493
222272.466972 206.863448 219.637349 0.008457 -0.004764
7593.072023 394.927314 189.528296 0.010728 -0.013133
1961038.188991 2.011632 14.062510 -0.004564 0.009665
554464.627316 401.913207 7.753762 -0.000263 0.010871
821613.773155 227.379413 322.768967 0.003877 0.015640
24485.756655 378.217827 502.247245 -0.014261 0.008806
196372.594776 203.379569 588.086260 -0.001422 0.018533
718005.964867 375.092401 274.424207 0.007058 -0.010211
1252709.545778 525.475712 142.019291 0.005944 -0.018312
1958473.456073 741.950982 326.306086 0.019619 -0.003224
628831.249023 322.353317 421.215290 0.014054 -0.019647
1185057.482303 690.527923 288.727066 -0.002876 -0.019709
406775.272641 421.031307 157.449092 -0.012924 0.019350
452064.211691 433.175138 275.532959 0.007345 -0.011361
1391094.198167 249.327183 524.974196 0.017206 0.018296
1830316.959801 730.302829 532.296132 -0.001630 0.016124
610994.441719 617.981773 184.044944 -0.019668 0.004983
631021.334152 481.905249 291.951089 0.011825 -0.018549
989235.750860 1.877800 333.950378 0.010264 -0.012655
1098658.789461 784.215023 435.177218 -0.019669 0.006629
1883467.686308 564.642082 586.058924 0.012839 0.005351
1871849.530317 584.912107 330.437420 0.012870 -0.012447
911993.535660 102.327555 577.264491 0.010593 -0.014605
1176139.691461 61.443808 443.562980 -0.016927 0.015015
1537174.407177 456.296213 526.397060 -0.006936 -0.006927
123261.179832 700.994545 185.365060 0.011703 0.014828
1946848.674653 583.375810 354.104700 0.017979 0.001706
457599.283409 709.084013 164.605056 0.011210 0.008296
926562.791190 189.181854 501.808339 0.000159 0.019980
1942178.605097 12.129550 45.226532 0.008407 -0.016361
1905775.863633 382.826182 397.568327 0.013282 0.012158
1975712.466974 713.526098 408.025963 -0.008347 0.007174
1128937.655654 214.510414 243.600132 -0.013911 -0.011207
1900458.380534 306.100600 61.981374 -0.011066 -0.013421
1623668.112617 550.026749 239.474474 0.005845 -0.015474
798515.523224 494.050598 76.701627 -0.000980 -0.006942
438456.544857 343.830015 482.210581 0.015101 -0.009799
1216805.763178 694.548805 90.576324 -0.008498 -0.013389
1661706.700764 681.350325 258.987521 -0.010496 -0.019707
1303971.794110 150.902414 233.909164 0.010280 -0.003514
1107963.914568 455.465074 58.882258 0.018168 -0.011401
425643.800956 282.561992 500.086922 -0.007708 0.013907
318262.858465 449.270885 154.960863 0.018573 -0.002260
1036196.117772 457.943856 186.715947 0.006838 0.014646
948553.069005 401.606586 427.784860 0.016406 0.009322
1438074.149861 446.848892 555.698717 -0.015616 -0.007626
677338.477540 530.401650 530.702838 -0.002503 0.004692
197747.041563 521.291453 583.652422 0.017216 0.019648
1601492.672973 71.439931 330.468577 -0.017644 -0.017804
1987075.958395 461.456644 375.107201 -0.007819 -0.010047
971748.938305 621.666543 449.439115 -0.012076 0.007402
974474.447302 733.523455 145.996337 -0.003455 -0.018908
1121549.802423 602.038041 413.059035 -0.002209 -0.012399
613932.794246 434.581703 504.538292 -0.008852 -0.001014
1665525.531241 62.867637 338.527948 -0.004459 -0.014549
1238773.710671 302.330560 429.576114 -0.010180 0.007296
1925637.924078 585.423878 276.785185 0.008457 0.017212
290519.337305 158.598881 508.093765 -0.004362 0.004491
1745488.432117 760.846138 218.922357 0.002437 -0.004212
1111265.337612 695.116618 563.059698 -0.004289 -0.013823
829182.160473 184.441193 135.903041 0.019240 0.004582
728391.627189 478.675087 596.417636 -0.016891 0.013631
1349985.243450 33.191418 346.113160 -0.014488 0.010169
1010733.056353 223.836061 571.638642 -0.005911 0.006790
1129411.861826 180.496281 373.280160 0.017224 0.011492
33999.050983 389.398131 394.300065 0.024068 0.016696
1606354.705806 296.010126 66.631270 -0.018769 -0.005950
1451822.744427 315.232684 570.266408 0.008765 -0.000994
1590584.168020 314.799077 309.323168 -0.005147 0.001138
538209.161040 700.801262 484.789527 -0.011163 -0.010865
958317.440449 628.005967 272.267606 -0.015994 0.008652
479655.517489 94.659877 120.039803 0.015865 -0.017009
167238.956395 558.534039 267.501559 -0.012160 0.009131
1592486.357127 737.337871 73.310988 0.009844 0.005644
1189583.299304 432.889022 21.033780 -0.015523 0.016590
1124831.962923 303.219630 474.236378 -0.005199 0.004002
37146.621401 680.299547 232.848933 -0.001137 0.018060
205026.889315 568.794190 41.102988 -0.007905 0.004319
284161.461650 310.242315 183.837419 0.003495 0.003359
68690.410847 306.058158 301.564951 -0.013744 -0.014785
287411.349028 600.058355 404.057900 -0.012907 0.014468
1171263.018237 591.616870 143.504425 -0.004983 -0.015500
1682127.158941 314.883910 577.646352 -0.010869 0.014494
1824708.168313 265.089530 346.698280 0.019210 0.005356
369206.509725 98.052582 13.458207 -0.000372 0.008417
1208981.916871 419.290645 56.260112 -0.015647 0.007270
446720.970071 202.384119 259.065236 0.015799 -0.002838
586212.983628 385.058972 102.248794 0.001335 0.014310
560717.814863 299.182844 150.928420 -0.010357 0.004156
234257.601311 123.796231 558.765469 0.007813 -0.014628
1133248.557864 703.473003 154.164345 0.003533 -0.005174
1934248.125150 153.426817 536.564975 -0.017562 -0.007936
1152133.833222 225.962970 331.273918 -0.019690 -0.013024
1965200.129880 240.264382 396.961673 -0.013824 0.013361
1034901.121182 346.295560 125.942421 0.010911 0.006863
1623246.405098 709.109717 497.190442 0.009741 0.003206
1926329.093951 248.025664 276.443735 -0.011182 0.015960
1658576.383096 150.561947 54.673528 0.008985 -0.010062
786221.519479 241.095388 318.589729 0.017776 -0.007702
1421758.733421 742.868604 364.881016 -0.004748 -0.017479
888519.625593 711.367079 308.070687 0.005892 0.006129
374128.679919 371.228656 325.406787 -0.019385 -0.011588
247207.860577 783.055716 311.429018 0.003276 -0.012053
838233.393076 329.893326 231.373495 0.000753 -0.014302
1269501.125100 722.827833 262.944976 0.010794 0.018227
1490342.234955 701.506611 467.117413 -0.005845 -0.010059
1720173.599068 638.919710 82.391031 -0.005151 -0.001849
1589947.016719 447.758327 550.821155 -0.006498 0.003121
254199.274003 369.784747 331.607357 0.005917 -0.018218
1506623.924480 52.292848 274.494652 -0.014409 0.003086
1187558.641279 618.969336 289.753271 -0.018796 0.017646
663885.182079 619.854051 490.353582 -0.015549 -0.014783
134186.233456 776.523328 557.356377 -0.011873 -0.006224
763995.101100 799.236945 542.384440 -0.008056 -0.006508
960104.740672 340.594229 478.971213 -0.018584 -0.016978
1689167.128731 629.636814 84.994967 -0.007879 0.017130
1435140.350571 715.891886 422.336699 -0.012035 0.017046
1287450.956780 425.484750 421.066777 0.005892 -0.012452
1664884.491668 423.942682 368.657005 0.010650 0.009309
1916152.068375 115.806531 439.918823 0.014346 -0.002301
142374.806172 274.832813 522.082082 0.014830 -0.004938
1889104.925044 571.539629 97.683201 -0.016725 -0.019289
184043.514628 642.483866 546.745045 0.011780 -0.019918
1678137.485719 350.679394 320.243838 0.001591 0.016086
349432.717240 299.348675 257.116266 0.011499 -0.014630
327130.583267 597.944275 167.753693 0.015864 0.004361
1445781.852792 774.691521 571.666688 0.003711 0.013529
657045.848974 430.372214 332.905806 -0.000288 0.004925
1143416.638087 467.909931 254.871847 -0.000622 -0.004813
853229.746620 259.815839 491.333488 0.018361 0.014543
1436276.935710 106.320351 143.728644 -0.014013 0.017004
747046.145027 249.437844 400.584472 0.006112 -0.011889
555282.349025 299.987827 106.824404 -0.010820 0.018771
31011.744417 446.406260 303.355904 0.002808 -0.017981
259713.421697 113.432693 381.646840 0.002214 0.005068
30230.289339 785.972305 570.792359 0.013288 0.017717
1629124.594680 439.886472 45.063277 -0.017903 0.007950
1993199.337271 341.323590 5.317699 0.006601 -0.016782
437214.899080 754.067453 272.149983 -0.004249 -0.013122
847463.854052 329.341195 438.936945 0.017214 0.019223
1561464.248021 48.356167 73.560908 -0.003320 0.004594
1496915.452879 345.601154 357.940213 0.008043 -0.009434
1076064.875850 410.539119 489.296594 0.004505 0.002589
1028186.607653 487.317111 594.681412 0.000922 -0.009095
141764.248787 594.397939 129.571235 0.000988 -0.014453
778578.041484 758.667211 329.948753 -0.015288 0.015190
1058486.954802 720.301145 564.073213 0.005807 -0.007101
1112790.978101 319.262497 447.966588 -0.013857 -0.016078
24501.685065 554.053089 366.312478 0.013084 -0.007843
353571.678676 272.650942 548.721249 -0.013271 0.014601
375264.103699 191.448239 365.853681 -0.003806 0.010618
1493884.026769 634.841785 429.418188 -0.008215 0.016519
1188817.119779 659.956368 487.963938 0.001401 -0.000906
259519.063057 73.952272 525.254281 0.015154 -0.010162
1949033.547169 712.116036 562.633008 0.003485 0.008713
482529.103981 609.293542 36.300144 -0.013827 0.017270
1850091.109914 273.858588 102.884155 0.001408 0.009859
1871495.037280 225.001828 324.778947 0.006246 0.002838
908785.677938 195.148615 241.360830 -0.009270 0.011230
1755362.652128 318.498441 522.241174 0.010157 -0.009001
232765.271437 581.879487 98.712171 -0.018156 -0.007179
1765166.354256 236.592158 45.857418 0.017678 -0.001988
15434.920795 692.745537 474.706408 -0.012886 -0.004012
1077013.659792 90.482863 409.438732 -0.016796 0.010612
516053.778360 427.478401 5.832039 0.006392 0.012136
1576709.125925 429.963043 119.111058 0.006443 -0.008338
948767.654108 620.972637 12.316035 0.005600 0.013214
667159.362075 417.491597 74.284651 -0.003589 -0.001434
1146380.339352 334.048918 198.476464 -0.005341 0.003864
1462269.868451 722.386318 427.188970 -0.003608 0.019237
949273.004639 536.523751 309.698971 -0.000655 -0.006846
636841.273232 217.412696 521.126501 0.000689 0.017238
316267.470045 792.970658 424.511648 -0.012945 0.005321
1072709.865436 409.244696 92.980248 0.006416 0.016886
1234697.917120 187.654259 203.728479 0.017931 0.003947
1871003.135047 543.456535 300.018280 0.005847 -0.016345
968257.898916 95.464230 457.602138 -0.019772 0.004266
184803.100389 256.314813 526.042779 0.018274 0.013469
1613704.762242 94.164882 496.937212 0.000562 -0.008172
920804.219749 40.468466 484.260415 0.004895 0.008274
1455508.939668 184.224769 565.798995 -0.017308 -0.012833
1084419.887087 1.092591 515.169984 -0.018212 0.005931
1899527.167855 422.577163 461.418146 0.008446 0.001109
745706.753221 643.098310 509.211987 -0.010148 0.010539
1369434.811813 44.302750 529.157178 0.000580 0.002795
353913.564400 780.158220 371.920467 0.019270 0.003543
660308.989072 568.460800 492.154147 -0.009059 0.011117
1997036.600484 653.827024 469.061031 0.014265 0.014410
857968.969670 644.539201 232.649042 -0.012096 0.000744
1832483.595159 457.169747 194.395095 0.011879 0.011264
174050.590104 359.946542 525.672523 0.018772 0.018475
887791.815627 115.692439 561.121328 -0.017426 -0.014862
1048845.100705 314.597455 504.441236 -0.006252 0.006682
1236598.032171 273.634368 289.952907 -0.004024 -0.012102
688449.854352 662.754389 2.284640 0.009245 -0.018933
1047717.716101 519.204411 357.773929 0.013924 -0.003475
831685.772553 746.691143 517.393141 -0.008471 0.016127
1646809.537731 587.989312 29.558364 0.010384 0.011946
354697.854423 226.448825 115.124751 -0.019273 0.005156
1718570.137265 508.361913 581.269474 -0.006292 -0.018652
338487.908402 549.563256 517.404010 -0.012995 -0.003257
1776805.868268 558.736059 40.780349 -0.000623 0.001854
960078.654327 720.332456 286.904743 -0.006892 -0.012566
763596.911339 131.424696 556.208349 -0.002740 0.017030
1446903.674606 486.784916 125.361822 0.018023 0.005359
1673049.761761 619.953070 155.738378 0.012205 -0.015278
591079.477496 780.187050 482.595871 -0.013715 -0.013988
450261.526019 36.832863 509.538656 -0.008237 0.001254
788880.985598 619.121890 258.651633 0.014934 -0.015421
1247242.441982 204.442623 167.453841 0.002031 0.007426
405506.701397 217.986116 175.165884 -0.003529 -0.012340
1835863.754077 197.602145 576.205443 -0.012858 -0.017853
159031.381905 380.180998 18.674366 0.015405 0.005330
362722.217274 87.178681 407.198255 -0.018498 -0.003720
420997.232395 340.228286 105.244467 0.005879 -0.007672
580167.091722 213.308586 333.013445 0.002819 0.012585
479025.265425 617.119771 52.426066 0.001285 -0.012670
552036.800679 359.807964 258.475174 -0.010467 0.005052
969986.005207 253.901988 61.472349 0.000845 -0.011956
1471710.388303 557.468949 187.907140 -0.003392 0.009242
1430984.936390 501.028753 91.024523 0.015642 -0.009257
902052.609670 144.331799 321.272430 -0.019776 0.010000
700700.571156 195.505747 313.450587 -0.002450 0.011056
1408199.004553 571.108897 137.328876 -0.014607 0.018119
1713095.736556 496.475833 161.242589 0.018424 -0.014617
944491.339356 557.222254 498.554461 0.011371 -0.015566
1119457.834922 400.550059 441.379446 0.008483 -0.004377
8319.607940 130.651636 343.352150 0.001566 -0.013273
647061.014849 711.994303 247.327182 0.013814 -0.006810
379545.065751 439.152206 25.973345 -0.003347 0.007310
1990576.603445 218.518970 181.329197 -0.009382 -0.010685
876473.971119 589.521160 557.761788 -0.009188 0.000888
80381.552726 664.669102 13.467666 0.011016 0.001701
828036.629980 625.226433 422.990944 0.019525 -0.007171
1747623.103553 248.290638 124.296413 -0.008532 -0.013737
1072386.123739 381.240595 423.815564 0.003242 0.015733
777386.485961 459.712327 101.017843 0.007630 0.013598
801906.589792 103.680151 345.918649 -0.006816 -0.003934
197987.358178 295.797412 137.673369 -0.015163 -0.014147
1545926.498969 428.225632 556.370237 -0.000409 0.001311
492654.834172 281.813690 500.393421 -0.000623 0.004887
1978982.283724 793.023085 69.308705 0.007741 0.002835
17631.095842 65.972600 86.854415 -0.012954 0.010994
1966499.848276 461.773436 543.789622 0.003800 0.014723
611006.784537 527.349443 167.457769 0.001463 0.011202
850069.038966 246.971047 189.994465 -0.005924 0.011500
1676786.882652 479.180290 83.100932 0.006896 -0.017857
1557780.060711 529.928357 26.099766 0.015762 -0.005712
1227310.625476 722.745623 262.562075 -0.014773 -0.021313
428616.731627 591.866055 393.259584 -0.015228 -0.007965
1127178.874392 340.562494 576.882296 0.013654 0.018402
1480731.590409 212.574345 162.267755 -0.017761 0.004810
115335.758829 714.989719 130.681343 -0.012100 0.002661
541498.807511 780.850284 137.452783 -0.007451 0.014835
1167776.423119 741.764320 464.572969 -0.019055 0.007382
1705487.274428 189.989312 255.711334 0.000303 -0.005708
1455042.508177 58.300884 469.829373 0.007533 0.016570
1485351.840726 341.326651 108.563096 -0.019558 -0.000668
1600046.444498 55.375095 226.595453 -0.019269 -0.009265
1889695.885540 230.045310 146.929697 -0.013080 0.004152
230475.999522 606.050916 319.416205 0.015486 0.011170
434670.210087 593.614118 9.855172 0.005754 -0.009932
748135.628527 296.536425 192.879713 -0.013617 -0.017666
474188.291689 718.590309 292.908715 -0.003335 0.016167
1941577.332067 174.192510 588.421482 -0.006004 -0.010708
499196.726130 235.229816 314.381045 -0.000267 -0.001291
254300.674542 487.816613 134.030092 0.006375 -0.000120
6325.354803 699.806876 144.021001 -0.019182 0.000840
980919.682878 316.189381 534.954340 0.012560 0.001946
1900851.625903 40.243657 269.141661 -0.002610 -0.001275
719689.197242 326.141419 412.498136 -0.006338 0.010297
1844748.197982 472.705131 29.981639 -0.002192 -0.016550
1036199.990211 459.352219 416.197126 0.009631 -0.010778
385683.919483 595.591081 65.398538 -0.002701 0.010634
1256102.471266 738.646854 96.200080 0.000377 0.010557
1419511.694191 375.257043 473.055777 -0.013612 0.016234
511292.832210 415.485086 189.853744 0.017686 0.014411
145034.134456 691.004639 270.051903 -0.015049 -0.007553
1071721.370831 513.022433 530.606946 -0.010818 -0.004679
233847.819378 338.053445 77.546700 -0.011043 0.014186
1786277.592083 681.607852 467.343763 -0.017912 -0.005082
1031918.257955 609.548376 506.319586 -0.007876 0.016817
1499349.890975 446.113663 263.475080 -0.017303 0.000088
597617.807145 110.441489 218.943541 0.010025 -0.009530
1353622.215499 228.418996 541.961659 0.002472 0.000628
573296.933702 542.602318 564.198795 -0.003395 0.016133
1590131.532210 246.444094 453.700804 0.003022 -0.005540
258416.177825 73.201419 73.561541 0.018867 -0.004275
87595.200207 577.066806 571.826405 -0.000688 0.011451
906233.425674 626.005466 554.303328 0.012744 0.001238
370032.188655 395.683699 489.098138 -0.016451 -0.017751
664767.085884 299.458597 441.933641 -0.009128 0.011570
1278253.811075 52.967999 58.767674 -0.004107 0.005618
916040.443311 420.123447 438.710952 0.003213 -0.000173
249204.321880 498.985405 130.050399 -0.016950 -0.015723
8661.484350 424.702169 533.351138 0.017165 -0.006051
841302.204338 89.953755 505.958756 -0.010462 -0.011995
1802783.200425 455.984932 346.388765 0.005476 0.013644
731632.451868 220.833670 544.839802 -0.001389 0.006837
1096714.972098 736.627232 118.099673 -0.008788 -0.000140
1386984.768969 324.132260 76.201498 0.016472 -0.000731
469499.863903 731.949309 7.093415 -0.015000 0.013822
718651.906922 435.270427 574.755776 -0.011849 0.011209
316653.122342 84.448771 211.486647 0.010290 0.008748
385530.231700 79.491863 10.980485 -0.015987 0.002582
1379939.433830 519.659344 291.822491 0.015397 0.017187
1974529.288697 463.479202 199.386327 -0.015549 -0.000430
1626419.535664 279.897905 244.554842 0.012989 -0.001060
503204.831157 146.016253 10.611723 -0.011604 -0.004496
1600260.999799 292.867460 294.274632 -0.013936 -0.015951
467442.890847 275.208104 120.977177 -0.009910 -0.002200
1530910.291491 752.936370 56.755964 -0.010015 0.013190
43405.273949 189.867412 245.041835 -0.005774 -0.005877
1801413.789299 133.426576 421.620982 -0.007709 0.019692
348673.859774 447.388201 105.161939 -0.012276 0.010758
1122384.702378 793.140436 80.623864 -0.017933 -0.014256
474000.488629 229.219234 293.471039 -0.002426 0.001567
1867761.544822 162.486608 288.071521 -0.018841 -0.001855
617712.498930 39.709561 415.238574 0.008770 -0.003831
88793.583256 495.241550 343.071257 0.009909 0.016883
1123119.018564 736.323966 291.332580 0.009348 -0.015514
510837.786138 237.502679 62.552661 -0.004321 -0.005980
498234.962345 502.830496 381.212554 0.009535 -0.017336
350510.791107 537.897610 163.006183 0.006263 0.007946
1451432.125387 771.340306 449.453560 -0.003423 0.007376
303273.376219 370.428343 179.769701 0.008883 -0.011662
454803.713809 227.297311 75.747944 0.008612 -0.019195
480071.545802 775.407584 189.742464 -0.006265 -0.005551
1333575.176696 474.734819 592.801063 -0.007760 -0.006721
110627.538576 382.707768 1.684376 -0.007018 -0.014478
1406769.050940 41.552959 59.172088 -0.001856 -0.001177
1561676.394922 481.988957 559.243603 -0.016770 -0.007005
281255.947557 246.594001 364.552189 -0.009243 -0.019068
1257382.930842 407.654151 596.295432 0.017778 0.014115
706537.016996 489.426193 269.107487 -0.006345 0.016660
1558318.719993 318.261600 237.161581 0.011354 0.008937
1057752.200895 389.481682 466.175936 0.005111 0.017481
491364.625511 326.114952 325.136048 -0.012859 -0.000414
1734950.389590 255.117533 479.359537 -0.000919 0.003491
1643357.573842 84.864181 56.644601 0.012566 -0.017960
1898263.090243 133.892738 397.738033 -0.004153 0.000413
1157183.811607 141.283236 544.841144 0.018948 0.018328
1260090.642264 401.420947 266.357238 -0.003785 -0.014831
767107.214205 521.838821 323.464603 0.016966 0.013171
55740.578126 635.002863 88.668001 0.013000 -0.009343
1471867.368311 519.193953 224.851212 0.012731 -0.001708
851158.514084 623.945519 377.468033 -0.016454 -0.012927
279214.015361 532.737998 211.877137 -0.018209 0.005641
622537.959657 541.481916 84.486124 0.010270 -0.016706
543551.074594 112.591154 438.985060 0.012990 -0.017298
1125283.938425 670.555005 515.358747 0.008409 0.006506
255944.995329 357.696103 187.002446 0.000111 -0.008824
1549879.616848 742.563520 34.970939 -0.003812 -0.019284
474171.187949 435.946825 410.528644 0.003554 0.003662
648167.413030 720.752947 160.579445 -0.001358 0.006315
697835.028496 589.608027 478.529656 -0.016731 0.001911
1725670.433475 516.119677 231.044606 0.008574 -0.005201
99429.388577 679.093826 481.455231 -0.005528 -0.005964
163663.104253 109.206698 168.323230 -0.006214 0.000409
594763.153510 303.966115 53.041468 0.019286 0.018832
1355525.087265 245.181273 522.268931 0.017964 0.010968
1053977.892294 234.694427 305.562561 -0.007009 -0.004918
115031.983757 149.660697 13.033784 -0.002339 0.016301
752375.869431 393.573657 455.288500 -0.012739 0.014188
219437.964363 208.528795 594.949288 -0.004391 -0.003962
1068114.026016 550.317610 469.175620 0.004823 0.006944
1499866.051366 239.183191 584.065199 0.004710 -0.010302
1491842.997955 116.706500 322.364139 -0.009694 -0.001108
1826279.228472 251.337469 395.349242 0.017282 0.010256
1133058.067007 247.429890 149.316805 -0.007047 -0.000431
207507.431604 346.330702 450.482599 -0.016175 0.012953
304737.184339 504.620812 306.544719 0.017354 -0.010033
361247.467977 546.284978 329.210762 -0.013814 -0.007894
1585793.637478 720.329571 269.126098 -0.006744 -0.013879
1841064.114050 194.877788 281.090360 0.003204 -0.012807
451362.950938 116.062722 291.930810 -0.000990 -0.001230
1950936.490647 463.067718 542.318794 0.007534 0.008509
1454702.783122 701.554700 182.832873 -0.010465 0.012513
1108684.254395 334.983031 297.178277 -0.015859 0.002983
1596490.624173 716.675932 284.744480 -0.013091 -0.009592
1263706.185512 133.978139 282.623798 -0.015921 0.009880
1294332.516982 260.936915 535.909508 -0.014677 0.012035
723046.520130 86.968612 228.642507 -0.009384 0.013348
107937.715067 793.401611 426.720739 -0.005771 -0.010892
1046872.077066 728.663700 389.573502 -0.019417 -0.019584
450965.188654 653.780741 546.497116 0.008004 -0.017433
278162.196408 266.427354 139.730757 0.004373 -0.002623
1960316.196066 205.913870 456.518372 0.014896 -0.004399
1125740.257616 187.972017 299.747445 0.017726 -0.000075
668170.334151 796.564734 294.154835 -0.018203 -0.005848
1443825.863043 455.434900 160.075880 -0.005094 0.003563
564375.188464 478.020314 242.504615 -0.012222 -0.008027
938961.728913 267.211452 380.038943 0.008058 0.017681
132214.712972 546.839827 119.697119 0.013414 0.002240
1179224.623916 311.353406 473.058705 -0.016509 -0.006647
575213.267736 339.166263 197.862524 0.010959 -0.001183
1368718.602401 401.086469 24.165675 0.018036 0.014961
1254302.726711 185.526185 282.649080 -0.018620 -0.002903
1541011.519516 400.977896 456.024252 -0.003929 -0.011883
1407684.757098 375.644154 531.667672 0.016166 -0.008188
883750.411162 393.693778 411.819436 -0.010510 0.003306
38293.802197 414.469886 2.751644 -0.006034 -0.008070
949396.727117 26.728997 479.182104 0.000626 0.019469
1340193.529306 112.024152 129.733493 -0.014271 -0.013044
1289556.392138 729.350527 404.245661 -0.003844 -0.007439
1756783.113702 88.219252 468.805980 0.010422 -0.019797
157687.638028 166.158099 303.210629 0.010657 -0.002499
175039.783202 626.473046 573.094221 -0.016255 -0.014656
506304.289450 453.092740 99.067989 -0.017933 -0.016698
301433.914481 575.978961 133.987185 -0.005399 0.014574
790027.673724 9.384879 464.023081 -0.017176 -0.003249
176035.711624 758.929329 317.337634 0.014783 0.008527
1081972.172988 758.954701 552.408232 -0.018302 0.008730
715741.816310 106.885286 298.766976 -0.007394 -0.010926
1263880.632475 454.486291 476.806007 0.011928 0.004694
1751026.801649 758.517918 202.371390 -0.016200 -0.007298
399196.095951 395.055245 198.073416 0.019140 0.002328
1496994.359185 48.566185 306.709608 -0.008888 0.017278
445396.929255 653.446537 529.928985 -0.014305 0.014534
1193553.106484 399.643955 599.585755 -0.016104 0.012523
450224.472419 581.100676 229.338059 -0.019256 0.001035
1999453.321099 715.689429 286.016515 -0.003858 0.018763
1584501.028799 429.025271 291.147287 -0.015105 0.000395
94458.571679 696.650239 342.326167 0.002261 -0.014110
1007827.074736 623.536206 579.859122 -0.004564 0.016840
1658558.308919 786.814979 252.921326 0.013084 -0.016924
475365.567242 42.359962 482.697969 0.004227 -0.016854
663714.367274 496.243431 581.091963 0.012207 0.018143
1919117.403179 479.266238 297.054636 -0.002157 0.008816
9624.167350 393.750160 354.356515 0.003062 -0.018036
1478876.057770 64.724007 497.153549 0.007641 -0.001369
1502145.321808 426.379623 269.175949 -0.013015 -0.005532
1054818.871922 329.009439 247.489415 -0.006669 -0.018736
972186.690649 532.028277 390.576909 -0.001904 -0.001131
1216433.286302 329.344106 43.500588 -0.015856 0.014313
1585452.240699 85.692830 210.006449 -0.004647 0.007058
796849.675848 98.843655 459.237700 -0.011163 0.013049
461377.134761 782.909404 216.816470 0.007126 -0.013900
1447663.852688 165.032352 338.392472 -0.014467 0.001604
1190708.408687 498.652930 122.540154 -0.010118 -0.017118
1355477.244293 684.188379 294.704461 0.010009 0.018246
694211.989964 433.824894 39.602865 0.007924 0.017122
1497031.391364 75.988632 30.145053 0.000516 -0.007090
1759090.904966 594.319290 180.016529 -0.010333 -0.003083
904928.793621 771.750281 377.508629 -0.019379 -0.015859
341892.055395 489.097219 437.295345 -0.004958 0.014369
1609370.418642 43.043860 428.217777 -0.008159 0.012129
1339833.364515 513.640260 206.790906 0.009442 -0.006372
543533.833951 386.085786 260.744363 -0.007103 0.019764
1510075.678821 160.836122 443.540287 -0.017781 -0.002229
325429.097901 406.798592 246.076745 0.011708 0.000975
1027532.088117 770.800448 81.154362 -0.010413 -0.006328
1987715.010526 37.290169 236.694075 0.008298 -0.006359
396776.620483 301.269817 588.405220 0.001758 -0.015617
639902.701899 652.761710 355.718921 0.010165 -0.014511
1179865.857204 406.021864 204.156563 -0.006882 0.002542
1568458.621189 393.051907 42.206256 -0.012223 -0.008571
1190290.628555 566.887589 150.514131 0.009231 0.017977
1180185.991889 580.772542 597.205869 0.019379 -0.002823
672088.553511 146.432734 485.137479 -0.007433 0.009055
1837656.663655 510.380029 325.218209 0.000515 -0.004378
1360614.323691 81.307090 539.145450 -0.019220 -0.002769
924125.776125 643.736625 555.509585 0.001302 0.019919
418950.309241 102.516337 424.847351 -0.001833 0.014209
1312754.557148 39.462929 349.456499 0.006046 -0.018705
30587.249450 791.025456 130.151377 0.012876 -0.007747
1889215.610870 593.528821 565.875246 -0.000555 -0.009848
669560.509114 133.319960 213.966368 -0.010651 -0.012483
1579576.984783 556.934498 594.818490 0.008605 -0.010943
1982244.182370 739.176445 213.970666 0.007925 -0.004711
432350.935616 284.116564 257.816383 0.011965 -0.019781
930735.730068 652.694634 596.881512 0.007300 0.005504
600671.720971 501.523143 227.532603 -0.010145 -0.015436
1270601.892504 464.200248 169.708007 0.019696 0.012530
938976.299455 626.100053 304.952702 -0.001556 -0.000156
1474031.937064 361.495186 251.445881 -0.016260 -0.013939
1605130.416157 247.632742 302.423215 -0.010675 -0.015572
1023340.410098 559.404489 555.213458 0.000256 -0.004741
1128556.229700 645.955720 4.933405 0.017717 -0.017929
248420.950141 463.853201 377.931605 -0.004150 0.002512
884577.235619 701.300750 213.103711 0.017990 -0.006651
1704879.713107 549.611379 474.626127 -0.009085 0.011141
1882055.445519 60.069837 54.696716 -0.002199 -0.007586
404206.608610 765.677128 4.930206 -0.014907 -0.001411
780987.060993 553.500456 162.502450 -0.004096 0.005532
642018.800900 420.396739 131.007689 0.018040 0.017208
1579863.075903 313.674351 483.262409 -0.014253 -0.006317
286431.929230 799.314156 18.205922 0.017334 -0.009094
1625355.291937 700.290820 207.224873 0.016184 -0.007091
1310099.705732 85.572702 166.712844 0.006610 -0.010564
1485499.756171 42.148559 555.829154 -0.019432 -0.001826
1126826.147142 267.866980 586.647063 0.011206 -0.008659
1817754.082297 456.649411 407.094641 0.008594 0.008664
42605.713030 685.570422 428.970736 -0.017401 0.011453
1969490.396776 691.724346 399.985246 -0.006745 0.010789
1972945.507603 788.140586 525.947771 -0.009432 0.005961
221002.463354 5.447807 420.868918 -0.018473 -0.019153
314139.836614 479.642682 212.902690 -0.014574 -0.004780
1280098.799281 35.161867 571.157461 -0.007233 0.010297
1334025.561499 271.075752 370.149110 -0.004795 -0.004311
817314.073824 291.780727 154.344261 -0.016972 0.007881
52254.755074 49.502018 408.992825 0.016123 -0.006911
662711.798522 9.265647 199.533935 -0.018594 -0.017989
710212.109941 153.562243 389.780974 0.008414 -0.006920
61999.699130 281.251880 223.143353 0.019327 0.006780
261157.692532 519.763941 3.493358 0.009906 -0.018745
797766.605764 125.508301 237.004094 0.006235 -0.010782
184709.901076 545.825320 175.251042 0.010999 0.003284
1235796.007903 85.631920 357.225023 0.018130 -0.014408
1292608.929469 245.225503 198.095860 -0.008130 -0.019340
1317389.029692 261.083262 220.275400 -0.018775 -0.007596
71927.786838 127.607491 576.011320 -0.018264 0.016271
1977614.946653 353.533667 38.200669 -0.004684 -0.016029
591803.305127 381.811414 467.088328 0.003540 -0.009940
726241.200569 165.392140 213.862805 0.018404 -0.013690
995710.504705 485.424658 279.529354 0.013132 0.016104
963862.695249 391.314824 138.025939 0.013999 0.000717
1079147.418532 708.513226 408.220292 0.000062 0.017231
1174876.041326 389.953995 223.425305 0.006102 0.014862
937689.950195 758.160603 209.355238 -0.010107 0.001354
1200871.358253 489.902434 445.127513 0.018291 0.002818
1798372.363578 364.410072 105.722668 -0.005468 -0.008546
158766.744732 676.177364 464.620087 -0.007514 0.007889
584123.108808 680.074798 348.303844 0.018804 -0.006104
1019930.488905 447.516744 499.996459 0.015235 -0.011571
1412068.961846 279.104953 95.712836 -0.017832 0.003994
1390465.348675 524.101251 125.842636 -0.002537 0.004573
1560588.704217 269.749677 41.864723 0.018295 0.008045
709118.110458 28.537938 326.997804 -0.014808 -0.006342
481739.437432 336.905865 116.721566 0.012801 -0.004328
1084185.081108 265.229539 569.337436 -0.004955 -0.011512
321427.933090 65.555972 337.058126 -0.007627 -0.014292
322096.383349 11.863472 475.421292 -0.005125 -0.001935
811598.476400 120.518192 472.087419 -0.000988 -0.015695
975828.599639 662.668468 87.590407 -0.018663 0.018343
980873.326296 219.795922 226.075068 0.007430 -0.016137
1538962.265262 182.367038 257.007113 0.008861 0.004174
1281944.833362 703.446271 411.119295 -0.011721 -0.012086
1646853.441208 292.195367 129.513413 0.004648 0.009432
1334224.681991 17.315078 531.642963 -0.001744 -0.000145
1987979.200663 753.787843 196.625816 -0.014444 0.019166
567825.405192 503.452705 150.136696 0.006641 -0.007344
693992.653253 345.746149 324.310223 0.011206 -0.014028
290886.182473 333.428923 18.745042 0.013265 0.004844
461579.700216 523.935008 590.457318 -0.002185 -0.009220
1440439.939238 90.600087 175.787447 0.004290 0.002717
1578856.275221 479.480954 307.254266 -0.015373 0.009476
975708.803616 320.059977 219.752528 0.009551 -0.017498
1363849.989774 68.004039 296.516740 -0.011051 0.014438
1287670.666020 295.564691 165.407682 0.006994 -0.011985
1793086.186886 725.125947 513.131941 0.015254 -0.005937
253419.465503 481.134852 278.031966 -0.003011 -0.011629
65064.939701 167.201726 484.578660 0.001755 -0.007021
1093948.624606 26.174405 434.907220 0.016645 0.010810
1570950.974510 476.830530 514.270113 -0.008966 0.012903
1433502.711092 738.826224 113.710050 0.019639 0.003969
779698.448619 711.461335 302.023842 -0.010247 0.010925
1707668.152502 297.454091 224.342411 -0.007307 0.011720
1161722.038482 280.347985 1.149176 -0.004381 0.015823
650195.260835 747.950192 556.438153 -0.017956 0.014023
1393276.303724 667.732146 267.610982 0.002118 -0.015476
534900.189626 215.481392 20.749360 -0.001721 -0.009443
1264731.390059 676.480891 90.892253 -0.014611 -0.016289
1848317.172308 790.548598 278.209286 -0.008163 -0.007745
512088.236637 701.897769 394.082024 -0.009760 -0.009255
1104225.446984 465.371528 122.101029 -0.000853 0.005252
107543.810321 140.002849 279.665371 -0.000015 0.009161
1156781.673039 615.025317 597.760057 0.004528 -0.011049
520065.349769 196.719134 42.754589 -0.003455 -0.004742
327390.441823 269.857141 222.050460 0.005080 0.005381
1353004.063178 706.921118 306.546565 -0.006491 -0.014420
1558240.596931 709.885868 433.226648 0.019296 -0.005483
706633.334377 29.398299 323.803743 0.012782 0.001689
534505.464385 317.194236 182.356565 -0.009454 -0.019528
1061346.780072 419.764663 155.016566 0.004202 0.017630
1275778.349152 611.846102 164.378436 -0.019715 -0.004279
1816858.008419 547.073800 165.900926 -0.003171 -0.019296
837596.447597 159.003726 541.940176 -0.014424 -0.012821
537634.699856 396.287133 130.312250 0.012319 -0.007436
1509630.032587 59.451346 425.594971 -0.011639 -0.032321
1442342.147903 473.747686 518.087637 0.019199 -0.012382
1603574.954720 491.960627 575.849453 -0.016928 0.004959
706735.606634 787.878775 184.350095 0.005201 -0.003778
651319.147391 39.665245 362.201688 -0.010769 -0.012390
1573016.600485 398.028426 411.303696 -0.019958 -0.007656
1998835.487291 607.705528 230.262474 0.008373 0.012763
1445522.677826 344.925390 246.102928 0.003475 -0.003646
1207599.107738 311.350971 14.951968 0.002537 -0.001311
1297106.122271 734.100174 269.890372 0.018116 0.001903
1709409.523620 225.338321 358.941146 -0.001613 0.000448
1579454.636005 196.666528 5.788245 -0.000953 -0.009958
635151.660366 380.615837 4.972354 0.008028 -0.012566
1657542.871152 337.942240 368.636950 -0.010400 -0.019608
50074.195513 673.550598 239.424082 -0.017989 -0.003728
1728956.987955 558.531437 193.918111 -0.007469 0.006069
1741304.677791 135.014093 562.152164 -0.001269 0.005044
896425.988943 206.781527 524.930390 -0.001632 0.009338
248631.410417 620.281372 125.784256 -0.014696 -0.000945
789536.960791 768.961641 539.187438 -0.019611 -0.011930
1819863.026878 28.266950 25.998231 -0.007614 -0.016540
901731.744829 139.540542 470.669803 0.010951 -0.000463
878442.611954 515.128102 393.285156 -0.004976 -0.015506
569936.175165 658.483024 222.559785 -0.013656 -0.008683
212161.644461 226.362423 35.157854 -0.007360 -0.003233
1070836.321949 568.325191 228.094784 -0.002631 0.008850
1162154.364009 276.222326 454.580028 0.005046 0.006161
1685995.778854 61.562519 497.487606 0.005625 0.014003
631794.399876 54.292638 296.528977 0.018932 -0.002273
