120102.793966 630.489001 121.689784 -0.006087 -0.005542
269277.329682 300.276358 156.007144 -0.018261 0.015160
1260731.205931 302.073523 191.755740 0.013081 -0.002970
973263.179405 632.789000 573.000419 0.008517 -0.005930
1683880.506867 289.444139 229.456482 -0.016836 -0.013039
1760997.696668 175.249325 580.697160 0.011716 -0.019832
354965.669268 682.034806 474.766082 -0.004786 -0.012008
306862.422408 412.056661 346.407447 -0.003484 0.002363
913598.742761 34.797507 562.395777 0.011117 0.014843
723511.401901 210.327937 397.523479 -0.007312 0.019065
27418.055584 127.060222 203.291457 -0.004128 -0.010474
1026719.971107 221.763317 273.199066 -0.000716 -0.017201
919235.655535 527.388061 553.051987 -0.009943 -0.018407
247720.705461 324.116419 333.535778 0.008055 0.012687
229642.751734 125.828092 516.917880 -0.017953 0.017243
1463437.116455 330.466181 118.802173 -0.004257 0.009188
349002.480669 325.699551 533.858113 0.000952 0.011709
253345.397419 21.816265 48.644437 0.003302 0.000366
301882.374241 33.458535 101.068901 -0.017043 -0.008247
417897.793659 158.202182 419.664436 0.010567 0.015939
1032678.423930 703.134205 34.303117 -0.004920 0.017241
1981626.739717 86.698821 206.277293 -0.012526 0.000323
148080.320166 290.825643 545.984487 0.018532 0.015051
1426235.401736 72.267985 542.501385 0.011788 0.006905
826207.458426 756.182177 428.549586 0.003258 -0.019251
17939.873048 632.927249 129.684504 0.008282 0.002227
229060.592236 178.861817 260.644542 -0.013058 0.003949
729567.630556 129.613647 425.779340 0.008396 -0.006041
424191.899795 625.674717 428.085466 -0.015136 0.009776
1179453.697605 667.594394 501.622537 -0.000307 0.005139
1017047.714916 725.046371 344.263820 -0.011060 -0.000459
1184883.571782 186.431840 168.174388 0.012319 0.017650
1669257.284919 738.156620 98.149861 -0.009283 -0.016581
1530870.404807 506.882974 153.224222 -0.001039 -0.006350
1211583.405366 549.751822 75.228533 -0.007252 0.012377
1741377.547263 727.064310 385.888933 0.008280 -0.003837
544004.606336 172.390864 185.222045 0.013853 -0.002453
1594854.852927 350.128354 402.493959 -0.016923 -0.010141
1223177.906695 729.536121 101.487448 0.010979 -0.012987
527324.168257 433.103691 487.894395 0.000768 -0.019345
312490.830343 99.845642 422.414256 -0.009334 -0.002535
1025907.483430 121.026795 211.882428 -0.013738 0.014343
1509229.653286 342.144613 43.707144 -0.017736 -0.009256
1023852.793045 688.339881 427.866798 -0.012673 0.017502
1918069.081343 635.434746 509.667541 -0.014828 0.002811
59433.087734 314.317786 67.692284 0.013726 0.016466
257531.464220 800.362483 21.881333 0.013289 -0.008779
961609.428265 277.045227 259.691323 0.013358 0.000069
582120.371322 470.175501 558.410938 -0.005430 0.006018
408974.288222 701.454420 306.833629 0.016762 -0.017648
899929.745542 700.449996 512.013749 -0.008030 -0.019833
849952.291162 263.239906 237.861446 0.001499 -0.013091
617567.269419 532.481928 103.650043 -0.006174 -0.000031
907629.657959 661.587392 506.910848 0.015484 0.006347
693382.430213 141.908982 148.636207 -0.008910 0.001678
1797970.130014 385.174171 250.844388 -0.003534 -0.004078
955435.349120 688.729959 164.165543 -0.006715 -0.013575
557659.864685 605.753520 293.428872 0.007022 -0.008247
1324351.926951 788.081219 575.701910 0.013365 -0.006809
917046.023028 230.779229 93.697738 -0.007872 -0.012935
1632997.046985 519.344235 212.304562 -0.017472 0.017107
1790149.784549 770.304084 244.942976 -0.007426 -0.004981
1613713.184192 632.383630 140.860095 -0.016782 -0.015069
791753.703166 288.351614 527.480751 0.015412 -0.018583
347958.385175 437.580845 12.124212 -0.014653 -0.004648
701432.257286 473.860126 403.119887 0.000313 0.015825
1693039.169392 258.845578 326.982934 -0.012027 -0.004479
944105.254926 76.142791 210.649786 0.015299 -0.003684
1451122.988691 550.403406 119.719633 0.018427 0.010759
644142.737912 285.187699 76.742087 -0.011901 -0.010303
328294.663843 300.484108 473.811232 -0.012310 0.000413
344141.964030 428.601178 60.782695 0.013715 -0.018293
1995072.262359 551.836265 220.456656 0.001697 0.015578
1509670.835691 11.381334 590.818137 -0.015737 0.015795
783939.521193 665.416353 349.914551 0.003570 0.011724
702233.533702 730.445464 89.313043 -0.000817 -0.015270
783487.379916 514.561813 295.057580 -0.012712 0.013089
1976.599918 282.352207 217.761373 -0.015861 -0.012100
812477.567611 80.827127 532.019072 0.010926 0.005776
1551513.418346 422.518151 395.028230 0.010381 0.005362
1106838.468046 120.966435 279.581153 -0.014531 0.009719
516376.429478 389.653124 393.991560 -0.003795 0.018697
1541877.001311 639.327899 366.716885 -0.009512 0.019231
877046.727052 210.804379 200.480140 0.012091 -0.005350
1062152.807164 166.509267 280.653611 -0.003292 0.019290
220503.739184 154.909179 305.894689 0.010760 0.018112
285758.867062 257.563933 62.776281 0.004297 -0.001899
1694852.848395 693.279998 566.799027 0.000205 -0.009156
1823523.613542 219.358439 44.331594 0.000908 0.001466
109429.840049 768.362576 479.905810 -0.004452 0.010493
331166.874772 736.279392 582.340773 0.005304 -0.006527
1904142.131984 594.128947 318.582688 -0.001574 0.000439
967910.745632 483.257153 499.432367 0.003529 -0.011505
581591.096978 348.583123 47.849633 -0.010624 0.017521
706572.319710 118.028426 128.278195 -0.002975 0.006839
1499518.371885 385.510258 378.598705 0.001968 0.014853
785875.055374 571.617470 474.481732 -0.005460 -0.006112
257524.722376 252.873243 54.234626 0.006436 0.011154
1201976.699383 114.863076 228.790411 -0.002628 0.009283
1186503.038363 579.943177 101.556658 0.006847 0.018404
215485.423904 20.196049 64.871087 -0.007130 -0.001903
1555844.913030 56.690632 560.780174 -0.003688 0.004795
1610655.802121 641.051022 200.527007 0.003844 -0.013396
1363983.919548 580.433926 288.388400 0.010877 -0.004604
515601.680854 298.444004 317.466902 0.005553 0.012257
521772.659627 185.480602 319.316536 -0.002819 0.016138
984056.433190 429.746003 558.167523 0.003647 0.013856
764465.851134 302.324362 557.875057 -0.007326 0.011444
1098768.237559 97.991708 352.789219 0.014803 0.008809
1505133.839094 452.666061 265.956587 -0.010716 -0.006501
1656881.889169 392.824241 426.159854 -0.005667 -0.014814
1035409.796534 493.812564 216.625978 -0.018016 -0.018107
532033.862794 432.621590 350.154126 -0.012176 -0.014338
885049.308131 462.170806 312.179400 -0.005114 0.015772
611963.250959 737.373035 10.241024 0.015716 0.012220
1469794.933437 516.557705 223.368310 -0.012584 0.015489
1419313.830053 5.429319 222.319269 -0.003154 -0.005439
1001399.715897 751.037339 589.593736 0.014489 0.019463
57920.523946 102.991158 317.003369 0.004550 -0.007025
1340168.589419 44.243502 541.197385 -0.012392 -0.002903
1593328.125585 396.859801 209.100456 0.012538 -0.004441
308175.125303 438.486314 21.453687 0.000960 0.009103
1829796.170737 188.027436 440.223700 -0.008570 0.006237
194622.977727 628.642607 356.698299 -0.016828 0.005965
1163384.351490 86.009835 466.762152 -0.015420 0.009091
203536.384834 623.806411 466.696615 -0.019844 0.018801
408990.508136 640.508419 279.573741 0.002308 0.004611
1709918.606891 566.255678 96.795228 0.015700 -0.010640
1776676.395804 644.292492 280.522252 0.004815 -0.016382
248411.979642 575.496278 526.679030 0.008744 0.011925
1052401.075630 239.885086 543.619702 -0.007840 -0.003551
1254879.329007 324.294451 114.447650 -0.003766 -0.003588
322021.593490 487.245470 125.591232 0.003394 -0.014464
1647379.426121 385.904420 521.494551 0.019420 -0.005115
204691.412954 699.147534 106.327517 0.002804 -0.000172
536197.156895 555.479648 128.707889 -0.014194 -0.003471
25648.950611 537.700528 428.552263 0.016695 0.018967
247729.502734 436.965190 228.961380 -0.007403 0.018033
1580350.309415 380.082604 335.432880 -0.020003 -0.015900
1443766.372951 659.154443 350.895152 0.003670 0.012383
1912564.341869 554.495120 409.636573 -0.014668 -0.009430
357511.299829 321.163128 575.499467 -0.004368 0.001854
744693.135258 324.548762 130.915195 -0.016556 -0.007009
387589.365424 167.762348 523.064370 0.002986 0.000960
1645202.005117 291.672771 -0.050144 -0.004711 -0.005377
205411.871060 83.614334 113.432617 0.007498 0.007836
1996032.971887 514.801053 233.788600 0.007458 0.010594
1306804.762830 688.065910 106.743147 0.004501 -0.009860
1450619.077985 788.348179 395.295028 0.017729 -0.017180
1969754.747101 110.471917 168.334718 0.013728 0.008612
1609086.544071 543.699404 45.687117 0.012191 -0.017522
883645.576836 726.075221 99.611754 0.005519 0.003685
1722771.757153 502.557622 142.370165 -0.009973 -0.007575
28763.775727 722.822227 101.800061 -0.012080 0.000548
845989.907554 733.980097 301.148577 -0.016729 0.014435
1143645.596292 54.367652 600.150788 0.014086 0.016939
1423342.375748 525.541309 361.934232 0.011506 -0.001565
1329764.171191 184.710685 221.583768 0.013241 0.014444
1926056.274178 553.367165 294.180597 -0.011992 0.017717
1598411.507718 172.543421 507.860747 0.018766 -0.003695
726058.746095 313.869742 195.464344 0.014559 -0.001022
375371.614646 348.544399 324.919820 -0.012593 -0.008571
932014.105344 718.600120 566.980166 -0.017174 0.007234
811741.037672 587.646763 550.803857 0.010982 0.002622
1557690.799962 589.785371 154.698452 -0.009264 0.017515
399385.155365 53.541720 91.440179 -0.018139 -0.018552
1122038.441301 327.882152 256.691265 0.015482 -0.009093
1805346.826001 59.608532 425.600567 0.001930 -0.006507
1995636.369100 728.964138 96.843030 0.017698 0.019345
1695958.700821 278.947160 428.040074 0.010643 -0.015089
558004.577904 435.809483 516.574799 0.001453 0.012510
1597187.265566 589.076240 528.667497 0.018081 0.011278
1833981.536251 410.116748 114.699524 -0.006184 -0.003998
929917.220459 197.959663 284.742314 -0.013137 0.007611
1471826.909795 138.429903 361.434263 0.015866 -0.015403
1165988.196230 595.314772 277.971752 -0.008160 0.000417
1172216.120722 460.807464 32.577185 -0.002177 -0.015491
1736107.381869 196.343736 508.376955 0.009949 -0.012155
1259741.624473 532.865754 425.336871 0.012849 -0.019573
218963.730251 229.033547 155.214056 0.003358 -0.001594
1902503.935575 255.753383 379.701059 0.002179 -0.011344
1496596.111682 109.554707 576.216325 -0.011550 -0.002647
941537.357374 638.167327 6.021600 0.001057 -0.010205
245239.558744 315.572166 293.165899 0.018817 -0.014293
1372376.816986 480.156546 484.786236 -0.004170 -0.003136
1637971.852737 403.902039 424.192632 -0.016978 -0.016378
337179.376901 23.530143 245.357289 0.012117 0.003344
1249672.392965 440.284291 432.693853 0.003390 0.010454
310196.676436 44.503243 335.776554 -0.013366 0.003289
1607296.809371 230.349582 585.142662 -0.008251 -0.009688
236307.595035 783.743071 515.278238 0.017042 -0.004975
561161.337682 596.740056 528.668336 0.019476 0.012916
1939371.158341 125.391031 511.705483 -0.004857 0.018360
870700.636353 2.263662 305.547897 -0.013735 0.003548
541779.813609 249.264386 386.795421 0.013246 -0.000900
453110.709066 506.887973 459.434516 -0.011922 0.017069
47266.968548 256.727258 543.336365 0.015298 -0.010170
562186.379247 130.221027 594.771126 -0.013531 -0.013965
1629854.769274 105.226290 185.085172 0.006683 0.000386
534606.907766 82.129848 307.575772 0.011061 -0.009665
203362.833803 38.091512 342.080168 0.009832 0.015178
92345.910190 778.689463 306.643272 0.012429 -0.012993
877177.283576 667.633471 297.571734 -0.006209 0.008686
1484435.888699 500.819088 528.703259 0.009363 0.011486
64404.659935 439.078768 550.866296 -0.006337 -0.011413
856791.879449 486.852601 190.844753 0.017645 -0.004620
1153201.109335 34.127612 259.295209 -0.014205 0.011635
618554.387530 154.125056 456.935279 0.012843 -0.019877
1875266.974734 207.550087 502.969220 -0.002692 0.004174
1111007.126566 140.257475 138.354307 -0.002548 0.016407
34336.430968 375.169009 275.369196 0.017446 0.005138
1349224.196444 291.892204 249.974831 0.019702 -0.007779
1602661.077679 455.306758 209.513687 -0.010660 0.008579
276647.354605 434.230820 544.506566 0.016238 -0.005519
1822198.850020 671.007968 373.375462 0.009951 -0.009125
453696.245539 243.709297 268.475529 -0.001708 0.009675
713133.517985 379.432858 125.423509 0.012604 -0.003606
36437.158490 391.759153 464.292181 -0.002799 -0.000623
159010.190591 189.144037 31.278225 -0.002854 -0.001206
1535456.720523 453.493064 7.001057 0.007011 -0.001268
749811.288319 469.813867 183.321245 0.019869 -0.006542
1154889.427663 179.050241 384.482989 -0.019006 0.007225
762647.938338 304.924018 92.677545 0.003624 -0.012142
1129345.827331 486.819848 411.102129 -0.006505 -0.018291
337378.635228 334.117854 168.660746 -0.011169 0.013861
1499918.929068 791.167373 247.954987 0.010393 0.006613
1760744.261444 108.930970 150.008998 -0.012552 -0.014657
1172923.453698 610.621929 215.515097 -0.010944 0.011538
79642.974809 486.275996 101.159167 -0.012203 -0.012038
730713.756164 607.117821 484.081971 -0.017945 -0.016078
1702955.846536 175.636394 309.572071 -0.014700 -0.002378
724785.897287 705.827532 257.872402 0.011038 0.005759
187236.443249 524.408887 468.485245 -0.006229 0.013672
1828784.213322 744.358423 362.978121 -0.009280 -0.013398
787390.226865 250.372901 459.583881 0.002490 0.000261
1929498.061505 742.853639 160.860342 0.010714 0.019209
730520.102536 499.425566 120.044782 0.015226 0.010463
1281053.293162 194.501915 382.045876 -0.017201 -0.019247
562426.321470 130.457854 404.881910 -0.017517 0.000284
1033437.869061 780.220924 262.964089 -0.015116 -0.010075
1192859.900739 412.644988 336.579349 -0.005501 -0.016837
138898.690296 261.533188 3.783424 -0.006518 -0.016001
1973181.982512 561.206431 434.001683 -0.012561 0.003323
957790.512106 660.958877 496.616563 -0.015329 0.015870
1692076.045876 318.204341 36.222293 0.000831 -0.001628
1136829.509929 29.500649 260.579462 -0.019590 -0.013624
1367539.427880 482.582807 406.012718 -0.010182 0.018661
1509350.044424 252.245909 176.029160 0.010423 0.006098
785056.476847 598.220622 212.612947 -0.015368 0.017390
1873643.585422 475.974628 456.960836 0.010548 0.008436
1315983.134935 488.104719 64.906719 0.008781 -0.014736
1135951.929323 228.938293 100.698442 -0.019864 -0.008253
656102.584980 548.789701 539.015644 -0.019843 0.017282
1727078.126616 606.477386 148.292459 -0.013749 0.000829
1797488.349396 439.067776 161.325249 -0.009891 0.006602
406141.346510 151.810931 156.190942 0.018574 0.018121
1941231.998588 497.364534 337.479459 -0.016817 -0.006381
1386830.762674 518.347757 376.704206 0.014461 0.006004
1843128.023596 152.086783 201.865569 0.012779 -0.012244
538331.757550 546.158685 571.647530 0.000655 0.013547
944807.663069 332.281600 233.277155 0.009434 0.006600
106756.882792 755.034793 514.324903 -0.007530 0.016343
1618777.323337 226.651232 318.223070 -0.005097 -0.005318
1742666.514471 52.446807 6.703488 -0.000038 0.017105
1321460.731012 336.914715 69.828215 0.019896 -0.010399
620834.287545 213.257968 553.675312 -0.009480 0.011306
1523195.320518 587.577635 118.897370 -0.014010 -0.000948
1731081.362688 163.017925 252.005063 0.008903 0.000659
656632.629529 425.507227 480.338203 0.014355 0.016129
325566.043298 583.856601 581.163174 -0.013077 -0.010850
1792559.657149 666.594605 390.140561 -0.019486 0.013236
1778465.217808 259.180082 59.215680 0.012404 0.003507
1763427.173609 458.018876 192.878487 -0.017458 0.009505
1593951.392730 756.059067 556.182340 -0.011312 0.006640
886016.743670 435.934712 119.211361 -0.010358 -0.003819
204796.643092 324.028570 80.767188 -0.017156 0.003037
727276.621725 773.688199 248.147984 -0.019589 0.019151
488690.041233 721.830435 182.910503 -0.006272 0.008563
1781116.410057 179.360286 172.058334 -0.011492 -0.007823
20635.784613 7.341937 149.683961 0.017494 -0.010972
1834876.302553 303.575853 462.617797 -0.015337 0.004937
350019.654422 174.748937 16.842351 -0.007615 -0.008384
1214501.650638 537.971251 154.985758 -0.019202 0.007483
477760.385944 211.489604 353.451708 0.001756 0.004280
605806.972182 347.218004 499.223888 0.003597 0.005802
272576.070518 480.148561 392.492260 -0.004561 0.001512
1759240.741729 243.123047 550.303595 0.005997 -0.003255
1080301.612187 660.423969 382.817094 0.002776 -0.014595
1857771.559552 140.341595 484.489309 -0.012493 -0.012180
988850.145130 340.133538 276.580377 -0.016670 0.018756
134591.829094 309.411929 242.305958 0.015983 0.019033
96963.198901 28.510421 345.864876 0.008233 -0.003141
227820.812831 465.237893 434.899198 -0.018759 -0.010706
290631.014058 457.415832 34.435453 0.011445 -0.014467
385931.693197 569.769747 189.939146 -0.020004 0.015994
1023297.854244 396.856391 195.378194 0.018844 0.003225
589125.026292 31.463049 579.455673 0.007935 0.017476
1882412.602139 596.836011 584.037065 0.000695 -0.002084
790218.714061 504.946258 18.643472 -0.015185 0.006542
526777.357108 212.400297 140.095525 -0.007121 -0.017994
748590.766801 411.730361 457.604232 0.007595 0.000600
1324791.236466 161.958390 6.143270 0.019522 -0.013041
1179151.767483 226.014435 128.086341 0.002191 0.019219
301466.356172 396.186414 435.070698 -0.014998 -0.019491
349183.755158 415.143941 387.295066 -0.011771 0.005613
616335.581344 375.051342 543.618584 0.001715 0.011565
1910511.639859 733.657596 182.875159 0.008703 0.004280
1640005.631205 304.599709 485.069280 0.013268 -0.005318
1964468.728734 335.995907 390.891697 -0.012195 0.018996
1261209.360911 276.299938 282.384782 -0.005743 -0.001182
968463.258337 424.555690 593.733029 -0.014824 0.009436
1257770.379660 350.145649 123.718991 0.001303 0.019246
1991034.577596 391.497505 537.814619 -0.008002 -0.011723
1007596.648767 95.898883 353.197566 -0.006866 0.017940
1912045.142572 235.894412 222.807027 0.004267 -0.000414
692628.538559 190.100070 501.171207 0.009732 0.003415
609848.141023 240.768539 74.959201 -0.008226 -0.002769
1723251.459991 737.874342 520.961238 -0.017342 -0.001709
1696924.347289 50.241361 568.030143 0.009825 -0.005550
309029.791648 199.584904 289.685172 0.009652 0.002372
867302.640745 559.038161 513.603789 0.012185 -0.007814
691843.061099 120.714331 325.875546 -0.012830 0.018665
272265.500516 388.520408 162.054484 -0.009548 0.011204
1400582.436193 98.330507 421.438018 0.002917 -0.012343
320566.674844 333.250991 150.970875 -0.015710 -0.013504
1229627.376064 208.974135 246.420457 -0.016063 -0.019849
1946485.269790 424.981214 421.289613 -0.003435 0.006919
15066.369444 140.475088 292.348230 0.002004 -0.005752
911695.870064 548.999258 506.020802 0.009035 0.017878
1245159.992597 340.389810 42.512772 -0.006634 0.020079
519428.529087 388.670590 246.977572 0.000397 0.003817
1147820.552414 101.938491 512.603468 0.019418 -0.011044
1717933.562453 767.072623 453.575939 0.002483 0.011480
183230.377819 455.292109 577.915046 0.003166 -0.015282
640928.558372 27.609499 483.137156 -0.013462 0.010335
1503776.668340 628.830110 111.248111 0.012853 -0.015537
360957.489517 65.341438 358.279043 0.003696 0.003724
380073.533570 132.180224 431.773520 -0.018220 -0.013998
1889061.825298 723.294345 66.032775 0.008008 -0.001357
1796955.322752 633.661524 20.454355 0.014487 -0.005170
306282.549308 146.762990 243.238001 0.018346 -0.006182
332156.324914 567.667318 78.902362 -0.005923 0.001300
485168.456326 426.507743 367.495353 0.013212 -0.014932
413343.113108 24.132760 173.812041 0.017093 -0.017013
883643.182406 697.225210 587.061023 0.002075 0.002824
887249.075289 360.308769 217.602173 -0.000896 -0.007457
1467432.667253 504.479712 297.462253 -0.014413 0.003560
1682910.725327 244.894560 179.437567 0.018953 0.006314
1660796.624450 172.326734 113.723661 -0.002242 -0.017779
629926.086697 520.309804 50.853043 0.004198 0.003103
318150.466456 37.407324 269.288392 -0.014026 0.003937
40123.955365 464.676238 29.279879 -0.004716 -0.017558
724761.667999 93.821876 413.761862 0.014323 -0.009786
558074.092752 559.640654 337.180799 0.003110 0.006882
438651.350531 326.465177 533.086570 -0.003982 0.014376
1885724.248311 579.194038 301.030163 -0.018901 -0.006817
158400.153815 149.271953 226.192599 0.001133 -0.007003
1952982.963972 437.799497 543.433856 -0.018953 0.017263
1927788.328346 310.946813 28.377832 0.006186 -0.010107
607879.136041 746.782346 567.556178 0.014627 0.000453
1236504.919471 67.942621 551.394967 0.000251 -0.000251
1541570.438790 358.907930 131.513149 -0.009109 -0.000960
1098586.873663 282.075307 398.198724 0.017058 0.015187
1973812.054831 722.901424 257.116187 0.015660 0.017331
717421.361579 684.488671 190.604896 -0.003735 0.000392
1128238.588166 568.336749 265.678543 0.000399 0.003050
1906900.824936 103.029707 396.699695 0.014906 0.005388
311031.282093 514.453924 50.438982 -0.004981 0.016666
1119457.958787 738.933435 161.219509 -0.010851 0.014001
295815.608602 167.769139 451.804693 0.003013 -0.015966
1365835.790227 746.943073 574.140187 -0.019988 -0.006412
933742.419320 452.202912 30.277505 0.016403 -0.016978
1254474.420685 690.153148 122.056429 -0.008477 0.009411
1674721.783807 355.398660 227.550450 0.016825 0.012739
589441.845468 384.386696 445.699210 0.002545 0.008114
1186208.380939 568.384993 547.391409 -0.006133 -0.008545
28320.921598 24.319536 131.907929 0.018869 -0.018782
1123059.363627 350.700064 356.849154 0.004420 -0.006063
1339490.994503 192.409226 126.471200 0.014916 0.001149
1892333.765464 567.891359 583.244986 -0.007135 0.005308
1580513.963280 495.682297 66.355877 0.001263 -0.012679
1628540.167412 100.906842 535.789159 0.009077 -0.001108
358744.990248 592.801222 301.682436 -0.004024 0.008494
1065496.480589 768.875891 90.508421 -0.014916 0.002952
996930.964755 638.243524 488.808844 0.008371 0.006813
685065.261407 524.088046 228.745098 -0.007573 0.019168
22284.613001 83.290529 360.003245 -0.014901 0.005202
1564209.169505 749.457347 458.079649 0.006983 0.006547
471659.941818 683.867397 242.551847 0.009527 -0.009799
234378.384535 216.543566 129.601457 -0.009249 -0.004029
1581110.075852 613.208300 117.746215 0.004193 -0.000961
1733102.233956 757.690740 78.299514 -0.010139 -0.009508
222272.466972 206.680205 219.740740 0.008447 -0.004773
7593.072023 394.694957 189.813658 0.010707 -0.013192
1961038.188991 2.110712 13.853087 -0.004576 0.009654
554464.627316 401.918907 7.518361 -0.000263 0.010845
821613.773155 227.293101 322.430674 0.004078 0.015574
24485.756655 378.527071 502.056250 -0.014266 0.008813
196372.594776 203.410380 587.684111 -0.001420 0.018565
718005.964867 374.939590 274.645958 0.007037 -0.010254
1252709.545778 525.346767 142.416396 0.005951 -0.018321
1958473.456073 741.525484 326.375941 0.019633 -0.003220
628831.249023 322.048674 421.641155 0.014049 -0.019639
1185057.482303 690.590146 289.154521 -0.002864 -0.019723
406775.272641 421.310571 157.027794 -0.012836 0.019509
452064.211691 433.015779 275.779082 0.007356 -0.011344
1391094.198167 248.953494 524.577109 0.017267 0.018335
1830316.959801 730.338168 531.946344 -0.001630 0.016144
610994.441719 618.408021 183.936874 -0.019653 0.004986
631021.334152 481.648470 292.354093 0.011864 -0.018632
989235.750860 1.655502 334.224716 0.010243 -0.012653
1098658.789461 784.641219 435.033501 -0.019647 0.006629
1883467.686308 564.364933 585.941781 0.012730 0.005451
1871849.530317 584.633077 330.707123 0.012870 -0.012433
911993.535660 102.098428 577.580845 0.010545 -0.014578
1176139.691461 61.810920 443.237295 -0.016939 0.015029
1537174.407177 456.446660 526.547342 -0.006943 -0.006937
123261.179832 700.741708 185.040449 0.011614 0.015110
1946848.674653 582.985965 354.067582 0.017984 0.001718
457599.283409 708.840926 164.425196 0.011215 0.008296
926562.791190 189.186556 501.372184 -0.000685 0.020248
1942178.605097 11.947488 45.581268 0.008388 -0.016363
1905775.863633 382.538476 397.304739 0.013259 0.012158
1975712.466974 713.706207 407.870547 -0.008269 0.007163
1128937.655654 214.811570 243.843309 -0.013870 -0.011226
1900458.380534 306.340418 62.272447 -0.011057 -0.013431
1623668.112617 549.899952 239.809830 0.005852 -0.015463
798515.523224 494.071755 76.852075 -0.000972 -0.006937
438456.544857 343.502043 482.422384 0.015155 -0.009735
1216805.763178 694.732992 90.866800 -0.008493 -0.013407
1661706.700764 681.577844 259.414868 -0.010493 -0.019716
1303971.794110 150.679660 233.985397 0.010269 -0.003519
1107963.914568 455.071143 59.129477 0.018171 -0.011405
425643.800956 282.720048 499.789498 -0.006940 0.013543
318262.858465 448.868373 155.010295 0.018559 -0.002300
1036196.117772 457.795724 186.399651 0.006827 0.014532
948553.069005 401.251248 427.581517 0.016370 0.009435
1438074.149861 447.187578 555.862746 -0.015626 -0.007506
677338.477540 530.455852 530.601077 -0.002497 0.004696
197747.041563 520.918061 583.226338 0.017229 0.019658
1601492.672973 71.822399 330.854757 -0.017638 -0.017820
1987075.958395 461.626324 375.325260 -0.007834 -0.010069
971748.938305 621.928357 449.278577 -0.012076 0.007407
974474.447302 733.598275 146.406446 -0.003447 -0.018925
1121549.802423 602.085900 413.327769 -0.002206 -0.012392
613932.794246 434.773722 504.560203 -0.008862 -0.001007
1665525.531241 62.965007 338.843009 -0.004523 -0.014516
1238773.710671 302.551292 429.417991 -0.010182 0.007291
1925637.924078 585.240572 276.412217 0.008453 0.017194
290519.337305 158.693593 507.996348 -0.004376 0.004496
1745488.432117 760.793053 219.013469 0.002460 -0.004193
1111265.337612 695.208927 563.360767 -0.004225 -0.013950
829182.160473 184.024249 135.803742 0.019222 0.004579
728391.627189 479.040974 596.121311 -0.016861 0.013704
1349985.243450 33.506089 345.892773 -0.014540 0.010161
1010733.056353 223.964288 571.491332 -0.005918 0.006799
1129411.861826 180.122989 373.031112 0.017212 0.011482
33999.050983 388.949589 393.962349 0.019203 0.015320
1606354.705806 296.417316 66.760284 -0.018794 -0.005952
1451822.744427 315.042682 570.288319 0.008762 -0.001028
1590584.168020 314.910672 309.298448 -0.005147 0.001142
538209.161040 701.043206 485.025057 -0.011156 -0.010862
958317.440449 628.352678 272.080092 -0.015990 0.008646
479655.517489 94.316092 120.408737 0.015849 -0.017024
167238.956395 558.797826 267.303605 -0.012174 0.009130
1592486.357127 737.124327 73.188861 0.009855 0.005622
1189583.299304 433.225867 20.674351 -0.015551 0.016567
1124831.962923 303.332176 474.149492 -0.005182 0.004013
37146.621401 680.324181 232.457530 -0.001136 0.018047
205026.889315 568.965256 41.009496 -0.007876 0.004305
284161.461650 310.166581 183.764824 0.003491 0.003338
68690.410847 306.356183 301.885521 -0.013749 -0.014788
287411.349028 600.338173 403.744351 -0.012906 0.014456
1171263.018237 591.724857 143.840726 -0.004978 -0.015523
1682127.158941 315.119682 577.331465 -0.010881 0.014555
1824708.168313 264.672999 346.582110 0.019215 0.005360
369206.509725 98.060640 13.275850 -0.000371 0.008405
1208981.916871 419.629983 56.102611 -0.015656 0.007259
446720.970071 202.041478 259.126694 0.015810 -0.002831
586212.983628 385.030004 101.938707 0.001338 0.014296
560717.814863 299.407226 150.838618 -0.010342 0.004128
234257.601311 123.627029 559.082518 0.007796 -0.014619
1133248.557864 703.396393 154.276670 0.003534 -0.005188
1934248.125150 153.807700 536.737127 -0.017574 -0.007944
1152133.833222 226.389824 331.555260 -0.019686 -0.012932
1965200.129880 240.564545 396.671875 -0.013867 0.013373
1034901.121182 346.059909 125.793117 0.010830 0.006910
1623246.405098 708.898423 497.120909 0.009751 0.003209
1926329.093951 248.268081 276.097708 -0.011181 0.015961
1658576.383096 150.367233 54.891779 0.008977 -0.010071
786221.519479 240.709657 318.756546 0.017808 -0.007687
1421758.733421 742.973561 365.256287 -0.004931 -0.017146
888519.625593 711.238290 307.936934 0.005992 0.006209
374128.679919 371.648915 325.658210 -0.019384 -0.011606
247207.860577 782.984465 311.690232 0.003296 -0.012044
838233.393076 329.878076 231.684610 0.000648 -0.014400
1269501.125100 722.964078 262.488309 -0.014280 0.015579
1490342.234955 701.633174 467.335476 -0.005830 -0.010057
1720173.599068 639.031049 82.431360 -0.005120 -0.001871
1589947.016719 447.899020 550.754021 -0.006482 0.003073
254199.274003 369.656629 332.002258 0.005902 -0.018211
1506623.924480 52.605171 274.427708 -0.014403 0.003089
1187558.641279 619.376737 289.370687 -0.018787 0.017647
663885.182079 620.191158 490.674073 -0.015549 -0.014782
134186.233456 776.780474 557.491317 -0.011849 -0.006224
763995.101100 799.411380 542.525442 -0.008035 -0.006499
960104.740672 340.997329 479.339498 -0.018603 -0.016997
1689167.128731 629.807853 84.623698 -0.007900 0.017119
1435140.350571 716.152819 421.967128 -0.012036 0.017046
1287450.956780 425.221750 421.391328 0.023582 -0.014674
1664884.491668 423.712489 368.454891 0.010582 0.009335
1916152.068375 115.494794 439.968420 0.014412 -0.002276
142374.806172 274.511271 522.189078 0.014832 -0.004932
1889104.925044 571.901474 98.101460 -0.016659 -0.019296
184043.514628 642.228449 547.176959 0.011782 -0.019926
1678137.485719 350.644613 319.895444 0.001617 0.016054
349432.717240 299.099192 257.433232 0.011515 -0.014610
327130.583267 597.600271 167.659144 0.015870 0.004361
1445781.852792 774.610935 571.373217 0.003723 0.013543
657045.848974 430.378446 332.799101 -0.000286 0.004919
1143416.638087 467.923390 254.976232 -0.000620 -0.004817
853229.746620 259.417760 491.017978 0.018361 0.014562
1436276.935710 106.624550 143.360629 -0.014048 0.016946
747046.145027 249.305401 400.841105 0.006107 -0.011786
555282.349025 300.222446 106.417490 -0.010823 0.018767
31011.744417 446.345431 303.745684 0.002804 -0.017976
259713.421697 113.384761 381.537060 0.002208 0.005059
30230.289339 785.684157 570.408748 0.013295 0.017673
1629124.594680 440.274541 44.890893 -0.017896 0.007952
1993199.337271 341.180449 5.681812 0.006604 -0.016807
437214.899080 754.159319 272.434427 -0.004225 -0.013118
847463.854052 328.967901 438.520174 0.017222 0.019223
1561464.248021 48.428262 73.461147 -0.003331 0.004609
1496915.452879 345.427315 358.144702 0.007994 -0.009430
1076064.875850 410.441473 489.240284 0.004503 0.002605
1028186.607653 487.296900 594.878286 0.000943 -0.009066
141764.248787 594.376351 129.884698 0.001003 -0.014464
778578.041484 758.998373 329.619363 -0.015261 0.015196
1058486.954802 720.174138 564.227943 0.005912 -0.007179
1112790.978101 319.562896 448.315125 -0.013854 -0.016074
24501.685065 553.769332 366.482463 0.013092 -0.007837
353571.678676 272.938570 548.404510 -0.013263 0.014618
375264.103699 191.530767 365.623549 -0.003807 0.010611
1493884.026769 635.019699 429.059972 -0.008197 0.016526
1188817.119779 659.925973 487.983764 0.001403 -0.000923
259519.063057 73.623946 525.474728 0.015134 -0.010174
1949033.547169 712.040778 562.444185 0.003458 0.008706
482529.103981 609.593267 35.925849 -0.013822 0.017259
1850091.109914 273.828301 102.670286 0.001386 0.009869
1871495.037280 224.867660 324.716351 0.006133 0.002936
908785.677938 195.349689 241.117579 -0.009279 0.011210
1755362.652128 318.278230 522.436270 0.010157 -0.008997
232765.271437 582.271918 98.869163 -0.018041 -0.007302
1765166.354256 236.208947 45.900725 0.017673 -0.002007
15434.920795 693.024810 474.793205 -0.012876 -0.003995
1077013.659792 90.847195 409.208846 -0.016811 0.010594
516053.778360 427.339906 5.569253 0.006384 0.012106
1576709.125925 429.823697 119.291935 0.006412 -0.008348
948767.654108 620.851331 12.029758 0.005591 0.013195
667159.362075 417.569420 74.315811 -0.003591 -0.001441
1146380.339352 334.165005 198.392751 -0.005369 0.003858
1462269.868451 722.463998 426.771563 -0.003558 0.019268
949273.004639 536.537999 309.847159 -0.000659 -0.006824
636841.273232 217.397690 520.752718 0.000696 0.017243
316267.470045 793.251100 424.396624 -0.012925 0.005291
1072709.865436 409.105622 92.614311 0.006414 0.016871
1234697.917120 187.265588 203.643005 0.017923 0.003938
1871003.135047 543.329850 300.372591 0.005840 -0.016340
968257.898916 95.893698 457.510162 -0.019848 0.004218
184803.100389 255.918110 525.750748 0.018322 0.013471
1613704.762242 94.152715 497.114459 0.000560 -0.008179
920804.219749 40.363571 484.080201 0.004774 0.008350
1455508.939668 184.600076 566.077219 -0.017314 -0.012833
1084419.887087 1.487643 515.041375 -0.018232 0.005933
1899527.167855 422.393871 461.393942 0.008462 0.001124
745706.753221 643.317909 508.983382 -0.010110 0.010549
1369434.811813 44.290337 529.096696 0.000565 0.002784
353913.564400 779.740136 371.843754 0.019298 0.003534
660308.989072 568.657075 491.913094 -0.009047 0.011120
1997036.600484 653.517743 468.748669 0.014266 0.014405
857968.969670 644.801379 232.632931 -0.012090 0.000742
1832483.595159 456.918537 194.139553 0.011272 0.012211
174050.590104 359.539669 525.271868 0.018762 0.018485
887791.815627 116.070410 561.443432 -0.017441 -0.014852
1048845.100705 314.732985 504.296217 -0.006251 0.006696
1236598.032171 273.721708 290.214992 -0.004033 -0.012075
688449.854352 662.553800 2.695279 0.009259 -0.018948
1047717.716101 518.902775 357.849450 0.013902 -0.003491
831685.772553 746.874373 517.043602 -0.008431 0.016118
1646809.537731 587.764144 29.299520 0.010388 0.011932
354697.854423 226.866790 115.013138 -0.019284 0.005140
1718570.137265 508.498166 581.673662 -0.006277 -0.018634
338487.908402 549.845083 517.474406 -0.013004 -0.003237
1776805.868268 558.749453 40.740356 -0.000613 0.001836
960078.654327 720.479210 287.176242 -0.006648 -0.012477
763596.911339 131.484385 555.839440 -0.002766 0.017002
1446903.674606 486.407569 125.246245 0.016998 0.005232
1673049.761761 619.688148 156.069659 0.012234 -0.015283
591079.477496 780.484193 482.899059 -0.013697 -0.013981
450261.526019 37.011663 509.511432 -0.008257 0.001257
788880.985598 618.798066 258.986050 0.014939 -0.015429
1247242.441982 204.398897 167.292862 0.002003 0.007424
405506.701397 218.062702 175.434167 -0.003536 -0.012409
1835863.754077 197.880870 576.592331 -0.012854 -0.017837
159031.381905 379.847036 18.558972 0.015403 0.005315
362722.217274 87.580958 407.279660 -0.018614 -0.003790
420997.232395 340.101458 105.412828 0.005817 -0.007856
580167.091722 213.247832 332.740380 0.002785 0.012605
479025.265425 617.091843 52.700890 0.001291 -0.012682
552036.800679 360.034969 258.365136 -0.010474 0.005100
969986.005207 253.884698 61.731366 0.000750 -0.011938
1471710.388303 557.542558 187.707466 -0.003398 0.009178
1430984.936390 500.689537 91.225300 0.015651 -0.009264
902052.609670 144.760663 321.055581 -0.019786 0.010004
700700.571156 195.558874 313.210766 -0.002450 0.011067
1408199.004553 571.425648 136.936133 -0.014613 0.018112
1713095.736556 496.076512 161.559370 0.018413 -0.014606
944491.339356 556.975656 498.891962 0.011377 -0.015569
1119457.834922 400.366127 441.474127 0.008485 -0.004357
8319.607940 130.617757 343.639909 0.001560 -0.013272
647061.014849 711.694863 247.475169 0.013809 -0.006842
379545.065751 439.224600 25.814702 -0.003332 0.007325
1990576.603445 218.722423 181.560694 -0.009386 -0.010670
876473.971119 589.720348 557.742539 -0.009187 0.000888
80381.552726 664.430118 13.430823 0.011030 0.001698
828036.629980 624.803238 423.146712 0.019514 -0.007199
1747623.103553 248.475648 124.594362 -0.008534 -0.013748
1072386.123739 381.170741 423.474416 0.003203 0.015737
777386.485961 459.546753 100.723133 0.007645 0.013589
801906.589792 103.827771 346.004172 -0.006801 -0.003956
197987.358178 296.126071 137.979946 -0.015156 -0.014135
1545926.498969 428.236260 556.343410 -0.000577 0.001158
492654.834172 281.835117 500.283727 -0.001296 0.005221
1978982.283724 792.855045 69.247479 0.007760 0.002813
17631.095842 66.253464 86.616028 -0.012955 0.010997
1966499.848276 461.696506 543.464010 0.003278 0.015332
611006.784537 527.317818 167.214827 0.001455 0.011209
850069.038966 247.099426 189.745141 -0.005918 0.011500
1676786.882652 479.030862 83.488153 0.006888 -0.017864
1557780.060711 529.586610 26.223842 0.015764 -0.005733
1227310.625476 722.682502 263.086989 0.011204 -0.018506
428616.731627 592.196194 393.432262 -0.015227 -0.007965
1127178.874392 340.266388 576.483153 0.013661 0.018418
1480731.590409 212.959381 162.163714 -0.017758 0.004788
115335.758829 715.252028 130.623665 -0.012098 0.002659
541498.807511 781.011642 137.131181 -0.007434 0.014832
1167776.423119 742.177520 464.412682 -0.019062 0.007404
1705487.274428 189.982488 255.835180 0.000326 -0.005717
1455042.508177 58.137718 469.470144 0.007518 0.016569
1485351.840726 341.750399 108.577401 -0.019531 -0.000653
1600046.444498 55.792987 226.796390 -0.019281 -0.009271
1889695.885540 230.328936 146.839822 -0.013085 0.004139
230475.999522 605.714841 319.173927 0.015517 0.011180
434670.210087 593.489340 10.070739 0.005756 -0.009953
748135.628527 296.832302 193.262670 -0.013679 -0.017660
474188.291689 718.662289 292.556975 -0.003306 0.016282
1941577.332067 174.322829 588.653010 -0.006017 -0.010649
499196.726130 235.235442 314.409205 -0.000252 -0.001307
254300.674542 487.678561 134.032443 0.006361 -0.000097
6325.354803 700.222757 144.002993 -0.019183 0.000821
980919.682878 315.917206 534.911849 0.012548 0.001974
1900851.625903 40.299850 269.169239 -0.002572 -0.001269
719689.197242 326.278848 412.274925 -0.006340 0.010294
1844748.197982 472.752414 30.340666 -0.002170 -0.016570
1036199.990211 459.143271 416.430469 0.009644 -0.010748
385683.919483 595.649582 65.168134 -0.002695 0.010620
1256102.471266 738.635513 95.978288 0.000634 0.009948
1419511.694191 375.552378 472.703578 -0.013633 0.016256
511292.832210 415.101619 189.541419 0.017689 0.014401
145034.134456 691.330904 270.215663 -0.015048 -0.007554
1071721.370831 513.256792 530.708315 -0.010802 -0.004672
233847.819378 338.292670 77.238893 -0.011025 0.014209
1786277.592083 681.996104 467.454015 -0.017904 -0.005089
1031918.257955 609.719140 505.954902 -0.007877 0.016824
1499349.890975 446.489275 263.473383 -0.017347 0.000068
597617.807145 110.224362 219.150241 0.010005 -0.009538
1353622.215499 228.365461 541.948026 0.002467 0.000629
573296.933702 542.675998 563.848982 -0.003402 0.016137
1590131.532210 246.378799 453.821093 0.003002 -0.005557
258416.177825 72.792377 73.654181 0.018867 -0.004270
87595.200207 577.081707 571.578142 -0.000686 0.011451
906233.425674 625.729130 554.276431 0.012748 0.001243
370032.188655 396.040461 489.482819 -0.016460 -0.017735
664767.085884 299.656573 441.682736 -0.009135 0.011576
1278253.811075 53.057325 58.645788 -0.004133 0.005626
916040.443311 420.053664 438.714518 0.003224 -0.000156
249204.321880 499.352797 130.391111 -0.016942 -0.015708
8661.484350 424.330226 533.482352 0.017146 -0.006053
841302.204338 90.180805 506.218588 -0.010483 -0.011974
1802783.200425 455.866198 346.092972 0.005478 0.013643
731632.451868 220.864147 544.691395 -0.001423 0.006854
1096714.972098 736.817994 118.101669 -0.008808 -0.000042
1386984.768969 323.775167 76.217504 0.016469 -0.000746
469499.863903 732.274662 6.794027 -0.015013 0.013796
718651.906922 435.527359 574.512406 -0.011853 0.011242
316653.122342 84.230219 211.291514 0.009873 0.009230
385530.231700 79.838481 10.924674 -0.015988 0.002566
1379939.433830 519.325189 291.450105 0.015429 0.017164
1974529.288697 463.815685 199.395118 -0.015492 -0.000382
1626419.535664 279.616454 244.577871 0.012974 -0.001064
503204.831157 146.268055 10.709344 -0.011625 -0.004510
1600260.999799 293.169541 294.620411 -0.013931 -0.015947
467442.890847 275.423034 121.024894 -0.009917 -0.002202
1530910.291491 753.153351 56.470220 -0.010001 0.013169
43405.273949 189.992925 245.169453 -0.005804 -0.005895
1801413.789299 133.593447 421.194314 -0.007686 0.019669
348673.859774 447.654466 104.928776 -0.012287 0.010751
1122384.702378 793.528992 80.932776 -0.017911 -0.014241
474000.488629 229.271939 293.437196 -0.002436 0.001555
1867761.544822 162.895414 288.111520 -0.018870 -0.001835
617712.498930 39.519707 415.321833 0.008744 -0.003850
88793.583256 495.027044 342.704330 0.009877 0.016966
1123119.018564 736.120867 291.668901 0.009388 -0.015512
510837.786138 237.596557 62.682390 -0.004339 -0.005987
498234.962345 502.623832 381.588384 0.009530 -0.017333
350510.791107 537.762027 162.833771 0.006244 0.007959
1451432.125387 771.413827 449.294092 -0.003359 0.007335
303273.376219 370.235768 180.022632 0.008882 -0.011670
454803.713809 227.110801 76.164207 0.008593 -0.019205
480071.545802 775.543135 189.862941 -0.006240 -0.005562
1333575.176696 474.903493 592.946789 -0.007801 -0.006722
110627.538576 382.859575 1.999037 -0.006986 -0.014548
1406769.050940 41.593526 59.197690 -0.001886 -0.001185
1561676.394922 482.352410 559.395343 -0.016758 -0.006993
281255.947557 246.794490 364.965639 -0.009252 -0.019072
1257382.930842 407.268571 595.989318 0.017792 0.014124
706537.016996 489.563680 268.746444 -0.006337 0.016646
1558318.719993 318.015581 236.967810 0.011341 0.008938
1057752.200895 389.370886 465.796662 0.005109 0.017507
491364.625511 326.393779 325.144987 -0.012863 -0.000411
1734950.389590 255.137539 479.283822 -0.000926 0.003494
1643357.573842 84.591712 57.034045 0.012569 -0.017966
1898263.090243 133.982751 397.729241 -0.004151 0.000398
1157183.811607 140.872546 544.443703 0.018938 0.018336
1260090.642264 401.502970 266.678713 -0.003781 -0.014824
767107.214205 521.470739 323.178975 0.016989 0.013177
55740.578126 634.720695 88.869962 0.013029 -0.009288
1471867.368311 518.915406 224.887875 0.012969 -0.001663
851158.514084 624.302284 377.748222 -0.016458 -0.012920
279214.015361 533.132494 211.755011 -0.018183 0.005625
622537.959657 541.259326 84.848416 0.010264 -0.016715
543551.074594 112.312214 439.360680 0.012738 -0.017349
1125283.938425 670.372513 515.217399 0.008426 0.006533
255944.995329 357.693678 187.193839 0.000113 -0.008832
1549879.616848 742.646078 35.389215 -0.003804 -0.019302
474171.187949 435.869599 410.449378 0.003570 0.003650
648167.413030 720.782351 160.442611 -0.001354 0.006307
697835.028496 589.970716 478.488203 -0.016727 0.001912
1725670.433475 515.932875 231.159434 0.008664 -0.005403
99429.388577 679.213607 481.584305 -0.005522 -0.005943
163663.104253 109.357098 168.315846 -0.007855 0.000289
594763.153510 303.548150 52.633656 0.019271 0.018789
1355525.087265 244.792586 522.031633 0.017891 0.010922
1053977.892294 234.846470 305.669418 -0.007016 -0.004940
115031.983757 149.711188 12.680211 -0.002318 0.016316
752375.869431 393.850309 454.980853 -0.012782 0.014192
219437.964363 208.623986 595.034868 -0.004391 -0.003932
1068114.026016 550.212941 469.025933 0.004832 0.006863
1499866.051366 239.080761 584.288327 0.004740 -0.010282
1491842.997955 116.917027 322.388434 -0.009728 -0.001133
1826279.228472 250.962502 395.126977 0.017308 0.010249
1133058.067007 247.582603 149.326232 -0.007041 -0.000438
207507.431604 346.681377 450.201720 -0.016174 0.012958
304737.184339 504.244570 306.761943 0.017353 -0.010006
361247.467977 546.584413 329.381803 -0.013809 -0.007884
1585793.637478 720.476040 269.426309 -0.006767 -0.013816
1841064.114050 194.808573 281.368604 0.003180 -0.012860
451362.950938 116.084309 291.957452 -0.001002 -0.001228
1950936.490647 462.898551 542.140581 0.008090 0.007913
1454702.783122 701.781475 182.561908 -0.010454 0.012484
1108684.254395 335.326824 297.113601 -0.015856 0.002983
1596490.624173 716.950412 284.962638 -0.012099 -0.010517
1263706.185512 134.323425 282.409582 -0.015931 0.009881
1294332.516982 261.254975 535.648426 -0.014663 0.012049
723046.520130 87.172192 228.352959 -0.009396 0.013362
107937.715067 793.526291 426.956064 -0.005732 -0.010820
1046872.077066 729.083885 389.996795 -0.019345 -0.019471
450965.188654 653.607069 546.874981 0.008018 -0.017424
278162.196408 266.332545 139.787675 0.004373 -0.002628
1960316.196066 205.590927 456.613699 0.014895 -0.004394
1125740.257616 187.587771 299.748970 0.017721 -0.000066
668170.334151 796.959150 294.281488 -0.018181 -0.005836
1443825.863043 455.545310 159.998803 -0.005091 0.003547
564375.188464 478.285297 242.678670 -0.012222 -0.008029
938961.728913 267.036520 379.655450 0.008079 0.017696
132214.712972 546.550474 119.648787 0.013277 0.002220
1179224.623916 311.710941 473.202979 -0.016474 -0.006662
575213.267736 338.927930 197.888352 0.011029 -0.001200
1368718.602401 400.695448 23.841510 0.018035 0.014943
1254302.726711 185.930320 282.712010 -0.018662 -0.002902
1541011.519516 401.062946 456.281682 -0.003917 -0.011864
1407684.757098 375.293863 531.845077 0.016148 -0.008177
883750.411162 393.922940 411.747841 -0.010629 0.003298
38293.802197 414.600731 2.926894 -0.006036 -0.008096
949396.727117 26.715784 478.760534 0.000593 0.019421
1340193.529306 112.333907 130.016509 -0.014303 -0.013063
1289556.392138 729.433508 404.406872 -0.003811 -0.007433
1756783.113702 87.992080 469.233842 0.010529 -0.019668
157687.638028 165.927340 303.264743 0.010630 -0.002493
175039.783202 626.825597 573.412061 -0.016268 -0.014664
506304.289450 453.481767 99.430266 -0.017955 -0.016722
301433.914481 576.095467 133.671700 -0.005348 0.014529
790027.673724 9.757491 464.093554 -0.017198 -0.003252
176035.711624 758.608550 317.152808 0.014808 0.008523
1081972.172988 759.350692 552.219677 -0.018228 0.008665
715741.816310 107.045776 299.003858 -0.007411 -0.010926
1263880.632475 454.227641 476.704187 0.011932 0.004698
1751026.801649 758.868596 202.529653 -0.016151 -0.007302
399196.095951 394.641304 198.022210 0.019046 0.002396
1496994.359185 48.759094 306.334976 -0.008908 0.017282
445396.929255 653.756622 529.613723 -0.014300 0.014549
1193553.106484 399.993401 599.313950 -0.016133 0.012551
450224.472419 581.517993 229.315596 -0.019241 0.001037
1999453.321099 715.781718 285.602118 -0.004758 0.019450
1584501.028799 429.352785 291.138609 -0.015108 0.000405
94458.571679 696.601125 342.632057 0.002270 -0.014108
1007827.074736 623.635133 579.493767 -0.004562 0.016864
1658558.308919 786.531264 253.287939 0.013089 -0.016897
475365.567242 42.266340 483.064880 0.004424 -0.016992
663714.367274 495.978488 580.698028 0.012235 0.018199
1919117.403179 479.313209 296.863381 -0.002177 0.008828
9624.167350 393.683783 354.747569 0.003061 -0.018038
1478876.057770 64.555829 497.183350 0.007875 -0.001376
1502145.321808 426.661914 269.295953 -0.013026 -0.005538
1054818.871922 329.154022 247.895635 -0.006669 -0.018737
972186.690649 532.069430 390.601351 -0.001892 -0.001124
1216433.286302 329.688067 43.190349 -0.015874 0.014306
1585452.240699 85.793215 209.852263 -0.004616 0.007171
796849.675848 99.084617 458.954353 -0.011063 0.013090
461377.134761 782.754604 217.117883 0.007154 -0.013905
1447663.852688 165.346091 338.357619 -0.014475 0.001611
1190708.408687 498.872728 122.910050 -0.010150 -0.017009
1355477.244293 683.971587 294.308664 0.009990 0.018266
694211.989964 433.653415 39.231964 0.007895 0.017094
1497031.391364 75.977453 30.298890 0.000515 -0.007102
1759090.904966 594.543237 180.083291 -0.010326 -0.003076
904928.793621 772.170280 377.852427 -0.019365 -0.015856
341892.055395 489.204631 436.984051 -0.004950 0.014348
1609370.418642 43.221069 427.954791 -0.008188 0.012132
1339833.364515 513.435825 206.929587 0.009416 -0.006421
543533.833951 386.239754 260.315555 -0.007101 0.019794
1510075.678821 161.221652 443.588632 -0.017784 -0.002231
325429.097901 406.544667 246.055666 0.011716 0.000970
1027532.088117 771.025867 81.291763 -0.010382 -0.006347
1987715.010526 37.110440 236.832036 0.008282 -0.006368
396776.620483 301.231776 588.743522 0.001751 -0.015591
639902.701899 652.541595 356.033387 0.010141 -0.014498
1179865.857204 406.170791 204.101504 -0.006856 0.002537
1568458.621189 393.316935 42.392165 -0.012226 -0.008579
1190290.628555 566.687426 150.124368 0.009234 0.017978
1180185.991889 580.352276 597.266712 0.019390 -0.002789
672088.553511 146.593177 484.940985 -0.007367 0.009070
1837656.663655 510.368864 325.313071 0.000515 -0.004373
1360614.323691 81.723622 539.205215 -0.019204 -0.002744
924125.776125 643.708281 555.077563 0.001312 0.019934
418950.309241 102.555335 424.538549 -0.001762 0.014278
1312754.557148 39.331665 349.861723 0.006062 -0.018676
30587.249450 790.746067 130.319405 0.012897 -0.007753
1889215.610870 593.540689 566.088560 -0.000539 -0.009830
669560.509114 133.550900 214.237061 -0.010653 -0.012488
1579576.984783 556.748155 595.055285 0.008585 -0.010901
1982244.182370 739.004646 214.072780 0.007923 -0.004709
432350.935616 283.856978 258.245079 0.011982 -0.019766
930735.730068 652.536293 596.762011 0.007307 0.005520
600671.720971 501.743487 227.867177 -0.010181 -0.015428
1270601.892504 463.773125 169.436481 0.019705 0.012518
938976.299455 626.133655 304.955968 -0.001544 -0.000145
1474031.937064 361.847615 251.748187 -0.016251 -0.013949
1605130.416157 247.864032 302.760901 -0.010662 -0.015579
1023340.410098 559.399016 555.316111 0.000249 -0.004729
1128556.229700 645.571283 5.322330 0.017748 -0.017949
248420.950141 463.941566 377.875369 -0.003997 0.002679
884577.235619 700.910558 213.247228 0.018005 -0.006588
1704879.713107 549.808419 474.384023 -0.009091 0.011193
1882055.445519 60.117277 54.861418 -0.002177 -0.007608
404206.608610 766.000214 4.960927 -0.014898 -0.001423
780987.060993 553.588727 162.382776 -0.004048 0.005507
642018.800900 420.005683 130.634570 0.018034 0.017212
1579863.075903 313.982957 483.399088 -0.014216 -0.006292
286431.929230 798.938340 18.403460 0.017334 -0.009128
1625355.291937 699.939980 207.379000 0.016181 -0.007127
1310099.705732 85.429747 166.942160 0.006577 -0.010590
1485499.756171 42.570049 555.868806 -0.019450 -0.001832
1126826.147142 267.623990 586.834553 0.011210 -0.008636
1817754.082297 456.463107 406.906941 0.008593 0.008651
42605.713030 685.950055 428.721608 -0.017621 0.011532
1969490.396776 691.870716 399.751376 -0.006757 0.010785
1972945.507603 788.344886 525.818512 -0.009414 0.005963
221002.463354 5.848531 421.284183 -0.018493 -0.019155
314139.836614 479.958673 213.006271 -0.014576 -0.004775
1280098.799281 35.318945 570.933866 -0.007257 0.010329
1334025.561499 271.179548 370.242705 -0.004780 -0.004323
817314.073824 292.148942 154.173504 -0.016995 0.007871
52254.755074 49.152634 409.142876 0.016108 -0.006931
662711.798522 9.668923 199.924043 -0.018608 -0.017998
710212.109941 153.379829 389.931017 0.008413 -0.006921
61999.699130 280.833108 222.996630 0.019305 0.006756
261157.692532 519.549140 3.900001 0.009909 -0.018767
797766.605764 125.373195 237.237757 0.006228 -0.010773
184709.901076 545.586922 175.179535 0.010993 0.003313
1235796.007903 85.239128 357.537280 0.018105 -0.014398
1292608.929469 245.401820 198.514968 -0.008135 -0.019323
1317389.029692 261.490416 220.440173 -0.018785 -0.007605
71927.786838 128.003472 575.658239 -0.018265 0.016301
1977614.946653 353.634895 38.548480 -0.004654 -0.016057
591803.305127 381.734859 467.303791 0.003523 -0.009937
726241.200569 164.993215 214.159646 0.018396 -0.013694
995710.504705 485.139748 279.180228 0.013151 0.016103
963862.695249 391.011377 138.010317 0.013994 0.000724
1079147.418532 708.512525 407.847010 0.000003 0.017203
1174876.041326 389.821722 223.103052 0.006100 0.014865
937689.950195 758.379556 209.325476 -0.010092 0.001391
1200871.358253 489.505735 445.066324 0.018304 0.002827
1798372.363578 364.528543 105.908132 -0.005460 -0.008562
158766.744732 676.340859 464.449430 -0.007567 0.007855
584123.108808 679.666953 348.436222 0.018820 -0.006108
1019930.488905 447.186391 500.247293 0.015239 -0.011568
1412068.961846 279.491435 95.626587 -0.017821 0.003962
1390465.348675 524.156200 125.743694 -0.002532 0.004554
1560588.704217 269.353070 41.690555 0.018292 0.008022
709118.110458 28.859417 327.134396 -0.014845 -0.006259
481739.437432 336.628049 116.815453 0.012829 -0.004334
1084185.081108 265.336912 569.586879 -0.004951 -0.011498
321427.933090 65.719229 337.369080 -0.007435 -0.014392
322096.383349 11.974854 475.463170 -0.005150 -0.001928
811598.476400 120.539682 472.427633 -0.000995 -0.015690
975828.599639 663.073089 87.192881 -0.018663 0.018329
980873.326296 219.634913 226.425001 0.007423 -0.016144
1538962.265262 182.175372 256.916692 0.008821 0.004166
1281944.833362 703.701023 411.380944 -0.011778 -0.012050
1646853.441208 292.094647 129.309006 0.004643 0.009424
1334224.681991 17.353123 531.646055 -0.001765 -0.000140
1987979.200663 754.101114 196.210818 -0.014454 0.019118
567825.405192 503.309500 150.296381 0.006570 -0.007386
693992.653253 345.504428 324.614084 0.011098 -0.014002
290886.182473 333.141323 18.640259 0.013265 0.004822
461579.700216 523.982282 590.656909 -0.002176 -0.009193
1440439.939238 90.507260 175.728499 0.004273 0.002721
1578856.275221 479.814273 307.048464 -0.015375 0.009509
975708.803616 319.852928 220.132080 0.009549 -0.017516
1363849.989774 68.243649 296.203764 -0.011053 0.014433
1287670.666020 295.413081 165.667460 0.006991 -0.011979
1793086.186886 724.795236 513.260711 0.015254 -0.005942
253419.465503 481.200946 278.284396 -0.003090 -0.011657
65064.939701 167.163681 484.730872 0.001755 -0.007021
1093948.624606 25.813813 434.672834 0.016619 0.010812
1570950.974510 477.024313 513.990970 -0.008912 0.012851
1433502.711092 738.399906 113.624378 0.019687 0.003933
779698.448619 711.683119 301.787366 -0.010214 0.010890
1707668.152502 297.612340 224.088554 -0.007291 0.011698
1161722.038482 280.443237 0.806317 -0.004406 0.015805
650195.260835 748.339871 556.134099 -0.017991 0.014025
1393276.303724 667.686280 267.946515 0.002113 -0.015477
534900.189626 215.518759 20.954298 -0.001727 -0.009462
1264731.390059 676.797636 91.245549 -0.014608 -0.016302
1848317.172308 790.725351 278.377106 -0.008142 -0.007736
512088.236637 702.109235 394.282981 -0.009748 -0.009283
1104225.446984 465.390078 121.987252 -0.000858 0.005244
107543.810321 140.002937 279.466985 0.000008 0.009139
1156781.673039 614.927043 597.999338 0.004538 -0.011025
520065.349769 196.794191 42.857485 -0.003469 -0.004750
327390.441823 269.746839 221.933870 0.005096 0.005374
1353004.063178 707.062437 306.858961 -0.006547 -0.014399
1558240.596931 709.467576 433.345203 0.019291 -0.005454
706633.334377 29.121204 323.768173 0.012777 0.001593
534505.464385 317.399052 182.780133 -0.009440 -0.019546
1061346.780072 419.674074 154.635098 0.004154 0.017562
1275778.349152 612.273447 164.471038 -0.019707 -0.004263
1816858.008419 547.142606 166.319173 -0.003176 -0.019287
837596.447597 159.316068 542.217699 -0.014390 -0.012780
537634.699856 396.019975 130.473613 0.012326 -0.007450
1509630.032587 59.953058 426.003456 -0.022523 -0.009999
1442342.147903 473.331914 518.355386 0.019158 -0.012321
1603574.954720 492.327757 575.741988 -0.016939 0.004954
706735.606634 787.765744 184.432092 0.005226 -0.003787
651319.147391 39.898893 362.470070 -0.010784 -0.012368
1573016.600485 398.460464 411.470003 -0.019897 -0.007685
1998835.487291 607.523912 229.985699 0.008381 0.012770
1445522.677826 344.849974 246.181937 0.003482 -0.003643
1207599.107738 311.296024 14.980789 0.002532 -0.001348
1297106.122271 733.706815 269.849050 0.018171 0.001909
1709409.523620 225.373344 358.931333 -0.001618 0.000457
1579454.636005 196.687255 6.004302 -0.000959 -0.009973
635151.660366 380.441859 5.244939 0.008021 -0.012580
1657542.871152 338.167860 369.061959 -0.010413 -0.019599
50074.195513 673.940639 239.505022 -0.017992 -0.003739
1728956.987955 558.693207 193.785934 -0.007454 0.006123
1741304.677791 135.041493 562.042381 -0.001258 0.005083
896425.988943 206.817020 524.727753 -0.001642 0.009355
248631.410417 620.599781 125.804708 -0.014677 -0.000942
789536.960791 769.386624 539.446108 -0.019593 -0.011932
1819863.026878 28.432098 26.356947 -0.007621 -0.016551
901731.744829 139.303164 470.679939 0.010947 -0.000472
878442.611954 515.235969 393.621196 -0.004974 -0.015493
569936.175165 658.779006 222.748100 -0.013648 -0.008689
212161.644461 226.522029 35.228361 -0.007364 -0.003271
1070836.321949 568.382076 227.902903 -0.002617 0.008851
1162154.364009 276.113009 454.446420 0.005039 0.006165
1685995.778854 61.443027 497.183796 0.005397 0.014020
631794.399876 53.882318 296.578376 0.018920 -0.002285
