120102.793966 630.445834 121.650505 -0.006094 -0.005543
269277.329682 300.146903 156.114569 -0.018270 0.015155
1260731.205931 302.166208 191.734707 0.013074 -0.002965
973263.179405 632.849334 572.958381 0.008509 -0.005933
1683880.506867 289.324841 229.364069 -0.016829 -0.013039
1760997.696668 175.332365 580.556630 0.011718 -0.019825
354965.669268 682.000879 474.680920 -0.004788 -0.012024
306862.422408 412.031977 346.424181 -0.003482 0.002359
913598.742761 34.876349 562.500976 0.011131 0.014844
723511.401901 210.276124 397.658589 -0.007310 0.019062
27418.055584 127.030971 203.217251 -0.004127 -0.010467
1026719.971107 221.758245 273.077162 -0.000716 -0.017200
919235.655535 527.317590 552.921518 -0.009943 -0.018410
247720.705461 324.173513 333.625677 0.008057 0.012682
229642.751734 125.700847 517.039963 -0.017955 0.017208
1463437.116455 330.436016 118.867268 -0.004255 0.009182
349002.480669 325.706719 533.940624 0.001072 0.011573
253345.397419 21.839656 48.647023 0.003299 0.000364
301882.374241 33.337763 101.010447 -0.017038 -0.008248
417897.793659 158.277068 419.777404 0.010566 0.015940
1032678.423930 703.099335 34.425325 -0.004920 0.017246
1981626.739717 86.610002 206.279796 -0.012538 0.000383
148080.320166 290.956987 546.091143 0.018533 0.015047
1426235.401736 72.351548 542.550320 0.011793 0.006904
826207.458426 756.205253 428.413148 0.003253 -0.019251
17939.873048 632.985919 129.700304 0.008275 0.002232
229060.592236 178.769367 260.672453 -0.013031 0.003928
729567.630556 129.673206 425.736473 0.008412 -0.006055
424191.899795 625.567457 428.154699 -0.015132 0.009761
1179453.697605 667.592172 501.658950 -0.000320 0.005137
1017047.714916 724.967978 344.260562 -0.011062 -0.000460
1184883.571782 186.519126 168.299513 0.012313 0.017659
1669257.284919 738.090847 98.031926 -0.009276 -0.016702
1530870.404807 506.875558 153.179182 -0.001054 -0.006360
1211583.405366 549.700423 75.316278 -0.007253 0.012384
1741377.547263 727.123015 385.861822 0.008286 -0.003813
544004.606336 172.489068 185.204658 0.013859 -0.002453
1594854.852927 350.008413 402.422081 -0.016923 -0.010143
1223177.906695 729.613874 101.395195 0.010962 -0.013047
527324.168257 433.109130 487.757276 0.000767 -0.019349
312490.830343 99.778935 422.395909 -0.009491 -0.002645
1025907.483430 120.929438 211.984097 -0.013735 0.014347
1509229.653286 342.018516 43.641297 -0.017852 -0.009327
1023852.793045 688.250063 427.990832 -0.012673 0.017500
1918069.081343 635.329674 509.687448 -0.014823 0.002807
59433.087734 314.415047 67.808980 0.013721 0.016465
257531.464220 800.456640 21.819093 0.013282 -0.008785
961609.428265 277.139923 259.691799 0.013365 0.000065
582120.371322 470.137018 558.453555 -0.005430 0.006008
408974.288222 701.573309 306.708529 0.016788 -0.017655
899929.745542 700.393087 511.873169 -0.008030 -0.019838
849952.291162 263.250545 237.768667 0.001503 -0.013091
617567.269419 532.438171 103.649841 -0.006174 -0.000026
907629.657959 661.697150 506.955788 0.015489 0.006335
693382.430213 141.845841 148.648100 -0.008908 0.001678
1797970.130014 385.149142 250.815470 -0.003529 -0.004082
955435.349120 688.682376 164.069341 -0.006713 -0.013573
557659.864685 605.803279 293.370418 0.007019 -0.008249
1324351.926951 788.175912 575.653634 0.013357 -0.006814
917046.023028 230.723440 93.606109 -0.007871 -0.012922
1632997.046985 519.220370 212.425835 -0.017482 0.017115
1790149.784549 770.251483 244.907716 -0.007418 -0.004969
1613713.184192 632.264664 140.753302 -0.016789 -0.015067
791753.703166 288.460846 527.349035 0.015412 -0.018587
347958.385175 437.476992 12.091319 -0.014654 -0.004634
701432.257286 473.862361 403.232056 0.000317 0.015828
1693039.169392 258.760332 326.951188 -0.012029 -0.004480
944105.254926 76.251296 210.623675 0.015321 -0.003685
1451122.988691 550.533989 119.795906 0.018423 0.010765
644142.737912 285.103366 76.669071 -0.011897 -0.010301
328294.663843 300.397126 473.814175 -0.012236 0.000418
344141.964030 428.698371 60.653041 0.013712 -0.018294
1995072.262359 551.848284 220.567066 0.001694 0.015579
1509670.835691 11.269820 590.930063 -0.015732 0.015790
783939.521193 665.441591 349.997661 0.003552 0.011729
702233.533702 730.439683 89.204925 -0.000814 -0.015240
783487.379916 514.471744 295.150317 -0.012705 0.013081
1976.599918 282.239809 217.675648 -0.015857 -0.012091
812477.567611 80.904570 532.060049 0.010928 0.005788
1551513.418346 422.591717 395.066236 0.010379 0.005363
1106838.468046 120.863472 279.650043 -0.014524 0.009721
516376.429478 389.626055 394.124096 -0.003847 0.018703
1541877.001311 639.260487 366.853181 -0.009511 0.019230
877046.727052 210.890078 200.442221 0.012093 -0.005350
1062152.807164 166.485941 280.790364 -0.003291 0.019301
220503.739184 154.985460 306.023046 0.010766 0.018110
285758.867062 257.594370 62.762619 0.004292 -0.001956
1694852.848395 693.281518 566.734021 0.000224 -0.009189
1823523.613542 219.364893 44.341996 0.000914 0.001470
109429.840049 768.331013 479.980170 -0.004455 0.010491
331166.874772 736.316985 582.294479 0.005305 -0.006536
1904142.131984 594.117775 318.585792 -0.001579 0.000437
967910.745632 483.282148 499.350831 0.003524 -0.011505
581591.096978 348.507773 47.973763 -0.010639 0.017508
706572.319710 118.007288 128.326710 -0.002990 0.006851
1499518.371885 385.524210 378.703992 0.001969 0.014858
785875.055374 571.578766 474.438415 -0.005463 -0.006112
257524.722376 252.918902 54.313753 0.006449 0.011175
1201976.699383 114.844464 228.856196 -0.002624 0.009281
1186503.038363 579.991669 101.687074 0.006837 0.018398
215485.423904 20.145533 64.857592 -0.007125 -0.001905
1555844.913030 56.664480 560.814154 -0.003692 0.004794
1610655.802121 641.078254 200.432073 0.003841 -0.013394
1363983.919548 580.511017 288.355771 0.010878 -0.004604
515601.680854 298.483367 317.553762 0.005555 0.012254
521772.659627 185.460629 319.430883 -0.002817 0.016130
984056.433190 429.771593 558.265346 0.003575 0.013750
764465.851134 302.272447 557.956157 -0.007324 0.011441
1098768.237559 98.096278 352.851713 0.014709 0.008826
1505133.839094 452.590063 265.910488 -0.010730 -0.006507
1656881.889169 392.784126 426.054850 -0.005654 -0.014817
1035409.796534 493.684896 216.497656 -0.018011 -0.018105
532033.862794 432.535289 350.052509 -0.012177 -0.014337
885049.308131 462.134576 312.291173 -0.005110 0.015770
611963.250959 737.484394 10.327642 0.015709 0.012223
1469794.933437 516.468779 223.478303 -0.012511 0.015550
1419313.830053 5.406985 222.280729 -0.003148 -0.005437
1001399.715897 751.140013 589.731641 0.014485 0.019454
57920.523946 103.023429 316.953583 0.004556 -0.007024
1340168.589419 44.155695 541.176805 -0.012386 -0.002904
1593328.125585 396.948674 209.068967 0.012541 -0.004444
308175.125303 438.493065 21.518244 0.000945 0.009115
1829796.170737 187.966701 440.267904 -0.008569 0.006237
194622.977727 628.523351 356.740582 -0.016826 0.005967
1163384.351490 85.900754 466.826794 -0.015360 0.009151
203536.384834 623.665769 466.829859 -0.019844 0.018800
408990.508136 640.524954 279.606466 0.002358 0.004623
1709918.606891 566.367042 96.719859 0.015727 -0.010628
1776676.395804 644.326565 280.406135 0.004800 -0.016385
248411.979642 575.558258 526.763548 0.008746 0.011925
1052401.075630 239.829528 543.594559 -0.007838 -0.003544
1254879.329007 324.267814 114.422256 -0.003751 -0.003578
322021.593490 487.266535 125.487605 0.002498 -0.014780
1647379.426121 386.042052 521.458305 0.019419 -0.005114
204691.412954 699.167385 106.326302 0.002798 -0.000171
536197.156895 555.379039 128.683283 -0.014197 -0.003473
25648.950611 537.818801 428.686645 0.016681 0.018955
247729.502734 436.912728 229.089181 -0.007402 0.018032
1580350.309415 379.940830 335.320186 -0.020005 -0.015901
1443766.372951 659.180471 350.982925 0.003675 0.012386
1912564.341869 554.391152 409.569736 -0.014671 -0.009431
357511.299829 321.132075 575.512582 -0.004395 0.001847
744693.135258 324.431440 130.865502 -0.016552 -0.007014
387589.365424 167.783510 523.071163 0.002986 0.000957
1645202.005117 291.639376 -0.088224 -0.004713 -0.005369
205411.871060 83.667489 113.488164 0.007503 0.007839
1996032.971887 514.854061 233.863303 0.007500 0.010488
1306804.762830 688.097810 106.673274 0.004501 -0.009858
1450619.077985 788.473811 395.173263 0.017723 -0.017181
1969754.747101 110.569007 168.395754 0.013672 0.008612
1609086.544071 543.785807 45.562950 0.012192 -0.017518
883645.576836 726.114634 99.637785 0.005603 0.003661
1722771.757153 502.486944 142.316511 -0.009972 -0.007566
28763.775727 722.736791 101.803861 -0.012029 0.000524
845989.907554 733.861506 301.250852 -0.016737 0.014426
1143645.596292 54.467494 600.270814 0.014088 0.016932
1423342.375748 525.622823 361.923131 0.011496 -0.001568
1329764.171191 184.804536 221.686144 0.013244 0.014446
1926056.274178 553.282153 294.306174 -0.011998 0.017720
1598411.507718 172.676429 507.834550 0.018769 -0.003697
726058.746095 313.972914 195.457102 0.014556 -0.001022
375371.614646 348.455055 324.858972 -0.012619 -0.008600
932014.105344 718.478441 567.031245 -0.017163 0.007181
811741.037672 587.724596 550.822466 0.010982 0.002629
1557690.799962 589.719716 154.822573 -0.009263 0.017512
399385.155365 53.413172 91.308686 -0.018137 -0.018554
1122038.441301 327.991882 256.626788 0.015484 -0.009102
1805346.826001 59.628411 425.562852 0.003725 -0.003823
1995636.369100 729.089565 96.980286 0.017697 0.019388
1695958.700821 279.022598 427.933134 0.010645 -0.015089
558004.577904 435.819793 516.663453 0.001456 0.012507
1597187.265566 589.204394 528.747428 0.018083 0.011278
1833981.536251 410.072926 114.671205 -0.006182 -0.003994
929917.220459 197.866453 284.796167 -0.013166 0.007586
1471826.909795 138.542355 361.325099 0.015868 -0.015403
1165988.196230 595.256901 277.974711 -0.008171 0.000418
1172216.120722 460.791997 32.467420 -0.002188 -0.015484
1736107.381869 196.414247 508.290775 0.009949 -0.012164
1259741.624473 532.956815 425.198146 0.012848 -0.019575
218963.730251 229.057353 155.202729 0.003360 -0.001602
1902503.935575 255.768830 379.620672 0.002180 -0.011341
1496596.111682 109.472832 576.197540 -0.011554 -0.002654
941537.357374 638.174838 5.949300 0.001063 -0.010198
245239.558744 315.705527 293.064606 0.018817 -0.014291
1372376.816986 480.126981 484.764014 -0.004173 -0.003135
1637971.852737 403.781640 424.076619 -0.016998 -0.016360
337179.376901 23.616057 245.380997 0.012127 0.003346
1249672.392965 440.308297 432.767929 0.003384 0.010450
310196.676436 44.408525 335.799875 -0.013363 0.003293
1607296.809371 230.291136 585.073966 -0.008242 -0.009697
236307.595035 783.863841 515.242998 0.017039 -0.004969
561161.337682 596.878037 528.759869 0.019461 0.012914
1939371.158341 125.356611 511.835610 -0.004856 0.018361
870700.636353 2.166336 305.573045 -0.013729 0.003549
541779.813609 249.358291 386.789069 0.013254 -0.000893
453110.709066 506.803467 459.555482 -0.011925 0.017067
47266.968548 256.835670 543.264250 0.015296 -0.010180
562186.379247 130.125135 594.672126 -0.013530 -0.013972
1629854.769274 105.273661 185.087906 0.006685 0.000385
534606.907766 82.208242 307.507277 0.011062 -0.009664
203362.833803 38.161171 342.187805 0.009826 0.015196
92345.910190 778.777537 306.551183 0.012425 -0.012993
877177.283576 667.589472 297.633282 -0.006207 0.008683
1484435.888699 500.885446 528.784660 0.009363 0.011485
64404.659935 439.033889 550.785355 -0.006328 -0.011428
856791.879449 486.977648 190.812018 0.017642 -0.004618
1153201.109335 34.026889 259.377713 -0.014218 0.011647
618554.387530 154.216083 456.794391 0.012844 -0.019880
1875266.974734 207.530985 502.998807 -0.002698 0.004176
1111007.126566 140.239425 138.470615 -0.002546 0.016414
34336.430968 375.292051 275.403769 0.017280 0.004643
1349224.196444 292.031828 249.919691 0.019699 -0.007781
1602661.077679 455.231230 209.574453 -0.010654 0.008568
276647.354605 434.346163 544.467394 0.016313 -0.005535
1822198.850020 671.078477 373.310795 0.009946 -0.009123
453696.245539 243.697216 268.544140 -0.001701 0.009686
713133.517985 379.522186 125.397961 0.012604 -0.003604
36437.158490 391.739143 464.287851 -0.002848 -0.000599
159010.190591 189.123825 31.269688 -0.002850 -0.001203
1535456.720523 453.542747 6.992105 0.007009 -0.001258
749811.288319 469.954657 183.274902 0.019861 -0.006536
1154889.427663 178.915557 384.534175 -0.019001 0.007219
762647.938338 304.949703 92.591500 0.003625 -0.012140
1129345.827331 486.773697 410.972447 -0.006519 -0.018304
337378.635228 334.038693 168.758987 -0.011170 0.013863
1499918.929068 791.240963 248.001900 0.010373 0.006626
1760744.261444 108.842004 149.905089 -0.012553 -0.014666
1172923.453698 610.544343 215.596885 -0.010950 0.011542
79642.974809 486.189516 101.073859 -0.012201 -0.012035
730713.756164 606.990643 483.968025 -0.017944 -0.016077
1702955.846536 175.532226 309.555205 -0.014695 -0.002382
724785.897287 705.905788 257.913228 0.011045 0.005763
187236.443249 524.364738 468.582135 -0.006229 0.013670
1828784.213322 744.292457 362.883452 -0.009335 -0.013316
787390.226865 250.390528 459.585689 0.002484 0.000249
1929498.061505 742.929430 160.996505 0.010674 0.019215
730520.102536 499.533412 120.119202 0.015207 0.010539
1281053.293162 194.380003 381.909459 -0.017202 -0.019249
562426.321470 130.333730 404.883890 -0.017510 0.000275
1033437.869061 780.113786 262.892657 -0.015118 -0.010083
1192859.900739 412.606007 336.460028 -0.005500 -0.016835
138898.690296 261.487009 3.670038 -0.006514 -0.015996
1973181.982512 561.117400 434.025223 -0.012563 0.003321
957790.512106 660.850246 496.729036 -0.015326 0.015869
1692076.045876 318.210229 36.210759 0.000831 -0.001627
1136829.509929 29.361925 260.482896 -0.019557 -0.013627
1367539.427880 482.510648 406.144997 -0.010181 0.018667
1509350.044424 252.319740 176.072412 0.010411 0.006107
785056.476847 598.111706 212.736205 -0.015367 0.017393
1873643.585422 476.049378 457.020613 0.010547 0.008433
1315983.134935 488.166993 64.802317 0.008792 -0.014726
1135951.929323 228.797532 100.639937 -0.019858 -0.008256
656102.584980 548.649065 539.138120 -0.019843 0.017280
1727078.126616 606.379930 148.298351 -0.013753 0.000834
1797488.349396 438.997688 161.372045 -0.009887 0.006604
406141.346510 151.942577 156.319377 0.018575 0.018123
1941231.998588 497.245350 337.434229 -0.016816 -0.006383
1386830.762674 518.450243 376.746747 0.014460 0.006001
1843128.023596 152.177365 201.778801 0.012783 -0.012241
538331.757550 546.163332 571.743521 0.000656 0.013541
944807.663069 332.348315 233.323858 0.009393 0.006579
106756.882792 754.981382 514.440738 -0.007542 0.016345
1618777.323337 226.615124 318.185518 -0.005092 -0.005280
1742666.514471 52.446543 6.824729 -0.000037 0.017109
1321460.731012 337.055710 69.754529 0.019892 -0.010395
620834.287545 213.190799 553.755419 -0.009475 0.011300
1523195.320518 587.478332 118.890662 -0.014013 -0.000945
1731081.362688 163.081045 252.009736 0.008909 0.000660
656632.629529 425.608964 480.452501 0.014355 0.016126
325566.043298 583.763917 581.086262 -0.013078 -0.010854
1792559.657149 666.456489 390.234342 -0.019489 0.013228
1778465.217808 259.267940 59.240587 0.012389 0.003522
1763427.173609 457.894455 192.946725 -0.017653 0.009760
1593951.392730 755.978903 556.229344 -0.011310 0.006624
886016.743670 435.861231 119.184306 -0.010378 -0.003816
204796.643092 323.906981 80.788603 -0.017156 0.003006
727276.621725 773.549269 248.283632 -0.019616 0.019127
488690.041233 721.785992 182.971191 -0.006269 0.008563
1781116.410057 179.278876 172.002886 -0.011481 -0.007824
20635.784613 7.465938 149.606202 0.017498 -0.010971
1834876.302553 303.467167 462.652810 -0.015334 0.004943
350019.654422 174.694972 16.782940 -0.007613 -0.008382
1214501.650638 537.835165 155.038816 -0.019201 0.007490
477760.385944 211.502071 353.482034 0.001762 0.004278
605806.972182 347.243495 499.264991 0.003596 0.005797
272576.070518 480.116223 392.502996 -0.004564 0.001517
1759240.741729 243.165528 550.280476 0.005991 -0.003269
1080301.612187 660.443668 382.713660 0.002783 -0.014593
1857771.559552 140.253084 484.402977 -0.012485 -0.012183
988850.145130 340.015391 276.713297 -0.016670 0.018754
134591.829094 309.525226 242.440833 0.015989 0.019028
96963.198901 28.568903 345.842613 0.008271 -0.003141
227820.812831 465.104934 434.823308 -0.018761 -0.010709
290631.014058 457.497033 34.332852 0.011470 -0.014487
385931.693197 569.627932 190.052504 -0.020016 0.015995
1023297.854244 396.989920 195.401124 0.018837 0.003245
589125.026292 31.519313 579.579483 0.007943 0.017463
1882412.602139 596.840919 584.022268 0.000690 -0.002091
790218.714061 504.838635 18.689857 -0.015186 0.006548
526777.357108 212.349847 139.968008 -0.007116 -0.017990
748590.766801 411.784183 457.608471 0.007593 0.000596
1324791.236466 162.096753 6.050860 0.019524 -0.013037
1179151.767483 226.029975 128.222570 0.002194 0.019224
301466.356172 396.080148 434.932527 -0.014990 -0.019500
349183.755158 415.060529 387.334865 -0.011767 0.005618
616335.581344 375.063510 543.700508 0.001719 0.011554
1910511.639859 733.719264 182.905494 0.008700 0.004281
1640005.631205 304.693774 485.031543 0.013277 -0.005331
1964468.728734 335.909488 391.026324 -0.012192 0.018995
1261209.360911 276.259224 282.376430 -0.005746 -0.001175
968463.258337 424.450622 593.799881 -0.014825 0.009429
1257770.379660 350.154812 123.855434 0.001283 0.019258
1991034.577596 391.440787 537.731507 -0.008004 -0.011730
1007596.648767 95.850609 353.324632 -0.006760 0.017918
1912045.142572 235.924657 222.804096 0.004268 -0.000413
692628.538559 190.167439 501.195835 0.009295 0.003538
609848.141023 240.710247 74.939577 -0.008223 -0.002769
1723251.459991 737.751416 520.949125 -0.017347 -0.001709
1696924.347289 50.311005 567.990759 0.009828 -0.005564
309029.791648 199.653271 289.701902 0.009641 0.002349
867302.640745 559.124502 513.548393 0.012180 -0.007818
691843.061099 120.623339 326.007765 -0.012847 0.018647
272265.500516 388.452741 162.133896 -0.009547 0.011205
1400582.436193 98.351339 421.350626 0.002962 -0.012318
320566.674844 333.139647 150.875167 -0.015710 -0.013504
1229627.376064 208.860323 246.279772 -0.016054 -0.019852
1946485.269790 424.981806 421.344855 0.002953 0.007949
15066.369444 140.489302 292.307446 0.002007 -0.005756
911695.870064 549.063309 506.147504 0.009040 0.017876
1245159.992597 340.343282 42.655418 -0.006491 0.020176
519428.529087 388.673326 247.004713 0.000375 0.003842
1147820.552414 102.076113 512.525181 0.019418 -0.011048
1717933.562453 767.090238 453.657254 0.002488 0.011466
183230.377819 455.314551 577.806705 0.003167 -0.015291
640928.558372 27.514108 483.210320 -0.013457 0.010312
1503776.668340 628.921187 111.138009 0.012848 -0.015533
360957.489517 65.367648 358.305425 0.003700 0.003720
380073.533570 132.051081 431.674262 -0.018224 -0.014013
1889061.825298 723.351109 66.023185 0.008010 -0.001349
1796955.322752 633.764191 20.417717 0.014485 -0.005169
306282.549308 146.893039 243.194173 0.018353 -0.006186
332156.324914 567.625329 78.911609 -0.005926 0.001309
485168.456326 426.601083 367.389637 0.013129 -0.014901
413343.113108 24.253921 173.691476 0.017098 -0.017010
883643.182406 697.239913 587.081010 0.002074 0.002816
887249.075289 360.302404 217.549350 -0.000900 -0.007449
1467432.667253 504.377570 297.487486 -0.014411 0.003560
1682910.725327 245.028920 179.482320 0.018963 0.006315
1660796.624450 172.310859 113.597673 -0.002238 -0.017774
629926.086697 520.339543 50.875048 0.004194 0.003107
318150.466456 37.308303 269.316254 -0.013918 0.003926
40123.955365 464.642778 29.155516 -0.004726 -0.017536
724761.667999 93.923382 413.692478 0.014322 -0.009794
558074.092752 559.662689 337.229563 0.003109 0.006879
438651.350531 326.436580 533.188795 -0.004090 0.014472
1885724.248311 579.060081 300.981835 -0.018901 -0.006821
158400.153815 149.279998 226.142999 0.001138 -0.006993
1952982.963972 437.665165 543.556230 -0.018955 0.017270
1927788.328346 310.990681 28.306229 0.006193 -0.010099
607879.136041 746.886008 567.559407 0.014626 0.000459
1236504.919471 67.944408 551.393155 0.000253 -0.000260
1541570.438790 358.843354 131.506331 -0.009114 -0.000964
1098586.873663 282.196194 398.306357 0.017056 0.015186
1973812.054831 723.012390 257.239177 0.015654 0.017377
717421.361579 684.462207 190.607680 -0.003733 0.000393
1128238.588166 568.339574 265.700167 0.000398 0.003052
1906900.824936 103.135361 396.737897 0.014909 0.005392
311031.282093 514.418644 50.557120 -0.004975 0.016672
1119457.958787 738.856716 161.318728 -0.010800 0.013998
295815.608602 167.790477 451.691519 0.003009 -0.015971
1365835.790227 746.801401 574.094697 -0.019991 -0.006425
933742.419320 452.319186 30.157208 0.016409 -0.016969
1254474.420685 690.093065 122.123125 -0.008478 0.009410
1674721.783807 355.517899 227.640742 0.016824 0.012740
589441.845468 384.404766 445.756709 0.002554 0.008112
1186208.380939 568.341518 547.330848 -0.006135 -0.008545
28320.921598 24.453278 131.774820 0.018873 -0.018781
1123059.363627 350.731305 356.806206 0.004396 -0.006056
1339490.994503 192.514947 126.479361 0.014918 0.001154
1892333.765464 567.840663 583.282693 -0.007171 0.005333
1580513.963280 495.691207 66.266040 0.001251 -0.012672
1628540.167412 100.971169 535.781293 0.009076 -0.001112
358744.990248 592.772681 301.742631 -0.004031 0.008493
1065496.480589 768.770153 90.529319 -0.014923 0.002946
996930.964755 638.302855 488.857134 0.008372 0.006814
685065.261407 524.034235 228.880908 -0.007612 0.019157
22284.613001 83.185068 360.039944 -0.014860 0.005155
1564209.169505 749.506815 458.126050 0.006977 0.006547
471659.941818 683.934913 242.482415 0.009526 -0.009794
234378.384535 216.478043 129.572924 -0.009241 -0.004023
1581110.075852 613.238010 117.739424 0.004191 -0.000956
1733102.233956 757.618867 78.232144 -0.010143 -0.009503
222272.466972 206.740085 219.706920 0.008450 -0.004770
7593.072023 394.770865 189.720233 0.010714 -0.013172
1961038.188991 2.078293 13.921523 -0.004572 0.009658
554464.627316 401.917043 7.595252 -0.000263 0.010853
821613.773155 227.321790 322.541108 0.004017 0.015591
24485.756655 378.425967 502.118704 -0.014265 0.008811
196372.594776 203.400314 587.815650 -0.001421 0.018554
718005.964867 374.989494 274.573361 0.007045 -0.010234
1252709.545778 525.388936 142.286562 0.005949 -0.018318
1958473.456073 741.664613 326.353116 0.019628 -0.003221
628831.249023 322.148249 421.501958 0.014051 -0.019641
1185057.482303 690.569833 289.014752 -0.002868 -0.019719
406775.272641 421.219492 157.165892 -0.012866 0.019461
452064.211691 433.067899 275.698666 0.007352 -0.011349
1391094.198167 249.075799 524.707010 0.017247 0.018322
1830316.959801 730.326617 532.060738 -0.001630 0.016137
610994.441719 618.268716 183.972210 -0.019658 0.004985
631021.334152 481.732504 292.222150 0.011850 -0.018602
989235.750860 1.728122 334.135039 0.010250 -0.012653
1098658.789461 784.501947 435.080481 -0.019654 0.006629
1883467.686308 564.455273 585.980311 0.012764 0.005421
1871849.530317 584.724291 330.618992 0.012870 -0.012437
911993.535660 102.173217 577.477494 0.010560 -0.014587
1176139.691461 61.690884 443.343793 -0.016935 0.015024
1537174.407177 456.397463 526.498191 -0.006940 -0.006933
123261.179832 700.824141 185.147231 0.011648 0.015022
1946848.674653 583.113416 354.079743 0.017982 0.001714
457599.283409 708.920402 164.483993 0.011213 0.008296
926562.791190 189.182947 501.515409 -0.000345 0.020166
1942178.605097 12.006960 45.465299 0.008394 -0.016362
1905775.863633 382.632471 397.390904 0.013266 0.012158
1975712.466974 713.647515 407.921326 -0.008294 0.007167
1128937.655654 214.713221 243.763769 -0.013884 -0.011220
1900458.380534 306.262045 62.177272 -0.011060 -0.013427
1623668.112617 549.941419 239.700229 0.005850 -0.015466
798515.523224 494.064859 76.802906 -0.000974 -0.006938
438456.544857 343.609387 482.353301 0.015137 -0.009759
1216805.763178 694.672795 90.771801 -0.008495 -0.013401
1661706.700764 681.503476 259.275148 -0.010494 -0.019713
1303971.794110 150.752452 233.960465 0.010273 -0.003517
1107963.914568 455.199925 59.048652 0.018170 -0.011404
425643.800956 282.670141 499.885870 -0.007149 0.013654
318262.858465 448.999919 154.994042 0.018563 -0.002287
1036196.117772 457.844121 186.502776 0.006831 0.014569
948553.069005 401.367316 427.648257 0.016384 0.009399
1438074.149861 447.076839 555.809410 -0.015623 -0.007545
677338.477540 530.438147 530.634352 -0.002499 0.004694
197747.041563 521.040155 583.365647 0.017225 0.019654
1601492.672973 71.697384 330.728476 -0.017640 -0.017815
1987075.958395 461.570821 375.253923 -0.007829 -0.010062
971748.938305 621.842769 449.331069 -0.012076 0.007406
974474.447302 733.573834 146.272341 -0.003450 -0.018919
1121549.802423 602.070260 413.239937 -0.002207 -0.012394
613932.794246 434.710927 504.553056 -0.008858 -0.001009
1665525.531241 62.933027 338.740094 -0.004502 -0.014526
1238773.710671 302.479131 429.469668 -0.010181 0.007292
1925637.924078 585.300487 276.534098 0.008454 0.017200
290519.337305 158.662598 508.028204 -0.004371 0.004494
1745488.432117 760.810461 218.983732 0.002452 -0.004199
1111265.337612 695.178905 563.262046 -0.004247 -0.013909
829182.160473 184.160504 135.836196 0.019228 0.004580
728391.627189 478.921439 596.218353 -0.016871 0.013681
1349985.243450 33.403100 345.964797 -0.014523 0.010164
1010733.056353 223.922353 571.539510 -0.005916 0.006796
1129411.861826 180.244989 373.112502 0.017216 0.011485
33999.050983 389.087632 394.071071 0.019800 0.015369
1606354.705806 296.284146 66.718105 -0.018786 -0.005951
1451822.744427 315.104785 570.281074 0.008763 -0.001016
1590584.168020 314.874191 309.306540 -0.005147 0.001141
538209.161040 700.964130 484.948069 -0.011158 -0.010863
958317.440449 628.239347 272.141374 -0.015991 0.008648
479655.517489 94.428437 120.288097 0.015854 -0.017019
167238.956395 558.711561 267.368314 -0.012169 0.009130
1592486.357127 737.194162 73.228733 0.009852 0.005629
1189583.299304 433.115684 20.791791 -0.015542 0.016574
1124831.962923 303.295426 474.177920 -0.005188 0.004009
37146.621401 680.316131 232.585448 -0.001136 0.018051
205026.889315 568.909403 41.040026 -0.007885 0.004310
284161.461650 310.191329 183.788505 0.003492 0.003345
68690.410847 306.258746 301.780720 -0.013747 -0.014787
287411.349028 600.246703 403.846821 -0.012906 0.014460
1171263.018237 591.689567 143.730734 -0.004980 -0.015516
1682127.158941 315.042581 577.434547 -0.010877 0.014534
1824708.168313 264.809174 346.620096 0.019213 0.005359
369206.509725 98.058007 13.335434 -0.000372 0.008409
1208981.916871 419.519033 56.154073 -0.015653 0.007263
446720.970071 202.153513 259.106619 0.015806 -0.002834
586212.983628 385.039481 102.040040 0.001337 0.014300
560717.814863 299.333911 150.867907 -0.010347 0.004137
234257.601311 123.682300 558.978896 0.007801 -0.014622
1133248.557864 703.421439 154.239918 0.003534 -0.005183
1934248.125150 153.683163 536.680832 -0.017570 -0.007942
1152133.833222 226.250296 331.463508 -0.019688 -0.012961
1965200.129880 240.466319 396.766639 -0.013852 0.013369
1034901.121182 346.136753 125.842034 0.010855 0.006895
1623246.405098 708.967519 497.143646 0.009748 0.003208
1926329.093951 248.188838 276.210827 -0.011181 0.015961
1658576.383096 150.430868 54.820412 0.008980 -0.010068
786221.519479 240.835830 318.702050 0.017797 -0.007692
1421758.733421 742.938816 365.134400 -0.004873 -0.017251
888519.625593 711.280631 307.980847 0.005957 0.006183
374128.679919 371.511536 325.575977 -0.019384 -0.011600
247207.860577 783.007804 311.604861 0.003290 -0.012047
838233.393076 329.882806 231.582673 0.000686 -0.014366
1269501.125100 722.860375 262.604490 -0.015077 0.017571
1490342.234955 701.591835 467.264196 -0.005835 -0.010058
1720173.599068 638.994727 82.418124 -0.005130 -0.001864
1589947.016719 447.853064 550.775853 -0.006487 0.003088
254199.274003 369.698476 331.873182 0.005907 -0.018213
1506623.924480 52.503087 274.449599 -0.014405 0.003088
1187558.641279 619.243580 289.495756 -0.018790 0.017647
663885.182079 620.080960 490.569307 -0.015549 -0.014782
134186.233456 776.696471 557.447207 -0.011857 -0.006224
763995.101100 799.354408 542.479370 -0.008042 -0.006502
960104.740672 340.865510 479.219060 -0.018596 -0.016990
1689167.128731 629.751891 84.745041 -0.007893 0.017123
1435140.350571 716.067519 422.087941 -0.012035 0.017046
1287450.956780 425.351152 421.277944 0.013916 -0.016231
1664884.491668 423.787574 368.521022 0.010606 0.009327
1916152.068375 115.596858 439.952266 0.014390 -0.002283
142374.806172 274.616387 522.154115 0.014831 -0.004934
1889104.925044 571.783341 97.964716 -0.016678 -0.019293
184043.514628 642.311947 547.035747 0.011781 -0.019923
1678137.485719 350.656044 320.009256 0.001609 0.016064
349432.717240 299.180787 257.329664 0.011510 -0.014616
327130.583267 597.712741 167.690053 0.015868 0.004361
1445781.852792 774.637306 571.469184 0.003719 0.013539
657045.848974 430.376413 332.833969 -0.000287 0.004921
1143416.638087 467.918995 254.942100 -0.000620 -0.004815
853229.746620 259.547892 491.121163 0.018361 0.014556
1436276.935710 106.525026 143.480795 -0.014037 0.016964
747046.145027 249.348685 400.757457 0.006108 -0.011819
555282.349025 300.145742 106.550500 -0.010822 0.018768
31011.744417 446.365306 303.618276 0.002805 -0.017978
259713.421697 113.400417 381.572927 0.002210 0.005062
30230.289339 785.778370 570.534046 0.013292 0.017686
1629124.594680 440.147696 44.947249 -0.017898 0.007951
1993199.337271 341.227249 5.562723 0.006603 -0.016799
437214.899080 754.129345 272.341451 -0.004233 -0.013119
847463.854052 329.089949 438.656415 0.017219 0.019223
1561464.248021 48.404669 73.493794 -0.003327 0.004604
1496915.452879 345.484025 358.077863 0.008010 -0.009431
1076064.875850 410.473387 489.258729 0.004503 0.002600
1028186.607653 487.303558 594.813998 0.000936 -0.009076
141764.248787 594.383443 129.782201 0.000998 -0.014460
778578.041484 758.890180 329.727053 -0.015270 0.015194
1058486.954802 720.215909 564.177172 0.005876 -0.007149
1112790.978101 319.464702 448.201198 -0.013855 -0.016075
24501.685065 553.862110 366.426909 0.013089 -0.007839
353571.678676 272.844564 548.508090 -0.013265 0.014612
375264.103699 191.503785 365.698762 -0.003807 0.010613
1493884.026769 634.961581 429.177089 -0.008203 0.016524
1188817.119779 659.935914 487.977242 0.001402 -0.000917
259519.063057 73.731227 525.402635 0.015140 -0.010170
1949033.547169 712.065316 562.505895 0.003467 0.008708
482529.103981 609.495300 36.048179 -0.013824 0.017262
1850091.109914 273.838149 102.740223 0.001393 0.009866
1871495.037280 224.911250 324.737047 0.006168 0.002904
908785.677938 195.283937 241.197049 -0.009276 0.011216
1755362.652128 318.350218 522.372503 0.010157 -0.008998
232765.271437 582.143911 98.817549 -0.018082 -0.007263
1765166.354256 236.334206 45.886524 0.017674 -0.002001
15434.920795 692.933540 474.764870 -0.012880 -0.004001
1077013.659792 90.728061 409.283953 -0.016807 0.010600
516053.778360 427.385162 5.655085 0.006387 0.012116
1576709.125925 429.869176 119.232782 0.006422 -0.008345
948767.654108 620.890965 12.123297 0.005594 0.013201
667159.362075 417.543975 74.305608 -0.003590 -0.001438
1146380.339352 334.126989 198.420103 -0.005359 0.003860
1462269.868451 722.438726 426.908088 -0.003574 0.019258
949273.004639 536.533331 309.798768 -0.000658 -0.006831
636841.273232 217.402613 520.874918 0.000693 0.017241
316267.470045 793.159472 424.434153 -0.012932 0.005300
1072709.865436 409.151080 92.733900 0.006414 0.016876
1234697.917120 187.392624 203.670925 0.017926 0.003941
1871003.135047 543.371248 300.256779 0.005842 -0.016341
968257.898916 95.753120 457.540116 -0.019822 0.004234
184803.100389 256.047906 525.846217 0.018306 0.013470
1613704.762242 94.156688 497.056498 0.000561 -0.008177
920804.219749 40.397567 484.139296 0.004819 0.008326
1455508.939668 184.477376 565.986267 -0.017312 -0.012833
1084419.887087 1.358453 515.083422 -0.018225 0.005932
1899527.167855 422.453828 461.401889 0.008457 0.001119
745706.753221 643.246214 509.058137 -0.010122 0.010546
1369434.811813 44.294358 529.116442 0.000570 0.002788
353913.564400 779.876876 371.868810 0.019289 0.003537
660308.989072 568.592943 491.991901 -0.009051 0.011119
1997036.600484 653.618847 468.850769 0.014265 0.014407
857968.969670 644.715687 232.638193 -0.012092 0.000743
1832483.595159 456.999171 194.225260 0.011482 0.011966
174050.590104 359.672650 525.402863 0.018765 0.018482
887791.815627 115.946817 561.338162 -0.017436 -0.014855
1048845.100705 314.688683 504.343656 -0.006251 0.006691
1236598.032171 273.693134 290.129382 -0.004030 -0.012084
688449.854352 662.619406 2.561004 0.009254 -0.018943
1047717.716101 519.001327 357.824724 0.013909 -0.003486
831685.772553 746.814570 517.157843 -0.008444 0.016121
1646809.537731 587.837761 29.384100 0.010386 0.011936
354697.854423 226.730131 115.049586 -0.019280 0.005145
1718570.137265 508.453661 581.541576 -0.006282 -0.018640
338487.908402 549.752933 517.451440 -0.013001 -0.003244
1776805.868268 558.745098 40.753386 -0.000616 0.001841
960078.654327 720.431815 287.087704 -0.006726 -0.012508
763596.911339 131.464811 555.959971 -0.002758 0.017011
1446903.674606 486.528729 125.283597 0.017205 0.005308
1673049.761761 619.774821 155.961351 0.012224 -0.015281
591079.477496 780.387100 482.799963 -0.013702 -0.013983
450261.526019 36.953166 509.520339 -0.008250 0.001256
788880.985598 618.903936 258.876711 0.014937 -0.015426
1247242.441982 204.413125 167.345481 0.002012 0.007425
405506.701397 218.037648 175.346302 -0.003534 -0.012386
1835863.754077 197.789764 576.465898 -0.012855 -0.017842
159031.381905 379.956202 18.596659 0.015403 0.005320
362722.217274 87.449174 407.252883 -0.018575 -0.003767
420997.232395 340.142765 105.357354 0.005840 -0.007798
580167.091722 213.267611 332.829690 0.002796 0.012598
479025.265425 617.100987 52.611023 0.001289 -0.012678
552036.800679 359.960744 258.401222 -0.010472 0.005084
969986.005207 253.890123 61.646737 0.000781 -0.011944
1471710.388303 557.518480 187.772588 -0.003396 0.009199
1430984.936390 500.800447 91.159650 0.015648 -0.009262
902052.609670 144.620444 321.126476 -0.019783 0.010003
700700.571156 195.541507 313.289188 -0.002450 0.011063
1408199.004553 571.322089 137.064503 -0.014611 0.018114
1713095.736556 496.207022 161.455841 0.018416 -0.014609
944491.339356 557.056283 498.781626 0.011375 -0.015567
1119457.834922 400.426259 441.443222 0.008484 -0.004364
8319.607940 130.628817 343.545844 0.001562 -0.013272
647061.014849 711.792737 247.426715 0.013811 -0.006831
379545.065751 439.200971 25.866599 -0.003337 0.007320
1990576.603445 218.655905 181.485053 -0.009385 -0.010675
876473.971119 589.655236 557.748830 -0.009187 0.000888
80381.552726 664.508274 13.442859 0.011025 0.001699
828036.629980 624.941553 423.095724 0.019518 -0.007190
1747623.103553 248.415164 124.496936 -0.008534 -0.013745
1072386.123739 381.193483 423.585946 0.003215 0.015736
777386.485961 459.600916 100.819451 0.007640 0.013592
801906.589792 103.779550 345.976163 -0.006806 -0.003949
197987.358178 296.018650 137.879754 -0.015158 -0.014139
1545926.498969 428.232380 556.351809 -0.000518 0.001212
492654.834172 281.826570 500.320373 -0.001112 0.005119
1978982.283724 792.910021 69.267443 0.007754 0.002820
17631.095842 66.161646 86.693964 -0.012955 0.010996
1966499.848276 461.720396 543.571916 0.003461 0.015121
611006.784537 527.328137 167.294259 0.001457 0.011207
850069.038966 247.057473 189.826644 -0.005920 0.011500
1676786.882652 479.079690 83.361554 0.006891 -0.017862
1557780.060711 529.698332 26.183232 0.015763 -0.005727
1227310.625476 722.764433 262.949793 0.012013 -0.020586
428616.731627 592.088275 393.375813 -0.015227 -0.007965
1127178.874392 340.363202 576.613672 0.013659 0.018413
1480731.590409 212.833519 162.197671 -0.017759 0.004795
115335.758829 715.166285 130.642515 -0.012098 0.002660
541498.807511 780.958937 137.236304 -0.007439 0.014833
1167776.423119 742.042428 464.465133 -0.019060 0.007397
1705487.274428 189.984773 255.794674 0.000319 -0.005714
1455042.508177 58.191021 469.587573 0.007523 0.016569
1485351.840726 341.611942 108.572760 -0.019541 -0.000657
1600046.444498 55.656352 226.730689 -0.019277 -0.009269
1889695.885540 230.236207 146.869172 -0.013083 0.004143
230475.999522 605.824776 319.253149 0.015506 0.011177
434670.210087 593.530135 10.000220 0.005756 -0.009947
748135.628527 296.735432 193.137498 -0.013658 -0.017663
474188.291689 718.638828 292.672234 -0.003315 0.016243
1941577.332067 174.280196 588.577465 -0.006013 -0.010669
499196.726130 235.233637 314.399963 -0.000257 -0.001301
254300.674542 487.723656 134.031730 0.006365 -0.000104
6325.354803 700.086803 144.008835 -0.019183 0.000827
980919.682878 316.006152 534.925805 0.012552 0.001965
1900851.625903 40.281573 269.160238 -0.002585 -0.001271
719689.197242 326.233917 412.347884 -0.006339 0.010295
1844748.197982 472.737010 30.223255 -0.002177 -0.016563
1036199.990211 459.211607 416.354262 0.009640 -0.010757
385683.919483 595.630473 65.243418 -0.002697 0.010625
1256102.471266 738.639793 96.049381 0.000572 0.010118
1419511.694191 375.455783 472.818766 -0.013626 0.016249
511292.832210 415.226980 189.643493 0.017688 0.014404
145034.134456 691.224252 270.162128 -0.015049 -0.007554
1071721.370831 513.180218 530.675194 -0.010807 -0.004674
233847.819378 338.214511 77.339570 -0.011031 0.014201
1786277.592083 681.869205 467.417958 -0.017906 -0.005086
1031918.257955 609.663316 506.074134 -0.007876 0.016822
1499349.890975 446.366384 263.473890 -0.017332 0.000075
597617.807145 110.295294 219.082652 0.010011 -0.009535
1353622.215499 228.382949 541.952486 0.002468 0.000629
573296.933702 542.651895 563.963343 -0.003400 0.016135
1590131.532210 246.400096 453.781730 0.003008 -0.005551
258416.177825 72.926094 73.623909 0.018867 -0.004272
87595.200207 577.076841 571.659299 -0.000687 0.011451
906233.425674 625.819472 554.285236 0.012746 0.001241
370032.188655 395.923817 489.357107 -0.016457 -0.017740
664767.085884 299.591838 441.764772 -0.009133 0.011574
1278253.811075 53.028062 58.685650 -0.004125 0.005623
916040.443311 420.076503 438.713393 0.003221 -0.000161
249204.321880 499.232717 130.279767 -0.016944 -0.015713
8661.484350 424.451769 533.439453 0.017152 -0.006053
841302.204338 90.106533 506.133701 -0.010476 -0.011981
1802783.200425 455.905017 346.189664 0.005477 0.013643
731632.451868 220.854101 544.739950 -0.001412 0.006848
1096714.972098 736.755589 118.101251 -0.008802 -0.000075
1386984.768969 323.891891 76.212235 0.016470 -0.000741
469499.863903 732.168273 6.891833 -0.015009 0.013805
718651.906922 435.443360 574.592041 -0.011851 0.011231
316653.122342 84.300669 211.356432 0.010008 0.009087
385530.231700 79.725170 10.942880 -0.015988 0.002571
1379939.433830 519.434499 291.571781 0.015418 0.017172
1974529.288697 463.705824 199.392358 -0.015510 -0.000397
1626419.535664 279.708425 244.570332 0.012979 -0.001063
503204.831157 146.185691 10.677398 -0.011618 -0.004505
1600260.999799 293.070802 294.507387 -0.013933 -0.015948
467442.890847 275.352755 121.009292 -0.009915 -0.002201
1530910.291491 753.082454 56.563579 -0.010006 0.013176
43405.273949 189.951822 245.127692 -0.005795 -0.005889
1801413.789299 133.538950 421.333735 -0.007693 0.019676
348673.859774 447.567397 105.004981 -0.012283 0.010753
1122384.702378 793.402027 80.831828 -0.017918 -0.014246
474000.488629 229.254687 293.448230 -0.002433 0.001559
1867761.544822 162.761708 288.098490 -0.018861 -0.001842
617712.498930 39.581706 415.294570 0.008752 -0.003844
88793.583256 495.097090 342.824478 0.009889 0.016939
1123119.018564 736.187354 291.558964 0.009375 -0.015512
510837.786138 237.565825 62.639965 -0.004333 -0.005985
498234.962345 502.691379 381.465533 0.009531 -0.017334
350510.791107 537.806303 162.890164 0.006250 0.007955
1451432.125387 771.389948 449.346123 -0.003380 0.007348
303273.376219 370.298719 179.939930 0.008882 -0.011668
454803.713809 227.171725 76.028107 0.008599 -0.019202
480071.545802 775.498883 189.823531 -0.006248 -0.005559
1333575.176696 474.848255 592.899151 -0.007787 -0.006722
110627.538576 382.810025 1.896011 -0.006997 -0.014526
1406769.050940 41.580192 59.189303 -0.001876 -0.001182
1561676.394922 482.233627 559.345768 -0.016762 -0.006997
281255.947557 246.728931 364.830473 -0.009249 -0.019071
1257382.930842 407.394651 596.089407 0.017787 0.014121
706537.016996 489.518755 268.864434 -0.006340 0.016650
1558318.719993 318.095974 237.031154 0.011345 0.008938
1057752.200895 389.407099 465.920708 0.005110 0.017498
491364.625511 326.302622 325.142073 -0.012861 -0.000412
1734950.389590 255.130982 479.308579 -0.000924 0.003493
1643357.573842 84.680790 56.906723 0.012568 -0.017964
1898263.090243 133.953331 397.732079 -0.004151 0.000403
1157183.811607 141.006775 544.573645 0.018941 0.018333
1260090.642264 401.476166 266.573640 -0.003783 -0.014827
767107.214205 521.591119 323.272360 0.016981 0.013176
55740.578126 634.813004 88.804074 0.013020 -0.009306
1471867.368311 519.007034 224.876006 0.012889 -0.001685
851158.514084 624.185649 377.656645 -0.016456 -0.012922
279214.015361 533.003594 211.794897 -0.018192 0.005630
622537.959657 541.332074 84.729961 0.010266 -0.016712
543551.074594 112.402793 439.237771 0.012823 -0.017335
1125283.938425 670.432210 515.263671 0.008420 0.006524
255944.995329 357.694474 187.131252 0.000112 -0.008829
1549879.616848 742.619107 35.252438 -0.003807 -0.019296
474171.187949 435.894883 410.475262 0.003565 0.003654
648167.413030 720.772748 160.487322 -0.001356 0.006310
697835.028496 589.852164 478.501757 -0.016728 0.001912
1725670.433475 515.994160 231.121406 0.008631 -0.005329
99429.388577 679.174463 481.542160 -0.005524 -0.005950
163663.104253 109.303910 168.317974 -0.007182 0.000315
594763.153510 303.684747 52.766867 0.019276 0.018803
1355525.087265 244.919474 522.109095 0.017915 0.010937
1053977.892294 234.796751 305.634433 -0.007014 -0.004933
115031.983757 149.694733 12.795831 -0.002325 0.016311
752375.869431 393.759770 455.081432 -0.012768 0.014191
219437.964363 208.592868 595.006963 -0.004391 -0.003942
1068114.026016 550.247178 469.074672 0.004829 0.006890
1499866.051366 239.114316 584.215434 0.004730 -0.010288
1491842.997955 116.848125 322.380432 -0.009716 -0.001125
1826279.228472 251.085140 395.199620 0.017300 0.010251
1133058.067007 247.532696 149.323133 -0.007043 -0.000436
207507.431604 346.566744 450.293552 -0.016175 0.012956
304737.184339 504.367561 306.690997 0.017354 -0.010015
361247.467977 546.486539 329.325913 -0.013810 -0.007887
1585793.637478 720.428106 269.328321 -0.006760 -0.013836
1841064.114050 194.831142 281.277520 0.003189 -0.012843
451362.950938 116.077223 291.948746 -0.000998 -0.001229
1950936.490647 462.955190 542.197404 0.007895 0.008120
1454702.783122 701.707368 182.650418 -0.010458 0.012493
1108684.254395 335.214444 297.134745 -0.015857 0.002983
1596490.624173 716.863155 284.889098 -0.012511 -0.010230
1263706.185512 134.210527 282.479610 -0.015928 0.009881
1294332.516982 261.151035 535.733806 -0.014668 0.012045
723046.520130 87.105615 228.447645 -0.009392 0.013358
107937.715067 793.485623 426.879307 -0.005744 -0.010841
1046872.077066 728.946697 389.858685 -0.019368 -0.019504
450965.188654 653.663876 546.751479 0.008013 -0.017427
278162.196408 266.363537 139.769057 0.004373 -0.002626
1960316.196066 205.696495 456.582549 0.014895 -0.004396
1125740.257616 187.713368 299.748494 0.017722 -0.000069
668170.334151 796.830269 294.240114 -0.018188 -0.005840
1443825.863043 455.509224 160.023960 -0.005092 0.003552
564375.188464 478.198674 242.621766 -0.012222 -0.008029
938961.728913 267.093753 379.780848 0.008072 0.017691
132214.712972 546.644736 119.664539 0.013323 0.002226
1179224.623916 311.594146 473.155782 -0.016485 -0.006657
575213.267736 339.006009 197.879867 0.011005 -0.001194
1368718.602401 400.823271 23.947438 0.018036 0.014949
1254302.726711 185.798108 282.691442 -0.018648 -0.002902
1541011.519516 401.035172 456.197573 -0.003921 -0.011871
1407684.757098 375.408330 531.787109 0.016154 -0.008181
883750.411162 393.847745 411.771225 -0.010591 0.003301
38293.802197 414.557953 2.869544 -0.006036 -0.008088
949396.727117 26.720025 478.898232 0.000604 0.019436
1340193.529306 112.232572 129.923947 -0.014293 -0.013057
1289556.392138 729.406461 404.354188 -0.003822 -0.007435
1756783.113702 88.066595 469.094287 0.010498 -0.019713
157687.638028 166.002711 303.247067 0.010639 -0.002495
175039.783202 626.710316 573.308140 -0.016263 -0.014662
506304.289450 453.354542 99.311780 -0.017947 -0.016714
301433.914481 576.057502 133.774725 -0.005365 0.014544
790027.673724 9.635632 464.070508 -0.017190 -0.003251
176035.711624 758.713471 317.213217 0.014800 0.008524
1081972.172988 759.221418 552.281162 -0.018252 0.008686
715741.816310 106.993273 298.926421 -0.007405 -0.010926
1263880.632475 454.312202 476.737481 0.011931 0.004697
1751026.801649 758.754077 202.477907 -0.016166 -0.007300
399196.095951 394.776396 198.039110 0.019076 0.002373
1496994.359185 48.695986 306.457453 -0.008901 0.017280
445396.929255 653.655268 529.716819 -0.014302 0.014544
1193553.106484 399.879097 599.402870 -0.016123 0.012542
450224.472419 581.381608 229.322943 -0.019246 0.001036
1999453.321099 715.749319 285.739236 -0.004395 0.019239
1584501.028799 429.245713 291.141469 -0.015107 0.000402
94458.571679 696.617200 342.532067 0.002267 -0.014109
1007827.074736 623.602798 579.613257 -0.004563 0.016856
1658558.308919 786.624023 253.168158 0.013087 -0.016905
475365.567242 42.297426 482.944609 0.004350 -0.016948
663714.367274 496.065165 580.826940 0.012225 0.018179
1919117.403179 479.297806 296.925931 -0.002170 0.008823
9624.167350 393.705479 354.619731 0.003061 -0.018037
1478876.057770 64.611364 497.173596 0.007797 -0.001376
1502145.321808 426.569607 269.256710 -0.013022 -0.005536
1054818.871922 329.106758 247.762840 -0.006669 -0.018737
972186.690649 532.056007 390.593377 -0.001896 -0.001126
1216433.286302 329.575585 43.291750 -0.015868 0.014309
1585452.240699 85.760471 209.902942 -0.004624 0.007131
796849.675848 99.006087 459.047077 -0.011097 0.013076
461377.134761 782.805276 217.019338 0.007145 -0.013904
1447663.852688 165.243510 338.369027 -0.014473 0.001609
1190708.408687 498.800809 122.789387 -0.010145 -0.017042
1355477.244293 684.042410 294.438095 0.009996 0.018259
694211.989964 433.709402 39.353146 0.007904 0.017103
1497031.391364 75.981105 30.248573 0.000515 -0.007098
1759090.904966 594.470044 180.061482 -0.010328 -0.003078
904928.793621 772.033017 377.740048 -0.019370 -0.015857
341892.055395 489.169538 437.085762 -0.004953 0.014355
1609370.418642 43.163070 428.040768 -0.008179 0.012131
1339833.364515 513.502593 206.884134 0.009425 -0.006405
543533.833951 386.189427 260.455803 -0.007101 0.019784
1510075.678821 161.095616 443.572824 -0.017783 -0.002230
325429.097901 406.627695 246.062545 0.011714 0.000971
1027532.088117 770.952251 81.246802 -0.010392 -0.006341
1987715.010526 37.169156 236.786914 0.008287 -0.006365
396776.620483 301.244194 588.632992 0.001753 -0.015600
639902.701899 652.613493 355.930620 0.010148 -0.014502
1179865.857204 406.122169 204.119490 -0.006865 0.002539
1568458.621189 393.230291 42.331371 -0.012225 -0.008576
1190290.628555 566.752865 150.251783 0.009233 0.017978
1180185.991889 580.489687 597.246904 0.019386 -0.002800
672088.553511 146.540884 485.005254 -0.007389 0.009066
1837656.663655 510.372514 325.282073 0.000515 -0.004375
1360614.323691 81.587496 539.185736 -0.019210 -0.002752
924125.776125 643.717570 555.218826 0.001309 0.019929
418950.309241 102.542759 424.639661 -0.001787 0.014255
1312754.557148 39.374612 349.729323 0.006057 -0.018686
30587.249450 790.837449 130.264463 0.012890 -0.007751
1889215.610870 593.536847 566.018872 -0.000545 -0.009836
669560.509114 133.475400 214.148561 -0.010652 -0.012486
1579576.984783 556.809021 594.977976 0.008591 -0.010915
1982244.182370 739.060802 214.039405 0.007924 -0.004709
432350.935616 283.941878 258.104975 0.011976 -0.019771
930735.730068 652.588073 596.801115 0.007305 0.005515
600671.720971 501.671370 227.757822 -0.010169 -0.015431
1270601.892504 463.912772 169.525214 0.019702 0.012522
938976.299455 626.122698 304.954927 -0.001548 -0.000149
1474031.937064 361.732428 251.649340 -0.016254 -0.013945
1605130.416157 247.788455 302.650496 -0.010666 -0.015577
1023340.410098 559.400789 555.282583 0.000251 -0.004733
1128556.229700 645.697028 5.195142 0.017737 -0.017943
248420.950141 463.913048 377.894152 -0.004050 0.002622
884577.235619 701.038145 213.200461 0.018000 -0.006609
1704879.713107 549.743994 474.463293 -0.009089 0.011176
1882055.445519 60.101823 54.807524 -0.002184 -0.007601
404206.608610 765.894619 4.950855 -0.014901 -0.001419
780987.060993 553.559987 162.421837 -0.004063 0.005516
642018.800900 420.133505 130.756551 0.018036 0.017211
1579863.075903 313.882162 483.354467 -0.014228 -0.006300
286431.929230 799.061194 18.338804 0.017334 -0.009117
1625355.291937 700.054663 207.328532 0.016182 -0.007115
1310099.705732 85.476401 166.867135 0.006588 -0.010582
1485499.756171 42.432220 555.855831 -0.019444 -0.001830
1126826.147142 267.703432 586.773318 0.011208 -0.008644
1817754.082297 456.524008 406.968270 0.008593 0.008655
42605.713030 685.825429 428.803238 -0.017548 0.011504
1969490.396776 691.822839 399.827820 -0.006753 0.010787
1972945.507603 788.278142 525.860772 -0.009420 0.005962
221002.463354 5.717487 421.148430 -0.018487 -0.019154
314139.836614 479.855370 212.972424 -0.014575 -0.004777
1280098.799281 35.267540 571.007036 -0.007249 0.010319
1334025.561499 271.145654 370.212081 -0.004785 -0.004319
817314.073824 292.028519 154.229299 -0.016988 0.007874
52254.755074 49.266811 409.093776 0.016112 -0.006925
662711.798522 9.537060 199.796495 -0.018603 -0.017995
710212.109941 153.439459 389.881967 0.008414 -0.006921
61999.699130 280.969953 223.044536 0.019312 0.006763
261157.692532 519.619366 3.767018 0.009908 -0.018760
797766.605764 125.417345 237.161393 0.006231 -0.010776
184709.901076 545.664840 175.202980 0.010995 0.003303
1235796.007903 85.367471 357.435227 0.018113 -0.014401
1292608.929469 245.344171 198.378002 -0.008133 -0.019328
1317389.029692 261.357295 220.386287 -0.018781 -0.007602
71927.786838 127.874023 575.773732 -0.018265 0.016291
1977614.946653 353.601878 38.434714 -0.004664 -0.016047
591803.305127 381.759844 467.233364 0.003528 -0.009938
726241.200569 165.123605 214.062599 0.018399 -0.013692
995710.504705 485.232931 279.294354 0.013145 0.016103
963862.695249 391.110561 138.015441 0.013995 0.000722
1079147.418532 708.512613 407.968968 0.000022 0.017213
1174876.041326 389.864957 223.208404 0.006101 0.014864
937689.950195 758.308017 209.335294 -0.010096 0.001379
1200871.358253 489.635446 445.086348 0.018300 0.002824
1798372.363578 364.489835 105.847466 -0.005463 -0.008557
158766.744732 676.287287 464.505136 -0.007551 0.007865
584123.108808 679.800316 348.392939 0.018814 -0.006106
1019930.488905 447.294392 500.165303 0.015238 -0.011569
1412068.961846 279.365122 95.654705 -0.017824 0.003973
1390465.348675 524.138251 125.775993 -0.002533 0.004560
1560588.704217 269.482713 41.747435 0.018293 0.008029
709118.110458 28.754241 327.089943 -0.014835 -0.006286
481739.437432 336.718935 116.784747 0.012819 -0.004331
1084185.081108 265.301822 569.505369 -0.004952 -0.011503
321427.933090 65.666317 337.267193 -0.007497 -0.014360
322096.383349 11.938382 475.449497 -0.005142 -0.001930
811598.476400 120.532641 472.316429 -0.000992 -0.015691
975828.599639 662.940818 87.322798 -0.018663 0.018333
980873.326296 219.687528 226.310591 0.007425 -0.016142
1538962.265262 182.237932 256.946231 0.008833 0.004169
1281944.833362 703.617610 411.295496 -0.011760 -0.012062
1646853.441208 292.127561 129.375807 0.004645 0.009427
1334224.681991 17.340636 531.645057 -0.001758 -0.000142
1987979.200663 753.998683 196.346365 -0.014451 0.019133
567825.405192 503.356144 150.244080 0.006593 -0.007373
693992.653253 345.583195 324.514815 0.011130 -0.014011
290886.182473 333.235339 18.674461 0.013265 0.004829
461579.700216 523.966849 590.591727 -0.002179 -0.009201
1440439.939238 90.537564 175.747780 0.004279 0.002720
1578856.275221 479.705306 307.115819 -0.015375 0.009498
975708.803616 319.920608 220.007962 0.009550 -0.017510
1363849.989774 68.165315 296.306063 -0.011052 0.014435
1287670.666020 295.462635 165.582552 0.006992 -0.011981
1793086.186886 724.903346 513.218606 0.015254 -0.005940
253419.465503 481.179149 278.201809 -0.003062 -0.011648
65064.939701 167.176116 484.681114 0.001755 -0.007021
1093948.624606 25.931627 434.749461 0.016627 0.010811
1570950.974510 476.961091 514.082101 -0.008929 0.012866
1433502.711092 738.539382 113.652297 0.019672 0.003946
779698.448619 711.610696 301.864587 -0.010224 0.010901
1707668.152502 297.560647 224.171487 -0.007296 0.011705
1161722.038482 280.412040 0.918355 -0.004398 0.015811
650195.260835 748.212402 556.233499 -0.017980 0.014025
1393276.303724 667.701263 267.836827 0.002115 -0.015476
534900.189626 215.506529 20.887260 -0.001725 -0.009456
1264731.390059 676.694099 91.130027 -0.014609 -0.016298
1848317.172308 790.667621 278.322266 -0.008149 -0.007739
512088.236637 702.040134 394.217222 -0.009752 -0.009274
1104225.446984 465.384001 122.024426 -0.000857 0.005246
107543.810321 140.002964 279.531786 -0.000000 0.009147
1156781.673039 614.959192 597.921175 0.004534 -0.011032
520065.349769 196.769623 42.823827 -0.003464 -0.004748
327390.441823 269.782933 221.971965 0.005090 0.005376
1353004.063178 707.016104 306.756889 -0.006528 -0.014405
1558240.596931 709.604305 433.306518 0.019293 -0.005463
706633.334377 29.211770 323.779572 0.012780 0.001624
534505.464385 317.332130 182.641627 -0.009445 -0.019540
1061346.780072 419.703574 154.759638 0.004170 0.017583
1275778.349152 612.133768 164.440806 -0.019710 -0.004268
1816858.008419 547.120103 166.182470 -0.003174 -0.019290
837596.447597 159.214045 542.127076 -0.014401 -0.012793
537634.699856 396.107324 130.420829 0.012324 -0.007445
1509630.032587 59.786042 425.922554 -0.024663 -0.013205
1442342.147903 473.467735 518.268002 0.019170 -0.012339
1603574.954720 492.207716 575.777107 -0.016936 0.004956
706735.606634 787.802753 184.405266 0.005218 -0.003784
651319.147391 39.822479 362.382391 -0.010779 -0.012375
1573016.600485 398.319376 411.415571 -0.019917 -0.007676
1998835.487291 607.583301 230.076193 0.008378 0.012767
1445522.677826 344.874642 246.156118 0.003480 -0.003644
1207599.107738 311.313974 14.971278 0.002534 -0.001336
1297106.122271 733.835536 269.862574 0.018153 0.001907
1709409.523620 225.361883 358.934562 -0.001616 0.000454
1579454.636005 196.680467 5.933637 -0.000957 -0.009968
635151.660366 380.498715 5.155800 0.008023 -0.012575
1657542.871152 338.094072 368.923046 -0.010409 -0.019602
50074.195513 673.813127 239.478537 -0.017991 -0.003735
1728956.987955 558.640360 193.829271 -0.007459 0.006106
1741304.677791 135.032561 562.078360 -0.001262 0.005070
896425.988943 206.805396 524.794037 -0.001639 0.009349
248631.410417 620.495737 125.798031 -0.014683 -0.000943
789536.960791 769.247741 539.361545 -0.019599 -0.011931
1819863.026878 28.378096 26.239657 -0.007618 -0.016548
901731.744829 139.380754 470.676602 0.010948 -0.000469
878442.611954 515.200713 393.511376 -0.004975 -0.015497
569936.175165 658.682271 222.686527 -0.013650 -0.008687
212161.644461 226.469846 35.205223 -0.007362 -0.003259
1070836.321949 568.363515 227.965632 -0.002621 0.008851
1162154.364009 276.148728 454.490106 0.005041 0.006163
1685995.778854 61.481543 497.283149 0.005472 0.014017
631794.399876 54.016421 296.562198 0.018924 -0.002281
