120102.793966 630.363756 121.575922 -0.006108 -0.005546
269277.329682 299.901024 156.318380 -0.018286 0.015147
1260731.205931 302.341997 191.694877 0.013062 -0.002957
973263.179405 632.963700 572.878527 0.008494 -0.005939
1683880.506867 289.098541 229.188661 -0.016816 -0.013039
1760997.696668 175.490019 580.290016 0.011721 -0.019814
354965.669268 681.936430 474.518965 -0.004794 -0.012055
306862.422408 411.985157 346.455868 -0.003479 0.002352
913598.742761 35.026272 562.700660 0.011158 0.014845
723511.401901 210.177817 397.914977 -0.007306 0.019057
27418.055584 126.975474 203.076540 -0.004124 -0.010454
1026719.971107 221.748621 272.845801 -0.000715 -0.017198
919235.655535 527.183828 552.673818 -0.009944 -0.018417
247720.705461 324.281932 333.796221 0.008062 0.012674
229642.751734 125.459303 517.270989 -0.017957 0.017140
1463437.116455 330.378790 118.990710 -0.004253 0.009171
349002.480669 325.722789 534.094390 0.001324 0.011279
253345.397419 21.884004 48.651903 0.003294 0.000361
301882.374241 33.108613 100.899494 -0.017031 -0.008248
417897.793659 158.419188 419.991825 0.010564 0.015940
1032678.423930 703.033134 34.657376 -0.004922 0.017255
1981626.739717 86.441186 206.285704 -0.012560 0.000495
148080.320166 291.206297 546.293502 0.018534 0.015039
1426235.401736 72.510269 542.643174 0.011805 0.006901
826207.458426 756.248955 428.154193 0.003244 -0.019249
17939.873048 633.097142 129.730411 0.008261 0.002244
229060.592236 178.594405 260.725035 -0.012982 0.003891
729567.630556 129.786587 425.654818 0.008446 -0.006085
424191.899795 625.363963 428.285825 -0.015122 0.009734
1179453.697605 667.587699 501.728036 -0.000345 0.005135
1017047.714916 724.819152 344.254360 -0.011065 -0.000462
1184883.571782 186.684694 168.537176 0.012303 0.017675
1669257.284919 737.966340 97.805413 -0.009223 -0.016988
1530870.404807 506.861201 153.093491 -0.001081 -0.006380
1211583.405366 549.602839 75.482951 -0.007255 0.012396
1741377.547263 727.234561 385.810873 0.008298 -0.003760
544004.606336 172.675572 185.171653 0.013870 -0.002454
1594854.852927 349.780755 402.285604 -0.016924 -0.010148
1223177.906695 729.761117 101.218833 0.010929 -0.013177
527324.168257 433.119421 487.496943 0.000763 -0.019356
312490.830343 99.649274 422.358700 -0.009785 -0.002897
1025907.483430 120.744701 212.177140 -0.013730 0.014354
1509229.653286 341.776437 43.514857 -0.018163 -0.009472
1023852.793045 688.079574 428.226206 -0.012674 0.017495
1918069.081343 635.130348 509.725147 -0.014812 0.002798
59433.087734 314.599567 68.030468 0.013713 0.016465
257531.464220 800.635221 21.700844 0.013269 -0.008796
961609.428265 277.319791 259.692616 0.013377 0.000057
582120.371322 470.063968 558.534260 -0.005431 0.005990
408974.288222 701.799507 306.470954 0.016843 -0.017667
899929.745542 700.285066 511.606251 -0.008030 -0.019846
849952.291162 263.270823 237.592562 0.001511 -0.013092
617567.269419 532.355117 103.649562 -0.006174 -0.000016
907629.657959 661.905574 507.040856 0.015499 0.006312
693382.430213 141.726025 148.670654 -0.008905 0.001676
1797970.130014 385.101738 250.760505 -0.003519 -0.004090
955435.349120 688.592089 163.886787 -0.006710 -0.013569
557659.864685 605.897668 293.259433 0.007014 -0.008252
1324351.926951 788.355482 575.561899 0.013341 -0.006824
917046.023028 230.617567 93.432436 -0.007869 -0.012899
1632997.046985 518.985087 212.656175 -0.017499 0.017130
1790149.784549 770.151802 244.841038 -0.007403 -0.004945
1613713.184192 632.038731 140.550652 -0.016802 -0.015062
791753.703166 288.668178 527.098960 0.015413 -0.018594
347958.385175 437.279854 12.029154 -0.014656 -0.004608
701432.257286 473.866684 403.445014 0.000325 0.015834
1693039.169392 258.598480 326.890912 -0.012034 -0.004482
944105.254926 76.457673 210.574095 0.015363 -0.003687
1451122.988691 550.781780 119.940784 0.018417 0.010775
644142.737912 284.943381 76.530523 -0.011889 -0.010297
328294.663843 300.233434 473.819865 -0.012102 0.000428
344141.964030 428.882787 60.406938 0.013706 -0.018295
1995072.262359 551.871039 220.776660 0.001689 0.015582
1509670.835691 11.058257 591.142420 -0.015722 0.015782
783939.521193 665.489135 350.155501 0.003517 0.011738
702233.533702 730.428765 89.000285 -0.000809 -0.015185
783487.379916 514.300920 295.326194 -0.012693 0.013068
1976.599918 282.026543 217.513101 -0.015850 -0.012075
812477.567611 81.051585 532.138056 0.010930 0.005810
1551513.418346 422.731309 395.138407 0.010375 0.005367
1106838.468046 120.668172 279.780852 -0.014512 0.009727
516376.429478 389.573020 394.375587 -0.004102 0.018658
1541877.001311 639.132553 367.111857 -0.009510 0.019228
877046.727052 211.052791 200.370252 0.012098 -0.005350
1062152.807164 166.441686 281.050151 -0.003289 0.019323
220503.739184 155.130369 306.266631 0.010778 0.018105
285758.867062 257.652059 62.735585 0.004286 -0.002063
1694852.848395 693.284760 566.609983 0.000258 -0.009252
1823523.613542 219.377264 44.361814 0.000925 0.001477
109429.840049 768.271030 480.121252 -0.004463 0.010485
331166.874772 736.388364 582.206433 0.005307 -0.006554
1904142.131984 594.096480 318.591660 -0.001587 0.000435
967910.745632 483.329502 499.196070 0.003516 -0.011505
581591.096978 348.364472 48.209129 -0.010666 0.017485
706572.319710 117.966871 128.419017 -0.003019 0.006872
1499518.371885 385.550707 378.903921 0.001971 0.014867
785875.055374 571.505243 474.356200 -0.005468 -0.006111
257524.722376 253.005812 54.464344 0.006473 0.011215
1201976.699383 114.809221 228.981008 -0.002616 0.009276
1186503.038363 580.083520 101.934495 0.006819 0.018387
215485.423904 20.049755 64.831942 -0.007115 -0.001908
1555844.913030 56.614747 560.878616 -0.003702 0.004791
1610655.802121 641.129879 200.251910 0.003835 -0.013392
1363983.919548 580.657351 288.293834 0.010879 -0.004605
515601.680854 298.558107 317.718563 0.005557 0.012248
521772.659627 185.422767 319.647782 -0.002812 0.016117
984056.433190 429.818867 558.449034 0.003457 0.013563
764465.851134 302.173948 558.110031 -0.007320 0.011436
1098768.237559 98.293131 352.970624 0.014565 0.008853
1505133.839094 452.445547 265.822877 -0.010756 -0.006518
1656881.889169 392.708236 425.855491 -0.005629 -0.014823
1035409.796534 493.442657 216.254122 -0.018004 -0.018102
532033.862794 432.371474 349.859657 -0.012178 -0.014335
885049.308131 462.065884 312.503279 -0.005103 0.015765
611963.250959 737.695636 10.492094 0.015697 0.012228
1469794.933437 516.301397 223.688150 -0.012377 0.015646
1419313.830053 5.364705 222.207606 -0.003138 -0.005434
1001399.715897 751.334825 589.993218 0.014478 0.019436
57920.523946 103.084795 316.859115 0.004567 -0.007021
1340168.589419 43.989142 541.137718 -0.012376 -0.002907
1593328.125585 397.117426 209.009141 0.012548 -0.004450
308175.125303 438.505591 21.641020 0.000918 0.009139
1829796.170737 187.851437 440.351807 -0.008568 0.006237
194622.977727 628.297037 356.820875 -0.016822 0.005970
1163384.351490 85.694980 466.950595 -0.015230 0.009252
203536.384834 623.398823 467.082748 -0.019844 0.018798
408990.508136 640.557324 279.668780 0.002455 0.004640
1709918.606891 566.578988 96.577045 0.015786 -0.010604
1776676.395804 644.390942 280.185680 0.004771 -0.016391
248411.979642 575.675933 526.923962 0.008749 0.011925
1052401.075630 239.724131 543.546974 -0.007832 -0.003531
1254879.329007 324.217535 114.374244 -0.003724 -0.003560
322021.593490 487.281570 125.285990 -0.000697 -0.015016
1647379.426121 386.303284 521.389530 0.019419 -0.005111
204691.412954 699.204956 106.324016 0.002788 -0.000169
536197.156895 555.188030 128.636551 -0.014202 -0.003476
25648.950611 538.043040 428.941481 0.016658 0.018933
247729.502734 436.813179 229.331745 -0.007399 0.018031
1580350.309415 379.671690 335.106275 -0.020009 -0.015902
1443766.372951 659.229962 351.149578 0.003683 0.012391
1912564.341869 554.193772 409.442873 -0.014675 -0.009431
357511.299829 321.072628 575.537348 -0.004443 0.001835
744693.135258 324.208835 130.771083 -0.016544 -0.007024
387589.365424 167.823688 523.083983 0.002987 0.000949
1645202.005117 291.575959 -0.160355 -0.004716 -0.005355
205411.871060 83.768479 113.593666 0.007512 0.007846
1996032.971887 514.955449 234.003115 0.007572 0.010302
1306804.762830 688.158364 106.540681 0.004502 -0.009855
1450619.077985 788.712148 394.942133 0.017712 -0.017182
1969754.747101 110.752393 168.511585 0.013598 0.008609
1609086.544071 543.949824 45.327349 0.012194 -0.017510
883645.576836 726.191128 99.686750 0.005771 0.003619
1722771.757153 502.352823 142.214857 -0.009969 -0.007548
28763.775727 722.575606 101.810628 -0.011936 0.000483
845989.907554 733.636252 301.444795 -0.016753 0.014409
1143645.596292 54.657033 600.498506 0.014092 0.016920
1423342.375748 525.777347 361.901986 0.011478 -0.001575
1329764.171191 184.982728 221.880490 0.013249 0.014449
1926056.274178 553.120683 294.544586 -0.012009 0.017726
1598411.507718 172.928952 507.784794 0.018775 -0.003700
726058.746095 314.168679 195.443360 0.014550 -0.001021
375371.614646 348.284923 324.742888 -0.012677 -0.008660
932014.105344 718.247661 567.127214 -0.017149 0.007090
811741.037672 587.872329 550.857928 0.010982 0.002643
1557690.799962 589.595110 155.058107 -0.009263 0.017506
399385.155365 53.169227 91.059061 -0.018132 -0.018559
1122038.441301 328.200191 256.504221 0.015487 -0.009120
1805346.826001 59.668380 425.606075 -0.004438 0.011991
1995636.369100 729.327621 97.241693 0.017696 0.019478
1695958.700821 279.165825 427.730143 0.010649 -0.015090
558004.577904 435.839420 516.831668 0.001462 0.012502
1597187.265566 589.447677 528.899129 0.018087 0.011277
1833981.536251 409.989785 114.617523 -0.006179 -0.003987
929917.220459 197.689009 284.897878 -0.013215 0.007536
1471826.909795 138.755835 361.117896 0.015872 -0.015403
1165988.196230 595.146823 277.980360 -0.008195 0.000421
1172216.120722 460.762427 32.259216 -0.002209 -0.015471
1736107.381869 196.548087 508.127031 0.009950 -0.012181
1259741.624473 533.129653 424.934801 0.012848 -0.019578
218963.730251 229.102582 155.181073 0.003364 -0.001618
1902503.935575 255.798180 379.468163 0.002183 -0.011334
1496596.111682 109.317342 576.161764 -0.011563 -0.002665
941537.357374 638.189206 5.812212 0.001073 -0.010184
245239.558744 315.958648 292.872382 0.018816 -0.014288
1372376.816986 480.070818 484.721845 -0.004177 -0.003134
1637971.852737 403.552736 423.856771 -0.017033 -0.016325
337179.376901 23.779327 245.426050 0.012147 0.003352
1249672.392965 440.353747 432.908438 0.003373 0.010441
310196.676436 44.228799 335.844217 -0.013358 0.003300
1607296.809371 230.180357 584.943397 -0.008228 -0.009715
236307.595035 784.093013 515.176226 0.017033 -0.004958
561161.337682 597.139649 528.933578 0.019434 0.012912
1939371.158341 125.291295 512.082632 -0.004855 0.018365
870700.636353 1.981724 305.620796 -0.013718 0.003550
541779.813609 249.536683 386.777141 0.013269 -0.000881
453110.709066 506.643011 459.785042 -0.011931 0.017063
47266.968548 257.041412 543.127161 0.015293 -0.010202
562186.379247 129.943149 594.484079 -0.013527 -0.013986
1629854.769274 105.363604 185.093072 0.006688 0.000383
534606.907766 82.357065 307.377284 0.011064 -0.009663
203362.833803 38.293291 342.392459 0.009817 0.015231
92345.910190 778.944627 306.376394 0.012417 -0.012993
877177.283576 667.505991 297.750050 -0.006204 0.008678
1484435.888699 501.011392 528.939133 0.009362 0.011481
64404.659935 438.948874 550.631421 -0.006312 -0.011458
856791.879449 487.214933 190.749917 0.017636 -0.004615
1153201.109335 33.835453 259.534534 -0.014243 0.011668
618554.387530 154.388889 456.526915 0.012847 -0.019887
1875266.974734 207.494618 503.055007 -0.002709 0.004180
1111007.126566 140.205197 138.691507 -0.002543 0.016427
34336.430968 375.522785 275.461688 0.017038 0.004020
1349224.196444 292.296773 249.815004 0.019692 -0.007783
1602661.077679 455.087984 209.689575 -0.010643 0.008547
276647.354605 434.566746 544.392718 0.016493 -0.005568
1822198.850020 671.212221 373.188100 0.009938 -0.009119
453696.245539 243.674405 268.674583 -0.001690 0.009707
713133.517985 379.691722 125.349509 0.012602 -0.003600
36437.158490 391.700252 464.280120 -0.002933 -0.000550
159010.190591 189.085533 31.253554 -0.002843 -0.001196
1535456.720523 453.637010 6.975294 0.007005 -0.001241
749811.288319 470.221716 183.187063 0.019845 -0.006524
1154889.427663 178.660003 384.631220 -0.018993 0.007209
762647.938338 304.998471 92.428227 0.003626 -0.012135
1129345.827331 486.685814 410.726035 -0.006548 -0.018331
337378.635228 333.888420 168.945495 -0.011172 0.013867
1499918.929068 791.380235 248.091212 0.010333 0.006653
1760744.261444 108.673114 149.707687 -0.012557 -0.014684
1172923.453698 610.396972 215.752194 -0.010960 0.011549
79642.974809 486.025393 100.911991 -0.012200 -0.012030
730713.756164 606.749254 483.751752 -0.017944 -0.016077
1702955.846536 175.334615 309.523119 -0.014685 -0.002389
724785.897287 706.054450 257.990799 0.011057 0.005770
187236.443249 524.280935 468.766008 -0.006230 0.013667
1828784.213322 744.166161 362.705406 -0.009443 -0.013153
787390.226865 250.423876 459.588884 0.002474 0.000226
1929498.061505 743.072558 161.255042 0.010607 0.019223
730520.102536 499.737624 120.262014 0.015149 0.010697
1281053.293162 194.148588 381.650483 -0.017204 -0.019254
562426.321470 130.098276 404.887478 -0.017496 0.000259
1033437.869061 779.910388 262.756934 -0.015122 -0.010096
1192859.900739 412.532040 336.233596 -0.005498 -0.016830
138898.690296 261.399437 3.454935 -0.006506 -0.015985
1973181.982512 560.948370 434.069866 -0.012567 0.003317
957790.512106 660.644123 496.942512 -0.015319 0.015869
1692076.045876 318.221397 36.188901 0.000830 -0.001623
1136829.509929 29.099264 260.299564 -0.019494 -0.013630
1367539.427880 482.373714 406.396200 -0.010177 0.018680
1509350.044424 252.459641 176.154681 0.010388 0.006124
785056.476847 597.904995 212.970208 -0.015366 0.017398
1873643.585422 476.191238 457.134027 0.010544 0.008429
1315983.134935 488.285419 64.604350 0.008815 -0.014707
1135951.929323 228.530468 100.528834 -0.019848 -0.008262
656102.584980 548.382134 539.370563 -0.019843 0.017278
1727078.126616 606.194880 148.309625 -0.013760 0.000842
1797488.349396 438.864735 161.460903 -0.009880 0.006607
406141.346510 152.192469 156.563181 0.018577 0.018125
1941231.998588 497.019157 337.348335 -0.016813 -0.006387
1386830.762674 518.644746 376.827445 0.014458 0.005997
1843128.023596 152.349367 201.614177 0.012790 -0.012235
538331.757550 546.172170 571.925590 0.000658 0.013528
944807.663069 332.474218 233.412107 0.009327 0.006542
106756.882792 754.879777 514.660645 -0.007564 0.016350
1618777.323337 226.546692 318.114960 -0.005082 -0.005212
1742666.514471 52.446071 7.054940 -0.000034 0.017118
1321460.731012 337.323255 69.614750 0.019885 -0.010387
620834.287545 213.063399 553.907361 -0.009466 0.011290
1523195.320518 587.289782 118.878001 -0.014020 -0.000938
1731081.362688 163.200967 252.018631 0.008920 0.000662
656632.629529 425.802062 480.669385 0.014354 0.016120
325566.043298 583.587971 580.940197 -0.013081 -0.010862
1792559.657149 666.194287 390.412193 -0.019494 0.013214
1778465.217808 259.434402 59.288157 0.012360 0.003550
1763427.173609 457.654617 193.082201 -0.017992 0.010423
1593951.392730 755.826804 556.318249 -0.011304 0.006593
886016.743670 435.721351 119.133013 -0.010419 -0.003810
204796.643092 323.676217 80.828667 -0.017152 0.002950
727276.621725 773.285069 248.540626 -0.019663 0.019081
488690.041233 721.701692 183.086393 -0.006264 0.008564
1781116.410057 179.124577 171.897642 -0.011460 -0.007823
20635.784613 7.701372 149.458643 0.017505 -0.010968
1834876.302553 303.260934 462.719391 -0.015328 0.004956
350019.654422 174.592573 16.670217 -0.007611 -0.008378
1214501.650638 537.576875 155.139662 -0.019200 0.007503
477760.385944 211.525847 353.539555 0.001773 0.004274
605806.972182 347.291859 499.342916 0.003594 0.005788
272576.070518 480.054782 392.523470 -0.004570 0.001527
1759240.741729 243.246054 550.236325 0.005981 -0.003295
1080301.612187 660.481204 382.517382 0.002797 -0.014589
1857771.559552 140.085245 484.239061 -0.012469 -0.012188
988850.145130 339.791130 276.965550 -0.016672 0.018750
134591.829094 309.740373 242.696749 0.015999 0.019020
96963.198901 28.680669 345.800356 0.008347 -0.003141
227820.812831 464.852527 434.679204 -0.018766 -0.010715
290631.014058 457.651661 34.137696 0.011520 -0.014529
385931.693197 569.358525 190.267682 -0.020039 0.015997
1023297.854244 397.243229 195.445038 0.018824 0.003284
589125.026292 31.626266 579.814228 0.007958 0.017438
1882412.602139 596.850151 583.994044 0.000682 -0.002105
790218.714061 504.634346 18.778020 -0.015187 0.006560
526777.357108 212.254198 139.726050 -0.007105 -0.017983
748590.766801 411.886298 457.616437 0.007589 0.000588
1324791.236466 162.359410 5.875548 0.019527 -0.013028
1179151.767483 226.059519 128.481244 0.002199 0.019234
301466.356172 395.878616 434.670071 -0.014973 -0.019521
349183.755158 414.902278 387.410512 -0.011761 0.005629
616335.581344 375.086687 543.855794 0.001727 0.011533
1910511.639859 733.836251 182.963090 0.008693 0.004283
1640005.631205 304.872500 484.959675 0.013295 -0.005355
1964468.728734 335.745518 391.281844 -0.012186 0.018995
1261209.360911 276.181906 282.360721 -0.005750 -0.001161
968463.258337 424.251181 593.926636 -0.014827 0.009416
1257770.379660 350.171787 124.114645 0.001241 0.019281
1991034.577596 391.333098 537.573627 -0.008007 -0.011743
1007596.648767 95.760825 353.565398 -0.006597 0.017879
1912045.142572 235.982069 222.798552 0.004268 -0.000411
692628.538559 190.288176 501.245161 0.008699 0.003796
609848.141023 240.599664 74.902342 -0.008218 -0.002767
1723251.459991 737.517994 520.926122 -0.017357 -0.001710
1696924.347289 50.443258 567.915731 0.009835 -0.005591
309029.791648 199.782807 289.733215 0.009618 0.002307
867302.640745 559.288301 513.443168 0.012172 -0.007826
691843.061099 120.450330 326.258380 -0.012875 0.018614
272265.500516 388.324328 162.284641 -0.009545 0.011207
1400582.436193 98.391738 421.185283 0.003044 -0.012262
320566.674844 332.928310 150.693496 -0.015710 -0.013506
1229627.376064 208.644487 246.012681 -0.016036 -0.019858
1946485.269790 425.061500 421.437520 0.008006 0.005661
15066.369444 140.516339 292.229959 0.002013 -0.005764
911695.870064 549.184966 506.387957 0.009048 0.017873
1245159.992597 340.258332 42.928137 -0.006110 0.020372
519428.529087 388.678083 247.056702 0.000332 0.003888
1147820.552414 102.337321 512.376514 0.019417 -0.011055
1717933.562453 767.123788 453.811311 0.002500 0.011438
183230.377819 455.357154 577.600891 0.003167 -0.015308
640928.558372 27.333149 483.348722 -0.013447 0.010265
1503776.668340 629.093957 110.929115 0.012839 -0.015525
360957.489517 65.417487 358.355422 0.003709 0.003713
380073.533570 131.805891 431.485563 -0.018230 -0.014043
1889061.825298 723.458897 66.005134 0.008015 -0.001334
1796955.322752 633.959018 20.348186 0.014481 -0.005168
306282.549308 147.140029 243.110902 0.018368 -0.006194
332156.324914 567.545575 78.929343 -0.005931 0.001327
485168.456326 426.776724 367.189623 0.012988 -0.014836
413343.113108 24.483974 173.462681 0.017106 -0.017006
883643.182406 697.267806 587.118782 0.002073 0.002800
887249.075289 360.290257 217.449247 -0.000906 -0.007434
1467432.667253 504.183752 297.535386 -0.014405 0.003561
1682910.725327 245.284135 179.567296 0.018981 0.006318
1660796.624450 172.280804 113.358639 -0.002231 -0.017765
629926.086697 520.395897 50.916901 0.004185 0.003115
318150.466456 37.122370 269.368911 -0.013729 0.003903
40123.955365 464.579064 28.919898 -0.004746 -0.017494
724761.667999 94.116017 413.560650 0.014318 -0.009805
558074.092752 559.704499 337.322062 0.003107 0.006873
438651.350531 326.380085 533.384842 -0.004315 0.014682
1885724.248311 578.805825 300.890008 -0.018901 -0.006831
158400.153815 149.295369 226.049050 0.001148 -0.006975
1952982.963972 437.410126 543.788646 -0.018964 0.017284
1927788.328346 311.074084 28.170494 0.006207 -0.010082
607879.136041 747.082747 567.565651 0.014624 0.000470
1236504.919471 67.947845 551.389539 0.000258 -0.000277
1541570.438790 358.720670 131.493303 -0.009126 -0.000973
1098586.873663 282.425613 398.510620 0.017053 0.015183
1973812.054831 723.222877 257.473547 0.015640 0.017469
717421.361579 684.412010 190.612989 -0.003730 0.000396
1128238.588166 568.344925 265.741260 0.000397 0.003057
1906900.824936 103.335940 396.810476 0.014913 0.005399
311031.282093 514.351812 50.781465 -0.004962 0.016683
1119457.958787 738.712028 161.507015 -0.010714 0.013996
295815.608602 167.830908 451.476594 0.003002 -0.015983
1365835.790227 746.532458 574.008111 -0.019995 -0.006449
933742.419320 452.540007 29.929049 0.016422 -0.016952
1254474.420685 689.979009 122.249693 -0.008479 0.009408
1674721.783807 355.744207 227.812135 0.016822 0.012742
589441.845468 384.439234 445.865798 0.002571 0.008107
1186208.380939 568.258966 547.215907 -0.006138 -0.008544
28320.921598 24.707202 131.522194 0.018880 -0.018778
1123059.363627 350.790126 356.724820 0.004349 -0.006044
1339490.994503 192.715645 126.494964 0.014921 0.001165
1892333.765464 567.743708 583.354780 -0.007244 0.005386
1580513.963280 495.707879 66.095656 0.001228 -0.012660
1628540.167412 101.093255 535.766290 0.009075 -0.001119
358744.990248 592.718376 301.856855 -0.004043 0.008490
1065496.480589 768.569320 90.568873 -0.014936 0.002935
996930.964755 638.415487 488.948804 0.008374 0.006815
685065.261407 523.931327 229.138454 -0.007688 0.019134
22284.613001 82.985636 360.108803 -0.014793 0.005086
1564209.169505 749.600598 458.214134 0.006966 0.006548
471659.941818 684.063046 242.350719 0.009524 -0.009786
234378.384535 216.353846 129.518878 -0.009224 -0.004012
1581110.075852 613.294379 117.726618 0.004189 -0.000948
1733102.233956 757.482364 78.104366 -0.010151 -0.009494
222272.466972 206.853799 219.642786 0.008456 -0.004765
7593.072023 394.915074 189.543284 0.010727 -0.013136
1961038.188991 2.016840 14.051482 -0.004565 0.009664
554464.627316 401.913507 7.741359 -0.000263 0.010869
821613.773155 227.374982 322.751123 0.003889 0.015636
24485.756655 378.234100 502.237197 -0.014261 0.008806
196372.594776 203.381191 588.065112 -0.001422 0.018535
718005.964867 375.084348 274.435858 0.007057 -0.010212
1252709.545778 525.468930 142.040186 0.005944 -0.018312
1958473.456073 741.928596 326.309765 0.019620 -0.003224
628831.249023 322.337281 421.237708 0.014054 -0.019646
1185057.482303 690.531203 288.749555 -0.002875 -0.019710
406775.272641 421.046052 157.427007 -0.012920 0.019359
452064.211691 433.166757 275.545922 0.007346 -0.011360
1391094.198167 249.307548 524.953319 0.017209 0.018298
1830316.959801 730.304689 532.277733 -0.001630 0.016125
610994.441719 618.004214 184.039258 -0.019667 0.004983
631021.334152 481.891755 291.972255 0.011827 -0.018552
989235.750860 1.866090 333.964818 0.010263 -0.012654
1098658.789461 784.237465 435.169654 -0.019668 0.006629
1883467.686308 564.627435 586.052815 0.012833 0.005357
1871849.530317 584.897422 330.451622 0.012870 -0.012446
911993.535660 102.315470 577.281156 0.010590 -0.014604
1176139.691461 61.463123 443.545846 -0.016928 0.015016
1537174.407177 456.304128 526.404964 -0.006936 -0.006927
123261.179832 700.981194 185.348131 0.011699 0.014844
1946848.674653 583.355295 354.102753 0.017979 0.001707
457599.283409 709.071222 164.595591 0.011210 0.008296
926562.791190 189.181691 501.785533 0.000127 0.019994
1942178.605097 12.119959 45.245200 0.008406 -0.016361
1905775.863633 382.811028 397.554454 0.013281 0.012158
1975712.466974 713.535619 408.017777 -0.008343 0.007173
1128937.655654 214.526286 243.612920 -0.013909 -0.011208
1900458.380534 306.113227 61.996688 -0.011066 -0.013421
1623668.112617 550.020080 239.492129 0.005845 -0.015473
798515.523224 494.051716 76.709548 -0.000980 -0.006942
438456.544857 343.812783 482.221761 0.015104 -0.009797
1216805.763178 694.558502 90.591602 -0.008498 -0.013390
1661706.700764 681.362301 259.010008 -0.010496 -0.019707
1303971.794110 150.890684 233.913174 0.010279 -0.003514
1107963.914568 455.444342 58.895267 0.018169 -0.011401
425643.800956 282.570757 500.071066 -0.007656 0.013886
318262.858465 449.249693 154.963444 0.018572 -0.002262
1036196.117772 457.936055 186.699238 0.006837 0.014640
948553.069005 401.587866 427.774219 0.016405 0.009328
1438074.149861 446.866711 555.707415 -0.015617 -0.007620
677338.477540 530.404505 530.697485 -0.002502 0.004692
197747.041563 521.271808 583.630002 0.017217 0.019649
1601492.672973 71.460063 330.488892 -0.017644 -0.017805
1987075.958395 461.465567 375.118665 -0.007820 -0.010048
971748.938305 621.680322 449.430668 -0.012076 0.007402
974474.447302 733.527397 146.017912 -0.003454 -0.018908
1121549.802423 602.040561 413.073182 -0.002208 -0.012399
613932.794246 434.591804 504.539449 -0.008852 -0.001014
1665525.531241 62.872727 338.544548 -0.004463 -0.014547
1238773.710671 302.342176 429.567789 -0.010180 0.007296
1925637.924078 585.414229 276.765546 0.008456 0.017211
290519.337305 158.603858 508.088640 -0.004362 0.004491
1745488.432117 760.843356 218.927163 0.002438 -0.004211
1111265.337612 695.121510 563.075474 -0.004286 -0.013830
829182.160473 184.419239 135.897813 0.019239 0.004581
728391.627189 478.694360 596.402080 -0.016890 0.013635
1349985.243450 33.207951 346.101557 -0.014491 0.010169
1010733.056353 223.842805 571.630894 -0.005911 0.006790
1129411.861826 180.476628 373.267047 0.017223 0.011492
33999.050983 389.371111 394.281238 0.023312 0.016322
1606354.705806 296.031543 66.638059 -0.018770 -0.005950
1451822.744427 315.222683 570.267542 0.008765 -0.000995
1590584.168020 314.804950 309.321869 -0.005147 0.001138
538209.161040 700.813999 484.801924 -0.011162 -0.010865
958317.440449 628.024216 272.257734 -0.015993 0.008652
479655.517489 94.641775 120.059212 0.015864 -0.017010
167238.956395 558.547915 267.491141 -0.012161 0.009131
1592486.357127 737.326638 73.304549 0.009844 0.005643
1189583.299304 432.906735 21.014850 -0.015524 0.016589
1124831.962923 303.225562 474.231811 -0.005198 0.004003
37146.621401 680.300844 232.828326 -0.001137 0.018059
205026.889315 568.803209 41.098060 -0.007903 0.004318
284161.461650 310.238327 183.833587 0.003495 0.003358
68690.410847 306.073840 301.581821 -0.013744 -0.014785
287411.349028 600.073082 404.041391 -0.012907 0.014468
1171263.018237 591.622556 143.522113 -0.004983 -0.015501
1682127.158941 314.896313 577.629812 -0.010870 0.014497
1824708.168313 265.067611 346.692168 0.019210 0.005356
369206.509725 98.053006 13.448603 -0.000372 0.008416
1208981.916871 419.308499 56.251817 -0.015648 0.007269
446720.970071 202.366092 259.068474 0.015799 -0.002838
586212.983628 385.057449 102.232467 0.001335 0.014309
560717.814863 299.194662 150.923679 -0.010356 0.004155
234257.601311 123.787316 558.782160 0.007812 -0.014628
1133248.557864 703.468971 154.170249 0.003533 -0.005175
1934248.125150 153.446857 536.574031 -0.017563 -0.007937
1152133.833222 225.985437 331.288776 -0.019690 -0.013018
1965200.129880 240.280156 396.946427 -0.013826 0.013361
1034901.121182 346.283113 125.934589 0.010906 0.006866
1623246.405098 709.098602 497.186784 0.009741 0.003206
1926329.093951 248.038423 276.425525 -0.011182 0.015960
1658576.383096 150.551695 54.685010 0.008984 -0.010063
786221.519479 241.075104 318.598517 0.017777 -0.007701
1421758.733421 742.874027 364.900949 -0.004758 -0.017460
888519.625593 711.360353 308.063691 0.005897 0.006133
374128.679919 371.250775 325.420009 -0.019385 -0.011589
247207.860577 783.051977 311.442770 0.003277 -0.012052
838233.393076 329.892470 231.389818 0.000748 -0.014307
1269501.125100 722.815444 262.923771 0.010921 0.018967
1490342.234955 701.513280 467.128890 -0.005844 -0.010059
1720173.599068 638.925586 82.393142 -0.005149 -0.001850
1589947.016719 447.765741 550.817595 -0.006497 0.003118
254199.274003 369.777997 331.628144 0.005916 -0.018218
1506623.924480 52.309289 274.491130 -0.014408 0.003086
1187558.641279 618.990782 289.733136 -0.018795 0.017646
663885.182079 619.871793 490.370450 -0.015549 -0.014783
134186.233456 776.536875 557.363479 -0.011872 -0.006224
763995.101100 799.246137 542.391865 -0.008055 -0.006508
960104.740672 340.615434 478.990587 -0.018585 -0.016979
1689167.128731 629.645805 84.975422 -0.007880 0.017129
1435140.350571 715.905619 422.317248 -0.012035 0.017046
1287450.956780 425.477818 421.081167 0.006261 -0.012772
1664884.491668 423.930531 368.646382 0.010647 0.009311
1916152.068375 115.790159 439.921447 0.014350 -0.002299
142374.806172 274.815891 522.087717 0.014830 -0.004938
1889104.925044 571.558710 97.705211 -0.016721 -0.019290
184043.514628 642.470424 546.767772 0.011780 -0.019918
1678137.485719 350.677578 320.225485 0.001592 0.016084
349432.717240 299.335554 257.132959 0.011500 -0.014629
327130.583267 597.926173 167.748717 0.015864 0.004361
1445781.852792 774.687286 571.651250 0.003712 0.013530
657045.848974 430.372543 332.900187 -0.000288 0.004924
1143416.638087 467.910641 254.877339 -0.000622 -0.004813
853229.746620 259.794888 491.316893 0.018361 0.014544
1436276.935710 106.336341 143.709243 -0.014015 0.017001
747046.145027 249.430870 400.598035 0.006112 -0.011883
555282.349025 300.000174 106.802986 -0.010820 0.018770
31011.744417 446.403057 303.376420 0.002808 -0.017980
259713.421697 113.430168 381.641058 0.002213 0.005067
30230.289339 785.957143 570.772145 0.013288 0.017714
1629124.594680 439.906899 45.054205 -0.017902 0.007950
1993199.337271 341.316058 5.336848 0.006601 -0.016783
437214.899080 754.072300 272.164955 -0.004248 -0.013121
847463.854052 329.321553 438.915011 0.017214 0.019223
1561464.248021 48.359956 73.555665 -0.003321 0.004595
1496915.452879 345.591978 357.950977 0.008041 -0.009433
1076064.875850 410.533979 489.293639 0.004505 0.002590
1028186.607653 487.316059 594.691790 0.000923 -0.009094
141764.248787 594.396811 129.587727 0.000989 -0.014453
778578.041484 758.684654 329.931421 -0.015287 0.015190
1058486.954802 720.294517 564.081317 0.005812 -0.007104
1112790.978101 319.278308 447.984933 -0.013857 -0.016078
24501.685065 554.038158 366.321427 0.013085 -0.007843
353571.678676 272.666084 548.704588 -0.013270 0.014602
375264.103699 191.452581 365.841565 -0.003806 0.010618
1493884.026769 634.851158 429.399339 -0.008214 0.016519
1188817.119779 659.954769 487.964972 0.001401 -0.000907
259519.063057 73.934982 525.265877 0.015153 -0.010162
1949033.547169 712.112060 562.623067 0.003483 0.008712
482529.103981 609.309319 36.280439 -0.013827 0.017269
1850091.109914 273.856982 102.872905 0.001407 0.009860
1871495.037280 224.994705 324.775705 0.006240 0.002843
908785.677938 195.159192 241.348016 -0.009270 0.011229
1755362.652128 318.486851 522.251444 0.010157 -0.009000
232765.271437 581.900201 98.720366 -0.018150 -0.007186
1765166.354256 236.571986 45.859687 0.017678 -0.001989
15434.920795 692.760241 474.710985 -0.012886 -0.004011
1077013.659792 90.502029 409.426624 -0.016797 0.010611
516053.778360 427.471108 5.818192 0.006391 0.012134
1576709.125925 429.955692 119.120572 0.006441 -0.008338
948767.654108 620.966248 12.300958 0.005599 0.013213
667159.362075 417.495692 74.286287 -0.003589 -0.001434
1146380.339352 334.055013 198.472055 -0.005342 0.003864
1462269.868451 722.390434 427.167019 -0.003606 0.019239
949273.004639 536.524499 309.706782 -0.000655 -0.006845
636841.273232 217.411910 521.106831 0.000689 0.017239
316267.470045 792.985428 424.505577 -0.012944 0.005319
1072709.865436 409.237375 92.960981 0.006416 0.016885
1234697.917120 187.633799 203.723976 0.017931 0.003946
1871003.135047 543.449864 300.036930 0.005846 -0.016345
968257.898916 95.486792 457.597271 -0.019775 0.004263
184803.100389 256.293960 526.027410 0.018276 0.013469
1613704.762242 94.164240 496.946536 0.000562 -0.008172
920804.219749 40.462884 484.250972 0.004890 0.008278
1455508.939668 184.244518 565.813637 -0.017308 -0.012833
1084419.887087 1.113371 515.163217 -0.018213 0.005931
1899527.167855 422.567525 461.416880 0.008447 0.001110
745706.753221 643.109888 509.199961 -0.010146 0.010540
1369434.811813 44.302088 529.153989 0.000579 0.002794
353913.564400 780.136232 371.916424 0.019271 0.003542
660308.989072 568.471137 492.141462 -0.009059 0.011117
1997036.600484 653.810747 469.044589 0.014265 0.014410
857968.969670 644.553003 232.648193 -0.012095 0.000744
1832483.595159 457.156207 194.382206 0.011853 0.011329
174050.590104 359.925123 525.651441 0.018772 0.018476
887791.815627 115.712324 561.138286 -0.017427 -0.014862
1048845.100705 314.604589 504.433611 -0.006252 0.006683
1236598.032171 273.638959 289.966716 -0.004024 -0.012101
688449.854352 662.743840 2.306243 0.009246 -0.018934
1047717.716101 519.188524 357.777895 0.013923 -0.003476
831685.772553 746.700808 517.374740 -0.008469 0.016126
1646809.537731 587.977463 29.544733 0.010384 0.011946
354697.854423 226.470816 115.118868 -0.019273 0.005155
1718570.137265 508.369092 581.290756 -0.006291 -0.018651
338487.908402 549.578084 517.407725 -0.012995 -0.003256
1776805.868268 558.736769 40.778235 -0.000622 0.001853
960078.654327 720.340312 286.919079 -0.006878 -0.012562
763596.911339 131.427824 556.188918 -0.002741 0.017028
1446903.674606 486.764404 125.355699 0.017931 0.005372
1673049.761761 619.939143 155.755811 0.012206 -0.015278
591079.477496 780.202698 482.611831 -0.013714 -0.013987
450261.526019 36.842262 509.537225 -0.008238 0.001254
788880.985598 619.104850 258.669229 0.014934 -0.015421
1247242.441982 204.440307 167.445368 0.002029 0.007426
405506.701397 217.990143 175.179967 -0.003529 -0.012344
1835863.754077 197.616816 576.225814 -0.012858 -0.017853
159031.381905 380.163420 18.668285 0.015405 0.005329
362722.217274 87.199791 407.202502 -0.018503 -0.003724
420997.232395 340.221579 105.253227 0.005877 -0.007682
580167.091722 213.305371 332.999084 0.002817 0.012586
479025.265425 617.118304 52.440524 0.001285 -0.012671
552036.800679 359.819908 258.469408 -0.010467 0.005054
969986.005207 253.901027 61.485990 0.000840 -0.011955
1471710.388303 557.472820 187.896597 -0.003392 0.009238
1430984.936390 501.010904 91.035086 0.015642 -0.009258
902052.609670 144.354364 321.261019 -0.019777 0.010001
700700.571156 195.508543 313.437971 -0.002450 0.011057
1408199.004553 571.125565 137.308202 -0.014607 0.018118
1713095.736556 496.454811 161.259267 0.018424 -0.014616
944491.339356 557.209278 498.572223 0.011372 -0.015566
1119457.834922 400.540380 441.384439 0.008483 -0.004376
8319.607940 130.649850 343.367296 0.001565 -0.013273
647061.014849 711.978540 247.334953 0.013814 -0.006811
379545.065751 439.156024 25.965004 -0.003346 0.007310
1990576.603445 218.529675 181.341389 -0.009382 -0.010684
876473.971119 589.531644 557.760775 -0.009188 0.000888
80381.552726 664.656532 13.465725 0.011017 0.001701
828036.629980 625.204155 422.999127 0.019524 -0.007172
1747623.103553 248.300374 124.312088 -0.008533 -0.013738
1072386.123739 381.236897 423.797611 0.003240 0.015733
777386.485961 459.703621 101.002328 0.007630 0.013597
801906.589792 103.687928 345.923139 -0.006815 -0.003935
197987.358178 295.814713 137.689511 -0.015163 -0.014146
1545926.498969 428.226104 556.368745 -0.000417 0.001304
492654.834172 281.814427 500.387834 -0.000668 0.004906
1978982.283724 793.014251 69.305471 0.007742 0.002834
17631.095842 65.987381 86.841870 -0.012954 0.010994
1966499.848276 461.769114 543.772805 0.003775 0.014753
611006.784537 527.347774 167.444987 0.001462 0.011203
850069.038966 246.977807 189.981343 -0.005924 0.011500
1676786.882652 479.172421 83.121307 0.006896 -0.017857
1557780.060711 529.910372 26.106285 0.015762 -0.005714
1227310.625476 722.762555 262.586812 -0.014903 -0.022075
428616.731627 591.883430 393.268672 -0.015228 -0.007965
1127178.874392 340.546914 576.861298 0.013655 0.018403
1480731.590409 212.594611 162.262267 -0.017761 0.004809
115335.758829 715.003525 130.678306 -0.012100 0.002661
541498.807511 780.858786 137.435855 -0.007451 0.014835
1167776.423119 741.786063 464.564545 -0.019055 0.007383
1705487.274428 189.988966 255.717848 0.000304 -0.005708
1455042.508177 58.292288 469.810466 0.007533 0.016570
1485351.840726 341.348967 108.563858 -0.019557 -0.000667
1600046.444498 55.397082 226.606025 -0.019270 -0.009265
1889695.885540 230.060235 146.924960 -0.013080 0.004151
230475.999522 606.033244 319.403459 0.015488 0.011171
434670.210087 593.607552 9.866505 0.005754 -0.009933
748135.628527 296.551964 192.899871 -0.013620 -0.017666
474188.291689 718.594113 292.890264 -0.003333 0.016173
1941577.332067 174.199361 588.433699 -0.006005 -0.010705
499196.726130 235.230120 314.382519 -0.000266 -0.001292
254300.674542 487.809340 134.030229 0.006374 -0.000119
6325.354803 699.828763 144.020043 -0.019182 0.000839
980919.682878 316.175050 534.952119 0.012559 0.001948
1900851.625903 40.246635 269.143115 -0.002608 -0.001275
719689.197242 326.148650 412.486386 -0.006338 0.010297
1844748.197982 472.707632 30.000524 -0.002191 -0.016551
1036199.990211 459.341229 416.209423 0.009632 -0.010777
385683.919483 595.594164 65.386404 -0.002701 0.010634
1256102.471266 738.646413 96.188056 0.000396 0.010518
1419511.694191 375.272576 473.037253 -0.013613 0.016235
511292.832210 415.464905 189.837301 0.017686 0.014410
145034.134456 691.021811 270.060521 -0.015049 -0.007553
1071721.370831 513.034776 530.612285 -0.010817 -0.004679
233847.819378 338.066045 77.530512 -0.011042 0.014187
1786277.592083 681.628290 467.349562 -0.017912 -0.005082
1031918.257955 609.557363 506.300397 -0.007876 0.016818
1499349.890975 446.133408 263.474980 -0.017305 0.000087
597617.807145 110.430051 218.954415 0.010024 -0.009530
1353622.215499 228.416176 541.960942 0.002472 0.000628
573296.933702 542.606192 564.180386 -0.003395 0.016133
1590131.532210 246.440647 453.707126 0.003021 -0.005541
258416.177825 73.179892 73.566419 0.018867 -0.004275
87595.200207 577.067592 571.813339 -0.000688 0.011451
906233.425674 625.990924 554.301915 0.012744 0.001238
370032.188655 395.702471 489.118393 -0.016452 -0.017751
664767.085884 299.469012 441.920439 -0.009128 0.011570
1278253.811075 52.972686 58.761263 -0.004109 0.005619
916040.443311 420.119781 438.711149 0.003214 -0.000172
249204.321880 499.004746 130.068338 -0.016949 -0.015722
8661.484350 424.682584 533.358043 0.017164 -0.006051
841302.204338 89.965693 505.972442 -0.010463 -0.011994
1802783.200425 455.978684 346.373197 0.005476 0.013644
731632.451868 220.835256 544.832001 -0.001390 0.006837
1096714.972098 736.637261 118.099830 -0.008790 -0.000135
1386984.768969 324.113465 76.202332 0.016472 -0.000731
469499.863903 731.966425 7.077644 -0.015001 0.013821
718651.906922 435.283948 574.742985 -0.011849 0.011211
316653.122342 84.437042 211.476649 0.010268 0.008777
385530.231700 79.510105 10.977539 -0.015987 0.002582
1379939.433830 519.641774 291.802880 0.015399 0.017186
1974529.288697 463.496943 199.386816 -0.015546 -0.000427
1626419.535664 279.883084 244.556052 0.012988 -0.001060
503204.831157 146.029494 10.616853 -0.011605 -0.004496
1600260.999799 292.883361 294.292833 -0.013935 -0.015951
467442.890847 275.219412 120.979688 -0.009910 -0.002200
1530910.291491 752.947797 56.740914 -0.010014 0.013189
43405.273949 189.874001 245.048542 -0.005775 -0.005878
1801413.789299 133.435371 421.598513 -0.007707 0.019691
348673.859774 447.402208 105.149664 -0.012276 0.010757
1122384.702378 793.160898 80.640130 -0.017932 -0.014255
474000.488629 229.222002 293.469251 -0.002427 0.001567
1867761.544822 162.508107 288.073636 -0.018843 -0.001854
617712.498930 39.699555 415.242946 0.008769 -0.003832
88793.583256 495.230245 343.051991 0.009907 0.016887
1123119.018564 736.313298 291.350282 0.009350 -0.015514
510837.786138 237.507610 62.559485 -0.004322 -0.005980
498234.962345 502.819617 381.232336 0.009534 -0.017336
350510.791107 537.890463 162.997116 0.006262 0.007946
1451432.125387 771.344210 449.445144 -0.003420 0.007374
303273.376219 370.418207 179.783009 0.008883 -0.011663
454803.713809 227.287484 75.769846 0.008611 -0.019195
480071.545802 775.414731 189.748798 -0.006263 -0.005552
1333575.176696 474.743674 592.808732 -0.007762 -0.006721
110627.538576 382.715774 1.700899 -0.007016 -0.014482
1406769.050940 41.555078 59.173431 -0.001857 -0.001178
1561676.394922 482.008092 559.251595 -0.016770 -0.007004
281255.947557 246.604549 364.573946 -0.009244 -0.019068
1257382.930842 407.633865 596.279326 0.017779 0.014115
706537.016996 489.433434 269.088478 -0.006345 0.016659
1558318.719993 318.248645 237.151383 0.011353 0.008937
1057752.200895 389.475849 466.155989 0.005111 0.017482
491364.625511 326.129624 325.136520 -0.012859 -0.000414
1734950.389590 255.118582 479.355554 -0.000920 0.003491
1643357.573842 84.849843 56.665094 0.012566 -0.017960
1898263.090243 133.897477 397.737562 -0.004153 0.000412
1157183.811607 141.261616 544.820231 0.018947 0.018328
1260090.642264 401.425266 266.374161 -0.003785 -0.014831
767107.214205 521.819461 323.449574 0.016967 0.013172
55740.578126 634.988028 88.678660 0.013002 -0.009340
1471867.368311 519.179419 224.853160 0.012743 -0.001707
851158.514084 623.964294 377.482783 -0.016454 -0.012927
279214.015361 532.758774 211.870701 -0.018207 0.005640
622537.959657 541.470197 84.505186 0.010270 -0.016707
543551.074594 112.576339 439.004799 0.012978 -0.017301
1125283.938425 670.545410 515.351323 0.008410 0.006507
255944.995329 357.695976 187.012515 0.000111 -0.008824
1549879.616848 742.567868 34.992943 -0.003811 -0.019285
474171.187949 435.942770 410.524466 0.003555 0.003661
648167.413030 720.754496 160.572239 -0.001358 0.006315
697835.028496 589.627118 478.527475 -0.016731 0.001912
1725670.433475 516.109891 231.050545 0.008578 -0.005210
99429.388577 679.100133 481.462035 -0.005527 -0.005963
163663.104253 109.213824 168.322768 -0.006276 0.000401
594763.153510 303.944109 53.019981 0.019285 0.018830
1355525.087265 245.160777 522.256417 0.017960 0.010966
1053977.892294 234.702425 305.568173 -0.007010 -0.004919
115031.983757 149.663365 13.015183 -0.002338 0.016302
752375.869431 393.588194 455.272311 -0.012741 0.014188
219437.964363 208.533805 594.953808 -0.004391 -0.003961
1068114.026016 550.312106 469.167698 0.004824 0.006940
1499866.051366 239.177816 584.076953 0.004711 -0.010301
1491842.997955 116.717562 322.365404 -0.009696 -0.001109
1826279.228472 251.317749 395.337540 0.017284 0.010255
1133058.067007 247.437930 149.317297 -0.007047 -0.000432
207507.431604 346.349158 450.467820 -0.016175 0.012953
304737.184339 504.601010 306.556166 0.017354 -0.010032
361247.467977 546.300740 329.219769 -0.013813 -0.007894
1585793.637478 720.337267 269.141933 -0.006745 -0.013876
1841064.114050 194.874133 281.104975 0.003203 -0.012810
451362.950938 116.063852 291.932213 -0.000990 -0.001230
1950936.490647 463.059106 542.309101 0.007561 0.008480
1454702.783122 701.566641 182.818596 -0.010464 0.012511
1108684.254395 335.001126 297.174874 -0.015858 0.002983
1596490.624173 716.690851 284.755452 -0.013058 -0.009640
1263706.185512 133.996306 282.612524 -0.015922 0.009880
1294332.516982 260.953662 535.895775 -0.014677 0.012036
723046.520130 86.979320 228.627275 -0.009385 0.013349
107937.715067 793.408194 426.733165 -0.005768 -0.010888
1046872.077066 728.685853 389.595844 -0.019413 -0.019577
450965.188654 653.771608 546.517008 0.008004 -0.017433
278162.196408 266.422364 139.733750 0.004373 -0.002623
1960316.196066 205.896873 456.523392 0.014896 -0.004399
1125740.257616 187.951791 299.747530 0.017726 -0.000075
668170.334151 796.585504 294.161507 -0.018202 -0.005847
1443825.863043 455.440712 160.071814 -0.005094 0.003562
564375.188464 478.034260 242.513774 -0.012222 -0.008027
938961.728913 267.202257 380.018767 0.008060 0.017682
132214.712972 546.824525 119.694563 0.013407 0.002239
1179224.623916 311.372242 473.066290 -0.016507 -0.006648
575213.267736 339.153757 197.863874 0.010962 -0.001184
1368718.602401 401.065889 24.148605 0.018036 0.014960
1254302.726711 185.547432 282.652393 -0.018622 -0.002903
1541011.519516 400.982379 456.037810 -0.003928 -0.011882
1407684.757098 375.625709 531.677015 0.016165 -0.008187
883750.411162 393.705774 411.815664 -0.010516 0.003305
38293.802197 414.476772 2.760854 -0.006034 -0.008072
949396.727117 26.728284 479.159890 0.000624 0.019466
1340193.529306 112.040437 129.748378 -0.014273 -0.013045
1289556.392138 729.354912 404.254149 -0.003842 -0.007439
1756783.113702 88.207356 468.828566 0.010428 -0.019791
157687.638028 166.145940 303.213480 0.010656 -0.002498
175039.783202 626.491594 573.110944 -0.016255 -0.014657
506304.289450 453.113203 99.087042 -0.017934 -0.016699
301433.914481 575.985119 133.970557 -0.005396 0.014571
790027.673724 9.404478 464.026788 -0.017177 -0.003249
176035.711624 758.912460 317.327904 0.014785 0.008527
1081972.172988 758.975582 552.398273 -0.018298 0.008726
715741.816310 106.893723 298.779443 -0.007395 -0.010926
1263880.632475 454.472680 476.800650 0.011928 0.004695
1751026.801649 758.536402 202.379718 -0.016197 -0.007298
399196.095951 395.033408 198.070757 0.019135 0.002332
1496994.359185 48.576327 306.689893 -0.008889 0.017278
445396.929255 653.462859 529.912401 -0.014305 0.014534
1193553.106484 399.662331 599.571465 -0.016105 0.012525
450224.472419 581.122648 229.336877 -0.019255 0.001035
1999453.321099 715.693850 285.995085 -0.003891 0.018799
1584501.028799 429.042506 291.146835 -0.015105 0.000396
94458.571679 696.647659 342.342267 0.002262 -0.014110
1007827.074736 623.541414 579.839906 -0.004564 0.016841
1658558.308919 786.800049 252.940636 0.013084 -0.016922
475365.567242 42.355134 482.717205 0.004235 -0.016862
663714.367274 496.229502 581.071259 0.012208 0.018145
1919117.403179 479.268700 297.044576 -0.002158 0.008817
9624.167350 393.746666 354.377096 0.003062 -0.018037
1478876.057770 64.715280 497.155112 0.007653 -0.001370
1502145.321808 426.394474 269.182261 -0.013015 -0.005533
1054818.871922 329.017048 247.510794 -0.006669 -0.018736
972186.690649 532.030450 390.578199 -0.001904 -0.001131
1216433.286302 329.362199 43.484257 -0.015857 0.014312
1585452.240699 85.698132 209.998392 -0.004645 0.007063
796849.675848 98.856389 459.222809 -0.011158 0.013051
461377.134761 782.901273 216.832330 0.007127 -0.013900
1447663.852688 165.048860 338.390641 -0.014467 0.001605
1190708.408687 498.664477 122.559683 -0.010121 -0.017112
1355477.244293 684.176959 294.683641 0.010008 0.018247
694211.989964 433.815854 39.583330 0.007923 0.017120
1497031.391364 75.988043 30.153143 0.000516 -0.007090
1759090.904966 594.331080 180.020046 -0.010332 -0.003082
904928.793621 771.772394 377.526725 -0.019379 -0.015859
341892.055395 489.102876 437.278950 -0.004958 0.014368
1609370.418642 43.053170 428.203938 -0.008161 0.012129
1339833.364515 513.629487 206.798178 0.009441 -0.006374
543533.833951 386.093891 260.721811 -0.007103 0.019765
1510075.678821 160.856411 443.542830 -0.017781 -0.002229
325429.097901 406.785232 246.075633 0.011708 0.000974
1027532.088117 770.812328 81.161583 -0.010411 -0.006329
1987715.010526 37.280701 236.701330 0.008297 -0.006359
396776.620483 301.267811 588.423039 0.001758 -0.015615
639902.701899 652.750112 355.735478 0.010164 -0.014511
1179865.857204 406.029717 204.153662 -0.006881 0.002542
1568458.621189 393.065854 42.216036 -0.012223 -0.008571
1190290.628555 566.877056 150.493618 0.009231 0.017977
1180185.991889 580.750430 597.209090 0.019380 -0.002822
672088.553511 146.441213 485.127146 -0.007429 0.009056
1837656.663655 510.379442 325.223205 0.000515 -0.004378
1360614.323691 81.329020 539.148609 -0.019219 -0.002768
924125.776125 643.735139 555.486856 0.001303 0.019920
418950.309241 102.518427 424.831136 -0.001830 0.014213
1312754.557148 39.456029 349.477841 0.006047 -0.018703
30587.249450 791.010763 130.160217 0.012877 -0.007748
1889215.610870 593.529455 565.886483 -0.000555 -0.009847
669560.509114 133.332113 213.980612 -0.010651 -0.012483
1579576.984783 556.924680 594.830975 0.008604 -0.010941
1982244.182370 739.167402 213.976041 0.007925 -0.004711
432350.935616 284.102911 257.838953 0.011966 -0.019780
930735.730068 652.686304 596.875231 0.007300 0.005504
600671.720971 501.534721 227.550215 -0.010147 -0.015435
1270601.892504 464.177773 169.693710 0.019697 0.012529
938976.299455 626.101828 304.952880 -0.001555 -0.000156
1474031.937064 361.513739 251.461786 -0.016260 -0.013939
1605130.416157 247.644922 302.440984 -0.010674 -0.015573
1023340.410098 559.404197 555.218867 0.000255 -0.004740
1128556.229700 645.935503 4.953863 0.017718 -0.017930
248420.950141 463.857932 377.928733 -0.004142 0.002520
884577.235619 701.280222 213.111298 0.017991 -0.006648
1704879.713107 549.621746 474.613413 -0.009086 0.011143
1882055.445519 60.072346 54.705372 -0.002198 -0.007587
404206.608610 765.694137 4.931816 -0.014906 -0.001411
780987.060993 553.505129 162.496138 -0.004093 0.005531
642018.800900 420.376154 130.988054 0.018040 0.017208
1579863.075903 313.690613 483.269616 -0.014251 -0.006315
286431.929230 799.294377 18.216300 0.017334 -0.009096
1625355.291937 700.272354 207.232966 0.016183 -0.007093
1310099.705732 85.565161 166.724899 0.006608 -0.010566
1485499.756171 42.170731 555.831238 -0.019433 -0.001827
1126826.147142 267.854193 586.656943 0.011206 -0.008658
1817754.082297 456.639605 407.084756 0.008593 0.008663
42605.713030 685.590284 428.957666 -0.017413 0.011457
1969490.396776 691.732043 399.972936 -0.006746 0.010789
1972945.507603 788.151348 525.940969 -0.009431 0.005961
221002.463354 5.468887 420.890773 -0.018474 -0.019153
314139.836614 479.659311 212.908145 -0.014574 -0.004780
1280098.799281 35.170121 571.145710 -0.007234 0.010299
1334025.561499 271.081223 370.154029 -0.004794 -0.004312
817314.073824 291.800094 154.335268 -0.016974 0.007881
52254.755074 49.483621 409.000711 0.016122 -0.006912
662711.798522 9.286864 199.554461 -0.018595 -0.017989
710212.109941 153.552642 389.788871 0.008414 -0.006920
61999.699130 281.229828 223.135618 0.019326 0.006778
261157.692532 519.752638 3.514748 0.009906 -0.018746
797766.605764 125.501187 237.016396 0.006235 -0.010781
184709.901076 545.812770 175.247294 0.010998 0.003286
1235796.007903 85.611234 357.241463 0.018129 -0.014407
1292608.929469 245.234780 198.117927 -0.008130 -0.019339
1317389.029692 261.104685 220.284067 -0.018776 -0.007596
71927.786838 127.628330 575.992754 -0.018264 0.016272
1977614.946653 353.539011 38.218959 -0.004683 -0.016030
591803.305127 381.807375 467.099670 0.003539 -0.009939
726241.200569 165.371140 213.878425 0.018404 -0.013690
995710.504705 485.409673 279.510979 0.013133 0.016104
963862.695249 391.298851 138.025121 0.013999 0.000717
1079147.418532 708.513157 408.200632 0.000059 0.017229
1174876.041326 389.947033 223.408346 0.006102 0.014862
937689.950195 758.172135 209.353692 -0.010106 0.001356
1200871.358253 489.881563 445.124298 0.018292 0.002818
1798372.363578 364.416312 105.732420 -0.005468 -0.008547
158766.744732 676.185939 464.611087 -0.007517 0.007887
584123.108808 680.053342 348.310809 0.018804 -0.006104
1019930.488905 447.499360 500.009662 0.015236 -0.011571
1412068.961846 279.125300 95.708279 -0.017831 0.003993
1390465.348675 524.104146 125.837418 -0.002537 0.004572
1560588.704217 269.728802 41.855544 0.018295 0.008044
709118.110458 28.554836 327.005038 -0.014811 -0.006338
481739.437432 336.891258 116.726505 0.012802 -0.004328
1084185.081108 265.235193 569.350571 -0.004954 -0.011512
321427.933090 65.564668 337.074437 -0.007616 -0.014298
322096.383349 11.869320 475.423500 -0.005126 -0.001935
811598.476400 120.519319 472.105327 -0.000988 -0.015694
975828.599639 662.689763 87.569477 -0.018663 0.018342
980873.326296 219.787444 226.093481 0.007430 -0.016137
1538962.265262 182.356929 257.002350 0.008859 0.004174
1281944.833362 703.459647 411.133084 -0.011725 -0.012084
1646853.441208 292.190063 129.502650 0.004648 0.009432
1334224.681991 17.317069 531.643129 -0.001745 -0.000145
1987979.200663 753.804324 196.603948 -0.014445 0.019163
567825.405192 503.445130 150.145076 0.006637 -0.007346
693992.653253 345.733366 324.326229 0.011199 -0.014027
290886.182473 333.413786 18.739516 0.013265 0.004843
461579.700216 523.937501 590.467837 -0.002184 -0.009218
1440439.939238 90.595192 175.784347 0.004289 0.002717
1578856.275221 479.498495 307.243452 -0.015373 0.009478
975708.803616 320.049079 219.772494 0.009551 -0.017498
1363849.989774 68.016648 296.500265 -0.011051 0.014438
1287670.666020 295.556710 165.421357 0.006994 -0.011985
1793086.186886 725.108542 513.138716 0.015254 -0.005938
253419.465503 481.138290 278.045236 -0.003014 -0.011630
65064.939701 167.199723 484.586671 0.001755 -0.007021
1093948.624606 26.155412 434.894886 0.016644 0.010810
1570950.974510 476.840759 514.255392 -0.008963 0.012900
1433502.711092 738.803813 113.705522 0.019642 0.003967
779698.448619 711.473026 302.011377 -0.010245 0.010923
1707668.152502 297.462429 224.329039 -0.007306 0.011719
1161722.038482 280.352985 1.131122 -0.004382 0.015822
650195.260835 747.970682 556.422152 -0.017958 0.014023
1393276.303724 667.729730 267.628641 0.002117 -0.015476
534900.189626 215.483356 20.760136 -0.001721 -0.009444
1264731.390059 676.497562 90.910840 -0.014611 -0.016290
1848317.172308 790.557912 278.218123 -0.008162 -0.007744
512088.236637 701.908905 394.092586 -0.009759 -0.009257
1104225.446984 465.372502 122.095036 -0.000853 0.005252
107543.810321 140.002866 279.654919 -0.000014 0.009160
1156781.673039 615.020150 597.772663 0.004528 -0.011048
520065.349769 196.723077 42.759999 -0.003456 -0.004742
327390.441823 269.851344 222.044320 0.005081 0.005381
1353004.063178 706.928526 306.563018 -0.006494 -0.014419
1558240.596931 709.863851 433.232904 0.019296 -0.005482
706633.334377 29.383714 323.801819 0.012782 0.001684
534505.464385 317.205023 182.378847 -0.009453 -0.019529
1061346.780072 419.759870 154.996451 0.004199 0.017626
1275778.349152 611.868598 164.383319 -0.019715 -0.004278
1816858.008419 547.077418 165.922943 -0.003172 -0.019295
837596.447597 159.020183 541.954804 -0.014422 -0.012819
537634.699856 396.273076 130.320735 0.012320 -0.007436
1509630.032587 59.466469 425.631787 -0.014890 -0.032108
1442342.147903 473.725780 518.101764 0.019196 -0.012378
1603574.954720 491.979943 575.843795 -0.016929 0.004959
706735.606634 787.872840 184.354406 0.005202 -0.003778
651319.147391 39.677534 362.215825 -0.010770 -0.012389
1573016.600485 398.051198 411.312434 -0.019955 -0.007658
1998835.487291 607.695974 230.247911 0.008373 0.012763
1445522.677826 344.921424 246.107089 0.003476 -0.003646
1207599.107738 311.348076 14.953465 0.002537 -0.001313
1297106.122271 734.079501 269.888201 0.018119 0.001903
1709409.523620 225.340161 358.940634 -0.001613 0.000449
1579454.636005 196.667616 5.799608 -0.000954 -0.009959
635151.660366 380.606677 4.986693 0.008028 -0.012567
1657542.871152 337.954107 368.659323 -0.010400 -0.019607
50074.195513 673.571124 239.428336 -0.017989 -0.003728
1728956.987955 558.539959 193.911184 -0.007468 0.006072
1741304.677791 135.015541 562.146406 -0.001269 0.005046
896425.988943 206.783390 524.919734 -0.001633 0.009339
248631.410417 620.298140 125.785334 -0.014695 -0.000945
789536.960791 768.984017 539.201051 -0.019610 -0.011930
1819863.026878 28.275638 26.017104 -0.007614 -0.016541
901731.744829 139.528047 470.670331 0.010950 -0.000463
878442.611954 515.133780 393.302849 -0.004976 -0.015505
569936.175165 658.498606 222.569693 -0.013656 -0.008684
212161.644461 226.370821 35.161544 -0.007360 -0.003235
1070836.321949 568.328193 228.084686 -0.002630 0.008850
1162154.364009 276.216569 454.572999 0.005045 0.006161
1685995.778854 61.556108 497.471628 0.005613 0.014004
631794.399876 54.271035 296.531570 0.018931 -0.002273
