120102.793966 630.335541 121.550315 -0.006113 -0.005546
269277.329682 299.816580 156.388313 -0.018291 0.015145
1260731.205931 302.402298 191.681230 0.013058 -0.002954
973263.179405 633.002910 572.851097 0.008490 -0.005942
1683880.506867 289.020908 229.128454 -0.016811 -0.013039
1760997.696668 175.544143 580.198538 0.011723 -0.019810
354965.669268 681.914291 474.463280 -0.004796 -0.012066
306862.422408 411.969096 346.466722 -0.003478 0.002350
913598.742761 35.077814 562.769202 0.011167 0.014845
723511.401901 210.144086 398.002963 -0.007305 0.019055
27418.055584 126.956433 203.028282 -0.004124 -0.010449
1026719.971107 221.745319 272.766395 -0.000715 -0.017197
919235.655535 527.137915 552.588778 -0.009944 -0.018419
247720.705461 324.319160 333.854731 0.008064 0.012671
229642.751734 125.376392 517.350075 -0.017957 0.017117
1463437.116455 330.359155 119.033045 -0.004252 0.009167
349002.480669 325.729118 534.146211 0.001419 0.011166
253345.397419 21.899212 48.653569 0.003293 0.000360
301882.374241 33.029984 100.861408 -0.017028 -0.008249
417897.793659 158.467964 420.065423 0.010563 0.015940
1032678.423930 703.010407 34.737054 -0.004922 0.017258
1981626.739717 86.383179 206.288077 -0.012566 0.000533
148080.320166 291.291873 546.362934 0.018534 0.015036
1426235.401736 72.564784 542.675034 0.011809 0.006900
826207.458426 756.263927 428.065314 0.003241 -0.019249
17939.873048 633.135277 129.740781 0.008257 0.002248
229060.592236 178.534502 260.742972 -0.012965 0.003879
729567.630556 129.825614 425.626694 0.008459 -0.006097
424191.899795 625.294149 428.330752 -0.015118 0.009726
1179453.697605 667.586085 501.751742 -0.000354 0.005134
1017047.714916 724.768060 344.252226 -0.011066 -0.000462
1184883.571782 186.741493 168.618798 0.012300 0.017680
1669257.284919 737.923834 97.726704 -0.009186 -0.017106
1530870.404807 506.856188 153.064017 -0.001091 -0.006387
1211583.405366 549.569337 75.540199 -0.007256 0.012401
1741377.547263 727.272884 385.793557 0.008302 -0.003740
544004.606336 172.739620 185.160324 0.013873 -0.002454
1594854.852927 349.702613 402.238746 -0.016924 -0.010149
1223177.906695 729.811551 101.157879 0.010917 -0.013226
527324.168257 433.122943 487.407563 0.000762 -0.019359
312490.830343 99.603867 422.345100 -0.009883 -0.002995
1025907.483430 120.681307 212.243421 -0.013729 0.014356
1509229.653286 341.692251 43.471010 -0.018306 -0.009520
1023852.793045 688.021054 428.306980 -0.012674 0.017493
1918069.081343 635.061962 509.738061 -0.014809 0.002796
59433.087734 314.662880 68.106491 0.013711 0.016465
257531.464220 800.696476 21.660222 0.013264 -0.008800
961609.428265 277.381567 259.692871 0.013382 0.000054
582120.371322 470.038892 558.561905 -0.005431 0.005984
408974.288222 701.877321 306.389372 0.016863 -0.017671
899929.745542 700.247988 511.514608 -0.008030 -0.019849
849952.291162 263.277809 237.532114 0.001514 -0.013092
617567.269419 532.326609 103.649498 -0.006174 -0.000012
907629.657959 661.977143 507.069984 0.015502 0.006304
693382.430213 141.684908 148.678389 -0.008905 0.001675
1797970.130014 385.085499 250.741615 -0.003515 -0.004092
955435.349120 688.561108 163.824141 -0.006709 -0.013567
557659.864685 605.930051 293.221329 0.007012 -0.008253
1324351.926951 788.417068 575.530382 0.013335 -0.006828
917046.023028 230.581233 93.372897 -0.007869 -0.012891
1632997.046985 518.904277 212.735282 -0.017504 0.017136
1790149.784549 770.117630 244.818227 -0.007399 -0.004936
1613713.184192 631.961143 140.481110 -0.016806 -0.015060
791753.703166 288.739344 527.013103 0.015413 -0.018596
347958.385175 437.212183 12.007896 -0.014656 -0.004600
701432.257286 473.868193 403.518126 0.000328 0.015835
1693039.169392 258.542911 326.870217 -0.012036 -0.004482
944105.254926 76.528641 210.557071 0.015378 -0.003688
1451122.988691 550.866813 119.990544 0.018415 0.010779
644142.737912 284.888494 76.482980 -0.011886 -0.010296
328294.663843 300.177657 473.821849 -0.012058 0.000431
344141.964030 428.946067 60.322462 0.013704 -0.018296
1995072.262359 551.878832 220.848609 0.001687 0.015583
1509670.835691 10.985670 591.215284 -0.015719 0.015779
783939.521193 665.505345 350.209705 0.003505 0.011741
702233.533702 730.425036 88.930212 -0.000806 -0.015167
783487.379916 514.242324 295.386523 -0.012689 0.013064
1976.599918 281.953363 217.457358 -0.015848 -0.012070
812477.567611 81.102051 532.164902 0.010930 0.005818
1551513.418346 422.779210 395.163190 0.010374 0.005368
1106838.468046 120.601176 279.825767 -0.014508 0.009728
516376.429478 389.553486 394.461381 -0.004400 0.018431
1541877.001311 639.088646 367.200638 -0.009509 0.019228
877046.727052 211.108655 200.345550 0.012100 -0.005350
1062152.807164 166.426499 281.139387 -0.003289 0.019330
220503.739184 155.180145 306.350226 0.010782 0.018104
285758.867062 257.671848 62.725972 0.004286 -0.002100
1694852.848395 693.285977 566.567213 0.000269 -0.009274
1823523.613542 219.381547 44.368640 0.000929 0.001479
109429.840049 768.250419 480.169659 -0.004465 0.010483
331166.874772 736.412872 582.176157 0.005308 -0.006560
1904142.131984 594.089144 318.593668 -0.001590 0.000434
967910.745632 483.345729 499.142949 0.003513 -0.011505
581591.096978 348.315201 48.289845 -0.010676 0.017478
706572.319710 117.952910 128.450764 -0.003029 0.006879
1499518.371885 385.559807 378.972571 0.001971 0.014869
785875.055374 571.479990 474.327983 -0.005470 -0.006111
257524.722376 253.035719 54.516156 0.006481 0.011228
1201976.699383 114.797151 229.023833 -0.002613 0.009274
1186503.038363 580.114991 102.019384 0.006813 0.018383
215485.423904 20.016912 64.823128 -0.007111 -0.001910
1555844.913030 56.597648 560.900734 -0.003705 0.004790
1610655.802121 641.147580 200.190080 0.003833 -0.013391
1363983.919548 580.707581 288.272573 0.010879 -0.004605
515601.680854 298.583770 317.775109 0.005558 0.012246
521772.659627 185.409786 319.722189 -0.002811 0.016113
984056.433190 429.834744 558.511520 0.003421 0.013503
764465.851134 302.140152 558.162829 -0.007319 0.011434
1098768.237559 98.360284 353.011518 0.014524 0.008861
1505133.839094 452.395863 265.792773 -0.010765 -0.006522
1656881.889169 392.682262 425.787045 -0.005621 -0.014825
1035409.796534 493.359536 216.170540 -0.018001 -0.018102
532033.862794 432.315243 349.793470 -0.012179 -0.014334
885049.308131 462.042328 312.576067 -0.005100 0.015764
611963.250959 737.768107 10.548557 0.015694 0.012229
1469794.933437 516.244352 223.760457 -0.012333 0.015674
1419313.830053 5.350226 222.182517 -0.003134 -0.005433
1001399.715897 751.401671 590.082948 0.014476 0.019431
57920.523946 103.105893 316.826698 0.004571 -0.007020
1340168.589419 43.932008 541.124295 -0.012372 -0.002908
1593328.125585 397.175369 208.988587 0.012550 -0.004453
308175.125303 438.509807 21.683238 0.000909 0.009148
1829796.170737 187.811879 440.380605 -0.008567 0.006237
194622.977727 628.219370 356.848445 -0.016820 0.005972
1163384.351490 85.624768 466.993384 -0.015182 0.009282
203536.384834 623.307196 467.169544 -0.019844 0.018798
408990.508136 640.568737 279.690214 0.002489 0.004644
1709918.606891 566.651928 96.528103 0.015809 -0.010595
1776676.395804 644.412948 280.109997 0.004761 -0.016392
248411.979642 575.716333 526.979021 0.008750 0.011925
1052401.075630 239.687973 543.530680 -0.007830 -0.003527
1254879.329007 324.200359 114.357820 -0.003715 -0.003554
322021.593490 487.274361 125.217459 -0.002491 -0.014579
1647379.426121 386.392947 521.365931 0.019419 -0.005110
204691.412954 699.217819 106.323237 0.002784 -0.000168
536197.156895 555.122453 128.620501 -0.014203 -0.003477
25648.950611 538.119940 429.028884 0.016651 0.018926
247729.502734 436.779019 229.414999 -0.007398 0.018031
1580350.309415 379.579297 335.032848 -0.020011 -0.015903
1443766.372951 659.246975 351.206797 0.003686 0.012393
1912564.341869 554.126010 409.399328 -0.014676 -0.009431
357511.299829 321.052074 575.545809 -0.004460 0.001830
744693.135258 324.132452 130.738644 -0.016542 -0.007027
387589.365424 167.837483 523.088362 0.002988 0.000947
1645202.005117 291.554182 -0.185069 -0.004717 -0.005350
205411.871060 83.803172 113.629900 0.007515 0.007849
1996032.971887 514.990460 234.050545 0.007594 0.010243
1306804.762830 688.179150 106.495179 0.004502 -0.009854
1450619.077985 788.793918 394.862796 0.017708 -0.017183
1969754.747101 110.815132 168.551333 0.013578 0.008608
1609086.544071 544.006126 45.246505 0.012194 -0.017508
883645.576836 726.217910 99.703426 0.005830 0.003604
1722771.757153 502.306797 142.180020 -0.009968 -0.007542
28763.775727 722.520566 101.812827 -0.011905 0.000470
845989.907554 733.558888 301.511312 -0.016758 0.014403
1143645.596292 54.722100 600.576621 0.014093 0.016916
1423342.375748 525.830327 361.894706 0.011471 -0.001578
1329764.171191 185.043908 221.947208 0.013251 0.014450
1926056.274178 553.065225 294.626437 -0.012013 0.017728
1598411.507718 173.015648 507.767705 0.018777 -0.003701
726058.746095 314.235855 195.438645 0.014548 -0.001021
375371.614646 348.226335 324.702848 -0.012701 -0.008683
932014.105344 718.168488 567.159884 -0.017145 0.007061
811741.037672 587.923036 550.870144 0.010982 0.002648
1557690.799962 589.552343 155.138935 -0.009262 0.017505
399385.155365 53.085510 90.973367 -0.018131 -0.018560
1122038.441301 328.271700 256.462096 0.015488 -0.009127
1805346.826001 59.625147 425.658938 -0.013219 0.009836
1995636.369100 729.409328 97.331707 0.017696 0.019512
1695958.700821 279.214999 427.660465 0.010651 -0.015091
558004.577904 435.846175 516.889390 0.001464 0.012500
1597187.265566 589.531193 528.951195 0.018088 0.011276
1833981.536251 409.961258 114.599119 -0.006178 -0.003985
929917.220459 197.627957 284.932633 -0.013230 0.007518
1471826.909795 138.829122 361.046775 0.015873 -0.015403
1165988.196230 595.108968 277.982308 -0.008203 0.000423
1172216.120722 460.752210 32.187795 -0.002217 -0.015466
1736107.381869 196.594028 508.070777 0.009950 -0.012186
1259741.624473 533.188977 424.844400 0.012848 -0.019580
218963.730251 229.118118 155.173590 0.003365 -0.001623
1902503.935575 255.808263 379.415837 0.002184 -0.011331
1496596.111682 109.263943 576.149447 -0.011567 -0.002669
941537.357374 638.194169 5.765201 0.001077 -0.010179
245239.558744 316.045528 292.806413 0.018816 -0.014287
1372376.816986 480.051527 484.707373 -0.004179 -0.003134
1637971.852737 403.474062 423.781421 -0.017044 -0.016313
337179.376901 23.835428 245.441531 0.012153 0.003354
1249672.392965 440.369313 432.956639 0.003369 0.010438
310196.676436 44.167125 335.859461 -0.013356 0.003303
1607296.809371 230.142379 584.898526 -0.008223 -0.009721
236307.595035 784.171657 515.153341 0.017031 -0.004954
561161.337682 597.229358 528.993194 0.019424 0.012911
1939371.158341 125.268881 512.167429 -0.004854 0.018366
870700.636353 1.918394 305.637190 -0.013714 0.003551
541779.813609 249.597960 386.773083 0.013274 -0.000877
453110.709066 506.587918 459.863823 -0.011933 0.017062
47266.968548 257.112022 543.080040 0.015292 -0.010209
562186.379247 129.880691 594.419492 -0.013527 -0.013990
1629854.769274 105.394485 185.094839 0.006689 0.000382
534606.907766 82.408154 307.332670 0.011065 -0.009662
203362.833803 38.338612 342.462811 0.009814 0.015243
92345.910190 779.001955 306.316400 0.012415 -0.012993
877177.283576 667.477346 297.790113 -0.006203 0.008676
1484435.888699 501.054621 528.992143 0.009362 0.011480
64404.659935 438.919742 550.578489 -0.006307 -0.011469
856791.879449 487.296359 190.728611 0.017634 -0.004614
1153201.109335 33.769667 259.588422 -0.014252 0.011674
618554.387530 154.448211 456.435087 0.012848 -0.019889
1875266.974734 207.482102 503.074309 -0.002713 0.004181
1111007.126566 140.193458 138.767365 -0.002542 0.016432
34336.430968 375.601298 275.479883 0.016971 0.003865
1349224.196444 292.387692 249.779064 0.019690 -0.007784
1602661.077679 455.038849 209.729024 -0.010640 0.008540
276647.354605 434.643075 544.366980 0.016571 -0.005580
1822198.850020 671.258100 373.146000 0.009935 -0.009117
453696.245539 243.666611 268.719421 -0.001686 0.009715
713133.517985 379.749910 125.332891 0.012602 -0.003598
36437.158490 391.686649 464.277623 -0.002960 -0.000532
159010.190591 189.072411 31.248038 -0.002841 -0.001193
1535456.720523 453.669352 6.969579 0.007004 -0.001235
749811.288319 470.313332 183.156949 0.019839 -0.006520
1154889.427663 178.572312 384.664496 -0.018990 0.007205
762647.938338 305.015214 92.372199 0.003627 -0.012134
1129345.827331 486.655555 410.641373 -0.006559 -0.018341
337378.635228 333.836833 169.009524 -0.011173 0.013868
1499918.929068 791.427911 248.121950 0.010318 0.006662
1760744.261444 108.615133 149.639872 -0.012558 -0.014691
1172923.453698 610.346357 215.805524 -0.010964 0.011551
79642.974809 485.969066 100.856448 -0.012199 -0.012029
730713.756164 606.666402 483.677520 -0.017944 -0.016077
1702955.846536 175.266819 309.512083 -0.014682 -0.002391
724785.897287 706.105516 258.017448 0.011062 0.005773
187236.443249 524.252169 468.829112 -0.006230 0.013666
1828784.213322 744.122474 362.644811 -0.009481 -0.013094
787390.226865 250.435289 459.589910 0.002470 0.000218
1929498.061505 743.121481 161.343807 0.010585 0.019226
730520.102536 499.807506 120.311537 0.015120 0.010754
1281053.293162 194.069151 381.561577 -0.017205 -0.019256
562426.321470 130.017502 404.888660 -0.017492 0.000253
1033437.869061 779.840561 262.710307 -0.015124 -0.010101
1192859.900739 412.506658 336.155889 -0.005497 -0.016829
138898.690296 261.369403 3.381137 -0.006504 -0.015981
1973181.982512 560.890339 434.085177 -0.012569 0.003315
957790.512106 660.573395 497.015784 -0.015317 0.015869
1692076.045876 318.225229 36.181410 0.000830 -0.001622
1136829.509929 29.009305 260.236629 -0.019472 -0.013630
1367539.427880 482.326727 406.482463 -0.010175 0.018685
1509350.044424 252.507588 176.182972 0.010380 0.006130
785056.476847 597.834048 213.050541 -0.015365 0.017399
1873643.585422 476.239923 457.172941 0.010544 0.008427
1315983.134935 488.326138 64.536460 0.008823 -0.014700
1135951.929323 228.438834 100.490682 -0.019844 -0.008264
656102.584980 548.290515 539.450339 -0.019843 0.017277
1727078.126616 606.131341 148.313520 -0.013762 0.000845
1797488.349396 438.819123 161.491412 -0.009877 0.006608
406141.346510 152.278248 156.646873 0.018578 0.018126
1941231.998588 496.941527 337.318839 -0.016813 -0.006389
1386830.762674 518.711500 376.855130 0.014457 0.005995
1843128.023596 152.408425 201.557692 0.012792 -0.012232
538331.757550 546.175209 571.988045 0.000659 0.013524
944807.663069 332.517238 233.442288 0.009307 0.006531
106756.882792 754.844833 514.736140 -0.007572 0.016351
1618777.323337 226.523235 318.090948 -0.005078 -0.005189
1742666.514471 52.445918 7.133984 -0.000033 0.017121
1321460.731012 337.415065 69.566796 0.019883 -0.010385
620834.287545 213.019698 553.959482 -0.009463 0.011286
1523195.320518 587.225044 118.873677 -0.014022 -0.000935
1731081.362688 163.242164 252.021692 0.008924 0.000663
656632.629529 425.868340 480.743811 0.014354 0.016118
325566.043298 583.527570 580.890038 -0.013082 -0.010865
1792559.657149 666.104274 390.473194 -0.019495 0.013209
1778465.217808 259.491448 59.304572 0.012350 0.003560
1763427.173609 457.571333 193.130970 -0.018079 0.010706
1593951.392730 755.774617 556.348668 -0.011302 0.006583
886016.743670 435.673209 119.115424 -0.010434 -0.003808
204796.643092 323.597028 80.842247 -0.017149 0.002932
727276.621725 773.194246 248.628692 -0.019678 0.019065
488690.041233 721.672774 183.125938 -0.006262 0.008565
1781116.410057 179.071682 171.861521 -0.011452 -0.007823
20635.784613 7.782204 149.408005 0.017508 -0.010967
1834876.302553 303.190166 462.742281 -0.015326 0.004960
350019.654422 174.557434 16.631538 -0.007610 -0.008376
1214501.650638 537.488223 155.174317 -0.019200 0.007508
477760.385944 211.534042 353.559287 0.001777 0.004273
605806.972182 347.308454 499.369635 0.003594 0.005785
272576.070518 480.033676 392.530526 -0.004572 0.001530
1759240.741729 243.273662 550.221090 0.005978 -0.003304
1080301.612187 660.494129 382.450026 0.002802 -0.014587
1857771.559552 140.027683 484.182783 -0.012464 -0.012189
988850.145130 339.714151 277.052122 -0.016672 0.018749
134591.829094 309.814251 242.784563 0.016002 0.019017
96963.198901 28.719276 345.785857 0.008376 -0.003140
227820.812831 464.765878 434.629724 -0.018767 -0.010717
290631.014058 457.704896 34.070576 0.011539 -0.014545
385931.693197 569.265982 190.341545 -0.020047 0.015997
1023297.854244 397.330134 195.460230 0.018819 0.003297
589125.026292 31.663024 579.894724 0.007964 0.017430
1882412.602139 596.853294 583.984315 0.000679 -0.002109
790218.714061 504.564222 18.808317 -0.015188 0.006564
526777.357108 212.221400 139.643023 -0.007101 -0.017980
748590.766801 411.921335 457.619146 0.007588 0.000585
1324791.236466 162.449575 5.815401 0.019528 -0.013025
1179151.767483 226.069674 128.570061 0.002200 0.019238
301466.356172 395.809493 434.579923 -0.014968 -0.019528
349183.755158 414.847981 387.436508 -0.011758 0.005632
616335.581344 375.094667 543.909030 0.001730 0.011526
1910511.639859 733.876386 182.982865 0.008691 0.004283
1640005.631205 304.933904 484.934932 0.013302 -0.005363
1964468.728734 335.689255 391.369547 -0.012184 0.018994
1261209.360911 276.155354 282.355374 -0.005751 -0.001156
968463.258337 424.182719 593.970103 -0.014828 0.009412
1257770.379660 350.177479 124.203688 0.001225 0.019289
1991034.577596 391.296125 537.519396 -0.008008 -0.011747
1007596.648767 95.730477 353.647924 -0.006549 0.017867
1912045.142572 236.001777 222.796654 0.004268 -0.000411
692628.538559 190.327976 501.262886 0.008544 0.003882
609848.141023 240.561725 74.889565 -0.008216 -0.002767
1723251.459991 737.437845 520.918223 -0.017360 -0.001711
1696924.347289 50.488672 567.889895 0.009837 -0.005600
309029.791648 199.827197 289.743832 0.009610 0.002293
867302.640745 559.344498 513.407027 0.012170 -0.007829
691843.061099 120.390862 326.344298 -0.012884 0.018602
272265.500516 388.280258 162.336389 -0.009544 0.011208
1400582.436193 98.405856 421.128714 0.003071 -0.012241
320566.674844 332.855771 150.631136 -0.015710 -0.013506
1229627.376064 208.570460 245.920988 -0.016029 -0.019860
1946485.269790 425.100611 421.461696 0.008894 0.004816
15066.369444 140.525636 292.203339 0.002014 -0.005767
911695.870064 549.226749 506.470481 0.009050 0.017872
1245159.992597 340.230511 43.022349 -0.005936 0.020436
519428.529087 388.679581 247.074689 0.000317 0.003904
1147820.552414 102.426976 512.325464 0.019417 -0.011057
1717933.562453 767.135338 453.864104 0.002503 0.011429
183230.377819 455.371780 577.530194 0.003168 -0.015314
640928.558372 27.271068 483.396078 -0.013443 0.010248
1503776.668340 629.153229 110.857440 0.012835 -0.015522
360957.489517 65.434621 358.372560 0.003712 0.003710
380073.533570 131.721713 431.420698 -0.018232 -0.014054
1889061.825298 723.495908 65.998984 0.008017 -0.001329
1796955.322752 634.025878 20.324324 0.014480 -0.005168
306282.549308 147.224851 243.082295 0.018373 -0.006197
332156.324914 567.518184 78.935485 -0.005933 0.001333
485168.456326 426.836592 367.121177 0.012945 -0.014812
413343.113108 24.562962 173.384163 0.017108 -0.017004
883643.182406 697.277377 587.131697 0.002072 0.002794
887249.075289 360.286069 217.414935 -0.000908 -0.007429
1467432.667253 504.117243 297.551830 -0.014404 0.003562
1682910.725327 245.371793 179.596473 0.018988 0.006319
1660796.624450 172.270511 113.276623 -0.002228 -0.017761
629926.086697 520.415213 50.931292 0.004182 0.003118
318150.466456 37.059122 269.386912 -0.013668 0.003894
40123.955365 464.557133 28.839156 -0.004753 -0.017480
724761.667999 94.182124 413.515368 0.014317 -0.009809
558074.092752 559.718845 337.353793 0.003107 0.006871
438651.350531 326.359968 533.452822 -0.004399 0.014765
1885724.248311 578.718555 300.858460 -0.018901 -0.006834
158400.153815 149.300675 226.016861 0.001151 -0.006968
1952982.963972 437.322549 543.868464 -0.018970 0.017289
1927788.328346 311.102753 28.123957 0.006211 -0.010076
607879.136041 747.150265 567.567829 0.014622 0.000474
1236504.919471 67.949039 551.388244 0.000259 -0.000283
1541570.438790 358.678523 131.488804 -0.009130 -0.000976
1098586.873663 282.504350 398.580722 0.017052 0.015182
1973812.054831 723.295076 257.554285 0.015634 0.017503
717421.361579 684.394790 190.614819 -0.003729 0.000397
1128238.588166 568.346758 265.755379 0.000397 0.003059
1906900.824936 103.404800 396.835408 0.014914 0.005401
311031.282093 514.328911 50.858502 -0.004958 0.016686
1119457.958787 738.662619 161.571637 -0.010688 0.013996
295815.608602 167.844763 451.402789 0.002999 -0.015986
1365835.790227 746.440135 573.978316 -0.019996 -0.006457
933742.419320 452.615841 29.850788 0.016426 -0.016946
1254474.420685 689.939856 122.293129 -0.008480 0.009407
1674721.783807 355.821880 227.870969 0.016822 0.012742
589441.845468 384.451116 445.903227 0.002576 0.008105
1186208.380939 568.230621 547.176457 -0.006140 -0.008544
28320.921598 24.794381 131.435491 0.018882 -0.018778
1123059.363627 350.810170 356.696925 0.004333 -0.006039
1339490.994503 192.784543 126.500354 0.014922 0.001169
1892333.765464 567.710199 583.379697 -0.007270 0.005407
1580513.963280 495.713529 66.037213 0.001220 -0.012655
1628540.167412 101.135158 535.761118 0.009075 -0.001121
358744.990248 592.699698 301.896052 -0.004047 0.008489
1065496.480589 768.500345 90.582416 -0.014941 0.002931
996930.964755 638.454152 488.980273 0.008374 0.006816
685065.261407 523.895771 229.226781 -0.007714 0.019126
22284.613001 82.917383 360.132238 -0.014772 0.005066
1564209.169505 749.632756 458.244370 0.006963 0.006549
471659.941818 684.107021 242.305543 0.009524 -0.009783
234378.384535 216.311268 129.500362 -0.009219 -0.004008
1581110.075852 613.313720 117.722249 0.004188 -0.000945
1733102.233956 757.435485 78.060536 -0.010154 -0.009491
222272.466972 206.892848 219.620790 0.008458 -0.004763
7593.072023 394.964611 189.482657 0.010731 -0.013125
1961038.188991 1.995770 14.096109 -0.004562 0.009666
554464.627316 401.912294 7.791558 -0.000263 0.010875
821613.773155 227.392830 322.823361 0.003842 0.015655
24485.756655 378.168254 502.277855 -0.014260 0.008805
196372.594776 203.374624 588.150676 -0.001423 0.018528
718005.964867 375.116939 274.388719 0.007060 -0.010207
1252709.545778 525.496373 141.955637 0.005943 -0.018311
1958473.456073 742.019178 326.294876 0.019617 -0.003225
628831.249023 322.402174 421.146991 0.014055 -0.019648
1185057.482303 690.517924 288.658558 -0.002877 -0.019707
406775.272641 420.986357 157.516307 -0.012937 0.019321
452064.211691 433.200668 275.493462 0.007343 -0.011363
1391094.198167 249.386977 525.037785 0.017196 0.018289
1830316.959801 730.297161 532.352175 -0.001630 0.016120
610994.441719 617.913399 184.062265 -0.019670 0.004982
631021.334152 481.946348 291.886629 0.011820 -0.018537
989235.750860 1.913485 333.906388 0.010267 -0.012655
1098658.789461 784.146644 435.200263 -0.019672 0.006629
1883467.686308 564.686746 586.077495 0.012858 0.005333
1871849.530317 584.956847 330.394146 0.012870 -0.012450
911993.535660 102.364391 577.213713 0.010601 -0.014610
1176139.691461 61.384969 443.615173 -0.016925 0.015013
1537174.407177 456.272104 526.372983 -0.006935 -0.006925
123261.179832 701.035243 185.416523 0.011712 0.014780
1946848.674653 583.438308 354.110629 0.017978 0.001705
457599.283409 709.122980 164.633894 0.011209 0.008296
926562.791190 189.182570 501.877718 0.000251 0.019937
1942178.605097 12.158779 45.169660 0.008410 -0.016360
1905775.863633 382.872362 397.610592 0.013286 0.012158
1975712.466974 713.497059 408.050905 -0.008360 0.007176
1128937.655654 214.462043 243.561179 -0.013918 -0.011204
1900458.380534 306.062129 61.934723 -0.011068 -0.013419
1623668.112617 550.047065 239.420680 0.005844 -0.015475
798515.523224 494.047189 76.677495 -0.000981 -0.006943
438456.544857 343.882498 482.176501 0.015094 -0.009808
1216805.763178 694.519261 90.529785 -0.008499 -0.013386
1661706.700764 681.313838 258.919019 -0.010496 -0.019705
1303971.794110 150.938152 233.896951 0.010282 -0.003513
1107963.914568 455.528230 58.842627 0.018168 -0.011400
425643.800956 282.534912 500.135378 -0.007875 0.013972
318262.858465 449.335454 154.953018 0.018576 -0.002254
1036196.117772 457.967628 186.766893 0.006839 0.014665
948553.069005 401.663624 427.817233 0.016410 0.009303
1438074.149861 446.794609 555.672172 -0.015614 -0.007646
677338.477540 530.392948 530.719146 -0.002504 0.004691
197747.041563 521.351296 583.720721 0.017214 0.019647
1601492.672973 71.378595 330.406690 -0.017645 -0.017801
1987075.958395 461.429466 375.072281 -0.007817 -0.010044
971748.938305 621.624565 449.464844 -0.012076 0.007401
974474.447302 733.511443 145.930615 -0.003456 -0.018905
1121549.802423 602.030363 413.015931 -0.002209 -0.012400
613932.794246 434.550935 504.534766 -0.008850 -0.001015
1665525.531241 62.852152 338.477365 -0.004449 -0.014554
1238773.710671 302.295171 429.601479 -0.010180 0.007297
1925637.924078 585.453276 276.845021 0.008457 0.017214
290519.337305 158.583723 508.109375 -0.004359 0.004490
1745488.432117 760.854602 218.907708 0.002433 -0.004216
1111265.337612 695.101691 563.011679 -0.004299 -0.013803
829182.160473 184.508082 135.918969 0.019243 0.004582
728391.627189 478.616362 596.464999 -0.016896 0.013619
1349985.243450 33.141069 346.148513 -0.014480 0.010170
1010733.056353 223.815516 571.662243 -0.005909 0.006788
1129411.861826 180.556158 373.320112 0.017226 0.011494
33999.050983 389.487460 394.362256 0.027700 0.019873
1606354.705806 295.944888 66.610588 -0.018765 -0.005949
1451822.744427 315.263155 570.262962 0.008766 -0.000989
1590584.168020 314.781185 309.327122 -0.005147 0.001137
538209.161040 700.762456 484.751756 -0.011164 -0.010866
958317.440449 627.950369 272.297685 -0.015994 0.008653
479655.517489 94.715030 119.980679 0.015867 -0.017007
167238.956395 558.491772 267.533301 -0.012158 0.009131
1592486.357127 737.372087 73.330613 0.009842 0.005647
1189583.299304 432.835070 21.091458 -0.015518 0.016594
1124831.962923 303.201555 474.250288 -0.005201 0.004001
37146.621401 680.295595 232.911716 -0.001137 0.018062
205026.889315 568.766703 41.118005 -0.007910 0.004321
284161.461650 310.254467 183.849102 0.003496 0.003362
68690.410847 306.010383 301.513557 -0.013743 -0.014784
287411.349028 600.013488 404.108199 -0.012907 0.014471
1171263.018237 591.599547 143.450549 -0.004984 -0.015497
1682127.158941 314.846131 577.696720 -0.010867 0.014485
1824708.168313 265.156307 346.716899 0.019209 0.005356
369206.509725 98.051289 13.487470 -0.000372 0.008419
1208981.916871 419.236254 56.285386 -0.015646 0.007271
446720.970071 202.439036 259.055368 0.015797 -0.002839
586212.983628 385.063610 102.298542 0.001334 0.014312
560717.814863 299.146837 150.942876 -0.010359 0.004161
234257.601311 123.823398 558.714615 0.007817 -0.014630
1133248.557864 703.485285 154.146362 0.003533 -0.005172
1934248.125150 153.365770 536.537388 -0.017560 -0.007935
1152133.833222 225.894523 331.228618 -0.019690 -0.013039
1965200.129880 240.216339 397.008114 -0.013817 0.013359
1034901.121182 346.333513 125.966267 0.010925 0.006856
1623246.405098 709.143576 497.201585 0.009739 0.003205
1926329.093951 247.986792 276.499214 -0.011182 0.015959
1658576.383096 150.593181 54.638551 0.008986 -0.010061
786221.519479 241.157171 318.562952 0.017771 -0.007704
1421758.733421 742.852151 364.820158 -0.004718 -0.017535
888519.625593 711.387534 308.091970 0.005877 0.006116
374128.679919 371.161270 325.366511 -0.019385 -0.011585
247207.860577 783.067100 311.387118 0.003273 -0.012054
838233.393076 329.895966 231.323802 0.000766 -0.014288
1269501.125100 722.864705 263.005684 0.010434 0.016860
1490342.234955 701.486289 467.082444 -0.005847 -0.010059
1720173.599068 638.901795 82.384610 -0.005156 -0.001845
1589947.016719 447.735735 550.832019 -0.006501 0.003129
254199.274003 369.805319 331.544025 0.005919 -0.018219
1506623.924480 52.242758 274.505379 -0.014410 0.003086
1187558.641279 618.903994 289.814611 -0.018797 0.017646
663885.182079 619.799998 490.302193 -0.015549 -0.014783
134186.233456 776.482048 557.334739 -0.011877 -0.006225
763995.101100 799.208933 542.361813 -0.008060 -0.006510
960104.740672 340.529633 478.912196 -0.018581 -0.016976
1689167.128731 629.609431 85.054517 -0.007876 0.017131
1435140.350571 715.850049 422.395956 -0.012035 0.017046
1287450.956780 425.503474 421.025165 0.004914 -0.011494
1664884.491668 423.979721 368.689358 0.010660 0.009305
1916152.068375 115.856385 439.910818 0.014337 -0.002305
142374.806172 274.884366 522.064915 0.014830 -0.004939
1889104.925044 571.481465 97.616148 -0.016738 -0.019289
184043.514628 642.524816 546.675807 0.011780 -0.019917
1678137.485719 350.684916 320.299767 0.001586 0.016092
349432.717240 299.388644 257.065404 0.011496 -0.014633
327130.583267 597.999419 167.768852 0.015863 0.004361
1445781.852792 774.704419 571.713716 0.003709 0.013527
657045.848974 430.371211 332.922926 -0.000289 0.004925
1143416.638087 467.907769 254.855118 -0.000622 -0.004812
853229.746620 259.879666 491.384039 0.018361 0.014541
1436276.935710 106.271648 143.787774 -0.014007 0.017015
747046.145027 249.459094 400.543114 0.006114 -0.011906
555282.349025 299.950215 106.889657 -0.010820 0.018771
31011.744417 446.416023 303.293397 0.002809 -0.017981
259713.421697 113.440389 381.664459 0.002214 0.005069
30230.289339 786.018497 570.853960 0.013288 0.017725
1629124.594680 439.824236 45.090913 -0.017904 0.007950
1993199.337271 341.346534 5.259369 0.006600 -0.016778
437214.899080 754.052674 272.104369 -0.004253 -0.013122
847463.854052 329.401033 439.003771 0.017213 0.019223
1561464.248021 48.344629 73.576874 -0.003318 0.004592
1496915.452879 345.629128 357.907418 0.008051 -0.009434
1076064.875850 410.554781 489.305591 0.004506 0.002587
1028186.607653 487.320310 594.649786 0.000919 -0.009100
141764.248787 594.401370 129.520997 0.000986 -0.014451
778578.041484 758.614058 330.001556 -0.015292 0.015189
1058486.954802 720.321303 564.048547 0.005791 -0.007091
1112790.978101 319.214326 447.910696 -0.013857 -0.016078
24501.685065 554.098571 366.285210 0.013083 -0.007844
353571.678676 272.604808 548.772002 -0.013272 0.014599
375264.103699 191.435009 365.890596 -0.003806 0.010620
1493884.026769 634.813224 429.475610 -0.008218 0.016518
1188817.119779 659.961236 487.960792 0.001400 -0.000904
259519.063057 74.004956 525.218960 0.015157 -0.010160
1949033.547169 712.128157 562.663297 0.003489 0.008714
482529.103981 609.245473 36.360181 -0.013828 0.017272
1850091.109914 273.863488 102.918426 0.001412 0.009858
1871495.037280 225.023575 324.788786 0.006266 0.002823
908785.677938 195.116393 241.399874 -0.009268 0.011233
1755362.652128 318.533748 522.209885 0.010157 -0.009001
232765.271437 581.816346 98.687249 -0.018171 -0.007159
1765166.354256 236.653612 45.850512 0.017679 -0.001985
15434.920795 692.700739 474.692458 -0.012888 -0.004014
1077013.659792 90.424480 409.475626 -0.016793 0.010614
516053.778360 427.500623 5.874235 0.006393 0.012141
1576709.125925 429.985451 119.082077 0.006449 -0.008336
948767.654108 620.992105 12.361975 0.005601 0.013217
667159.362075 417.479123 74.279669 -0.003588 -0.001433
1146380.339352 334.030359 198.489899 -0.005337 0.003865
1462269.868451 722.373761 427.255835 -0.003616 0.019232
949273.004639 536.521475 309.675168 -0.000654 -0.006849
636841.273232 217.415088 521.186424 0.000687 0.017238
316267.470045 792.925654 424.530156 -0.012948 0.005327
1072709.865436 409.266999 93.038952 0.006416 0.016888
1234697.917120 187.716595 203.742202 0.017933 0.003948
1871003.135047 543.476861 299.961459 0.005848 -0.016346
968257.898916 95.395518 457.616980 -0.019761 0.004273
184803.100389 256.378323 526.089600 0.018266 0.013469
1613704.762242 94.166836 496.908808 0.000562 -0.008170
920804.219749 40.485510 484.289155 0.004911 0.008261
1455508.939668 184.164604 565.754386 -0.017307 -0.012832
1084419.887087 1.029289 515.190601 -0.018208 0.005931
1899527.167855 422.606519 461.421997 0.008443 0.001107
745706.753221 643.063022 509.248620 -0.010154 0.010537
1369434.811813 44.304771 529.166897 0.000583 0.002797
353913.564400 780.225198 371.932784 0.019265 0.003544
660308.989072 568.429304 492.192792 -0.009062 0.011117
1997036.600484 653.876614 469.111125 0.014265 0.014411
857968.969670 644.497152 232.651629 -0.012097 0.000744
1832483.595159 457.211175 194.433896 0.011953 0.011057
174050.590104 360.011802 525.736745 0.018774 0.018474
887791.815627 115.631865 561.069661 -0.017424 -0.014864
1048845.100705 314.575722 504.464462 -0.006252 0.006680
1236598.032171 273.620383 289.910828 -0.004022 -0.012107
688449.854352 662.786523 2.218830 0.009243 -0.018930
1047717.716101 519.252819 357.761852 0.013927 -0.003473
831685.772553 746.661683 517.449205 -0.008478 0.016128
1646809.537731 588.025407 29.599896 0.010383 0.011949
354697.854423 226.381832 115.142679 -0.019271 0.005159
1718570.137265 508.340035 581.204632 -0.006295 -0.018654
338487.908402 549.518086 517.392684 -0.012993 -0.003260
1776805.868268 558.733891 40.786799 -0.000624 0.001857
960078.654327 720.308430 286.861038 -0.006932 -0.012579
763596.911339 131.415179 556.267555 -0.002736 0.017034
1446903.674606 486.848097 125.380332 0.018336 0.005278
1673049.761761 619.995488 155.685271 0.012200 -0.015277
591079.477496 780.139370 482.547244 -0.013717 -0.013989
450261.526019 36.804234 509.543015 -0.008234 0.001254
788880.985598 619.173801 258.598029 0.014933 -0.015420
1247242.441982 204.449691 167.479655 0.002035 0.007426
405506.701397 217.973850 175.123005 -0.003528 -0.012329
1835863.754077 197.557447 576.143375 -0.012859 -0.017856
159031.381905 380.234550 18.692899 0.015405 0.005332
362722.217274 87.114409 407.185342 -0.018480 -0.003709
420997.232395 340.248738 105.217851 0.005887 -0.007641
580167.091722 213.318396 333.057189 0.002825 0.012582
479025.265425 617.124236 52.382024 0.001284 -0.012669
552036.800679 359.771580 258.492723 -0.010466 0.005044
969986.005207 253.904951 61.430784 0.000860 -0.011958
1471710.388303 557.457160 187.939285 -0.003391 0.009252
1430984.936390 501.083125 90.992345 0.015640 -0.009256
902052.609670 144.263055 321.307193 -0.019774 0.010000
700700.571156 195.497229 313.489019 -0.002450 0.011055
1408199.004553 571.058121 137.391863 -0.014606 0.018120
1713095.736556 496.539884 161.191774 0.018426 -0.014619
944491.339356 557.261782 498.500352 0.011371 -0.015565
1119457.834922 400.579547 441.364226 0.008482 -0.004380
8319.607940 130.657081 343.306008 0.001567 -0.013274
647061.014849 712.042325 247.303519 0.013815 -0.006804
379545.065751 439.140568 25.998751 -0.003349 0.007307
1990576.603445 218.486356 181.292050 -0.009382 -0.010687
876473.971119 589.489222 557.764875 -0.009188 0.000888
80381.552726 664.707394 13.473580 0.011014 0.001702
828036.629980 625.294309 422.966024 0.019526 -0.007166
1747623.103553 248.260978 124.248663 -0.008532 -0.013735
1072386.123739 381.251875 423.870254 0.003248 0.015732
777386.485961 459.738846 101.065116 0.007627 0.013599
801906.589792 103.656452 345.904982 -0.006818 -0.003930
197987.358178 295.744700 137.624187 -0.015164 -0.014149
1545926.498969 428.224251 556.374834 -0.000386 0.001333
492654.834172 281.811773 500.410306 -0.000477 0.004827
1978982.283724 793.049991 69.318565 0.007738 0.002838
17631.095842 65.927569 86.892631 -0.012954 0.010993
1966499.848276 461.786777 543.840647 0.003875 0.014634
611006.784537 527.354530 167.496710 0.001464 0.011201
850069.038966 246.950451 190.034445 -0.005925 0.011501
1676786.882652 479.204266 83.038859 0.006898 -0.017856
1557780.060711 529.983148 26.079914 0.015762 -0.005709
1227310.625476 722.694932 262.490708 -0.014406 -0.019912
428616.731627 591.813118 393.231897 -0.015228 -0.007965
1127178.874392 340.609957 576.946261 0.013653 0.018399
1480731.590409 212.512604 162.284484 -0.017761 0.004814
115335.758829 714.947655 130.690595 -0.012100 0.002662
541498.807511 780.824376 137.504355 -0.007454 0.014836
1167776.423119 741.698083 464.598625 -0.019054 0.007379
1705487.274428 189.990360 255.691495 0.000299 -0.005706
1455042.508177 58.327076 469.886973 0.007536 0.016570
1485351.840726 341.258656 108.560771 -0.019562 -0.000670
1600046.444498 55.308113 226.563248 -0.019268 -0.009264
1889695.885540 229.999844 146.944134 -0.013079 0.004154
230475.999522 606.104741 319.455033 0.015481 0.011169
434670.210087 593.634120 9.820650 0.005754 -0.009929
748135.628527 296.489104 192.818299 -0.013608 -0.017667
474188.291689 718.578707 292.964886 -0.003340 0.016150
1941577.332067 174.171641 588.384241 -0.006002 -0.010718
499196.726130 235.228884 314.376560 -0.000269 -0.001289
254300.674542 487.838778 134.029668 0.006377 -0.000124
6325.354803 699.740196 144.023926 -0.019181 0.000843
980919.682878 316.233044 534.961098 0.012562 0.001942
1900851.625903 40.234574 269.137228 -0.002616 -0.001276
719689.197242 326.119387 412.533933 -0.006338 0.010298
1844748.197982 472.697505 29.924111 -0.002196 -0.016547
1036199.990211 459.385695 416.159649 0.009629 -0.010783
385683.919483 595.581689 65.435510 -0.002702 0.010637
1256102.471266 738.648051 96.236994 0.000310 0.010682
1419511.694191 375.209731 473.112203 -0.013608 0.016230
511292.832210 415.546565 189.903843 0.017685 0.014413
145034.134456 690.952324 270.025648 -0.015050 -0.007553
1071721.370831 512.984824 530.590678 -0.010820 -0.004680
233847.819378 338.015053 77.596008 -0.011045 0.014183
1786277.592083 681.545582 467.326098 -0.017914 -0.005081
1031918.257955 609.520997 506.378045 -0.007876 0.016816
1499349.890975 446.053525 263.475392 -0.017296 0.000091
597617.807145 110.476343 218.910414 0.010028 -0.009529
1353622.215499 228.427592 541.963843 0.002473 0.000628
573296.933702 542.590518 564.254878 -0.003394 0.016133
1590131.532210 246.454604 453.681551 0.003025 -0.005537
258416.177825 73.267004 73.546678 0.018866 -0.004276
87595.200207 577.064412 571.866211 -0.000689 0.011451
906233.425674 626.049767 554.307630 0.012744 0.001237
370032.188655 395.626512 489.036425 -0.016450 -0.017754
664767.085884 299.426868 441.973858 -0.009127 0.011569
1278253.811075 52.953728 58.787202 -0.004103 0.005617
916040.443311 420.134614 438.710346 0.003211 -0.000176
249204.321880 498.926481 129.995739 -0.016951 -0.015725
8661.484350 424.761845 533.330104 0.017168 -0.006051
841302.204338 89.917392 505.917051 -0.010459 -0.011999
1802783.200425 456.003966 346.436194 0.005475 0.013644
731632.451868 220.828853 544.863562 -0.001383 0.006834
1096714.972098 736.596688 118.099160 -0.008785 -0.000155
1386984.768969 324.189523 76.198962 0.016473 -0.000728
469499.863903 731.897167 7.141471 -0.014998 0.013826
718651.906922 435.229239 574.794732 -0.011848 0.011204
316653.122342 84.484661 211.516903 0.010358 0.008658
385530.231700 79.436288 10.989467 -0.015987 0.002585
1379939.433830 519.712861 291.882245 0.015393 0.017191
1974529.288697 463.425133 199.384819 -0.015559 -0.000438
1626419.535664 279.943062 244.551159 0.012991 -0.001059
503204.831157 145.975920 10.596099 -0.011601 -0.004493
1600260.999799 292.819015 294.219181 -0.013936 -0.015952
467442.890847 275.173658 120.969530 -0.009908 -0.002200
1530910.291491 752.901551 56.801824 -0.010018 0.013194
43405.273949 189.847350 245.021409 -0.005768 -0.005875
1801413.789299 133.399772 421.689444 -0.007713 0.019697
348673.859774 447.345530 105.199338 -0.012274 0.010759
1122384.702378 793.078091 80.574303 -0.017936 -0.014258
474000.488629 229.210803 293.476490 -0.002424 0.001569
1867761.544822 162.421119 288.065068 -0.018837 -0.001858
617712.498930 39.740056 415.225263 0.008774 -0.003828
88793.583256 495.276002 343.129923 0.009912 0.016870
1123119.018564 736.356451 291.278649 0.009342 -0.015514
510837.786138 237.487663 62.531875 -0.004318 -0.005979
498234.962345 502.863643 381.152288 0.009536 -0.017337
350510.791107 537.919388 163.033800 0.006267 0.007943
1451432.125387 771.328388 449.479213 -0.003434 0.007383
303273.376219 370.459221 179.729162 0.008883 -0.011661
454803.713809 227.327255 75.681221 0.008615 -0.019193
480071.545802 775.385800 189.723169 -0.006268 -0.005550
1333575.176696 474.707855 592.777698 -0.007754 -0.006721
110627.538576 382.683364 1.634066 -0.007023 -0.014467
1406769.050940 41.546517 59.167998 -0.001851 -0.001176
1561676.394922 481.930657 559.219248 -0.016772 -0.007007
281255.947557 246.561871 364.485905 -0.009242 -0.019067
1257382.930842 407.715948 596.344495 0.017776 0.014113
706537.016996 489.404133 269.165406 -0.006347 0.016662
1558318.719993 318.301072 237.192649 0.011356 0.008938
1057752.200895 389.499450 466.236695 0.005112 0.017476
491364.625511 326.070252 325.134607 -0.012858 -0.000415
1734950.389590 255.114339 479.371673 -0.000918 0.003491
1643357.573842 84.907862 56.582168 0.012565 -0.017959
1898263.090243 133.878301 397.739474 -0.004153 0.000416
1157183.811607 141.349107 544.904853 0.018950 0.018326
1260090.642264 401.407788 266.305679 -0.003786 -0.014832
767107.214205 521.897793 323.510388 0.016963 0.013170
55740.578126 635.048046 88.635508 0.012995 -0.009352
1471867.368311 519.238146 224.845271 0.012695 -0.001709
851158.514084 623.888324 377.423093 -0.016453 -0.012928
279214.015361 532.674694 211.896750 -0.018213 0.005643
622537.959657 541.517620 84.428052 0.010271 -0.016705
543551.074594 112.636379 438.924945 0.013029 -0.017288
1125283.938425 670.584231 515.381355 0.008406 0.006501
255944.995329 357.696489 186.971776 0.000111 -0.008822
1549879.616848 742.550268 34.903909 -0.003813 -0.019281
474171.187949 435.959175 410.541377 0.003551 0.003664
648167.413030 720.748224 160.601401 -0.001359 0.006317
697835.028496 589.549865 478.536300 -0.016732 0.001911
1725670.433475 516.149463 231.026574 0.008563 -0.005174
99429.388577 679.074609 481.434494 -0.005529 -0.005967
163663.104253 109.185407 168.324695 -0.006038 0.000434
594763.153510 304.033160 53.106946 0.019288 0.018840
1355525.087265 245.243739 522.307073 0.017975 0.010976
1053977.892294 234.670063 305.545472 -0.007008 -0.004914
115031.983757 149.652563 13.090445 -0.002341 0.016299
752375.869431 393.529384 455.337818 -0.012733 0.014187
219437.964363 208.513533 594.935506 -0.004391 -0.003967
1068114.026016 550.334372 469.199782 0.004821 0.006957
1499866.051366 239.199556 584.029382 0.004705 -0.010305
1491842.997955 116.672810 322.360294 -0.009689 -0.001104
1826279.228472 251.397539 395.384895 0.017278 0.010257
1133058.067007 247.405391 149.315308 -0.007048 -0.000430
207507.431604 346.274473 450.527624 -0.016175 0.012952
304737.184339 504.681140 306.509833 0.017354 -0.010038
361247.467977 546.236957 329.183318 -0.013814 -0.007896
1585793.637478 720.306134 269.077832 -0.006740 -0.013890
1841064.114050 194.888931 281.045854 0.003207 -0.012798
451362.950938 116.059286 291.926535 -0.000988 -0.001230
1950936.490647 463.093770 542.348526 0.007455 0.008596
1454702.783122 701.518320 182.876379 -0.010466 0.012518
1108684.254395 334.927902 297.188646 -0.015859 0.002983
1596490.624173 716.630257 284.711391 -0.013185 -0.009446
1263706.185512 133.922796 282.658145 -0.015920 0.009880
1294332.516982 260.885889 535.951341 -0.014680 0.012033
723046.520130 86.935993 228.688905 -0.009383 0.013346
107937.715067 793.381539 426.682852 -0.005778 -0.010906
1046872.077066 728.596183 389.505385 -0.019428 -0.019606
450965.188654 653.808559 546.436511 0.008001 -0.017435
278162.196408 266.442556 139.721641 0.004373 -0.002622
1960316.196066 205.965652 456.503077 0.014896 -0.004400
1125740.257616 188.033638 299.747181 0.017727 -0.000077
668170.334151 796.501449 294.134502 -0.018207 -0.005850
1443825.863043 455.417190 160.088270 -0.005095 0.003566
564375.188464 477.977827 242.476712 -0.012222 -0.008027
938961.728913 267.239460 380.100402 0.008055 0.017679
132214.712972 546.886494 119.704913 0.013435 0.002244
1179224.623916 311.296009 473.035601 -0.016514 -0.006645
575213.267736 339.204340 197.858418 0.010948 -0.001180
1368718.602401 401.149166 24.217686 0.018036 0.014963
1254302.726711 185.461469 282.638987 -0.018613 -0.002903
1541011.519516 400.964235 455.982938 -0.003931 -0.011886
1407684.757098 375.700356 531.639206 0.016169 -0.008190
883750.411162 393.657279 411.830929 -0.010490 0.003306
38293.802197 414.448911 2.723596 -0.006034 -0.008066
949396.727117 26.731180 479.249796 0.000631 0.019477
1340193.529306 111.974551 129.688154 -0.014266 -0.013041
1289556.392138 729.337155 404.219800 -0.003849 -0.007440
1756783.113702 88.255445 468.737131 0.010402 -0.019814
157687.638028 166.195153 303.201942 0.010661 -0.002499
175039.783202 626.416545 573.043274 -0.016253 -0.014655
506304.289450 453.030406 99.009951 -0.017930 -0.016694
301433.914481 575.960180 134.037859 -0.005406 0.014581
790027.673724 9.325179 464.011788 -0.017172 -0.003248
176035.711624 758.980713 317.367278 0.014779 0.008528
1081972.172988 758.891058 552.438597 -0.018314 0.008740
715741.816310 106.859586 298.728995 -0.007392 -0.010926
1263880.632475 454.527756 476.822325 0.011928 0.004694
1751026.801649 758.461589 202.346020 -0.016208 -0.007298
399196.095951 395.121807 198.081491 0.019155 0.002317
1496994.359185 48.535293 306.769668 -0.008885 0.017277
445396.929255 653.396807 529.979504 -0.014306 0.014531
1193553.106484 399.587983 599.629282 -0.016099 0.012519
450224.472419 581.033734 229.341657 -0.019258 0.001035
1999453.321099 715.676182 286.081549 -0.003766 0.018654
1584501.028799 428.972765 291.148659 -0.015104 0.000394
94458.571679 696.658097 342.277116 0.002260 -0.014110
1007827.074736 623.520339 579.917655 -0.004565 0.016836
1658558.308919 786.860462 252.862488 0.013084 -0.016928
475365.567242 42.374613 482.639418 0.004203 -0.016832
663714.367274 496.285857 581.155016 0.012203 0.018134
1919117.403179 479.258746 297.085282 -0.002154 0.008815
9624.167350 393.760804 354.293817 0.003062 -0.018036
1478876.057770 64.750507 497.148795 0.007605 -0.001366
1502145.321808 426.334384 269.156719 -0.013013 -0.005531
1054818.871922 328.986257 247.424284 -0.006669 -0.018736
972186.690649 532.021653 390.572975 -0.001906 -0.001132
1216433.286302 329.288990 43.550345 -0.015854 0.014314
1585452.240699 85.676664 210.030957 -0.004654 0.007043
796849.675848 98.804824 459.283051 -0.011178 0.013043
461377.134761 782.934167 216.768153 0.007121 -0.013899
1447663.852688 164.982065 338.398047 -0.014465 0.001603
1190708.408687 498.617773 122.480615 -0.010108 -0.017137
1355477.244293 684.223176 294.767884 0.010012 0.018243
694211.989964 433.852449 39.662393 0.007929 0.017126
1497031.391364 75.990426 30.120411 0.000516 -0.007088
1759090.904966 594.283370 180.005811 -0.010334 -0.003084
904928.793621 771.682910 377.453499 -0.019382 -0.015860
341892.055395 489.079981 437.345302 -0.004959 0.014373
1609370.418642 43.015505 428.259938 -0.008154 0.012128
1339833.364515 513.673090 206.768771 0.009446 -0.006363
543533.833951 386.061095 260.813060 -0.007103 0.019760
1510075.678821 160.774312 443.532539 -0.017781 -0.002229
325429.097901 406.839289 246.080135 0.011707 0.000975
1027532.088117 770.764242 81.132369 -0.010418 -0.006325
1987715.010526 37.319018 236.671973 0.008300 -0.006357
396776.620483 301.275931 588.350925 0.001760 -0.015621
639902.701899 652.797054 355.668472 0.010170 -0.014514
1179865.857204 405.997932 204.165402 -0.006887 0.002543
1568458.621189 393.009418 42.176465 -0.012222 -0.008569
1190290.628555 566.919678 150.576623 0.009231 0.017977
1180185.991889 580.839905 597.196045 0.019377 -0.002829
672088.553511 146.406879 485.168953 -0.007443 0.009053
1837656.663655 510.381819 325.202988 0.000515 -0.004379
1360614.323691 81.240271 539.135819 -0.019223 -0.002773
924125.776125 643.741150 555.578825 0.001301 0.019917
418950.309241 102.509949 424.896727 -0.001843 0.014198
1312754.557148 39.483943 349.391469 0.006044 -0.018709
30587.249450 791.070211 130.124446 0.012873 -0.007747
1889215.610870 593.526886 565.841005 -0.000558 -0.009851
669560.509114 133.282935 213.922975 -0.010651 -0.012482
1579576.984783 556.964419 594.780438 0.008609 -0.010950
1982244.182370 739.203996 213.954287 0.007926 -0.004712
432350.935616 284.158151 257.747616 0.011962 -0.019783
930735.730068 652.720006 596.900638 0.007298 0.005501
600671.720971 501.487886 227.478944 -0.010140 -0.015437
1270601.892504 464.268715 169.751568 0.019695 0.012532
938976.299455 626.094642 304.952156 -0.001557 -0.000158
1474031.937064 361.438659 251.397428 -0.016261 -0.013938
1605130.416157 247.595631 302.369084 -0.010677 -0.015571
1023340.410098 559.405380 555.196974 0.000257 -0.004743
1128556.229700 646.017299 4.871087 0.017712 -0.017925
248420.950141 463.838737 377.940294 -0.004172 0.002487
884577.235619 701.363284 213.080573 0.017988 -0.006661
1704879.713107 549.579798 474.664840 -0.009084 0.011133
1882055.445519 60.062186 54.670353 -0.002203 -0.007582
404206.608610 765.625307 4.925305 -0.014908 -0.001409
780987.060993 553.486203 162.521689 -0.004104 0.005536
642018.800900 420.459451 131.067508 0.018041 0.017208
1579863.075903 313.624793 483.240444 -0.014259 -0.006321
286431.929230 799.374413 18.174318 0.017334 -0.009089
1625355.291937 700.347079 207.200231 0.016184 -0.007086
1310099.705732 85.595689 166.676127 0.006615 -0.010560
1485499.756171 42.081015 555.822808 -0.019429 -0.001825
1126826.147142 267.905934 586.616954 0.011205 -0.008663
1817754.082297 456.679284 407.124763 0.008594 0.008666
42605.713030 685.509992 429.010530 -0.017367 0.011442
1969490.396776 691.700901 400.022752 -0.006743 0.010789
1972945.507603 788.107794 525.968492 -0.009435 0.005961
221002.463354 5.383596 420.802338 -0.018470 -0.019153
314139.836614 479.592021 212.886071 -0.014573 -0.004781
1280098.799281 35.136730 571.193247 -0.007229 0.010292
1334025.561499 271.059079 370.134126 -0.004798 -0.004309
817314.073824 291.721733 154.371661 -0.016969 0.007883
52254.755074 49.558068 408.968806 0.016125 -0.006908
662711.798522 9.201014 199.471404 -0.018592 -0.017987
710212.109941 153.591492 389.756917 0.008414 -0.006920
61999.699130 281.319071 223.166928 0.019331 0.006784
261157.692532 519.798376 3.428201 0.009905 -0.018742
797766.605764 125.529977 236.966612 0.006236 -0.010783
184709.901076 545.863555 175.262451 0.010999 0.003280
1235796.007903 85.694953 357.174936 0.018135 -0.014409
1292608.929469 245.197243 198.028625 -0.008129 -0.019343
1317389.029692 261.017997 220.248998 -0.018774 -0.007594
71927.786838 127.544002 576.067873 -0.018263 0.016266
1977614.946653 353.517375 38.144957 -0.004689 -0.016024
591803.305127 381.823726 467.053775 0.003543 -0.009940
726241.200569 165.456119 213.815217 0.018405 -0.013689
995710.504705 485.470304 279.585334 0.013129 0.016104
963862.695249 391.363489 138.028429 0.014000 0.000716
1079147.418532 708.513460 408.280196 0.000072 0.017234
1174876.041326 389.975208 223.476968 0.006102 0.014862
937689.950195 758.125465 209.359936 -0.010109 0.001349
1200871.358253 489.966015 445.137307 0.018289 0.002816
1798372.363578 364.391060 105.692963 -0.005470 -0.008544
158766.744732 676.151260 464.647520 -0.007505 0.007894
584123.108808 680.140159 348.282625 0.018801 -0.006104
1019930.488905 447.569705 499.956234 0.015235 -0.011572
1412068.961846 279.042962 95.726730 -0.017834 0.004000
1390465.348675 524.092430 125.858539 -0.002538 0.004576
1560588.704217 269.813275 41.892696 0.018295 0.008049
709118.110458 28.486474 326.975734 -0.014801 -0.006355
481739.437432 336.950355 116.706523 0.012797 -0.004327
1084185.081108 265.212315 569.297412 -0.004955 -0.011515
321427.933090 65.529405 337.008471 -0.007658 -0.014276
322096.383349 11.845664 475.414564 -0.005120 -0.001936
811598.476400 120.514760 472.032860 -0.000987 -0.015695
975828.599639 662.603592 87.654173 -0.018663 0.018345
980873.326296 219.821754 226.018974 0.007432 -0.016136
1538962.265262 182.397852 257.021625 0.008867 0.004175
1281944.833362 703.405541 411.077272 -0.011712 -0.012091
1646853.441208 292.211525 129.546203 0.004649 0.009433
1334224.681991 17.309020 531.642456 -0.001741 -0.000146
1987979.200663 753.737636 196.692455 -0.014442 0.019174
567825.405192 503.475810 150.111180 0.006652 -0.007336
693992.653253 345.785138 324.261451 0.011226 -0.014032
290886.182473 333.475035 18.761887 0.013265 0.004847
461579.700216 523.927410 590.425261 -0.002186 -0.009224
1440439.939238 90.615005 175.796890 0.004293 0.002716
1578856.275221 479.427515 307.287198 -0.015373 0.009471
975708.803616 320.093179 219.691708 0.009551 -0.017495
1363849.989774 67.965625 296.566932 -0.011050 0.014439
1287670.666020 295.589006 165.366018 0.006995 -0.011986
1793086.186886 725.178972 513.111302 0.015254 -0.005937
253419.465503 481.124405 277.991551 -0.003000 -0.011624
65064.939701 167.207827 484.554255 0.001755 -0.007021
1093948.624606 26.232275 434.944795 0.016650 0.010809
1570950.974510 476.799344 514.314984 -0.008976 0.012913
1433502.711092 738.894480 113.723856 0.019631 0.003974
779698.448619 711.425705 302.061831 -0.010252 0.010931
1707668.152502 297.428684 224.383159 -0.007310 0.011723
1161722.038482 280.332762 1.204185 -0.004377 0.015826
650195.260835 747.887781 556.486900 -0.017951 0.014023
1393276.303724 667.739508 267.557186 0.002118 -0.015475
534900.189626 215.475413 20.716537 -0.001720 -0.009441
1264731.390059 676.430098 90.835632 -0.014612 -0.016287
1848317.172308 790.520215 278.182360 -0.008166 -0.007746
512088.236637 701.863839 394.049859 -0.009761 -0.009251
1104225.446984 465.368565 122.119288 -0.000852 0.005253
107543.810321 140.002790 279.697223 -0.000019 0.009164
1156781.673039 615.041054 597.721641 0.004526 -0.011053
520065.349769 196.707127 42.738108 -0.003453 -0.004740
327390.441823 269.874798 222.069170 0.005078 0.005383
1353004.063178 706.898567 306.496433 -0.006483 -0.014423
1558240.596931 709.952946 433.207578 0.019297 -0.005488
706633.334377 29.442732 323.809639 0.012781 0.001704
534505.464385 317.161368 182.288686 -0.009456 -0.019525
1061346.780072 419.779282 155.077873 0.004209 0.017642
1275778.349152 611.777564 164.363556 -0.019717 -0.004282
1816858.008419 547.062776 165.833846 -0.003171 -0.019297
837596.447597 158.953577 541.895595 -0.014429 -0.012828
537634.699856 396.329956 130.286406 0.012318 -0.007433
1509630.032587 59.424922 425.486534 -0.004385 -0.029528
1442342.147903 473.814439 518.044573 0.019207 -0.012394
1603574.954720 491.901783 575.866692 -0.016927 0.004959
706735.606634 787.896849 184.336966 0.005197 -0.003776
651319.147391 39.627812 362.158609 -0.010767 -0.012394
1573016.600485 397.959028 411.277089 -0.019969 -0.007651
1998835.487291 607.734632 230.306838 0.008372 0.012762
1445522.677826 344.937470 246.090253 0.003475 -0.003647
1207599.107738 311.359791 14.947423 0.002538 -0.001304
1297106.122271 734.163133 269.896983 0.018107 0.001901
1709409.523620 225.332715 358.942701 -0.001612 0.000447
1579454.636005 196.663216 5.753633 -0.000952 -0.009956
635151.660366 380.643747 4.928674 0.008029 -0.012564
1657542.871152 337.906093 368.568786 -0.010397 -0.019609
50074.195513 673.488066 239.411126 -0.017988 -0.003726
1728956.987955 558.505470 193.939195 -0.007471 0.006061
1741304.677791 135.009678 562.169688 -0.001271 0.005038
896425.988943 206.775854 524.962845 -0.001631 0.009335
248631.410417 620.230282 125.780969 -0.014699 -0.000946
789536.960791 768.893462 539.145967 -0.019614 -0.011930
1819863.026878 28.240483 25.940737 -0.007613 -0.016538
901731.744829 139.578610 470.668198 0.010951 -0.000461
878442.611954 515.110802 393.231249 -0.004977 -0.015508
569936.175165 658.435548 222.529602 -0.013658 -0.008682
212161.644461 226.336839 35.146624 -0.007359 -0.003227
1070836.321949 568.316041 228.125547 -0.002633 0.008849
1162154.364009 276.239868 454.601443 0.005047 0.006160
1685995.778854 61.582134 497.536275 0.005660 0.013998
631794.399876 54.358454 296.521080 0.018934 -0.002271
