120102.793966 630.565846 121.759804 -0.006073 -0.005539
269277.329682 300.507055 155.815488 -0.018246 0.015169
1260731.205931 301.908109 191.793346 0.013095 -0.002981
973263.179405 632.681266 573.075327 0.008532 -0.005924
1683880.506867 289.656991 229.621272 -0.016848 -0.013039
1760997.696668 175.101283 580.947878 0.011712 -0.019844
354965.669268 682.095266 474.917670 -0.004782 -0.011980
306862.422408 412.100707 346.377532 -0.003486 0.002371
913598.742761 34.657167 562.208195 0.011091 0.014841
723511.401901 210.420366 397.282493 -0.007315 0.019070
27418.055584 127.112399 203.423909 -0.004129 -0.010487
1026719.971107 221.772364 273.416468 -0.000716 -0.017203
919235.655535 527.513723 553.284588 -0.009943 -0.018401
247720.705461 324.014653 333.375385 0.008050 0.012695
229642.751734 126.054962 516.699558 -0.017948 0.017306
1463437.116455 330.520002 118.685990 -0.004260 0.009198
349002.480669 325.688774 533.708710 0.000756 0.011929
253345.397419 21.774509 48.639803 0.003306 0.000368
301882.374241 33.673974 101.173131 -0.017050 -0.008247
417897.793659 158.068624 419.462987 0.010568 0.015939
1032678.423930 703.196374 34.085274 -0.004918 0.017232
1981626.739717 86.856965 206.273889 -0.012500 0.000215
148080.320166 290.591432 545.794217 0.018531 0.015059
1426235.401736 72.119070 542.414100 0.011778 0.006907
826207.458426 756.140942 428.792900 0.003267 -0.019253
17939.873048 632.822507 129.656428 0.008294 0.002217
229060.592236 179.027149 260.594378 -0.013106 0.003990
729567.630556 129.507710 425.855545 0.008369 -0.006018
424191.899795 625.866052 427.961743 -0.015142 0.009803
1179453.697605 667.598125 501.557572 -0.000284 0.005142
1017047.714916 725.186136 344.269614 -0.011057 -0.000458
1184883.571782 186.276092 167.951420 0.012328 0.017634
1669257.284919 738.273905 98.358242 -0.009274 -0.016402
1530870.404807 506.895952 153.304363 -0.001014 -0.006332
1211583.405366 549.843458 75.072175 -0.007250 0.012366
1741377.547263 726.959727 385.937683 0.008270 -0.003876
544004.606336 172.215842 185.253049 0.013843 -0.002453
1594854.852927 350.342236 402.622093 -0.016923 -0.010136
1223177.906695 729.397183 101.650938 0.011007 -0.012887
527324.168257 433.093966 488.138849 0.000771 -0.019339
312490.830343 99.961857 422.445230 -0.009058 -0.002374
1025907.483430 121.200453 211.701190 -0.013743 0.014337
1509229.653286 342.367735 43.823386 -0.017582 -0.009143
1023852.793045 688.500041 427.645574 -0.012672 0.017506
1918069.081343 635.622210 509.631963 -0.014838 0.002819
59433.087734 314.144255 67.484173 0.013736 0.016467
257531.464220 800.194456 21.992222 0.013301 -0.008769
961609.428265 276.876481 259.690401 0.013346 0.000077
582120.371322 470.244116 558.334778 -0.005429 0.006034
408974.288222 701.242858 307.056595 0.016718 -0.017636
899929.745542 700.551475 512.264359 -0.008029 -0.019825
849952.291162 263.221010 238.026888 0.001491 -0.013090
617567.269419 532.559956 103.650495 -0.006174 -0.000041
907629.657959 661.391754 506.830506 0.015475 0.006367
693382.430213 142.021604 148.614987 -0.008913 0.001680
1797970.130014 385.218893 250.895890 -0.003543 -0.004072
955435.349120 688.814841 164.337130 -0.006718 -0.013579
557659.864685 605.664736 293.533078 0.007028 -0.008244
1324351.926951 787.912212 575.787904 0.013380 -0.006799
917046.023028 230.878734 93.861357 -0.007874 -0.012958
1632997.046985 519.564947 212.088445 -0.017455 0.017093
1790149.784549 770.398048 245.006073 -0.007444 -0.005003
1613713.184192 632.595656 141.050577 -0.016770 -0.015074
791753.703166 288.156828 527.715567 0.015412 -0.018576
347958.385175 437.766021 12.183116 -0.014651 -0.004673
701432.257286 473.856209 402.919908 0.000306 0.015821
1693039.169392 258.997546 327.039527 -0.012022 -0.004477
944105.254926 75.949670 210.696330 0.015262 -0.003682
1451122.988691 550.170484 119.583716 0.018433 0.010749
644142.737912 285.338162 76.872332 -0.011909 -0.010307
328294.663843 300.640544 473.806076 -0.012447 0.000403
344141.964030 428.427799 61.013887 0.013721 -0.018292
1995072.262359 551.814783 220.259792 0.001702 0.015575
1509670.835691 11.580281 590.618471 -0.015746 0.015802
783939.521193 665.371025 349.766427 0.003603 0.011716
702233.533702 730.455808 89.506382 -0.000820 -0.015326
783487.379916 514.722558 294.892057 -0.012726 0.013105
1976.599918 282.552704 217.914390 -0.015867 -0.012115
812477.567611 80.689056 531.946197 0.010923 0.005756
1551513.418346 422.386927 394.960487 0.010385 0.005359
1106838.468046 121.150161 279.458354 -0.014543 0.009714
516376.429478 389.700686 393.755341 -0.003736 0.018684
1541877.001311 639.448125 366.473818 -0.009514 0.019233
877046.727052 210.651603 200.547763 0.012086 -0.005351
1062152.807164 166.550888 280.409941 -0.003295 0.019270
220503.739184 154.773262 305.665759 0.010749 0.018116
285758.867062 257.509535 62.799654 0.004312 -0.001799
1694852.848395 693.277621 566.914362 0.000171 -0.009096
1823523.613542 219.347039 44.313112 0.000896 0.001459
109429.840049 768.418793 479.773157 -0.004445 0.010499
331166.874772 736.212379 582.423165 0.005301 -0.006511
1904142.131984 594.148791 318.577130 -0.001566 0.000441
967910.745632 483.212501 499.577769 0.003537 -0.011505
581591.096978 348.717226 47.628053 -0.010597 0.017544
706572.319710 118.065850 128.191897 -0.002947 0.006817
1499518.371885 385.485394 378.411031 0.001967 0.014846
785875.055374 571.686437 474.558983 -0.005454 -0.006113
257524.722376 252.792042 54.093882 0.006414 0.011118
1201976.699383 114.896340 228.673056 -0.002636 0.009288
1186503.038363 579.856530 101.323998 0.006865 0.018414
215485.423904 20.286225 64.895120 -0.007140 -0.001900
1555844.913030 56.737186 560.719544 -0.003679 0.004799
1610655.802121 641.002405 200.696320 0.003850 -0.013398
1363983.919548 580.296463 288.446585 0.010876 -0.004604
515601.680854 298.373836 317.311949 0.005551 0.012263
521772.659627 185.516258 319.112500 -0.002823 0.016151
984056.433190 429.699002 557.991129 0.003795 0.014061
764465.851134 302.416976 557.730383 -0.007330 0.011450
1098768.237559 97.803370 352.678083 0.015012 0.008777
1505133.839094 452.801343 266.038687 -0.010692 -0.006491
1656881.889169 392.896012 426.347049 -0.005691 -0.014809
1035409.796534 494.040305 216.854833 -0.018024 -0.018109
532033.862794 432.775473 350.335353 -0.012175 -0.014341
885049.308131 462.235478 311.980038 -0.005120 0.015776
611963.250959 737.174338 10.086597 0.015728 0.012217
1469794.933437 516.717590 223.173330 -0.012717 0.015362
1419313.830053 5.469246 222.388022 -0.003164 -0.005441
1001399.715897 750.854183 589.347655 0.014495 0.019479
57920.523946 102.933713 317.092172 0.004540 -0.007028
1340168.589419 44.400181 541.234065 -0.012402 -0.002901
1593328.125585 396.701374 209.156558 0.012533 -0.004437
308175.125303 438.473993 21.338773 0.000990 0.009082
1829796.170737 188.135754 440.144873 -0.008571 0.006237
194622.977727 628.855308 356.622930 -0.016832 0.005962
1163384.351490 86.205317 466.647967 -0.015510 0.008978
203536.384834 624.057209 466.458994 -0.019844 0.018802
408990.508136 640.479795 279.515616 0.002222 0.004586
1709918.606891 566.057543 96.929830 0.015656 -0.010660
1776676.395804 644.231471 280.729251 0.004841 -0.016375
248411.979642 575.385784 526.528312 0.008741 0.011926
1052401.075630 239.984208 543.664666 -0.007845 -0.003564
1254879.329007 324.342209 114.493099 -0.003792 -0.003605
322021.593490 487.195586 125.770724 0.004405 -0.013959
1647379.426121 385.658986 521.559209 0.019420 -0.005117
204691.412954 699.112037 106.329703 0.002814 -0.000174
536197.156895 555.659015 128.751752 -0.014190 -0.003470
25648.950611 537.489358 428.312422 0.016723 0.018988
247729.502734 437.058771 228.733470 -0.007406 0.018034
1580350.309415 380.335384 335.633829 -0.019999 -0.015899
1443766.372951 659.108112 350.738680 0.003662 0.012378
1912564.341869 554.680479 409.755757 -0.014664 -0.009430
357511.299829 321.218034 575.475966 -0.004320 0.001865
744693.135258 324.758043 131.003719 -0.016563 -0.007000
387589.365424 167.724623 523.052190 0.002984 0.000967
1645202.005117 291.732293 0.017891 -0.004708 -0.005390
205411.871060 83.519632 113.333630 0.007489 0.007829
1996032.971887 514.707333 233.653438 0.007371 0.010799
1306804.762830 688.009031 106.867775 0.004500 -0.009862
1450619.077985 788.124041 395.512150 0.017740 -0.017179
1969754.747101 110.297566 168.225921 0.013877 0.008601
1609086.544071 543.545339 45.908605 0.012190 -0.017528
883645.576836 726.006386 99.564925 0.005375 0.003726
1722771.757153 502.683684 142.466007 -0.009976 -0.007592
28763.775727 722.975499 101.792839 -0.012175 0.000595
845989.907554 734.191424 300.966028 -0.016714 0.014453
1143645.596292 54.189642 599.936639 0.014083 0.016950
1423342.375748 525.395776 361.953964 0.011524 -0.001558
1329764.171191 184.543378 221.401235 0.013235 0.014441
1926056.274178 553.518670 293.956713 -0.011983 0.017712
1598411.507718 172.306289 507.907432 0.018760 -0.003692
726058.746095 313.685705 195.477260 0.014565 -0.001022
375371.614646 348.703297 325.027845 -0.012553 -0.008524
932014.105344 718.817304 566.888070 -0.017196 0.007343
811741.037672 587.507972 550.770795 0.010981 0.002610
1557690.799962 589.902458 154.477057 -0.009265 0.017521
399385.155365 53.770994 91.674626 -0.018143 -0.018548
1122038.441301 327.686509 256.806074 0.015478 -0.009076
1805346.826001 59.600113 425.697938 -0.000429 -0.008572
1995636.369100 728.740462 96.599003 0.017698 0.019273
1695958.700821 278.812675 428.230763 0.010639 -0.015088
558004.577904 435.791151 516.416655 0.001448 0.012516
1597187.265566 588.847744 528.524949 0.018078 0.011280
1833981.536251 410.194924 114.750090 -0.006187 -0.004004
929917.220459 198.125356 284.645847 -0.013083 0.007654
1471826.909795 138.229411 361.628926 0.015862 -0.015402
1165988.196230 595.417768 277.966500 -0.008139 0.000414
1172216.120722 460.834866 32.773040 -0.002159 -0.015503
1736107.381869 196.218007 508.530485 0.009948 -0.012140
1259741.624473 532.703368 425.584217 0.012849 -0.019569
218963.730251 228.991136 155.234118 0.003353 -0.001581
1902503.935575 255.725863 379.844470 0.002176 -0.011350
1496596.111682 109.700642 576.249714 -0.011544 -0.002636
941537.357374 638.154043 6.150658 0.001045 -0.010218
245239.558744 315.334344 293.346564 0.018818 -0.014297
1372376.816986 480.209225 484.825872 -0.004166 -0.003137
1637971.852737 404.116362 424.399807 -0.016938 -0.016406
337179.376901 23.377116 245.315061 0.012099 0.003339
1249672.392965 440.241381 432.561676 0.003400 0.010463
310196.676436 44.672194 335.735034 -0.013370 0.003282
1607296.809371 230.453949 585.265000 -0.008265 -0.009672
236307.595035 783.527665 515.341182 0.017046 -0.004985
561161.337682 596.493745 528.505089 0.019502 0.012918
1939371.158341 125.452429 511.473463 -0.004859 0.018357
870700.636353 2.437324 305.503067 -0.013746 0.003546
541779.813609 249.097073 386.806878 0.013231 -0.000913
453110.709066 507.038615 459.218767 -0.011917 0.017073
47266.968548 256.533898 543.464785 0.015301 -0.010152
562186.379247 130.392046 594.947543 -0.013533 -0.013952
1629854.769274 105.141843 185.080276 0.006680 0.000388
534606.907766 81.990074 307.697927 0.011058 -0.009666
203362.833803 37.967192 341.888546 0.009842 0.015145
92345.910190 778.532334 306.807488 0.012436 -0.012993
877177.283576 667.711960 297.461930 -0.006212 0.008691
1484435.888699 500.700748 528.558069 0.009364 0.011489
64404.659935 439.158959 551.010377 -0.006353 -0.011388
856791.879449 486.629553 190.903156 0.017651 -0.004623
1153201.109335 34.307001 259.148310 -0.014183 0.011611
618554.387530 153.962757 457.186463 0.012840 -0.019872
1875266.974734 207.584055 502.916496 -0.002683 0.004170
1111007.126566 140.289692 138.147020 -0.002551 0.016395
34336.430968 374.946287 275.295998 0.017812 0.006632
1349224.196444 291.643160 250.073135 0.019709 -0.007777
1602661.077679 455.441542 209.405134 -0.010670 0.008599
276647.354605 434.026307 544.576163 0.016130 -0.005495
1822198.850020 670.882156 373.490821 0.009959 -0.009130
453696.245539 243.730949 268.353369 -0.001719 0.009656
713133.517985 379.273553 125.469103 0.012605 -0.003609
36437.158490 391.793949 464.300295 -0.002706 -0.000660
159010.190591 189.180144 31.293514 -0.002860 -0.001213
1535456.720523 453.404429 7.017184 0.007015 -0.001284
749811.288319 469.562650 183.404002 0.019885 -0.006554
1154889.427663 179.290489 384.391615 -0.019013 0.007235
762647.938338 304.878228 92.831028 0.003622 -0.012146
1129345.827331 486.901913 411.333148 -0.006482 -0.018268
337378.635228 334.259000 168.485591 -0.011167 0.013857
1499918.929068 791.035793 247.871562 0.010429 0.006589
1760744.261444 109.089606 150.194156 -0.012552 -0.014644
1172923.453698 610.760184 215.369312 -0.010934 0.011532
79642.974809 486.430228 101.311340 -0.012204 -0.012043
730713.756164 607.344616 484.285169 -0.017945 -0.016078
1702955.846536 175.822246 309.602081 -0.014710 -0.002371
724785.897287 705.688095 257.799667 0.011027 0.005752
187236.443249 524.487610 468.312442 -0.006229 0.013674
1828784.213322 744.475104 363.148348 -0.009185 -0.013539
787390.226865 250.341362 459.580443 0.002501 0.000283
1929498.061505 742.717765 160.617632 0.010790 0.019199
730520.102536 499.233001 119.913320 0.015245 0.010344
1281053.293162 194.719298 382.289096 -0.017199 -0.019242
562426.321470 130.679321 404.878225 -0.017530 0.000300
1033437.869061 780.411942 263.091342 -0.015112 -0.010062
1192859.900739 412.714517 336.792168 -0.005502 -0.016841
138898.690296 261.615606 3.985719 -0.006525 -0.016011
1973181.982512 561.365155 433.959669 -0.012557 0.003326
957790.512106 661.152648 496.415993 -0.015334 0.015870
1692076.045876 318.193834 36.242893 0.000832 -0.001631
1136829.509929 29.748606 260.751603 -0.019648 -0.013617
1367539.427880 482.711491 405.776945 -0.010182 0.018650
1509350.044424 252.114040 175.952186 0.010444 0.006083
785056.476847 598.414860 212.393194 -0.015370 0.017385
1873643.585422 475.841310 456.854197 0.010550 0.008440
1315983.134935 487.993872 65.093069 0.008760 -0.014753
1135951.929323 229.189399 100.802713 -0.019873 -0.008247
656102.584980 549.040494 538.797216 -0.019844 0.017284
1727078.126616 606.651106 148.282032 -0.013742 0.000821
1797488.349396 439.192833 161.241829 -0.009899 0.006599
406141.346510 151.576190 155.961932 0.018573 0.018119
1941231.998588 497.577089 337.560072 -0.016819 -0.006376
1386830.762674 518.164982 376.628302 0.014463 0.006008
1843128.023596 151.925315 202.020355 0.012773 -0.012250
538331.757550 546.150417 571.476238 0.000653 0.013559
944807.663069 332.161861 233.193480 0.009517 0.006642
106756.882792 755.129831 514.118383 -0.007509 0.016339
1618777.323337 226.715706 318.290725 -0.005106 -0.005390
1742666.514471 52.447305 6.487365 -0.000041 0.017097
1321460.731012 336.663224 69.959690 0.019902 -0.010407
620834.287545 213.377829 553.532364 -0.009488 0.011316
1523195.320518 587.754657 118.909397 -0.014004 -0.000955
1731081.362688 162.905472 251.996753 0.008892 0.000656
656632.629529 425.325797 480.134327 0.014356 0.016134
325566.043298 584.021858 581.300253 -0.013075 -0.010842
1792559.657149 666.840850 389.973193 -0.019481 0.013250
1778465.217808 259.023148 59.171542 0.012430 0.003478
1763427.173609 458.237399 192.760611 -0.017129 0.009171
1593951.392730 756.202067 556.098245 -0.011317 0.006668
886016.743670 436.065398 119.259664 -0.010323 -0.003825
204796.643092 324.245370 80.728468 -0.017151 0.003091
727276.621725 773.935445 247.905680 -0.019536 0.019192
488690.041233 721.909743 182.802291 -0.006278 0.008562
1781116.410057 179.505660 172.157202 -0.011513 -0.007822
20635.784613 7.120882 149.822653 0.017487 -0.010975
1834876.302553 303.769720 462.555470 -0.015342 0.004926
350019.654422 174.845194 16.948332 -0.007618 -0.008388
1214501.650638 538.213930 154.891266 -0.019202 0.007470
477760.385944 211.467476 353.397597 0.001746 0.004283
605806.972182 347.172532 499.150509 0.003599 0.005810
272576.070518 480.206175 392.473202 -0.004556 0.001504
1759240.741729 243.047199 550.344575 0.006006 -0.003230
1080301.612187 660.388977 383.001582 0.002762 -0.014599
1857771.559552 140.499579 484.643209 -0.012508 -0.012174
988850.145130 340.344211 276.343315 -0.016669 0.018759
134591.829094 309.209986 242.065365 0.015974 0.019041
96963.198901 28.406774 345.904560 0.008170 -0.003139
227820.812831 465.474953 435.034477 -0.018755 -0.010701
290631.014058 457.271450 34.618079 0.011404 -0.014434
385931.693197 570.022432 189.737020 -0.019983 0.015992
1023297.854244 396.618156 195.337654 0.018856 0.003190
589125.026292 31.362863 579.234662 0.007919 0.017499
1882412.602139 596.827181 584.063326 0.000703 -0.002071
790218.714061 505.138166 18.560869 -0.015184 0.006530
526777.357108 212.490360 140.322990 -0.007131 -0.018001
748590.766801 411.634342 457.596598 0.007600 0.000608
1324791.236466 161.711686 6.308138 0.019519 -0.013049
1179151.767483 225.986768 127.843501 0.002187 0.019210
301466.356172 396.376064 435.316925 -0.015013 -0.019475
349183.755158 415.292749 387.224193 -0.011778 0.005603
616335.581344 375.029716 543.472301 0.001708 0.011584
1910511.639859 733.547568 182.821080 0.008709 0.004278
1640005.631205 304.432131 485.136360 0.013251 -0.005297
1964468.728734 336.150067 390.651618 -0.012200 0.018997
1261209.360911 276.372502 282.399800 -0.005740 -0.001194
968463.258337 424.743035 593.613695 -0.014823 0.009448
1257770.379660 350.128954 123.475878 0.001338 0.019226
1991034.577596 391.598616 537.962709 -0.007999 -0.011712
1007596.648767 95.987074 352.970562 -0.007102 0.017984
1912045.142572 235.840486 222.812269 0.004267 -0.000416
692628.538559 189.970726 501.129003 0.010810 0.003300
609848.141023 240.872540 74.994207 -0.008232 -0.002770
1723251.459991 738.093460 520.982831 -0.017333 -0.001708
1696924.347289 50.117223 568.100128 0.009820 -0.005525
309029.791648 199.462787 289.654925 0.009672 0.002415
867302.640745 558.884121 513.702504 0.012192 -0.007807
691843.061099 120.876290 325.639454 -0.012799 0.018696
272265.500516 388.641093 161.912890 -0.009550 0.011203
1400582.436193 98.294147 421.594250 0.002837 -0.012379
320566.674844 333.449542 151.141536 -0.015710 -0.013503
1229627.376064 209.177257 246.671274 -0.016080 -0.019843
1946485.269790 425.062838 421.338771 0.000670 -0.014879
15066.369444 140.449793 292.420886 0.001999 -0.005745
911695.870064 548.885119 505.794832 0.009027 0.017881
1245159.992597 340.474938 42.260011 -0.006826 0.019924
519428.529087 388.665329 246.929602 0.000435 0.003774
1147820.552414 101.693070 512.743006 0.019419 -0.011037
1717933.562453 767.041316 453.430685 0.002472 0.011506
183230.377819 455.252095 578.108086 0.003166 -0.015266
640928.558372 27.779687 483.006290 -0.013470 0.010374
1503776.668340 628.667606 111.444525 0.012863 -0.015545
360957.489517 65.294783 358.231928 0.003687 0.003732
380073.533570 132.410450 431.950266 -0.018213 -0.013972
1889061.825298 723.193163 66.050015 0.008004 -0.001371
1796955.322752 633.478408 20.519699 0.014491 -0.005171
306282.549308 146.531218 243.316084 0.018332 -0.006175
332156.324914 567.742145 78.886035 -0.005918 0.001284
485168.456326 426.339764 367.684379 0.013373 -0.014979
413343.113108 23.916774 174.027080 0.017086 -0.017017
883643.182406 697.198979 587.025233 0.002076 0.002839
887249.075289 360.320058 217.696513 -0.000890 -0.007472
1467432.667253 504.661906 297.417263 -0.014418 0.003560
1682910.725327 244.655133 179.357792 0.018936 0.006311
1660796.624450 172.355112 113.948418 -0.002249 -0.017788
629926.086697 520.256691 50.813877 0.004207 0.003095
318150.466456 37.585880 269.238527 -0.014234 0.003954
40123.955365 464.735726 29.502034 -0.004698 -0.017597
724761.667999 93.640858 413.885453 0.014323 -0.009772
558074.092752 559.601345 337.093786 0.003111 0.006887
438651.350531 326.514348 532.905862 -0.003802 0.014224
1885724.248311 579.432917 301.116257 -0.018901 -0.006808
158400.153815 149.257696 226.281225 0.001124 -0.007021
1952982.963972 438.039027 543.215753 -0.018953 0.017251
1927788.328346 310.868714 28.505673 0.006173 -0.010123
607879.136041 746.597490 567.550520 0.014626 0.000443
1236504.919471 67.939473 551.398038 0.000247 -0.000235
1541570.438790 359.022983 131.525228 -0.009098 -0.000952
1098586.873663 281.859708 398.006760 0.017061 0.015190
1973812.054831 722.703453 256.897658 0.015668 0.017252
717421.361579 684.535893 190.599954 -0.003738 0.000390
1128238.588166 568.331702 265.640026 0.000400 0.003045
1906900.824936 102.841339 396.631635 0.014902 0.005382
311031.282093 514.516963 50.228418 -0.004994 0.016655
1119457.958787 739.071194 161.042513 -0.010952 0.014009
295815.608602 167.731023 452.006403 0.003019 -0.015955
1365835.790227 747.195662 574.221093 -0.019983 -0.006391
933742.419320 451.995674 30.492178 0.016392 -0.016994
1254474.420685 690.260274 121.937467 -0.008476 0.009414
1674721.783807 355.186016 227.389452 0.016826 0.012738
589441.845468 384.354626 445.596632 0.002530 0.008119
1186208.380939 568.462488 547.499410 -0.006130 -0.008546
28320.921598 24.081108 132.145318 0.018862 -0.018784
1123059.363627 350.643932 356.925861 0.004463 -0.006075
1339490.994503 192.220730 126.456748 0.014913 0.001138
1892333.765464 567.981139 583.178152 -0.007073 0.005269
1580513.963280 495.666198 66.516200 0.001285 -0.012692
1628540.167412 100.792122 535.803121 0.009078 -0.001101
358744.990248 592.851999 301.575068 -0.004012 0.008497
1065496.480589 769.064324 90.471052 -0.014903 0.002962
996930.964755 638.137736 488.722743 0.008370 0.006812
685065.261407 524.183318 228.502721 -0.007504 0.019187
22284.613001 83.479375 359.936869 -0.014986 0.005308
1564209.169505 749.369033 457.996918 0.006993 0.006545
471659.941818 683.746983 242.675743 0.009528 -0.009807
234378.384535 216.660563 129.652437 -0.009265 -0.004039
1581110.075852 613.155299 117.758404 0.004195 -0.000968
1733102.233956 757.818834 78.419738 -0.010132 -0.009517
222272.466972 206.573476 219.801103 0.008442 -0.004779
7593.072023 394.559718 189.980613 0.010694 -0.013229
1961038.188991 2.168591 13.731108 -0.004583 0.009649
554464.627316 401.922233 7.381394 -0.000263 0.010830
821613.773155 227.240906 322.233982 0.004180 0.015555
24485.756655 378.707395 501.944837 -0.014269 0.008818
196372.594776 203.428312 587.449356 -0.001418 0.018585
718005.964867 374.850756 274.775900 0.007020 -0.010318
1252709.545778 525.271528 142.647973 0.005955 -0.018326
1958473.456073 741.277303 326.416617 0.019641 -0.003217
628831.249023 321.871133 421.889343 0.014046 -0.019636
1185057.482303 690.626289 289.403841 -0.002856 -0.019731
406775.272641 421.472460 156.780716 -0.012782 0.019589
452064.211691 432.922772 275.922382 0.007362 -0.011333
1391094.198167 248.735028 524.345238 0.017305 0.018358
1830316.959801 730.358764 531.742233 -0.001630 0.016156
610994.441719 618.656353 183.873841 -0.019645 0.004988
631021.334152 481.498351 292.589945 0.011893 -0.018693
989235.750860 1.526120 334.384620 0.010231 -0.012652
1098658.789461 784.889454 434.949726 -0.019635 0.006629
1883467.686308 564.204426 585.872566 0.012671 0.005501
1871849.530317 584.470417 330.864200 0.012870 -0.012425
911993.535660 101.965313 577.764991 0.010520 -0.014562
1176139.691461 62.025039 443.047303 -0.016945 0.015037
1537174.407177 456.534432 526.635049 -0.006947 -0.006943
123261.179832 700.595355 184.848550 0.011545 0.015255
1946848.674653 582.758661 354.045829 0.017987 0.001725
457599.283409 708.699170 164.320342 0.011218 0.008297
926562.791190 189.200102 501.115682 -0.001514 0.020315
1942178.605097 11.841539 45.788086 0.008378 -0.016365
1905775.863633 382.370990 397.151088 0.013246 0.012157
1975712.466974 713.810437 407.780050 -0.008226 0.007158
1128937.655654 214.986718 243.985258 -0.013847 -0.011237
1900458.380534 306.480122 62.442232 -0.011051 -0.013437
1623668.112617 549.825964 240.005216 0.005856 -0.015457
798515.523224 494.084005 76.939724 -0.000967 -0.006934
438456.544857 343.310285 482.545126 0.015191 -0.009686
1216805.763178 694.840305 91.036307 -0.008489 -0.013417
1661706.700764 681.710444 259.664074 -0.010491 -0.019721
1303971.794110 150.549916 234.029884 0.010263 -0.003521
1107963.914568 454.841478 59.273633 0.018173 -0.011407
425643.800956 282.805726 499.619484 -0.006631 0.013365
318262.858465 448.633867 155.039502 0.018551 -0.002322
1036196.117772 457.709499 186.216397 0.006818 0.014468
948553.069005 401.044546 427.461901 0.016340 0.009493
1438074.149861 447.385094 555.957188 -0.015630 -0.007439
677338.477540 530.487395 530.541716 -0.002494 0.004698
197747.041563 520.700253 582.977857 0.017238 0.019664
1601492.672973 72.045301 331.080038 -0.017635 -0.017830
1987075.958395 461.725396 375.452611 -0.007844 -0.010084
971748.938305 622.080984 449.184939 -0.012077 0.007411
974474.447302 733.641821 146.645691 -0.003444 -0.018935
1121549.802423 602.113779 413.484354 -0.002205 -0.012388
613932.794246 434.885759 504.572910 -0.008868 -0.001004
1665525.531241 63.022393 339.026351 -0.004559 -0.014498
1238773.710671 302.679984 429.325872 -0.010183 0.007287
1925637.924078 585.133742 276.194969 0.008452 0.017185
290519.337305 158.748949 507.939515 -0.004384 0.004498
1745488.432117 760.761882 219.066385 0.002473 -0.004181
1111265.337612 695.262075 563.537538 -0.004185 -0.014024
829182.160473 183.781377 135.745887 0.019212 0.004577
728391.627189 479.253946 595.947851 -0.016841 0.013745
1349985.243450 33.690041 345.764396 -0.014570 0.010154
1010733.056353 224.039111 571.405364 -0.005922 0.006805
1129411.861826 179.905503 372.886030 0.017205 0.011477
33999.050983 388.711053 393.768930 0.018613 0.015295
1606354.705806 296.654941 66.835510 -0.018809 -0.005953
1451822.744427 314.931968 570.301451 0.008758 -0.001050
1590584.168020 314.975726 309.283992 -0.005147 0.001145
538209.161040 701.184181 485.162330 -0.011153 -0.010861
958317.440449 628.554755 271.970852 -0.015988 0.008641
479655.517489 94.115842 120.623953 0.015840 -0.017033
167238.956395 558.951744 267.188220 -0.012183 0.009129
1592486.357127 736.999725 73.117882 0.009863 0.005610
1189583.299304 433.422521 20.465066 -0.015569 0.016552
1124831.962923 303.397586 474.098741 -0.005168 0.004018
37146.621401 680.338531 232.229491 -0.001135 0.018040
205026.889315 569.064693 40.955131 -0.007860 0.004298
284161.461650 310.122471 183.722721 0.003489 0.003325
68690.410847 306.529971 302.072428 -0.013753 -0.014790
287411.349028 600.501279 403.561684 -0.012905 0.014450
1171263.018237 591.787758 144.037007 -0.004976 -0.015538
1682127.158941 315.257235 577.147284 -0.010887 0.014592
1824708.168313 264.430141 346.514347 0.019217 0.005363
369206.509725 98.065333 13.169665 -0.000371 0.008398
1208981.916871 419.827887 56.010902 -0.015662 0.007253
446720.970071 201.841626 259.162453 0.015816 -0.002828
586212.983628 385.013085 101.758087 0.001340 0.014287
560717.814863 299.537879 150.786554 -0.010333 0.004111
234257.601311 123.528552 559.267252 0.007788 -0.014614
1133248.557864 703.351727 154.342289 0.003534 -0.005196
1934248.125150 154.029847 536.837557 -0.017580 -0.007949
1152133.833222 226.638603 331.718381 -0.019682 -0.012882
1965200.129880 240.739965 396.502816 -0.013893 0.013380
1034901.121182 345.923296 125.705627 0.010789 0.006936
1623246.405098 708.775150 497.080348 0.009757 0.003210
1926329.093951 248.409382 275.895978 -0.011180 0.015962
1658576.383096 150.253799 55.019093 0.008973 -0.010076
786221.519479 240.484469 318.853634 0.017828 -0.007677
1421758.733421 743.036529 365.471840 -0.005032 -0.016967
888519.625593 711.162152 307.858183 0.006058 0.006253
374128.679919 371.893887 325.804954 -0.019383 -0.011616
247207.860577 782.942730 311.842422 0.003308 -0.012040
838233.393076 329.870390 231.866990 0.000566 -0.014462
1269501.125100 723.140056 262.299805 -0.013662 0.014468
1490342.234955 701.706807 467.462575 -0.005822 -0.010056
1720173.599068 639.095636 82.455088 -0.005101 -0.001884
1589947.016719 447.980900 550.715343 -0.006475 0.003048
254199.274003 369.582086 332.232397 0.005894 -0.018208
1506623.924480 52.787177 274.388656 -0.014399 0.003091
1187558.641279 619.614137 289.147651 -0.018782 0.017648
663885.182079 620.387667 490.860892 -0.015548 -0.014782
134186.233456 776.930130 557.569975 -0.011834 -0.006224
763995.101100 799.512855 542.607548 -0.008023 -0.006494
960104.740672 341.232514 479.554414 -0.018615 -0.017013
1689167.128731 629.907770 84.407374 -0.007912 0.017113
1435140.350571 716.304937 421.751685 -0.012037 0.017047
1287450.956780 424.865847 421.370268 0.017390 0.018281
1664884.491668 423.579037 368.336840 0.010535 0.009346
1916152.068375 115.312391 439.997104 0.014453 -0.002264
142374.806172 274.323814 522.251396 0.014833 -0.004929
1889104.925044 572.111834 98.345360 -0.016631 -0.019301
184043.514628 642.079547 547.428835 0.011782 -0.019933
1678137.485719 350.624101 319.692663 0.001629 0.016036
349432.717240 298.953597 257.617805 0.011525 -0.014599
327130.583267 597.399673 167.604023 0.015874 0.004361
1445781.852792 774.563844 571.202006 0.003729 0.013551
657045.848974 430.382058 332.736954 -0.000285 0.004916
1143416.638087 467.931214 255.037123 -0.000618 -0.004819
853229.746620 259.185701 490.833864 0.018362 0.014574
1436276.935710 106.802210 143.146645 -0.014066 0.016917
747046.145027 249.228219 400.989700 0.006107 -0.011729
555282.349025 300.359246 106.180319 -0.010825 0.018765
31011.744417 446.310015 303.972858 0.002801 -0.017974
259713.421697 113.356873 381.473147 0.002205 0.005055
30230.289339 785.516090 570.185538 0.013302 0.017650
1629124.594680 440.500705 44.790391 -0.017894 0.007952
1993199.337271 341.096975 5.894324 0.006606 -0.016822
437214.899080 754.212632 272.600206 -0.004211 -0.013116
847463.854052 328.750213 438.277224 0.017227 0.019223
1561464.248021 48.470395 73.402846 -0.003337 0.004617
1496915.452879 345.326467 358.263876 0.007965 -0.009429
1076064.875850 410.384576 489.207302 0.004501 0.002614
1028186.607653 487.284896 594.992756 0.000957 -0.009049
141764.248787 594.363618 130.067539 0.001012 -0.014470
778578.041484 759.191156 329.427294 -0.015246 0.015199
1058486.954802 720.099010 564.319058 0.005978 -0.007243
1112790.978101 319.737985 448.518264 -0.013853 -0.016072
24501.685065 553.603845 366.581493 0.013096 -0.007834
353571.678676 273.106163 548.219708 -0.013258 0.014627
375264.103699 191.578890 365.489466 -0.003808 0.010607
1493884.026769 635.123238 428.851089 -0.008187 0.016529
1188817.119779 659.908233 487.995497 0.001404 -0.000934
259519.063057 73.432757 525.603360 0.015122 -0.010182
1949033.547169 711.997167 562.334176 0.003443 0.008703
482529.103981 609.767936 35.707767 -0.013819 0.017252
1850091.109914 273.810869 102.545518 0.001373 0.009875
1871495.037280 224.790544 324.678879 0.006071 0.002993
908785.677938 195.466995 240.975979 -0.009284 0.011198
1755362.652128 318.149857 522.549962 0.010157 -0.008995
232765.271437 582.499438 98.961875 -0.017962 -0.007368
1765166.354256 235.985609 45.926154 0.017670 -0.002017
15434.920795 693.187512 474.843636 -0.012871 -0.003985
1077013.659792 91.059699 409.075021 -0.016816 0.010583
516053.778360 427.259245 5.416367 0.006380 0.012088
1576709.125925 429.742758 119.397475 0.006396 -0.008354
948767.654108 620.780703 11.863066 0.005586 0.013184
667159.362075 417.614806 74.334045 -0.003592 -0.001445
1146380.339352 334.232974 198.344009 -0.005388 0.003855
1462269.868451 722.508771 426.527921 -0.003528 0.019288
949273.004639 536.546348 309.933330 -0.000662 -0.006812
636841.273232 217.388871 520.534780 0.000700 0.017245
316267.470045 793.414372 424.329855 -0.012912 0.005276
1072709.865436 409.024570 92.401137 0.006413 0.016863
1234697.917120 187.039097 203.593268 0.017919 0.003933
1871003.135047 543.256052 300.579084 0.005838 -0.016337
968257.898916 96.144868 457.457026 -0.019900 0.004190
184803.100389 255.686379 525.580487 0.018349 0.013473
1613704.762242 94.145642 497.217864 0.000559 -0.008184
920804.219749 40.303792 483.974404 0.004683 0.008390
1455508.939668 184.818914 566.239411 -0.017317 -0.012833
1084419.887087 1.718136 514.966383 -0.018243 0.005934
1899527.167855 422.286857 461.379687 0.008472 0.001132
745706.753221 643.445535 508.850018 -0.010087 0.010555
1369434.811813 44.283259 529.061544 0.000555 0.002778
353913.564400 779.496129 371.799130 0.019315 0.003528
660308.989072 568.771368 491.772543 -0.009040 0.011122
1997036.600484 653.337448 468.566628 0.014266 0.014402
857968.969670 644.954157 232.623556 -0.012087 0.000741
1832483.595159 456.778355 193.983042 0.010917 0.012534
174050.590104 359.302590 525.038220 0.018756 0.018490
887791.815627 116.290895 561.631093 -0.017450 -0.014845
1048845.100705 314.811979 504.211544 -0.006250 0.006704
1236598.032171 273.772716 290.367503 -0.004039 -0.012060
688449.854352 662.436730 2.934813 0.009267 -0.018957
1047717.716101 518.727160 357.893633 0.013889 -0.003501
831685.772553 746.980786 516.839939 -0.008408 0.016112
1646809.537731 587.632845 29.148778 0.010390 0.011923
354697.854423 227.110554 114.948231 -0.019291 0.005131
1718570.137265 508.577443 581.909100 -0.006269 -0.018623
338487.908402 550.009462 517.515252 -0.013009 -0.003226
1776805.868268 558.757162 40.717226 -0.000607 0.001825
960078.654327 720.562365 287.333569 -0.006512 -0.012419
763596.911339 131.519434 555.624653 -0.002780 0.016987
1446903.674606 486.194386 125.180920 0.016759 0.005110
1673049.761761 619.533415 156.262831 0.012252 -0.015286
591079.477496 780.657231 483.075735 -0.013686 -0.013977
450261.526019 37.116092 509.495532 -0.008269 0.001259
788880.985598 618.609244 259.181073 0.014942 -0.015433
1247242.441982 204.373681 167.199040 0.001987 0.007423
405506.701397 218.107430 175.591246 -0.003542 -0.012449
1835863.754077 198.043315 576.817694 -0.012852 -0.017827
159031.381905 379.652383 18.491850 0.015401 0.005307
362722.217274 87.816675 407.327811 -0.018688 -0.003830
420997.232395 340.028225 105.512746 0.005771 -0.007954
580167.091722 213.212755 332.581008 0.002766 0.012616
479025.265425 617.075501 52.861211 0.001295 -0.012689
552036.800679 360.167380 258.300497 -0.010480 0.005129
969986.005207 253.875578 61.882159 0.000693 -0.011925
1471710.388303 557.585533 187.591696 -0.003402 0.009142
1430984.936390 500.491706 91.342413 0.015656 -0.009268
902052.609670 145.010767 320.929140 -0.019792 0.010005
700700.571156 195.589840 313.070860 -0.002450 0.011073
1408199.004553 571.610354 136.707256 -0.014616 0.018108
1713095.736556 495.843846 161.743931 0.018406 -0.014600
944491.339356 556.831839 499.088737 0.011381 -0.015571
1119457.834922 400.258885 441.529123 0.008486 -0.004346
8319.607940 130.598069 343.807640 0.001556 -0.013271
647061.014849 711.520360 247.561764 0.013806 -0.006861
379545.065751 439.266652 25.722068 -0.003323 0.007334
1990576.603445 218.841064 181.695496 -0.009389 -0.010662
876473.971119 589.836447 557.731327 -0.009185 0.000887
80381.552726 664.290669 13.409379 0.011038 0.001696
828036.629980 624.556665 423.237800 0.019506 -0.007216
1747623.103553 248.583516 124.768162 -0.008535 -0.013755
1072386.123739 381.130406 423.275510 0.003180 0.015739
777386.485961 459.450063 100.551431 0.007656 0.013583
801906.589792 103.913671 346.054244 -0.006792 -0.003968
197987.358178 296.317589 138.158558 -0.015152 -0.014130
1545926.498969 428.244283 556.329438 -0.000695 0.001051
492654.834172 281.853275 500.216671 -0.001567 0.005387
1978982.283724 792.756905 69.211999 0.007771 0.002801
17631.095842 66.417204 86.477029 -0.012956 0.010999
1966499.848276 461.657319 543.267699 0.002914 0.015743
611006.784537 527.299464 167.073146 0.001450 0.011212
850069.038966 247.174205 189.599790 -0.005915 0.011502
1676786.882652 478.943836 83.713953 0.006884 -0.017868
1557780.060711 529.387369 26.296379 0.015765 -0.005746
1227310.625476 722.545390 263.312010 0.010592 -0.017328
428616.731627 592.388633 393.532925 -0.015226 -0.007965
1127178.874392 340.093703 576.250312 0.013666 0.018428
1480731.590409 213.183812 162.103285 -0.017757 0.004775
115335.758829 715.404916 130.590060 -0.012096 0.002658
541498.807511 781.105526 136.943741 -0.007423 0.014830
1167776.423119 742.418470 464.319015 -0.019067 0.007418
1705487.274428 189.978286 255.907459 0.000339 -0.005721
1455042.508177 58.042753 469.260746 0.007510 0.016568
1485351.840726 341.997129 108.585610 -0.019513 -0.000647
1600046.444498 56.036709 226.913588 -0.019288 -0.009275
1889695.885540 230.494324 146.787558 -0.013088 0.004132
230475.999522 605.518620 319.032602 0.015535 0.011185
434670.210087 593.416579 10.196613 0.005758 -0.009966
748135.628527 297.005431 193.485821 -0.013719 -0.017653
474188.291689 718.703974 292.350737 -0.003291 0.016355
1941577.332067 174.398923 588.787376 -0.006024 -0.010614
499196.726130 235.238577 314.425782 -0.000244 -0.001317
254300.674542 487.598225 134.033581 0.006353 -0.000083
6325.354803 700.465202 143.992686 -0.019184 0.000810
980919.682878 315.758656 534.886800 0.012542 0.001990
1900851.625903 40.332190 269.185249 -0.002545 -0.001265
719689.197242 326.358984 412.144839 -0.006341 0.010292
1844748.197982 472.779755 30.550150 -0.002157 -0.016581
1036199.990211 459.021340 416.566195 0.009651 -0.010731
385683.919483 595.683623 65.033965 -0.002692 0.010612
1256102.471266 738.626962 95.854230 0.000715 0.009694
1419511.694191 375.724760 472.498035 -0.013646 0.016270
511292.832210 414.878052 189.359455 0.017690 0.014395
145034.134456 691.521083 270.311136 -0.015047 -0.007554
1071721.370831 513.393257 530.767335 -0.010793 -0.004668
233847.819378 338.431936 77.059219 -0.011013 0.014224
1786277.592083 682.222348 467.518351 -0.017899 -0.005092
1031918.257955 609.818692 505.742242 -0.007877 0.016829
1499349.890975 446.708674 263.472602 -0.017373 0.000056
597617.807145 110.097986 219.270816 0.009994 -0.009543
1353622.215499 228.334304 541.940066 0.002464 0.000630
573296.933702 542.719020 563.645030 -0.003406 0.016138
1590131.532210 246.340938 453.891385 0.002990 -0.005567
258416.177825 72.553924 73.708134 0.018868 -0.004267
87595.200207 577.090369 571.433417 -0.000685 0.011451
906233.425674 625.568008 554.260701 0.012750 0.001246
370032.188655 396.248515 489.706898 -0.016465 -0.017725
664767.085884 299.772052 441.536408 -0.009139 0.011580
1278253.811075 53.109669 58.574665 -0.004150 0.005630
916040.443311 420.012872 438.716423 0.003231 -0.000146
249204.321880 499.566881 130.589587 -0.016937 -0.015700
8661.484350 424.113594 533.558860 0.017135 -0.006054
841302.204338 90.313370 506.369841 -0.010495 -0.011961
1802783.200425 455.796964 345.920552 0.005479 0.013642
731632.451868 220.882261 544.604712 -0.001444 0.006864
1096714.972098 736.929358 118.101822 -0.008815 0.000019
1386984.768969 323.567048 76.226990 0.016466 -0.000755
469499.863903 732.464463 6.619780 -0.015022 0.013779
718651.906922 435.677171 574.370207 -0.011855 0.011261
316653.122342 84.106925 211.173386 0.009639 0.009457
385530.231700 80.040546 10.892302 -0.015988 0.002557
1379939.433830 519.130074 291.233277 0.015448 0.017148
1974529.288697 464.011281 199.399777 -0.015461 -0.000356
1626419.535664 279.452532 244.591340 0.012966 -0.001067
503204.831157 146.415060 10.766395 -0.011638 -0.004518
1600260.999799 293.345593 294.821935 -0.013929 -0.015944
467442.890847 275.548403 121.052728 -0.009922 -0.002203
1530910.291491 753.279695 56.303858 -0.009993 0.013157
43405.273949 190.066386 245.244030 -0.005821 -0.005906
1801413.789299 133.690517 420.945807 -0.007675 0.019657
348673.859774 447.809804 104.792919 -0.012295 0.010748
1122384.702378 793.755273 81.112714 -0.017898 -0.014233
474000.488629 229.302760 293.417592 -0.002441 0.001548
1867761.544822 163.134005 288.134648 -0.018886 -0.001825
617712.498930 39.409301 415.370560 0.008728 -0.003861
88793.583256 494.902358 342.489587 0.009853 0.017016
1123119.018564 736.002075 291.864937 0.009411 -0.015511
510837.786138 237.651461 62.758085 -0.004350 -0.005991
498234.962345 502.503406 381.807439 0.009527 -0.017332
350510.791107 537.683181 162.733131 0.006233 0.007967
1451432.125387 771.456036 449.201541 -0.003321 0.007311
303273.376219 370.123515 180.170157 0.008882 -0.011675
454803.713809 227.002271 76.406966 0.008582 -0.019211
480071.545802 775.621907 189.933282 -0.006226 -0.005569
1333575.176696 475.002244 593.031738 -0.007826 -0.006721
110627.538576 382.947754 2.183136 -0.006968 -0.014585
1406769.050940 41.617481 59.212688 -0.001904 -0.001189
1561676.394922 482.564162 559.483677 -0.016751 -0.006986
281255.947557 246.911446 365.206702 -0.009256 -0.019075
1257382.930842 407.043648 595.810794 0.017802 0.014127
706537.016996 489.643745 268.536117 -0.006333 0.016638
1558318.719993 317.872291 236.854849 0.011334 0.008938
1057752.200895 389.306328 465.575315 0.005107 0.017521
491364.625511 326.556354 325.150164 -0.012865 -0.000409
1734950.389590 255.149273 479.239662 -0.000930 0.003495
1643357.573842 84.432842 57.261120 0.012571 -0.017969
1898263.090243 134.035203 397.724272 -0.004150 0.000389
1157183.811607 140.633240 544.211943 0.018932 0.018340
1260090.642264 401.550748 266.866046 -0.003779 -0.014821
767107.214205 521.255938 323.012415 0.017003 0.013180
55740.578126 634.555928 88.987135 0.013045 -0.009255
1471867.368311 518.750588 224.908538 0.013113 -0.001603
851158.514084 624.510295 377.911483 -0.016460 -0.012916
279214.015361 533.362213 211.683971 -0.018169 0.005617
622537.959657 541.129634 85.059705 0.010260 -0.016721
543551.074594 112.152210 439.580085 0.012581 -0.017370
1125283.938425 670.265961 515.134728 0.008436 0.006549
255944.995329 357.692250 187.305496 0.000113 -0.008837
1549879.616848 742.694135 35.633224 -0.003800 -0.019312
474171.187949 435.824419 410.403287 0.003579 0.003644
648167.413030 720.799453 160.362926 -0.001352 0.006303
697835.028496 590.182096 478.464029 -0.016724 0.001913
1725670.433475 515.822930 231.228640 0.008737 -0.005553
99429.388577 679.283378 481.659343 -0.005519 -0.005931
163663.104253 109.466683 168.311969 -0.009659 0.000369
594763.153510 303.304650 52.396339 0.019262 0.018766
1355525.087265 244.566743 521.893761 0.017848 0.010896
1053977.892294 234.935172 305.731935 -0.007020 -0.004953
115031.983757 149.740383 12.473939 -0.002302 0.016326
752375.869431 394.012008 454.801478 -0.012807 0.014194
219437.964363 208.679479 595.084459 -0.004391 -0.003915
1068114.026016 550.151850 468.939499 0.004835 0.006814
1499866.051366 239.020747 584.418200 0.004758 -0.010270
1491842.997955 117.040102 322.402851 -0.009749 -0.001148
1826279.228472 250.743660 394.997462 0.017323 0.010247
1133058.067007 247.671563 149.331799 -0.007037 -0.000443
207507.431604 346.885793 450.037931 -0.016174 0.012961
304737.184339 504.025257 306.888305 0.017352 -0.009991
361247.467977 546.758921 329.481413 -0.013807 -0.007879
1585793.637478 720.561632 269.600700 -0.006778 -0.013781
1841064.114050 194.768478 281.531327 0.003164 -0.012890
451362.950938 116.097013 291.972969 -0.001009 -0.001227
1950936.490647 462.793938 542.043070 0.008474 0.007509
1454702.783122 701.913553 182.404225 -0.010447 0.012469
1108684.254395 335.527211 297.075892 -0.015855 0.002984
1596490.624173 717.097800 285.098120 -0.011195 -0.010881
1263706.185512 134.524808 282.284698 -0.015937 0.009882
1294332.516982 261.440249 535.496094 -0.014656 0.012057
723046.520130 87.290981 228.184031 -0.009402 0.013370
107937.715067 793.598618 427.092587 -0.005713 -0.010786
1046872.077066 729.328122 390.242545 -0.019305 -0.019420
450965.188654 653.505685 547.095166 0.008026 -0.017419
278162.196408 266.277282 139.820904 0.004373 -0.002631
1960316.196066 205.402679 456.669220 0.014895 -0.004392
1125740.257616 187.363831 299.749768 0.017717 -0.000060
668170.334151 797.188850 294.355197 -0.018168 -0.005829
1443825.863043 455.609646 159.954043 -0.005090 0.003536
564375.188464 478.439767 242.780159 -0.012222 -0.008031
938961.728913 266.934344 379.431753 0.008090 0.017704
132214.712972 546.383196 119.620794 0.013194 0.002211
1179224.623916 311.919020 473.287222 -0.016454 -0.006669
575213.267736 338.788257 197.903582 0.011075 -0.001210
1368718.602401 400.467513 23.652713 0.018035 0.014933
1254302.726711 186.166341 282.748682 -0.018688 -0.002901
1541011.519516 401.112403 456.431554 -0.003910 -0.011853
1407684.757098 375.089841 531.948387 0.016138 -0.008171
883750.411162 394.057686 411.706211 -0.010694 0.003290
38293.802197 414.677029 3.029310 -0.006038 -0.008111
949396.727117 26.708413 478.515239 0.000573 0.019396
1340193.529306 112.514796 130.181672 -0.014322 -0.013073
1289556.392138 729.481549 404.500787 -0.003791 -0.007429
1756783.113702 87.858710 469.481886 0.010574 -0.019584
157687.638028 165.793086 303.296227 0.010615 -0.002489
175039.783202 627.031258 573.597430 -0.016277 -0.014670
506304.289450 453.708786 99.641695 -0.017971 -0.016736
301433.914481 576.162866 133.488247 -0.005317 0.014502
790027.673724 9.974922 464.134673 -0.017210 -0.003255
176035.711624 758.421309 317.045112 0.014822 0.008520
1081972.172988 759.580801 552.110391 -0.018186 0.008629
715741.816310 107.139495 299.141951 -0.007420 -0.010927
1263880.632475 454.076826 476.644794 0.011934 0.004701
1751026.801649 759.072544 202.621969 -0.016124 -0.007307
399196.095951 394.400939 197.991686 0.018992 0.002435
1496994.359185 48.871742 306.116544 -0.008919 0.017285
445396.929255 653.937329 529.429790 -0.014297 0.014558
1193553.106484 400.197414 599.155215 -0.016152 0.012569
450224.472419 581.761119 229.302485 -0.019233 0.001038
1999453.321099 715.846653 285.354458 -0.005541 0.019707
1584501.028799 429.543743 291.133452 -0.015110 0.000411
94458.571679 696.572412 342.810350 0.002274 -0.014107
1007827.074736 623.692788 579.280548 -0.004562 0.016878
1658558.308919 786.365806 253.501393 0.013094 -0.016882
475365.567242 42.209486 483.280087 0.004578 -0.017062
663714.367274 495.823738 580.467788 0.012254 0.018237
1919117.403179 479.340805 296.751745 -0.002191 0.008839
9624.167350 393.645097 354.975545 0.003061 -0.018039
1478876.057770 64.455420 497.200695 0.008015 -0.001367
1502145.321808 426.826585 269.365970 -0.013033 -0.005542
1054818.871922 329.238305 248.132451 -0.006669 -0.018738
972186.690649 532.093296 390.615530 -0.001885 -0.001120
1216433.286302 329.888752 43.009567 -0.015884 0.014302
1585452.240699 85.851495 209.761130 -0.004608 0.007252
796849.675848 99.224033 458.788750 -0.010998 0.013116
461377.134761 782.664077 217.293646 0.007171 -0.013909
1447663.852688 165.529068 338.337238 -0.014480 0.001614
1190708.408687 499.001021 123.124704 -0.010151 -0.016961
1355477.244293 683.845407 294.077748 0.009978 0.018276
694211.989964 433.553737 39.016016 0.007879 0.017079
1497031.391364 75.970948 30.388688 0.000514 -0.007109
1759090.904966 594.673722 180.122144 -0.010323 -0.003072
904928.793621 772.414970 378.052808 -0.019357 -0.015854
341892.055395 489.267157 436.802794 -0.004944 0.014336
1609370.418642 43.324664 427.801457 -0.008205 0.012133
1339833.364515 513.316919 207.010916 0.009400 -0.006449
543533.833951 386.329484 260.065279 -0.007099 0.019812
1510075.678821 161.446420 443.616833 -0.017785 -0.002232
325429.097901 406.396558 246.043425 0.011722 0.000967
1027532.088117 771.156964 81.372050 -0.010364 -0.006358
1987715.010526 37.005826 236.912558 0.008273 -0.006374
396776.620483 301.209672 588.940479 0.001747 -0.015577
639902.701899 652.413509 356.216573 0.010129 -0.014491
1179865.857204 406.257353 204.069461 -0.006842 0.002534
1568458.621189 393.471457 42.500622 -0.012227 -0.008584
1190290.628555 566.570717 149.897153 0.009235 0.017978
1180185.991889 580.107176 597.301840 0.019397 -0.002769
672088.553511 146.686039 484.826308 -0.007328 0.009077
1837656.663655 510.362353 325.368315 0.000515 -0.004370
1360614.323691 81.966279 539.239809 -0.019196 -0.002730
924125.776125 643.691660 554.825566 0.001318 0.019944
418950.309241 102.577293 424.357837 -0.001712 0.014319
1312754.557148 39.254999 350.097652 0.006070 -0.018659
30587.249450 790.582987 130.417413 0.012910 -0.007757
1889215.610870 593.547450 566.212726 -0.000530 -0.009819
669560.509114 133.685549 214.394906 -0.010655 -0.012491
1579576.984783 556.639731 595.192909 0.008573 -0.010877
1982244.182370 738.904515 214.132282 0.007922 -0.004707
432350.935616 283.705480 258.494830 0.011992 -0.019757
930735.730068 652.443914 596.692181 0.007312 0.005530
600671.720971 501.872302 228.062141 -0.010203 -0.015424
1270601.892504 463.524047 169.278312 0.019711 0.012512
938976.299455 626.153131 304.957759 -0.001538 -0.000138
1474031.937064 362.052969 251.924519 -0.016246 -0.013955
1605130.416157 247.998730 302.957817 -0.010654 -0.015583
1023340.410098 559.395891 555.375829 0.000245 -0.004722
1128556.229700 645.346862 5.549256 0.017767 -0.017961
248420.950141 463.991445 377.840846 -0.003894 0.002786
884577.235619 700.682957 213.330265 0.018013 -0.006552
1704879.713107 549.923326 474.242354 -0.009093 0.011225
1882055.445519 60.144702 54.957655 -0.002163 -0.007621
404206.608610 766.188462 4.978960 -0.014892 -0.001430
780987.060993 553.639716 162.313266 -0.004021 0.005492
642018.800900 419.777779 130.417026 0.018031 0.017214
1579863.075903 314.162498 483.478510 -0.014196 -0.006277
286431.929230 798.719264 18.518952 0.017334 -0.009148
1625355.291937 699.735484 207.469200 0.016180 -0.007147
1310099.705732 85.346741 167.076099 0.006558 -0.010605
1485499.756171 42.815942 555.891973 -0.019462 -0.001834
1126826.147142 267.482306 586.943617 0.011212 -0.008623
1817754.082297 456.354507 406.797645 0.008593 0.008645
42605.713030 686.173575 428.575533 -0.017751 0.011585
1969490.396776 691.956158 399.615078 -0.006764 0.010783
1972945.507603 788.463805 525.743143 -0.009404 0.005964
221002.463354 6.082328 421.526273 -0.018505 -0.019156
314139.836614 480.142900 213.066597 -0.014577 -0.004772
1280098.799281 35.410749 570.803205 -0.007271 0.010348
1334025.561499 271.239897 370.297387 -0.004770 -0.004330
817314.073824 292.363816 154.074066 -0.017008 0.007865
52254.755074 48.949115 409.230549 0.016099 -0.006943
662711.798522 9.904148 200.151545 -0.018616 -0.018004
710212.109941 153.273498 390.018488 0.008413 -0.006921
61999.699130 280.589192 222.911332 0.019294 0.006743
261157.692532 519.423888 4.137270 0.009911 -0.018780
797766.605764 125.294504 237.373886 0.006224 -0.010769
184709.901076 545.448014 175.137554 0.010989 0.003331
1235796.007903 85.010398 357.719213 0.018091 -0.014393
1292608.929469 245.504648 198.759123 -0.008137 -0.019314
1317389.029692 261.727860 220.536318 -0.018791 -0.007610
71927.786838 128.234322 575.452115 -0.018266 0.016318
1977614.946653 353.693592 38.751514 -0.004635 -0.016073
591803.305127 381.690388 467.429369 0.003515 -0.009936
726241.200569 164.760743 214.332725 0.018392 -0.013696
995710.504705 484.973451 278.976723 0.013165 0.016102
963862.695249 390.834538 138.001139 0.013991 0.000728
1079147.418532 708.512703 407.629716 -0.000031 0.017183
1174876.041326 389.744638 222.915162 0.006098 0.014868
937689.950195 758.507046 209.307748 -0.010083 0.001414
1200871.358253 489.274356 445.030568 0.018311 0.002832
1798372.363578 364.597523 106.016405 -0.005456 -0.008572
158766.744732 676.436676 464.350281 -0.007595 0.007836
584123.108808 679.429040 348.513424 0.018829 -0.006110
1019930.488905 446.993774 500.393485 0.015242 -0.011567
1412068.961846 279.716617 95.576625 -0.017814 0.003944
1390465.348675 524.188176 125.686205 -0.002528 0.004543
1560588.704217 269.121903 41.589257 0.018290 0.008008
709118.110458 29.047126 327.213196 -0.014859 -0.006212
481739.437432 336.465793 116.870252 0.012848 -0.004338
1084185.081108 265.399464 569.732151 -0.004948 -0.011490
321427.933090 65.812507 337.551325 -0.007326 -0.014448
322096.383349 12.040042 475.487512 -0.005166 -0.001924
811598.476400 120.552277 472.625909 -0.000999 -0.015687
975828.599639 663.308960 86.961288 -0.018663 0.018320
980873.326296 219.541131 226.629063 0.007418 -0.016148
1538962.265262 182.064038 256.864074 0.008798 0.004160
1281944.833362 703.850081 411.533105 -0.011810 -0.012029
1646853.441208 292.035977 129.189927 0.004641 0.009420
1334224.681991 17.375511 531.647804 -0.001778 -0.000137
1987979.200663 754.283817 195.969371 -0.014458 0.019091
567825.405192 503.226729 150.389868 0.006529 -0.007408
693992.653253 345.364486 324.790944 0.011049 -0.013986
290886.182473 332.973670 18.579392 0.013265 0.004810
461579.700216 524.009751 590.772992 -0.002171 -0.009177
1440439.939238 90.453318 175.694088 0.004263 0.002724
1578856.275221 480.008597 306.928165 -0.015376 0.009528
975708.803616 319.732247 220.353519 0.009548 -0.017527
1363849.989774 68.383352 296.021366 -0.011055 0.014431
1287670.666020 295.324732 165.818843 0.006990 -0.011977
1793086.186886 724.602444 513.335817 0.015255 -0.005944
253419.465503 481.240340 278.431819 -0.003146 -0.011672
65064.939701 167.141509 484.819604 0.001754 -0.007021
1093948.624606 25.603873 434.536174 0.016604 0.010814
1570950.974510 477.136785 513.828704 -0.008887 0.012828
1433502.711092 738.150934 113.574817 0.019712 0.003910
779698.448619 711.812091 301.649846 -0.010196 0.010872
1707668.152502 297.704433 223.940794 -0.007282 0.011685
1161722.038482 280.499013 0.606630 -0.004420 0.015795
650195.260835 748.567386 555.956832 -0.018012 0.014027
1393276.303724 667.659584 268.142123 0.002111 -0.015478
534900.189626 215.540601 21.073949 -0.001730 -0.009473
1264731.390059 676.982256 91.451627 -0.014607 -0.016309
1848317.172308 790.828177 278.474851 -0.008130 -0.007731
512088.236637 702.232390 394.400406 -0.009741 -0.009299
1104225.446984 465.400947 121.921012 -0.000862 0.005239
107543.810321 140.002744 279.351562 0.000023 0.009126
1156781.673039 614.869659 598.138580 0.004543 -0.011010
520065.349769 196.838081 42.917556 -0.003477 -0.004756
327390.441823 269.682375 221.865980 0.005106 0.005370
1353004.063178 707.145425 307.040860 -0.006586 -0.014386
1558240.596931 709.223775 433.414022 0.019289 -0.005437
706633.334377 28.959790 323.748384 0.012766 0.001539
534505.464385 317.518310 183.027223 -0.009432 -0.019556
1061346.780072 419.621749 154.413366 0.004126 0.017527
1275778.349152 612.522485 164.524847 -0.019703 -0.004252
1816858.008419 547.182754 166.562896 -0.003178 -0.019282
837596.447597 159.497810 542.379062 -0.014370 -0.012755
537634.699856 395.864173 130.567822 0.012330 -0.007459
1509630.032587 60.218668 426.111785 -0.019711 -0.007538
1442342.147903 473.089903 518.510921 0.019140 -0.012293
1603574.954720 492.541890 575.679405 -0.016947 0.004949
706735.606634 787.699602 184.479983 0.005241 -0.003792
651319.147391 40.035242 362.626291 -0.010793 -0.012354
1573016.600485 398.711724 411.567220 -0.019864 -0.007699
1998835.487291 607.417961 229.824287 0.008386 0.012774
1445522.677826 344.805950 246.227961 0.003485 -0.003641
1207599.107738 311.264042 14.997964 0.002529 -0.001370
1297106.122271 733.476946 269.824892 0.018205 0.001913
1709409.523620 225.393813 358.925523 -0.001621 0.000462
1579454.636005 196.699391 6.130401 -0.000962 -0.009982
635151.660366 380.340511 5.403977 0.008017 -0.012588
1657542.871152 338.299519 369.309623 -0.010421 -0.019594
50074.195513 674.168045 239.552313 -0.017994 -0.003745
1728956.987955 558.787358 193.708347 -0.007445 0.006154
1741304.677791 135.057360 561.978006 -0.001253 0.005104
896425.988943 206.837802 524.609453 -0.001647 0.009366
248631.410417 620.785213 125.816598 -0.014667 -0.000940
789536.960791 769.634180 539.596914 -0.019582 -0.011933
1819863.026878 28.528434 26.566169 -0.007624 -0.016558
901731.744829 139.164821 470.685946 0.010945 -0.000478
878442.611954 515.298826 393.816960 -0.004973 -0.015486
569936.175165 658.951457 222.857931 -0.013642 -0.008692
212161.644461 226.615105 35.269838 -0.007366 -0.003293
1070836.321949 568.415092 227.791032 -0.002608 0.008852
1162154.364009 276.049353 454.368494 0.005035 0.006167
1685995.778854 61.375685 497.006604 0.005260 0.014019
631794.399876 53.643248 296.607300 0.018913 -0.002293
