120102.793966 630.403224 121.611769 -0.006102 -0.005544
269277.329682 300.019214 156.220448 -0.018278 0.015151
1260731.205931 302.257538 191.714004 0.013067 -0.002961
973263.179405 632.908763 572.916913 0.008501 -0.005936
1683880.506867 289.207272 229.272957 -0.016822 -0.013039
1760997.696668 175.414249 580.418124 0.011720 -0.019819
354965.669268 681.967411 474.596848 -0.004791 -0.012040
306862.422408 412.007653 346.440652 -0.003480 0.002355
913598.742761 34.954178 562.604696 0.011146 0.014844
723511.401901 210.225054 397.791773 -0.007308 0.019059
27418.055584 127.002141 203.144140 -0.004125 -0.010460
1026719.971107 221.753246 272.956984 -0.000715 -0.017199
919235.655535 527.248111 552.792866 -0.009944 -0.018414
247720.705461 324.229821 333.714277 0.008060 0.012678
229642.751734 125.575385 517.160078 -0.017956 0.017173
1463437.116455 330.406287 118.931406 -0.004254 0.009176
349002.480669 325.714643 534.020988 0.001198 0.011427
253345.397419 21.862699 48.649562 0.003297 0.000363
301882.374241 33.218723 100.952816 -0.017034 -0.008248
417897.793659 158.350892 419.888780 0.010565 0.015940
1032678.423930 703.064951 34.545844 -0.004921 0.017250
1981626.739717 86.522350 206.282677 -0.012550 0.000441
148080.320166 291.086484 546.196267 0.018533 0.015043
1426235.401736 72.433973 542.598556 0.011799 0.006902
826207.458426 756.227969 428.278637 0.003249 -0.019250
17939.873048 633.043714 129.715923 0.008268 0.002238
229060.592236 178.678404 260.699827 -0.013005 0.003908
729567.630556 129.732041 425.694109 0.008429 -0.006071
424191.899795 625.461740 428.222854 -0.015127 0.009747
1179453.697605 667.589890 501.694839 -0.000333 0.005136
1017047.714916 724.890679 344.257343 -0.011063 -0.000461
1184883.571782 186.605144 168.422936 0.012308 0.017668
1669257.284919 738.026086 97.914750 -0.009257 -0.016841
1530870.404807 506.868147 153.134705 -0.001068 -0.006370
1211583.405366 549.649739 75.402832 -0.007254 0.012390
1741377.547263 727.180935 385.835269 0.008292 -0.003787
544004.606336 172.585926 185.187515 0.013865 -0.002453
1594854.852927 349.890162 402.351199 -0.016924 -0.010145
1223177.906695 729.690412 101.303804 0.010945 -0.013112
527324.168257 433.114481 487.622064 0.000765 -0.019353
312490.830343 99.712080 422.377005 -0.009645 -0.002769
1025907.483430 120.833472 212.084357 -0.013733 0.014351
1509229.653286 341.893296 43.575866 -0.017996 -0.009402
1023852.793045 688.161508 428.113100 -0.012674 0.017497
1918069.081343 635.226121 509.707043 -0.014817 0.002802
59433.087734 314.510904 67.924028 0.013717 0.016465
257531.464220 800.549422 21.757690 0.013275 -0.008791
961609.428265 277.233330 259.692238 0.013371 0.000061
582120.371322 470.099074 558.495506 -0.005430 0.005999
408974.288222 701.690711 306.585146 0.016816 -0.017661
899929.745542 700.336979 511.734539 -0.008030 -0.019842
849952.291162 263.261064 237.677194 0.001508 -0.013091
617567.269419 532.395031 103.649679 -0.006174 -0.000021
907629.657959 661.805396 507.000013 0.015494 0.006323
693382.430213 141.783601 148.659818 -0.008907 0.001677
1797970.130014 385.124502 250.786932 -0.003524 -0.004086
955435.349120 688.635473 163.974511 -0.006712 -0.013571
557659.864685 605.852316 293.312775 0.007017 -0.008250
1324351.926951 788.269212 575.606001 0.013349 -0.006820
917046.023028 230.668443 93.515859 -0.007870 -0.012910
1632997.046985 519.098186 212.545455 -0.017491 0.017123
1790149.784549 770.199681 244.873041 -0.007410 -0.004956
1613713.184192 632.147329 140.648032 -0.016796 -0.015064
791753.703166 288.568540 527.219151 0.015413 -0.018590
347958.385175 437.374596 12.058985 -0.014655 -0.004621
701432.257286 473.864593 403.342663 0.000322 0.015831
1693039.169392 258.676270 326.919882 -0.012032 -0.004481
944105.254926 76.358423 210.597926 0.015342 -0.003686
1451122.988691 550.662709 119.871142 0.018420 0.010770
644142.737912 285.020251 76.597099 -0.011893 -0.010299
328294.663843 300.311875 473.817113 -0.012166 0.000423
344141.964030 428.794172 60.525210 0.013709 -0.018295
1995072.262359 551.860112 220.675930 0.001691 0.015581
1509670.835691 11.159912 591.040381 -0.015727 0.015786
783939.521193 665.466345 350.079633 0.003534 0.011734
702233.533702 730.434002 89.098538 -0.000812 -0.015211
783487.379916 514.382993 295.241694 -0.012698 0.013074
1976.599918 282.129021 217.591190 -0.015854 -0.012083
812477.567611 80.980931 532.100530 0.010929 0.005799
1551513.418346 422.664232 395.103718 0.010377 0.005365
1106838.468046 120.762006 279.717980 -0.014518 0.009724
516376.429478 389.598910 394.254784 -0.003932 0.018701
1541877.001311 639.194032 366.987548 -0.009510 0.019229
877046.727052 210.974587 200.404837 0.012096 -0.005350
1062152.807164 166.462952 280.925269 -0.003290 0.019312
220503.739184 155.060710 306.149578 0.010772 0.018108
285758.867062 257.624344 62.748757 0.004288 -0.002012
1694852.848395 693.283144 566.669698 0.000242 -0.009222
1823523.613542 219.371300 44.352278 0.000920 0.001473
109429.840049 768.299868 480.053461 -0.004459 0.010488
331166.874772 736.354057 582.248775 0.005306 -0.006546
1904142.131984 594.106728 318.588844 -0.001583 0.000436
967910.745632 483.306759 499.270444 0.003520 -0.011505
581591.096978 348.433385 48.096057 -0.010653 0.017496
706572.319710 117.986343 128.374621 -0.003005 0.006862
1499518.371885 385.537970 378.807827 0.001970 0.014862
785875.055374 571.540586 474.395709 -0.005466 -0.006112
257524.722376 252.964005 54.391907 0.006461 0.011195
1201976.699383 114.826144 228.921035 -0.002620 0.009278
1186503.038363 580.039410 101.815610 0.006828 0.018392
215485.423904 20.095766 64.844274 -0.007120 -0.001907
1555844.913030 56.638663 560.847642 -0.003697 0.004792
1610655.802121 641.105080 200.338487 0.003838 -0.013393
1363983.919548 580.587025 288.323600 0.010878 -0.004604
515601.680854 298.522184 317.639375 0.005556 0.012251
521772.659627 185.440955 319.543569 -0.002815 0.016124
984056.433190 429.796347 558.361071 0.003511 0.013651
764465.851134 302.221277 558.036093 -0.007322 0.011439
1098768.237559 98.198769 352.913434 0.014629 0.008840
1505133.839094 452.515041 265.864998 -0.010744 -0.006513
1656881.889169 392.744666 425.951307 -0.005641 -0.014820
1035409.796534 493.559057 216.371153 -0.018007 -0.018104
532033.862794 432.450201 349.952333 -0.012178 -0.014336
885049.308131 462.098883 312.401354 -0.005106 0.015767
611963.250959 737.594139 10.413055 0.015703 0.012225
1469794.933437 516.381611 223.587143 -0.012440 0.015602
1419313.830053 5.385005 222.242742 -0.003143 -0.005436
1001399.715897 751.241215 589.867540 0.014482 0.019445
57920.523946 103.055285 316.904509 0.004562 -0.007023
1340168.589419 44.069165 541.156506 -0.012381 -0.002906
1593328.125585 397.036318 209.037902 0.012545 -0.004447
308175.125303 438.499617 21.581977 0.000930 0.009127
1829796.170737 187.906827 440.311486 -0.008568 0.006237
194622.977727 628.405791 356.782282 -0.016824 0.005969
1163384.351490 85.793650 466.890930 -0.015295 0.009206
203536.384834 623.527110 466.961219 -0.019844 0.018799
408990.508136 640.541606 279.638806 0.002408 0.004633
1709918.606891 566.477034 96.645637 0.015756 -0.010616
1776676.395804 644.360053 280.291633 0.004785 -0.016388
248411.979642 575.619376 526.846872 0.008748 0.011925
1052401.075630 239.774773 543.569820 -0.007835 -0.003537
1254879.329007 324.241652 114.397287 -0.003737 -0.003569
322021.593490 487.279683 125.383357 0.001166 -0.015037
1647379.426121 386.177744 521.422577 0.019419 -0.005113
204691.412954 699.186918 106.325112 0.002793 -0.000170
536197.156895 555.279832 128.659014 -0.014199 -0.003474
25648.950611 537.935316 428.819051 0.016669 0.018944
247729.502734 436.861014 229.215177 -0.007400 0.018032
1580350.309415 379.801038 335.209077 -0.020007 -0.015902
1443766.372951 659.206164 351.069480 0.003679 0.012389
1912564.341869 554.288634 409.503840 -0.014673 -0.009431
357511.299829 321.101279 575.525467 -0.004420 0.001841
744693.135258 324.315800 130.816474 -0.016548 -0.007019
387589.365424 167.804378 523.077834 0.002987 0.000953
1645202.005117 291.606440 -0.125715 -0.004714 -0.005362
205411.871060 83.719930 113.542953 0.007508 0.007843
1996032.971887 514.906606 233.936237 0.007539 0.010389
1306804.762830 688.129262 106.604397 0.004501 -0.009857
1450619.077985 788.597629 395.053210 0.017717 -0.017182
1969754.747101 110.664387 168.455925 0.013630 0.008611
1609086.544071 543.870999 45.440560 0.012193 -0.017514
883645.576836 726.154086 99.663291 0.005689 0.003639
1722771.757153 502.417273 142.263679 -0.009970 -0.007556
28763.775727 722.652910 101.807446 -0.011980 0.000502
845989.907554 733.744530 301.351620 -0.016745 0.014417
1143645.596292 54.565940 600.389104 0.014090 0.016926
1423342.375748 525.703118 361.912160 0.011487 -0.001572
1329764.171191 184.897084 221.787088 0.013247 0.014447
1926056.274178 553.198300 294.430002 -0.012003 0.017723
1598411.507718 172.807586 507.808710 0.018772 -0.003699
726058.746095 314.074610 195.449964 0.014553 -0.001022
375371.614646 348.366781 324.798776 -0.012648 -0.008630
932014.105344 718.358543 567.081246 -0.017155 0.007132
811741.037672 587.801333 550.840863 0.010982 0.002636
1557690.799962 589.654991 154.944925 -0.009263 0.017509
399385.155365 53.286453 91.179031 -0.018134 -0.018557
1122038.441301 328.100079 256.563154 0.015485 -0.009112
1805346.826001 59.659453 425.555286 0.004598 0.002744
1995636.369100 729.213220 97.115918 0.017697 0.019434
1695958.700821 279.096987 427.827696 0.010647 -0.015090
558004.577904 435.829978 516.750838 0.001459 0.012505
1597187.265566 589.330756 528.826228 0.018085 0.011277
1833981.536251 410.029735 114.643310 -0.006180 -0.003990
929917.220459 197.774366 284.849083 -0.013192 0.007560
1471826.909795 138.653236 361.217473 0.015870 -0.015403
1165988.196230 595.199762 277.977640 -0.008183 0.000420
1172216.120722 460.776673 32.359250 -0.002199 -0.015477
1736107.381869 196.483766 508.205749 0.009949 -0.012173
1259741.624473 533.046592 425.061363 0.012848 -0.019577
218963.730251 229.080839 155.191507 0.003362 -0.001610
1902503.935575 255.784070 379.541443 0.002182 -0.011337
1496596.111682 109.392081 576.178976 -0.011559 -0.002660
941537.357374 638.182283 5.878070 0.001068 -0.010191
245239.558744 315.837006 292.964753 0.018816 -0.014289
1372376.816986 480.097816 484.742108 -0.004175 -0.003135
1637971.852737 403.662800 423.962364 -0.017017 -0.016342
337179.376901 23.700832 245.404390 0.012137 0.003349
1249672.392965 440.331923 432.840929 0.003378 0.010445
310196.676436 44.315162 335.822895 -0.013360 0.003296
1607296.809371 230.233570 585.006174 -0.008235 -0.009707
236307.595035 783.982888 515.208296 0.017036 -0.004964
561161.337682 597.013972 528.850102 0.019447 0.012913
1939371.158341 125.322681 511.963915 -0.004855 0.018363
870700.636353 2.070424 305.597845 -0.013723 0.003550
541779.813609 249.450927 386.782853 0.013262 -0.000886
453110.709066 506.720131 459.674729 -0.011928 0.017065
47266.968548 256.942543 543.193078 0.015294 -0.010191
562186.379247 130.030602 594.574472 -0.013528 -0.013979
1629854.769274 105.320375 185.090593 0.006686 0.000384
534606.907766 82.285541 307.439753 0.011063 -0.009663
203362.833803 38.229813 342.294051 0.009821 0.015214
92345.910190 778.864341 306.460393 0.012421 -0.012993
877177.283576 667.546104 297.693943 -0.006206 0.008680
1484435.888699 500.950867 528.864903 0.009362 0.011483
64404.659935 438.989703 550.705448 -0.006319 -0.011444
856791.879449 487.100911 190.779755 0.017639 -0.004616
1153201.109335 33.927494 259.459135 -0.014231 0.011658
618554.387530 154.305838 456.655467 0.012846 -0.019884
1875266.974734 207.512114 503.027992 -0.002704 0.004178
1111007.126566 140.221641 138.585331 -0.002544 0.016421
34336.430968 375.412305 275.434884 0.017144 0.004281
1349224.196444 292.169459 249.865318 0.019695 -0.007782
1602661.077679 455.156806 209.634285 -0.010648 0.008557
276647.354605 434.460438 544.428662 0.016399 -0.005552
1822198.850020 671.147962 373.247057 0.009942 -0.009121
453696.245539 243.685349 268.611861 -0.001695 0.009697
713133.517985 379.610250 125.372787 0.012603 -0.003602
36437.158490 391.719085 464.283752 -0.002893 -0.000574
159010.190591 189.103923 31.261296 -0.002846 -0.001199
1535456.720523 453.591716 6.983344 0.007007 -0.001249
749811.288319 470.093402 183.229257 0.019852 -0.006530
1154889.427663 178.782801 384.584600 -0.018997 0.007214
762647.938338 304.975032 92.506684 0.003625 -0.012137
1129345.827331 486.728097 410.844499 -0.006533 -0.018318
337378.635228 333.960640 168.855858 -0.011171 0.013865
1499918.929068 791.313372 248.048247 0.010352 0.006640
1760744.261444 108.754283 149.802583 -0.012555 -0.014675
1172923.453698 610.467812 215.677545 -0.010955 0.011545
79642.974809 486.104263 100.989772 -0.012200 -0.012033
730713.756164 606.865258 483.855686 -0.017944 -0.016077
1702955.846536 175.429565 309.538551 -0.014690 -0.002385
724785.897287 705.982986 257.953508 0.011051 0.005767
187236.443249 524.321210 468.677648 -0.006230 0.013669
1828784.213322 744.227036 362.790695 -0.009390 -0.013233
787390.226865 250.407868 459.587387 0.002479 0.000237
1929498.061505 743.003888 161.130782 0.010638 0.019219
730520.102536 499.639584 120.193116 0.015181 0.010619
1281053.293162 194.259803 381.774947 -0.017203 -0.019252
562426.321470 130.211406 404.885781 -0.017503 0.000266
1033437.869061 780.008142 262.822181 -0.015120 -0.010090
1192859.900739 412.567583 336.342406 -0.005499 -0.016832
138898.690296 261.441509 3.558289 -0.006510 -0.015990
1973181.982512 561.029608 434.048418 -0.012565 0.003319
957790.512106 660.743168 496.839922 -0.015323 0.015869
1692076.045876 318.216031 36.199400 0.000830 -0.001625
1136829.509929 29.225386 260.387673 -0.019524 -0.013629
1367539.427880 482.439515 406.275457 -0.010179 0.018674
1509350.044424 252.392447 176.115116 0.010399 0.006116
785056.476847 598.004332 212.857745 -0.015366 0.017395
1873643.585422 476.123068 457.079530 0.010545 0.008431
1315983.134935 488.228469 64.699455 0.008804 -0.014716
1135951.929323 228.658793 100.582236 -0.019853 -0.008259
656102.584980 548.510413 539.258862 -0.019843 0.017279
1727078.126616 606.283822 148.304193 -0.013756 0.000838
1797488.349396 438.928615 161.418195 -0.009883 0.006606
406141.346510 152.072374 156.446011 0.018576 0.018124
1941231.998588 497.127855 337.389621 -0.016815 -0.006385
1386830.762674 518.551277 376.788671 0.014459 0.005999
1843128.023596 152.266696 201.693280 0.012786 -0.012238
538331.757550 546.167919 571.838114 0.000657 0.013534
944807.663069 332.413823 233.369759 0.009358 0.006559
106756.882792 754.928643 514.554957 -0.007554 0.016347
1618777.323337 226.579562 318.148754 -0.005087 -0.005244
1742666.514471 52.446292 6.944293 -0.000035 0.017113
1321460.731012 337.194692 69.681911 0.019889 -0.010391
620834.287545 213.124609 553.834360 -0.009470 0.011295
1523195.320518 587.380405 118.884074 -0.014017 -0.000941
1731081.362688 163.143317 252.014352 0.008915 0.000661
656632.629529 425.709265 480.565166 0.014354 0.016123
325566.043298 583.672530 581.010405 -0.013079 -0.010858
1792559.657149 666.320302 390.326747 -0.019492 0.013221
1778465.217808 259.354454 59.265249 0.012374 0.003537
1763427.173609 457.770449 193.015978 -0.017839 0.010074
1593951.392730 755.899889 556.275575 -0.011307 0.006608
886016.743670 435.788642 119.157653 -0.010399 -0.003813
204796.643092 323.787109 80.809507 -0.017155 0.002977
727276.621725 773.412115 248.417200 -0.019641 0.019104
488690.041233 721.742195 183.031028 -0.006267 0.008564
1781116.410057 179.198693 171.948219 -0.011470 -0.007824
20635.784613 7.588216 149.529551 0.017502 -0.010969
1834876.302553 303.360034 462.687373 -0.015331 0.004950
350019.654422 174.641779 16.724382 -0.007612 -0.008380
1214501.650638 537.701000 155.091176 -0.019201 0.007497
477760.385944 211.514402 353.511918 0.001768 0.004276
605806.972182 347.268620 499.305482 0.003595 0.005793
272576.070518 480.084319 392.513615 -0.004567 0.001522
1759240.741729 243.207372 550.257587 0.005986 -0.003283
1080301.612187 660.463142 382.611700 0.002791 -0.014591
1857771.559552 140.165878 484.317843 -0.012476 -0.012185
988850.145130 339.898906 276.844330 -0.016671 0.018752
134591.829094 309.636963 242.573777 0.015994 0.019024
96963.198901 28.626828 345.820662 0.008310 -0.003141
227820.812831 464.973834 434.748466 -0.018763 -0.010712
290631.014058 457.577266 34.231553 0.011495 -0.014508
385931.693197 569.488033 190.164270 -0.020028 0.015996
1023297.854244 397.121518 195.423870 0.018830 0.003265
589125.026292 31.574842 579.701457 0.007951 0.017450
1882412.602139 596.845728 584.007630 0.000686 -0.002098
790218.714061 504.732523 18.735631 -0.015186 0.006554
526777.357108 212.300146 139.842316 -0.007110 -0.017986
748590.766801 411.837231 457.612622 0.007591 0.000592
1324791.236466 162.233179 5.959784 0.019525 -0.013032
1179151.767483 226.045313 128.356916 0.002196 0.019229
301466.356172 395.975439 434.796233 -0.014981 -0.019511
349183.755158 414.978318 387.374141 -0.011764 0.005624
616335.581344 375.075536 543.781202 0.001723 0.011543
1910511.639859 733.780041 182.935408 0.008696 0.004282
1640005.631205 304.786579 484.994252 0.013286 -0.005343
1964468.728734 335.824308 391.159049 -0.012189 0.018995
1261209.360911 276.219070 282.368246 -0.005748 -0.001168
968463.258337 424.347030 593.865743 -0.014826 0.009422
1257770.379660 350.163700 123.990037 0.001261 0.019269
1991034.577596 391.384856 537.649521 -0.008005 -0.011737
1007596.648767 95.803700 353.449757 -0.006669 0.017897
1912045.142572 235.954477 222.801214 0.004268 -0.000412
692628.538559 190.231145 501.221023 0.008953 0.003672
609848.141023 240.652798 74.920233 -0.008220 -0.002768
1723251.459991 737.630186 520.937178 -0.017352 -0.001710
1696924.347289 50.379690 567.951833 0.009831 -0.005578
309029.791648 199.720594 289.718238 0.009629 0.002327
867302.640745 559.209597 513.493749 0.012176 -0.007822
691843.061099 120.533521 326.137997 -0.012862 0.018629
272265.500516 388.386036 162.212194 -0.009546 0.011206
1400582.436193 98.372185 421.264649 0.003005 -0.012291
320566.674844 333.029873 150.780804 -0.015710 -0.013505
1229627.376064 208.748181 246.141047 -0.016044 -0.019855
1946485.269790 425.015080 421.396999 0.006229 0.006874
15066.369444 140.503337 292.267210 0.002010 -0.005760
911695.870064 549.126488 506.272407 0.009044 0.017875
1245159.992597 340.298517 42.796746 -0.006315 0.020277
519428.529087 388.675869 247.031640 0.000353 0.003866
1147820.552414 102.211793 512.447971 0.019418 -0.011052
1717933.562453 767.107646 453.737322 0.002494 0.011452
183230.377819 455.336679 577.699828 0.003167 -0.015300
640928.558372 27.420096 483.282289 -0.013452 0.010288
1503776.668340 629.010945 111.029490 0.012843 -0.015529
360957.489517 65.393521 358.331408 0.003705 0.003717
380073.533570 131.923733 431.576297 -0.018227 -0.014028
1889061.825298 723.407089 66.013784 0.008013 -0.001342
1796955.322752 633.865396 20.381599 0.014483 -0.005169
306282.549308 147.021308 243.150933 0.018361 -0.006190
332156.324914 567.583911 78.920791 -0.005929 0.001319
485168.456326 426.692552 367.285634 0.013053 -0.014868
413343.113108 24.373404 173.572626 0.017102 -0.017008
883643.182406 697.254404 587.100657 0.002074 0.002808
887249.075289 360.296105 217.497328 -0.000903 -0.007441
1467432.667253 504.276886 297.512365 -0.014408 0.003561
1682910.725327 245.161455 179.526454 0.018972 0.006317
1660796.624450 172.295235 113.473496 -0.002234 -0.017769
629926.086697 520.368829 50.896773 0.004189 0.003111
318150.466456 37.211407 269.343644 -0.013817 0.003914
40123.955365 464.609716 29.033059 -0.004737 -0.017514
724761.667999 94.023448 413.624022 0.014320 -0.009800
558074.092752 559.684409 337.277619 0.003108 0.006876
438651.350531 326.407613 533.290274 -0.004203 0.014576
1885724.248311 578.928013 300.934153 -0.018901 -0.006826
158400.153815 149.287965 226.094168 0.001143 -0.006984
1952982.963972 437.532706 543.676930 -0.018959 0.017277
1927788.328346 311.033980 28.235696 0.006200 -0.010090
607879.136041 746.988204 567.562632 0.014625 0.000464
1236504.919471 67.946186 551.391305 0.000256 -0.000269
1541570.438790 358.779648 131.499579 -0.009120 -0.000969
1098586.873663 282.315366 398.412462 0.017054 0.015184
1973812.054831 723.121747 257.360760 0.015647 0.017424
717421.361579 684.436127 190.610434 -0.003731 0.000395
1128238.588166 568.342355 265.721503 0.000398 0.003055
1906900.824936 103.239540 396.775585 0.014911 0.005395
311031.282093 514.383908 50.673633 -0.004968 0.016678
1119457.958787 738.781417 161.416534 -0.010754 0.013997
295815.608602 167.811490 451.579900 0.003005 -0.015977
1365835.790227 746.661711 574.049761 -0.019993 -0.006437
933742.419320 452.433866 30.038667 0.016415 -0.016961
1254474.420685 690.033824 122.188872 -0.008479 0.009409
1674721.783807 355.635452 227.729766 0.016823 0.012741
589441.845468 384.422642 445.813381 0.002563 0.008109
1186208.380939 568.298644 547.271143 -0.006137 -0.008544
28320.921598 24.585161 131.643595 0.018876 -0.018780
1123059.363627 350.761937 356.763910 0.004372 -0.006050
1339490.994503 192.619190 126.487447 0.014920 0.001160
1892333.765464 567.790424 583.320047 -0.007209 0.005359
1580513.963280 495.699906 66.177517 0.001239 -0.012666
1628540.167412 101.034586 535.773512 0.009076 -0.001115
358744.990248 592.744495 301.801967 -0.004037 0.008491
1065496.480589 768.665857 90.549882 -0.014930 0.002940
996930.964755 638.361357 488.904748 0.008373 0.006815
685065.261407 523.980908 229.014723 -0.007651 0.019145
22284.613001 83.081365 360.075828 -0.014823 0.005117
1564209.169505 749.555546 458.171802 0.006971 0.006548
471659.941818 684.001472 242.413993 0.009525 -0.009790
234378.384535 216.413504 129.544832 -0.009232 -0.004017
1581110.075852 613.267294 117.732758 0.004190 -0.000952
1733102.233956 757.547977 78.165757 -0.010147 -0.009499
222272.466972 206.799141 219.673597 0.008453 -0.004767
7593.072023 394.845750 189.628261 0.010720 -0.013153
1961038.188991 2.046360 13.989017 -0.004568 0.009661
554464.627316 401.915206 7.671117 -0.000263 0.010862
821613.773155 227.349634 322.650120 0.003952 0.015612
24485.756655 378.326300 502.180260 -0.014263 0.008808
196372.594776 203.390384 587.945260 -0.001422 0.018544
718005.964867 375.038745 274.501902 0.007052 -0.010221
1252709.545778 525.430495 142.158578 0.005946 -0.018315
1958473.456073 741.801748 326.330603 0.019624 -0.003223
628831.249023 322.246432 421.364707 0.014052 -0.019644
1185057.482303 690.549780 288.876986 -0.002872 -0.019714
406775.272641 421.129493 157.301694 -0.012894 0.019409
452064.211691 433.119260 275.619344 0.007349 -0.011355
1391094.198167 249.196240 524.834991 0.017227 0.018310
1830316.959801 730.315227 532.173473 -0.001630 0.016131
610994.441719 618.131342 184.007041 -0.019663 0.004984
631021.334152 481.815262 292.092264 0.011838 -0.018575
989235.750860 1.799765 334.046623 0.010256 -0.012654
1098658.789461 784.364590 435.126800 -0.019661 0.006629
1883467.686308 564.544583 586.018079 0.012799 0.005389
1871849.530317 584.814220 330.532070 0.012870 -0.012442
911993.535660 102.247057 577.375539 0.010575 -0.014596
1176139.691461 61.572566 443.448759 -0.016931 0.015020
1537174.407177 456.348975 526.449756 -0.006938 -0.006930
123261.179832 700.905632 185.251884 0.011677 0.014931
1946848.674653 583.239060 354.091707 0.017981 0.001710
457599.283409 708.998747 164.541961 0.011212 0.008296
926562.791190 189.181510 501.656009 -0.000076 0.020077
1942178.605097 12.065636 45.350970 0.008400 -0.016362
1905775.863633 382.725193 397.475856 0.013274 0.012158
1975712.466974 713.589475 407.971414 -0.008319 0.007170
1128937.655654 214.616165 243.685394 -0.013897 -0.011214
1900458.380534 306.184754 62.083461 -0.011063 -0.013424
1623668.112617 549.982285 239.592147 0.005847 -0.015470
798515.523224 494.058041 76.754419 -0.000977 -0.006940
438456.544857 343.715091 482.285039 0.015119 -0.009779
1216805.763178 694.613434 90.678182 -0.008496 -0.013395
1661706.700764 681.430149 259.137417 -0.010495 -0.019710
1303971.794110 150.824242 233.935896 0.010276 -0.003515
1107963.914568 455.326885 58.968975 0.018169 -0.011402
425643.800956 282.619370 499.981675 -0.007391 0.013770
318262.858465 449.129644 154.978107 0.018568 -0.002274
1036196.117772 457.891863 186.604704 0.006834 0.014606
948553.069005 401.481841 427.713804 0.016396 0.009363
1438074.149861 446.967682 555.756556 -0.015620 -0.007583
677338.477540 530.420678 530.667149 -0.002501 0.004693
197747.041563 521.160496 583.502971 0.017220 0.019651
1601492.672973 71.574119 330.604012 -0.017642 -0.017810
1987075.958395 461.516134 375.183643 -0.007824 -0.010054
971748.938305 621.758389 449.382809 -0.012076 0.007404
974474.447302 733.549721 146.140166 -0.003452 -0.018913
1121549.802423 602.054836 413.153328 -0.002208 -0.012396
613932.794246 434.649041 504.545995 -0.008855 -0.001012
1665525.531241 62.901640 338.638556 -0.004482 -0.014537
1238773.710671 302.407991 429.520629 -0.010181 0.007294
1925637.924078 585.359565 276.654301 0.008455 0.017205
290519.337305 158.632072 508.059601 -0.004366 0.004493
1745488.432117 760.827572 218.954369 0.002445 -0.004205
1111265.337612 695.149159 563.165004 -0.004267 -0.013868
829182.160473 184.294879 135.868198 0.019234 0.004581
728391.627189 478.803519 596.313863 -0.016881 0.013657
1349985.243450 33.301680 346.035825 -0.014506 0.010167
1010733.056353 223.881026 571.586987 -0.005913 0.006793
1129411.861826 180.365296 373.192767 0.017220 0.011489
33999.050983 389.229371 394.178926 0.020910 0.015543
1606354.705806 296.152910 66.676525 -0.018778 -0.005950
1451822.744427 315.166021 570.274010 0.008764 -0.001005
1590584.168020 314.838225 309.314507 -0.005147 0.001139
538209.161040 700.886155 484.872161 -0.011160 -0.010864
958317.440449 628.127606 272.201808 -0.015992 0.008650
479655.517489 94.539235 120.169192 0.015859 -0.017015
167238.956395 558.626544 267.432112 -0.012165 0.009131
1592486.357127 737.262986 73.268092 0.009848 0.005636
1189583.299304 433.007121 20.907630 -0.015532 0.016582
1124831.962923 303.259153 474.205923 -0.005194 0.004006
37146.621401 680.308191 232.711592 -0.001136 0.018055
205026.889315 568.854273 41.070156 -0.007895 0.004314
284161.461650 310.215737 183.811900 0.003494 0.003352
68690.410847 306.162696 301.677403 -0.013745 -0.014786
287411.349028 600.156520 403.947874 -0.012907 0.014464
1171263.018237 591.654765 143.622347 -0.004982 -0.015508
1682127.158941 314.966593 577.536036 -0.010873 0.014515
1824708.168313 264.943418 346.657536 0.019212 0.005358
369206.509725 98.055410 13.394205 -0.000372 0.008413
1208981.916871 419.409666 56.204833 -0.015650 0.007266
446720.970071 202.263944 259.086813 0.015802 -0.002836
586212.983628 385.048817 102.139977 0.001336 0.014305
560717.814863 299.261596 150.896847 -0.010352 0.004146
234257.601311 123.736829 558.876715 0.007807 -0.014625
1133248.557864 703.446130 154.203716 0.003533 -0.005179
1934248.125150 153.560407 536.625348 -0.017566 -0.007939
1152133.833222 226.112724 331.372844 -0.019689 -0.012990
1965200.129880 240.369576 396.860039 -0.013838 0.013365
1034901.121182 346.212691 125.890158 0.010881 0.006880
1623246.405098 709.035618 497.166055 0.009744 0.003207
1926329.093951 248.110710 276.322349 -0.011182 0.015960
1658576.383096 150.493621 54.750071 0.008982 -0.010065
786221.519479 240.960149 318.648287 0.017787 -0.007697
1421758.733421 742.904970 365.013491 -0.004814 -0.017358
888519.625593 711.322142 308.023962 0.005925 0.006157
374128.679919 371.376091 325.494944 -0.019384 -0.011594
247207.860577 783.030770 311.520675 0.003283 -0.012050
838233.393076 329.887722 231.482399 0.000720 -0.014335
1269501.125100 722.759422 262.762604 -0.004901 0.034097
1490342.234955 701.551047 467.193916 -0.005840 -0.010058
1720173.599068 638.958846 82.405124 -0.005140 -0.001857
1589947.016719 447.807723 550.797484 -0.006492 0.003103
254199.274003 369.739766 331.745909 0.005912 -0.018216
1506623.924480 52.402429 274.471175 -0.014407 0.003087
1187558.641279 619.112279 289.619059 -0.018792 0.017646
663885.182079 619.972313 490.466016 -0.015549 -0.014783
134186.233456 776.613598 557.403717 -0.011864 -0.006224
763995.101100 799.298191 542.433927 -0.008049 -0.006505
960104.740672 340.735595 479.100367 -0.018590 -0.016984
1689167.128731 629.696765 84.864697 -0.007886 0.017126
1435140.350571 715.983423 422.207050 -0.012035 0.017046
1287450.956780 425.429250 421.169667 0.008955 -0.014606
1664884.491668 423.861762 368.586165 0.010628 0.009319
1916152.068375 115.697331 439.936285 0.014369 -0.002291
142374.806172 274.720017 522.119632 0.014831 -0.004936
1889104.925044 571.666734 97.829916 -0.016699 -0.019291
184043.514628 642.394266 546.896546 0.011781 -0.019920
1678137.485719 350.667257 320.121537 0.001601 0.016074
349432.717240 299.261194 257.227511 0.011505 -0.014623
327130.583267 597.823611 167.720525 0.015866 0.004361
1445781.852792 774.663279 571.563769 0.003715 0.013534
657045.848974 430.374405 332.868359 -0.000288 0.004923
1143416.638087 467.914658 254.908457 -0.000621 -0.004814
853229.746620 259.676189 491.222850 0.018361 0.014550
1436276.935710 106.426981 143.599395 -0.014026 0.016983
747046.145027 249.391367 400.674757 0.006109 -0.011852
555282.349025 300.070126 106.681645 -0.010821 0.018769
31011.744417 446.384910 303.492654 0.002806 -0.017979
259713.421697 113.415865 381.608307 0.002212 0.005065
30230.289339 785.871236 570.657674 0.013289 0.017700
1629124.594680 440.022626 45.002807 -0.017900 0.007951
1993199.337271 341.273382 5.445371 0.006602 -0.016791
437214.899080 754.099739 272.249778 -0.004241 -0.013120
847463.854052 329.210259 438.790737 0.017217 0.019223
1561464.248021 48.381432 73.525947 -0.003324 0.004599
1496915.452879 345.540047 358.011958 0.008026 -0.009432
1076064.875850 410.504857 489.276879 0.004504 0.002595
1028186.607653 487.310073 594.750550 0.000929 -0.009085
141764.248787 594.390402 129.681174 0.000994 -0.014457
778578.041484 758.783452 329.833213 -0.015279 0.015192
1058486.954802 720.256847 564.127307 0.005842 -0.007124
1112790.978101 319.367886 448.088867 -0.013856 -0.016077
24501.685065 553.953562 366.372125 0.013087 -0.007841
353571.678676 272.751865 548.610173 -0.013268 0.014607
375264.103699 191.477187 365.772930 -0.003806 0.010616
1493884.026769 634.904242 429.292539 -0.008209 0.016522
1188817.119779 659.945711 487.970852 0.001402 -0.000912
259519.063057 73.837042 525.331586 0.015147 -0.010166
1949033.547169 712.089568 562.566751 0.003475 0.008710
482529.103981 609.398702 36.168810 -0.013825 0.017266
1850091.109914 273.847908 102.809152 0.001400 0.009863
1871495.037280 224.954479 324.757229 0.006205 0.002873
908785.677938 195.219131 241.275444 -0.009273 0.011223
1755362.652128 318.421190 522.309626 0.010157 -0.008999
232765.271437 582.017436 98.766940 -0.018119 -0.007223
1765166.354256 236.457710 45.872565 0.017676 -0.001995
15434.920795 692.843534 474.736898 -0.012883 -0.004006
1077013.659792 90.610636 409.358043 -0.016803 0.010606
516053.778360 427.429797 5.739776 0.006389 0.012125
1576709.125925 429.914082 119.174487 0.006432 -0.008341
948767.654108 620.930060 12.215560 0.005596 0.013207
667159.362075 417.518893 74.295565 -0.003589 -0.001436
1146380.339352 334.089575 198.447082 -0.005350 0.003862
1462269.868451 722.413695 427.042616 -0.003590 0.019248
949273.004639 536.528739 309.751010 -0.000657 -0.006838
636841.273232 217.407449 520.995385 0.000691 0.017240
316267.470045 793.069089 424.471220 -0.012938 0.005310
1072709.865436 409.195902 92.851837 0.006415 0.016881
1234697.917120 187.517889 203.698472 0.017928 0.003944
1871003.135047 543.412076 300.142589 0.005844 -0.016343
968257.898916 95.614704 457.569755 -0.019797 0.004249
184803.100389 256.175763 525.940335 0.018291 0.013469
1613704.762242 94.160609 496.999373 0.000561 -0.008174
920804.219749 40.431375 484.197385 0.004858 0.008301
1455508.939668 184.356417 565.896597 -0.017310 -0.012833
1084419.887087 1.231130 515.124872 -0.018219 0.005932
1899527.167855 422.512903 461.409691 0.008452 0.001114
745706.753221 643.175442 509.131816 -0.010135 0.010543
1369434.811813 44.298357 529.135934 0.000575 0.002791
353913.564400 780.011623 371.893533 0.019280 0.003540
660308.989072 568.529687 492.069590 -0.009055 0.011118
1997036.600484 653.718525 468.951439 0.014265 0.014408
857968.969670 644.631190 232.643386 -0.012094 0.000743
1832483.595159 457.080114 194.307856 0.011684 0.011664
174050.590104 359.803781 525.531991 0.018768 0.018479
887791.815627 115.824999 561.234351 -0.017431 -0.014858
1048845.100705 314.645003 504.390395 -0.006251 0.006687
1236598.032171 273.664984 290.044917 -0.004027 -0.012093
688449.854352 662.684055 2.428658 0.009250 -0.018938
1047717.716101 519.098539 357.800383 0.013916 -0.003481
831685.772553 746.755521 517.270496 -0.008457 0.016124
1646809.537731 587.910330 29.467522 0.010385 0.011941
354697.854423 226.595423 115.085557 -0.019277 0.005150
1718570.137265 508.409750 581.411311 -0.006287 -0.018646
338487.908402 549.662103 517.428753 -0.012998 -0.003250
1776805.868268 558.740782 40.766274 -0.000619 0.001847
960078.654327 720.384541 287.000206 -0.006805 -0.012537
763596.911339 131.445571 556.078864 -0.002749 0.017020
1446903.674606 486.649932 125.320924 0.017509 0.005371
1673049.761761 619.860205 155.854582 0.012215 -0.015279
591079.477496 780.291335 482.702249 -0.013708 -0.013985
450261.526019 36.895539 509.529113 -0.008244 0.001255
788880.985598 619.008302 258.768931 0.014935 -0.015424
1247242.441982 204.427215 167.397364 0.002021 0.007425
405506.701397 218.012965 175.259832 -0.003531 -0.012364
1835863.754077 197.699934 576.341209 -0.012857 -0.017848
159031.381905 380.063834 18.633848 0.015404 0.005325
362722.217274 87.319518 407.226642 -0.018537 -0.003744
420997.232395 340.183641 105.303073 0.005860 -0.007739
580167.091722 213.287189 332.917698 0.002807 0.012592
479025.265425 617.109989 52.522449 0.001287 -0.012674
552036.800679 359.887583 258.436689 -0.010469 0.005068
969986.005207 253.895688 61.563258 0.000812 -0.011950
1471710.388303 557.494756 187.836935 -0.003394 0.009219
1430984.936390 500.909773 91.094940 0.015645 -0.009260
902052.609670 144.482224 321.196365 -0.019780 0.010002
700700.571156 195.524385 313.366481 -0.002450 0.011060
1408199.004553 571.220003 137.191080 -0.014609 0.018116
1713095.736556 496.335718 161.353746 0.018420 -0.014613
944491.339356 557.135759 498.672853 0.011373 -0.015567
1119457.834922 400.485539 441.412709 0.008483 -0.004370
8319.607940 130.639736 343.453103 0.001564 -0.013273
647061.014849 711.889243 247.379017 0.013812 -0.006821
379545.065751 439.177640 25.917730 -0.003341 0.007315
1990576.603445 218.590334 181.410445 -0.009384 -0.010680
876473.971119 589.591039 557.755034 -0.009188 0.000888
80381.552726 664.585297 13.454732 0.011021 0.001700
828036.629980 625.077945 423.045520 0.019521 -0.007180
1747623.103553 248.355537 124.400909 -0.008533 -0.013741
1072386.123739 381.215993 423.695896 0.003228 0.015735
777386.485961 459.654280 100.914433 0.007635 0.013595
801906.589792 103.731974 345.948597 -0.006811 -0.003941
197987.358178 295.912727 137.780949 -0.015160 -0.014142
1545926.498969 428.228951 556.360451 -0.000464 0.001261
492654.834172 281.819518 500.355773 -0.000900 0.005012
1978982.283724 792.964180 69.287173 0.007748 0.002827
17631.095842 66.071126 86.770794 -0.012954 0.010995
1966499.848276 461.745176 543.676881 0.003629 0.014925
611006.784537 527.338328 167.372558 0.001460 0.011205
850069.038966 247.016098 189.906998 -0.005922 0.011500
1676786.882652 479.127849 83.236755 0.006893 -0.017859
1557780.060711 529.808474 26.143241 0.015763 -0.005720
1227310.625476 722.843780 262.769320 0.001474 -0.037702
428616.731627 591.981874 393.320161 -0.015228 -0.007965
1127178.874392 340.458634 576.742313 0.013657 0.018408
1480731.590409 212.709426 162.231201 -0.017760 0.004802
115335.758829 715.081746 130.661104 -0.012099 0.002661
541498.807511 780.906934 137.339953 -0.007445 0.014834
1167776.423119 741.909257 464.516793 -0.019057 0.007390
1705487.274428 189.986975 255.754759 0.000311 -0.005711
1455042.508177 58.243606 469.703349 0.007528 0.016569
1485351.840726 341.475372 108.568152 -0.019549 -0.000662
1600046.444498 55.521668 226.665928 -0.019273 -0.009267
1889695.885540 230.144797 146.898137 -0.013081 0.004147
230475.999522 605.933092 319.331234 0.015497 0.011174
434670.210087 593.570350 9.930743 0.005755 -0.009940
748135.628527 296.640070 193.014073 -0.013638 -0.017665
474188.291689 718.615633 292.785603 -0.003324 0.016206
1941577.332067 174.238194 588.502850 -0.006009 -0.010688
499196.726130 235.231825 314.390887 -0.000262 -0.001297
254300.674542 487.768148 134.030975 0.006370 -0.000112
6325.354803 699.952768 144.014637 -0.019182 0.000833
980919.682878 316.093871 534.939502 0.012556 0.001956
1900851.625903 40.263463 269.151350 -0.002598 -0.001273
719689.197242 326.189625 412.419822 -0.006339 0.010296
1844748.197982 472.721773 30.107542 -0.002184 -0.016557
1036199.990211 459.278950 416.279061 0.009636 -0.010767
385683.919483 595.611619 65.317674 -0.002699 0.010629
1256102.471266 738.643526 96.120740 0.000493 0.010312
1419511.694191 375.360598 472.932278 -0.013619 0.016242
511292.832210 415.350568 189.744152 0.017687 0.014407
145034.134456 691.119100 270.109349 -0.015049 -0.007553
1071721.370831 513.104688 530.642525 -0.010812 -0.004677
233847.819378 338.137411 77.438774 -0.011037 0.014194
1786277.592083 681.744076 467.382424 -0.017909 -0.005084
1031918.257955 609.608281 506.191668 -0.007876 0.016820
1499349.890975 446.245324 263.474435 -0.017318 0.000081
597617.807145 110.365270 219.016034 0.010018 -0.009533
1353622.215499 228.400202 541.956880 0.002470 0.000629
573296.933702 542.628148 564.076085 -0.003397 0.016134
1590131.532210 246.421138 453.742961 0.003015 -0.005546
258416.177825 73.057924 73.594052 0.018867 -0.004274
87595.200207 577.072039 571.739312 -0.000688 0.011451
906233.425674 625.908533 554.293905 0.012745 0.001240
370032.188655 395.808835 489.233129 -0.016454 -0.017746
664767.085884 299.528031 441.845637 -0.009130 0.011572
1278253.811075 52.999271 58.724933 -0.004116 0.005621
916040.443311 420.098994 438.712246 0.003217 -0.000167
249204.321880 499.114311 130.169961 -0.016947 -0.015717
8661.484350 424.571641 533.397164 0.017159 -0.006052
841302.204338 90.033355 506.049961 -0.010469 -0.011988
1802783.200425 455.943284 346.284995 0.005476 0.013643
731632.451868 220.844277 544.787782 -0.001401 0.006843
1096714.972098 736.694105 118.100614 -0.008796 -0.000107
1386984.768969 324.006979 76.207075 0.016471 -0.000736
469499.863903 732.063414 6.988321 -0.015005 0.013813
718651.906922 435.360553 574.670480 -0.011850 0.011220
316653.122342 84.371068 211.419398 0.010143 0.008933
385530.231700 79.613458 10.960866 -0.015987 0.002577
1379939.433830 519.542196 291.691797 0.015408 0.017180
1974529.288697 463.597385 199.389530 -0.015528 -0.000412
1626419.535664 279.799133 244.562910 0.012984 -0.001062
503204.831157 146.104536 10.645935 -0.011611 -0.004501
1600260.999799 292.973445 294.395946 -0.013934 -0.015949
467442.890847 275.283485 120.993913 -0.009912 -0.002201
1530910.291491 753.012524 56.655670 -0.010010 0.013183
43405.273949 189.911367 245.086560 -0.005785 -0.005884
1801413.789299 133.485172 421.471243 -0.007700 0.019683
348673.859774 447.481582 105.080127 -0.012280 0.010755
1122384.702378 793.276800 80.732270 -0.017925 -0.014251
474000.488629 229.237699 293.459136 -0.002430 0.001563
1867761.544822 162.629950 288.085600 -0.018852 -0.001848
617712.498930 39.642892 415.267735 0.008761 -0.003837
88793.583256 495.166224 342.942741 0.009899 0.016912
1123119.018564 736.252814 291.450571 0.009362 -0.015513
510837.786138 237.535568 62.598154 -0.004327 -0.005983
498234.962345 502.757984 381.344407 0.009533 -0.017335
350510.791107 537.849998 162.945732 0.006257 0.007950
1451432.125387 771.366258 449.397514 -0.003401 0.007362
303273.376219 370.360784 179.858412 0.008882 -0.011665
454803.713809 227.231833 75.893949 0.008606 -0.019198
480071.545802 775.455198 189.784701 -0.006256 -0.005555
1333575.176696 474.793891 592.852184 -0.007774 -0.006722
110627.538576 382.761101 1.794591 -0.007007 -0.014503
1406769.050940 41.567115 59.181051 -0.001867 -0.001180
1561676.394922 482.116491 559.296865 -0.016766 -0.007001
281255.947557 246.664315 364.697221 -0.009246 -0.019070
1257382.930842 407.518919 596.188066 0.017782 0.014118
706537.016996 489.474445 268.980794 -0.006343 0.016655
1558318.719993 318.175262 237.093604 0.011349 0.008938
1057752.200895 389.442808 466.042947 0.005111 0.017490
491364.625511 326.212758 325.139192 -0.012860 -0.000413
1734950.389590 255.124533 479.332981 -0.000922 0.003492
1643357.573842 84.768605 56.781209 0.012567 -0.017962
1898263.090243 133.924321 397.734911 -0.004152 0.000408
1157183.811607 141.139136 544.701738 0.018944 0.018331
1260090.642264 401.449731 266.470032 -0.003784 -0.014829
767107.214205 521.709750 323.364416 0.016974 0.013174
55740.578126 634.903948 88.738988 0.013011 -0.009324
1471867.368311 519.096821 224.864176 0.012811 -0.001700
851158.514084 624.070666 377.566344 -0.016455 -0.012925
279214.015361 532.876454 211.834255 -0.018200 0.005635
622537.959657 541.403812 84.613197 0.010268 -0.016709
543551.074594 112.492678 439.116702 0.012904 -0.017318
1125283.938425 670.491027 515.309228 0.008415 0.006515
255944.995329 357.695256 187.069568 0.000112 -0.008827
1549879.616848 742.592500 35.117631 -0.003809 -0.019290
474171.187949 435.919774 410.500808 0.003560 0.003658
648167.413030 720.763272 160.531422 -0.001357 0.006313
697835.028496 589.735274 478.515116 -0.016729 0.001912
1725670.433475 516.054361 231.084399 0.008602 -0.005264
99429.388577 679.135860 481.500562 -0.005526 -0.005957
163663.104253 109.255612 168.320318 -0.006664 0.000357
594763.153510 303.819452 52.898296 0.019281 0.018816
1355525.087265 245.044739 522.185570 0.017939 0.010952
1053977.892294 234.747748 305.599993 -0.007012 -0.004925
115031.983757 149.678460 12.909784 -0.002332 0.016306
752375.869431 393.670605 455.180585 -0.012754 0.014189
219437.964363 208.562189 594.979384 -0.004391 -0.003952
1068114.026016 550.280913 469.122909 0.004827 0.006916
1499866.051366 239.147331 584.143523 0.004720 -0.010295
1491842.997955 116.780273 322.372599 -0.009705 -0.001117
1826279.228472 251.205991 395.271252 0.017291 0.010253
1133058.067007 247.483479 149.320094 -0.007045 -0.000434
207507.431604 346.453725 450.384078 -0.016175 0.012955
304737.184339 504.488820 306.620991 0.017354 -0.010023
361247.467977 546.390034 329.270789 -0.013812 -0.007891
1585793.637478 720.380898 269.231572 -0.006753 -0.013856
1841064.114050 194.853449 281.187839 0.003196 -0.012826
451362.950938 116.070265 291.940160 -0.000994 -0.001229
1950936.490647 463.009727 542.254818 0.007717 0.008312
1454702.783122 701.634281 182.737744 -0.010462 0.012502
1108684.254395 335.103643 297.155590 -0.015858 0.002983
1596490.624173 716.774565 284.818684 -0.012831 -0.009923
1263706.185512 134.099244 282.548650 -0.015925 0.009881
1294332.516982 261.048528 535.817952 -0.014672 0.012040
723046.520130 87.040002 228.540965 -0.009388 0.013353
107937.715067 793.445445 426.803475 -0.005756 -0.010864
1046872.077066 728.811282 389.722281 -0.019391 -0.019540
450965.188654 653.719850 546.629697 0.008008 -0.017430
278162.196408 266.394092 139.750713 0.004373 -0.002625
1960316.196066 205.800576 456.551826 0.014896 -0.004398
1125740.257616 187.837206 299.748003 0.017724 -0.000072
668170.334151 796.703154 294.199296 -0.018196 -0.005844
1443825.863043 455.473640 160.048800 -0.005093 0.003558
564375.188464 478.113273 242.565670 -0.012222 -0.008028
938961.728913 267.150134 379.904445 0.008066 0.017686
132214.712972 546.737982 119.680112 0.013367 0.002232
1179224.623916 311.478919 473.109282 -0.016496 -0.006652
575213.267736 339.082825 197.871542 0.010982 -0.001189
1368718.602401 400.949293 24.051912 0.018036 0.014954
1254302.726711 185.667856 282.671160 -0.018634 -0.002903
1541011.519516 401.007763 456.114607 -0.003925 -0.011877
1407684.757098 375.521224 531.729934 0.016160 -0.008184
883750.411162 393.773876 411.794301 -0.010552 0.003304
38293.802197 414.515783 2.813061 -0.006035 -0.008079
949396.727117 26.724281 479.034095 0.000614 0.019452
1340193.529306 112.132739 129.832731 -0.014282 -0.013051
1289556.392138 729.379719 404.302231 -0.003832 -0.007437
1756783.113702 88.139828 468.956394 0.010463 -0.019755
157687.638028 166.077080 303.229627 0.010648 -0.002497
175039.783202 626.596691 573.205702 -0.016259 -0.014659
506304.289450 453.229162 99.195019 -0.017940 -0.016706
301433.914481 576.019956 133.876400 -0.005381 0.014558
790027.673724 9.515541 464.047795 -0.017183 -0.003250
176035.711624 758.816857 317.272784 0.014792 0.008526
1081972.172988 759.093801 552.341924 -0.018276 0.008706
715741.816310 106.941547 298.850076 -0.007400 -0.010926
1263880.632475 454.395563 476.770296 0.011930 0.004696
1751026.801649 758.641062 202.426901 -0.016182 -0.007299
399196.095951 394.909797 198.055618 0.019107 0.002352
1496994.359185 48.633812 306.578193 -0.008895 0.017279
445396.929255 653.555331 529.818426 -0.014303 0.014539
1193553.106484 399.766473 599.490472 -0.016114 0.012533
450224.472419 581.247113 229.330182 -0.019251 0.001036
1999453.321099 715.719667 285.872873 -0.004104 0.019011
1584501.028799 429.140157 291.144266 -0.015106 0.000399
94458.571679 696.633030 342.433482 0.002264 -0.014109
1007827.074736 623.570915 579.731009 -0.004563 0.016848
1658558.308919 786.715460 253.050005 0.013085 -0.016914
475365.567242 42.327593 482.826344 0.004286 -0.016903
663714.367274 496.150555 580.953904 0.012216 0.018161
1919117.403179 479.282667 296.987570 -0.002163 0.008820
9624.167350 393.726872 354.493698 0.003062 -0.018037
1478876.057770 64.665582 497.163984 0.007722 -0.001374
1502145.321808 426.478626 269.218033 -0.013019 -0.005534
1054818.871922 329.060160 247.631920 -0.006669 -0.018736
972186.690649 532.042745 390.585501 -0.001900 -0.001128
1216433.286302 329.464728 43.391737 -0.015862 0.014311
1585452.240699 85.728126 209.952635 -0.004634 0.007094
796849.675848 98.928431 459.138399 -0.011130 0.013063
461377.134761 782.855169 216.922195 0.007136 -0.013902
1447663.852688 165.142394 338.380261 -0.014470 0.001607
1190708.408687 498.729955 122.670190 -0.010135 -0.017077
1355477.244293 684.112279 294.565659 0.010002 0.018253
694211.989964 433.764665 39.472681 0.007914 0.017112
1497031.391364 75.984707 30.198991 0.000516 -0.007094
1759090.904966 594.397869 180.039966 -0.010330 -0.003080
904928.793621 771.897657 377.629245 -0.019374 -0.015858
341892.055395 489.134920 437.186087 -0.004956 0.014361
1609370.418642 43.105955 428.125526 -0.008169 0.012130
1339833.364515 513.568478 206.839434 0.009433 -0.006389
543533.833951 386.139805 260.594005 -0.007102 0.019774
1510075.678821 160.971363 443.557242 -0.017782 -0.002230
325429.097901 406.709533 246.069339 0.011711 0.000973
1027532.088117 770.879603 81.202517 -0.010402 -0.006335
1987715.010526 37.227079 236.742449 0.008292 -0.006362
396776.620483 301.256454 588.523963 0.001756 -0.015608
639902.701899 652.684430 355.829272 0.010156 -0.014507
1179865.857204 406.074174 204.137234 -0.006873 0.002540
1568458.621189 393.144875 42.271454 -0.012224 -0.008574
1190290.628555 566.817376 150.377400 0.009232 0.017977
1180185.991889 580.625136 597.227298 0.019383 -0.002811
672088.553511 146.489180 485.068585 -0.007410 0.009061
1837656.663655 510.376113 325.251501 0.000515 -0.004376
1360614.323691 81.453253 539.166476 -0.019215 -0.002760
924125.776125 643.726706 555.358064 0.001306 0.019925
418950.309241 102.530192 424.739190 -0.001810 0.014233
1312754.557148 39.416919 349.598725 0.006052 -0.018695
30587.249450 790.927495 130.210309 0.012884 -0.007749
1889215.610870 593.533024 565.950125 -0.000550 -0.009842
669560.509114 133.400970 214.061318 -0.010652 -0.012485
1579576.984783 556.869076 594.901663 0.008598 -0.010928
1982244.182370 739.116171 214.006495 0.007924 -0.004710
432350.935616 284.025541 257.966811 0.011971 -0.019776
930735.730068 652.639105 596.839631 0.007302 0.005509
600671.720971 501.600353 227.649993 -0.010158 -0.015433
1270601.892504 464.050430 169.612723 0.019699 0.012526
938976.299455 626.111869 304.953876 -0.001552 -0.000152
1474031.937064 361.618844 251.551909 -0.016257 -0.013942
1605130.416157 247.713913 302.541662 -0.010670 -0.015575
1023340.410098 559.402552 555.249500 0.000253 -0.004737
1128556.229700 645.820930 5.069793 0.017727 -0.017936
248420.950141 463.884574 377.912285 -0.004099 0.002568
884577.235619 701.163902 213.154212 0.017995 -0.006629
1704879.713107 549.680489 474.541324 -0.009088 0.011159
1882055.445519 60.086535 54.754440 -0.002192 -0.007593
404206.608610 765.790493 4.940952 -0.014903 -0.001415
780987.060993 553.531543 162.460405 -0.004079 0.005524
642018.800900 420.259538 130.876804 0.018038 0.017209
1579863.075903 313.782705 483.310419 -0.014240 -0.006308
286431.929230 799.182316 18.275136 0.017334 -0.009106
1625355.291937 700.167736 207.278855 0.016183 -0.007104
1310099.705732 85.522472 166.793227 0.006599 -0.010573
1485499.756171 42.296375 555.843051 -0.019438 -0.001828
1126826.147142 267.781746 586.712894 0.011207 -0.008651
1817754.082297 456.584052 407.028763 0.008593 0.008659
42605.713030 685.703061 428.883532 -0.017477 0.011479
1969490.396776 691.775665 399.903194 -0.006749 0.010788
1972945.507603 788.212300 525.902431 -0.009426 0.005962
221002.463354 5.588336 421.014594 -0.018480 -0.019154
314139.836614 479.753529 212.939041 -0.014575 -0.004778
1280098.799281 35.216913 571.079101 -0.007242 0.010308
1334025.561499 271.112203 370.181915 -0.004790 -0.004315
817314.073824 291.909845 154.284331 -0.016980 0.007878
52254.755074 49.379413 409.045414 0.016117 -0.006918
662711.798522 9.407086 199.670767 -0.018599 -0.017992
710212.109941 153.498249 389.833610 0.008414 -0.006921
61999.699130 281.104916 223.091821 0.019319 0.006771
261157.692532 519.688595 3.635959 0.009907 -0.018753
797766.605764 125.460888 237.086086 0.006233 -0.010779
184709.901076 545.741674 175.226027 0.010997 0.003294
1235796.007903 85.494061 357.334591 0.018121 -0.014404
1292608.929469 245.287345 198.242930 -0.008132 -0.019334
1317389.029692 261.226073 220.333182 -0.018778 -0.007599
71927.786838 127.746401 575.887529 -0.018264 0.016281
1977614.946653 353.569255 38.322616 -0.004674 -0.016038
591803.305127 381.784514 467.163922 0.003534 -0.009939
726241.200569 165.252174 213.966930 0.018401 -0.013691
995710.504705 485.324755 279.406874 0.013138 0.016103
963862.695249 391.208359 138.020476 0.013997 0.000719
1079147.418532 708.512834 408.089273 0.000041 0.017222
1174876.041326 389.907587 223.312263 0.006101 0.014863
937689.950195 758.237452 209.344889 -0.010101 0.001367
1200871.358253 489.763300 445.106069 0.018296 0.002821
1798372.363578 364.451653 105.787691 -0.005466 -0.008552
158766.744732 676.234587 464.560134 -0.007533 0.007876
584123.108808 679.931761 348.350275 0.018809 -0.006105
1019930.488905 447.400862 500.084461 0.015237 -0.011570
1412068.961846 279.240563 95.682499 -0.017828 0.003983
1390465.348675 524.120542 125.807879 -0.002535 0.004566
1560588.704217 269.610535 41.803566 0.018294 0.008037
709118.110458 28.650624 327.045929 -0.014823 -0.006313
481739.437432 336.808473 116.754489 0.012810 -0.004330
1084185.081108 265.267217 569.424977 -0.004953 -0.011507
321427.933090 65.613719 337.166966 -0.007559 -0.014328
322096.383349 11.902482 475.436001 -0.005134 -0.001933
811598.476400 120.525714 472.206782 -0.000990 -0.015693
975828.599639 662.810413 87.450916 -0.018663 0.018338
980873.326296 219.739419 226.197811 0.007428 -0.016139
1538962.265262 182.299700 256.975373 0.008846 0.004172
1281944.833362 703.535499 411.211171 -0.011742 -0.012074
1646853.441208 292.160022 129.441685 0.004646 0.009429
1334224.681991 17.328373 531.644061 -0.001752 -0.000143
1987979.200663 753.897716 196.480110 -0.014448 0.019149
567825.405192 503.402292 150.192610 0.006616 -0.007359
693992.653253 345.661081 324.416885 0.011164 -0.014019
290886.182473 333.328030 18.708229 0.013265 0.004836
461579.700216 523.951614 590.527403 -0.002182 -0.009210
1440439.939238 90.567479 175.766779 0.004284 0.002718
1578856.275221 479.597880 307.182149 -0.015374 0.009488
975708.803616 319.987338 219.885634 0.009550 -0.017504
1363849.989774 68.088091 296.406932 -0.011051 0.014437
1287670.666020 295.511498 165.498829 0.006993 -0.011983
1793086.186886 725.009931 513.177104 0.015254 -0.005939
253419.465503 481.157847 278.120450 -0.003036 -0.011639
65064.939701 167.188378 484.632057 0.001755 -0.007021
1093948.624606 26.047840 434.825001 0.016636 0.010811
1570950.974510 476.898645 514.172056 -0.008946 0.012882
1433502.711092 738.676786 113.679908 0.019657 0.003957
779698.448619 711.539221 301.940797 -0.010234 0.010912
1707668.152502 297.509647 224.253301 -0.007301 0.011712
1161722.038482 280.381339 1.028854 -0.004390 0.015817
650195.260835 748.086809 556.331493 -0.017968 0.014024
1393276.303724 667.716045 267.728688 0.002116 -0.015476
534900.189626 215.494486 20.821209 -0.001723 -0.009450
1264731.390059 676.592015 91.016162 -0.014610 -0.016294
1848317.172308 790.610656 278.268180 -0.008156 -0.007742
512088.236637 701.971982 394.152453 -0.009755 -0.009265
1104225.446984 465.378022 122.061094 -0.000855 0.005249
107543.810321 140.002936 279.595723 -0.000008 0.009154
1156781.673039 614.990865 597.844059 0.004531 -0.011040
520065.349769 196.745431 42.790664 -0.003460 -0.004745
327390.441823 269.818483 222.009540 0.005085 0.005379
1353004.063178 706.970557 306.656209 -0.006509 -0.014412
1558240.596931 709.739115 433.268312 0.019294 -0.005473
706633.334377 29.301080 323.791028 0.012782 0.001655
534505.464385 317.266121 182.505113 -0.009449 -0.019534
1061346.780072 419.732766 154.882573 0.004186 0.017605
1275778.349152 611.996040 164.410963 -0.019712 -0.004274
1816858.008419 547.097927 166.047674 -0.003173 -0.019293
837596.447597 159.113383 542.037636 -0.014412 -0.012807
537634.699856 396.193426 130.368822 0.012322 -0.007441
1509630.032587 59.607733 425.807405 -0.025702 -0.021054
1442342.147903 473.601726 518.181720 0.019183 -0.012358
1603574.954720 492.089393 575.811743 -0.016932 0.004958
706735.606634 787.839184 184.378838 0.005210 -0.003781
651319.147391 39.747175 362.295896 -0.010775 -0.012382
1573016.600485 398.180141 411.361969 -0.019936 -0.007667
1998835.487291 607.641835 230.165395 0.008376 0.012765
1445522.677826 344.898948 246.130654 0.003478 -0.003645
1207599.107738 311.331683 14.961986 0.002535 -0.001324
1297106.122271 733.962316 269.875892 0.018135 0.001905
1709409.523620 225.350595 358.937725 -0.001615 0.000451
1579454.636005 196.673786 5.864003 -0.000955 -0.009963
635151.660366 380.554786 5.067947 0.008026 -0.012571
1657542.871152 338.021356 368.786071 -0.010405 -0.019605
50074.195513 673.687421 239.452450 -0.017990 -0.003732
1728956.987955 558.588224 193.871875 -0.007464 0.006089
1741304.677791 135.023732 562.113745 -0.001265 0.005058
896425.988943 206.793955 524.859346 -0.001636 0.009344
248631.410417 620.393119 125.791439 -0.014689 -0.000944
789536.960791 769.110775 539.278178 -0.019605 -0.011931
1819863.026878 28.324869 26.124045 -0.007616 -0.016544
901731.744829 139.457259 470.673334 0.010949 -0.000466
878442.611954 515.165948 393.403074 -0.004976 -0.015502
569936.175165 658.586879 222.625835 -0.013653 -0.008685
212161.644461 226.418406 35.182496 -0.007361 -0.003246
1070836.321949 568.345183 228.027474 -0.002626 0.008850
1162154.364009 276.183960 454.533167 0.005043 0.006162
1685995.778854 61.520038 497.381072 0.005546 0.014011
631794.399876 54.148662 296.546277 0.018928 -0.002277
