120102.793966 630.384264 121.594544 -0.006105 -0.005545
269277.329682 299.962426 156.267511 -0.018282 0.015149
1260731.205931 302.298128 191.704809 0.013065 -0.002959
973263.179405 632.935168 572.898469 0.008498 -0.005938
1683880.506867 289.155018 229.232450 -0.016819 -0.013039
1760997.696668 175.450658 580.356559 0.011721 -0.019817
354965.669268 681.952526 474.559435 -0.004792 -0.012047
306862.422408 411.996842 346.447967 -0.003480 0.002354
913598.742761 34.988811 562.650810 0.011152 0.014844
723511.401901 210.202354 397.850979 -0.007307 0.019058
27418.055584 126.989326 203.111650 -0.004125 -0.010457
1026719.971107 221.751023 272.903556 -0.000715 -0.017198
919235.655535 527.217221 552.735661 -0.009944 -0.018415
247720.705461 324.254860 333.753657 0.008061 0.012676
229642.751734 125.519604 517.213401 -0.017956 0.017157
1463437.116455 330.393073 118.959908 -0.004253 0.009174
349002.480669 325.718456 534.056379 0.001257 0.011358
253345.397419 21.872939 48.650688 0.003296 0.000362
301882.374241 33.165808 100.927193 -0.017033 -0.008248
417897.793659 158.383712 419.938297 0.010564 0.015940
1032678.423930 703.049662 34.599436 -0.004922 0.017252
1981626.739717 86.483355 206.284089 -0.012555 0.000467
148080.320166 291.144058 546.242995 0.018533 0.015041
1426235.401736 72.470632 542.619998 0.011802 0.006902
826207.458426 756.238057 428.218837 0.003246 -0.019250
17939.873048 633.069393 129.722881 0.008265 0.002241
229060.592236 178.638021 260.711954 -0.012994 0.003900
729567.630556 129.758238 425.675240 0.008437 -0.006078
424191.899795 625.414750 428.253124 -0.015125 0.009741
1179453.697605 667.588847 501.710792 -0.000339 0.005135
1017047.714916 724.856309 344.255910 -0.011064 -0.000461
1184883.571782 186.643375 168.477826 0.012305 0.017671
1669257.284919 737.997348 97.862329 -0.009243 -0.016909
1530870.404807 506.864820 153.114908 -0.001074 -0.006375
1211583.405366 549.627203 75.441327 -0.007255 0.012393
1741377.547263 727.206699 385.823525 0.008295 -0.003774
544004.606336 172.629000 185.179893 0.013867 -0.002454
1594854.852927 349.837588 402.319680 -0.016924 -0.010147
1223177.906695 729.724402 101.263024 0.010937 -0.013143
527324.168257 433.116856 487.561941 0.000764 -0.019354
312490.830343 99.682012 422.368312 -0.009713 -0.002829
1025907.483430 120.790813 212.128940 -0.013732 0.014352
1509229.653286 341.837276 43.546606 -0.018072 -0.009436
1023852.793045 688.122136 428.167453 -0.012674 0.017496
1918069.081343 635.180095 509.715746 -0.014815 0.002800
59433.087734 314.553513 67.975176 0.013715 0.016465
257531.464220 800.590656 21.730378 0.013272 -0.008793
961609.428265 277.274873 259.692423 0.013374 0.000059
582120.371322 470.082205 558.514136 -0.005431 0.005995
408974.288222 701.742970 306.530278 0.016829 -0.017664
899929.745542 700.312033 511.672895 -0.008030 -0.019844
849952.291162 263.265751 237.636526 0.001509 -0.013091
617567.269419 532.375851 103.649619 -0.006174 -0.000018
907629.657959 661.853531 507.019649 0.015496 0.006318
693382.430213 141.755933 148.665026 -0.008906 0.001676
1797970.130014 385.113559 250.774236 -0.003521 -0.004088
955435.349120 688.614625 163.932355 -0.006711 -0.013570
557659.864685 605.874112 293.287144 0.007015 -0.008251
1324351.926951 788.310674 575.584812 0.013345 -0.006822
917046.023028 230.643995 93.475763 -0.007870 -0.012905
1632997.046985 519.043844 212.598654 -0.017495 0.017127
1790149.784549 770.176668 244.857653 -0.007406 -0.004951
1613713.184192 632.095149 140.601236 -0.016799 -0.015063
791753.703166 288.616420 527.161398 0.015413 -0.018592
347958.385175 437.329070 12.044640 -0.014655 -0.004615
701432.257286 473.865595 403.391844 0.000323 0.015832
1693039.169392 258.638891 326.905962 -0.012033 -0.004481
944105.254926 76.406100 210.586475 0.015352 -0.003686
1451122.988691 550.719929 119.904603 0.018419 0.010773
644142.737912 284.983309 76.565105 -0.011891 -0.010298
328294.663843 300.274130 473.818432 -0.012135 0.000426
344141.964030 428.836757 60.468376 0.013708 -0.018295
1995072.262359 551.865365 220.724333 0.001690 0.015581
1509670.835691 11.111060 591.089417 -0.015725 0.015784
783939.521193 665.477310 350.116087 0.003526 0.011736
702233.533702 730.431483 89.051303 -0.000810 -0.015199
783487.379916 514.343550 295.282304 -0.012696 0.013071
1976.599918 282.079774 217.553659 -0.015852 -0.012079
812477.567611 81.014882 532.118554 0.010929 0.005805
1551513.418346 422.696466 395.120386 0.010376 0.005366
1106838.468046 120.716911 279.748190 -0.014515 0.009725
516376.429478 389.586602 394.312865 -0.003996 0.018691
1541877.001311 639.164489 367.047284 -0.009510 0.019229
877046.727052 211.012165 200.388218 0.012097 -0.005350
1062152.807164 166.452732 280.985271 -0.003289 0.019317
220503.739184 155.094179 306.205828 0.010775 0.018107
285758.867062 257.637664 62.742469 0.004287 -0.002037
1694852.848395 693.283907 566.641028 0.000250 -0.009236
1823523.613542 219.374161 44.356858 0.000923 0.001475
109429.840049 768.286013 480.086039 -0.004461 0.010486
331166.874772 736.370542 582.228435 0.005307 -0.006550
1904142.131984 594.101807 318.590198 -0.001585 0.000436
967910.745632 483.317691 499.234704 0.003518 -0.011505
581591.096978 348.400280 48.150401 -0.010660 0.017491
706572.319710 117.976997 128.395947 -0.003012 0.006867
1499518.371885 385.544090 378.854000 0.001970 0.014864
785875.055374 571.523605 474.376724 -0.005467 -0.006111
257524.722376 252.984085 54.426700 0.006467 0.011205
1201976.699383 114.818009 228.949856 -0.002618 0.009277
1186503.038363 580.060614 101.872743 0.006823 0.018390
215485.423904 20.073652 64.838350 -0.007117 -0.001908
1555844.913030 56.627174 560.862527 -0.003699 0.004791
1610655.802121 641.116999 200.296883 0.003836 -0.013392
1363983.919548 580.620819 288.309297 0.010878 -0.004604
515601.680854 298.539446 317.677430 0.005557 0.012249
521772.659627 185.432213 319.593652 -0.002813 0.016120
984056.433190 429.807212 558.403410 0.003484 0.013608
764465.851134 302.198532 558.071625 -0.007321 0.011437
1098768.237559 98.244165 352.940906 0.014597 0.008846
1505133.839094 452.481656 265.844762 -0.010750 -0.006516
1656881.889169 392.727151 425.905266 -0.005635 -0.014821
1035409.796534 493.503119 216.314915 -0.018005 -0.018103
532033.862794 432.412370 349.907798 -0.012178 -0.014336
885049.308131 462.083023 312.450334 -0.005105 0.015766
611963.250959 737.642917 10.451034 0.015700 0.012226
1469794.933437 516.343014 223.635645 -0.012409 0.015624
1419313.830053 5.375246 222.225857 -0.003140 -0.005435
1001399.715897 751.286201 589.927939 0.014480 0.019441
57920.523946 103.069462 316.882695 0.004565 -0.007022
1340168.589419 44.030707 541.147479 -0.012379 -0.002906
1593328.125585 397.075291 209.024083 0.012546 -0.004449
308175.125303 438.502498 21.610340 0.000924 0.009133
1829796.170737 187.880210 440.330862 -0.008568 0.006237
194622.977727 628.353529 356.800826 -0.016823 0.005970
1163384.351490 85.746183 466.919564 -0.015264 0.009229
203536.384834 623.465463 467.019618 -0.019844 0.018799
408990.508136 640.549121 279.653204 0.002431 0.004637
1709918.606891 566.526003 96.612667 0.015770 -0.010610
1776676.395804 644.374907 280.240721 0.004778 -0.016389
248411.979642 575.646552 526.883917 0.008749 0.011925
1052401.075630 239.750436 543.558837 -0.007834 -0.003534
1254879.329007 324.230053 114.386207 -0.003731 -0.003565
322021.593490 487.282084 125.336563 0.000357 -0.015079
1647379.426121 386.238070 521.406696 0.019419 -0.005112
204691.412954 699.195590 106.324584 0.002790 -0.000169
536197.156895 555.235720 128.648221 -0.014200 -0.003475
25648.950611 537.987090 428.877892 0.016664 0.018939
247729.502734 436.838027 229.271192 -0.007400 0.018031
1580350.309415 379.738883 335.159677 -0.020008 -0.015902
1443766.372951 659.217597 351.107968 0.003681 0.012390
1912564.341869 554.243051 409.474543 -0.014674 -0.009431
357511.299829 321.087530 575.531181 -0.004431 0.001838
744693.135258 324.264397 130.794666 -0.016546 -0.007021
387589.365424 167.813657 523.080792 0.002987 0.000951
1645202.005117 291.591794 -0.142366 -0.004715 -0.005359
205411.871060 83.743256 113.567319 0.007510 0.007845
1996032.971887 514.930050 233.968444 0.007555 0.010347
1306804.762830 688.143247 106.573778 0.004502 -0.009856
1450619.077985 788.652664 394.999834 0.017715 -0.017182
1969754.747101 110.706703 168.482673 0.013614 0.008610
1609086.544071 543.908877 45.386156 0.012193 -0.017512
883645.576836 726.171820 99.674580 0.005728 0.003629
1722771.757153 502.386301 142.240211 -0.009970 -0.007552
28763.775727 722.615727 101.808991 -0.011959 0.000493
845989.907554 733.692505 301.396401 -0.016749 0.014413
1143645.596292 54.609712 600.441681 0.014091 0.016923
1423342.375748 525.738795 361.907274 0.011482 -0.001574
1329764.171191 184.938237 221.831970 0.013248 0.014448
1926056.274178 553.161007 294.485062 -0.012006 0.017725
1598411.507718 172.865904 507.797219 0.018774 -0.003700
726058.746095 314.119816 195.446790 0.014551 -0.001021
375371.614646 348.327469 324.771944 -0.012662 -0.008644
932014.105344 718.305255 567.103369 -0.017152 0.007111
811741.037672 587.835449 550.849058 0.010982 0.002640
1557690.799962 589.626216 154.999315 -0.009263 0.017508
399385.155365 53.230120 91.121383 -0.018133 -0.018558
1122038.441301 328.148185 256.534842 0.015486 -0.009116
1805346.826001 59.670952 425.571563 0.002270 0.007863
1995636.369100 729.268194 97.176322 0.017696 0.019455
1695958.700821 279.130064 427.780819 0.010648 -0.015090
558004.577904 435.834513 516.789682 0.001460 0.012503
1597187.265566 589.386939 528.861260 0.018086 0.011277
1833981.536251 410.010536 114.630916 -0.006180 -0.003989
929917.220459 197.733367 284.872550 -0.013203 0.007548
1471826.909795 138.702537 361.169623 0.015871 -0.015403
1165988.196230 595.174332 277.978946 -0.008189 0.000421
1172216.120722 460.769836 32.311175 -0.002203 -0.015474
1736107.381869 196.514674 508.167929 0.009950 -0.012176
1259741.624473 533.086506 425.000547 0.012848 -0.019577
218963.730251 229.091286 155.186499 0.003363 -0.001614
1902503.935575 255.790849 379.506227 0.002183 -0.011335
1496596.111682 109.356170 576.170710 -0.011561 -0.002662
941537.357374 638.185606 5.846417 0.001071 -0.010187
245239.558744 315.895460 292.920364 0.018816 -0.014289
1372376.816986 480.084844 484.732371 -0.004176 -0.003135
1637971.852737 403.609923 423.911609 -0.017025 -0.016334
337179.376901 23.738544 245.414796 0.012142 0.003351
1249672.392965 440.342414 432.873373 0.003376 0.010443
310196.676436 44.273659 335.833138 -0.013359 0.003298
1607296.809371 230.207994 584.976014 -0.008231 -0.009711
236307.595035 784.035809 515.192881 0.017035 -0.004961
561161.337682 597.074375 528.890216 0.019441 0.012913
1939371.158341 125.307599 512.020961 -0.004855 0.018364
870700.636353 2.027796 305.608873 -0.013721 0.003550
541779.813609 249.492130 386.780103 0.013265 -0.000884
453110.709066 506.683074 459.727740 -0.011929 0.017064
47266.968548 256.990054 543.161411 0.015294 -0.010196
562186.379247 129.988577 594.531040 -0.013528 -0.013982
1629854.769274 105.341147 185.091786 0.006687 0.000384
534606.907766 82.319910 307.409734 0.011064 -0.009663
203362.833803 38.260320 342.341326 0.009819 0.015222
92345.910190 778.902924 306.420028 0.012419 -0.012993
877177.283576 667.526827 297.720906 -0.006205 0.008679
1484435.888699 500.979952 528.900574 0.009362 0.011482
64404.659935 438.970077 550.669888 -0.006316 -0.011451
856791.879449 487.155704 190.765416 0.017638 -0.004616
1153201.109335 33.883275 259.495359 -0.014237 0.011663
618554.387530 154.345746 456.593695 0.012847 -0.019885
1875266.974734 207.503711 503.040972 -0.002706 0.004179
1111007.126566 140.213737 138.636347 -0.002544 0.016424
34336.430968 375.465480 275.447974 0.017091 0.004149
1349224.196444 292.230640 249.841142 0.019694 -0.007783
1602661.077679 455.123730 209.660862 -0.010646 0.008553
276647.354605 434.511447 544.411403 0.016442 -0.005560
1822198.850020 671.178844 373.218725 0.009940 -0.009120
453696.245539 243.680086 268.641993 -0.001693 0.009702
713133.517985 379.649401 125.361600 0.012603 -0.003601
36437.158490 391.710067 464.281987 -0.002912 -0.000562
159010.190591 189.095083 31.257573 -0.002845 -0.001198
1535456.720523 453.613483 6.979469 0.007006 -0.001245
749811.288319 470.155068 183.208977 0.019849 -0.006527
1154889.427663 178.723789 384.607007 -0.018995 0.007211
762647.938338 304.986294 92.468981 0.003626 -0.012136
1129345.827331 486.707790 410.787583 -0.006540 -0.018324
337378.635228 333.925936 168.898931 -0.011172 0.013866
1499918.929068 791.345518 248.068883 0.010343 0.006646
1760744.261444 108.715280 149.756990 -0.012556 -0.014679
1172923.453698 610.433775 215.713414 -0.010958 0.011547
79642.974809 486.066362 100.952393 -0.012200 -0.012032
730713.756164 606.809514 483.805742 -0.017944 -0.016077
1702955.846536 175.383934 309.531138 -0.014687 -0.002387
724785.897287 706.017322 257.971424 0.011054 0.005768
187236.443249 524.301857 468.720109 -0.006230 0.013668
1828784.213322 744.197826 362.749646 -0.009415 -0.013195
787390.226865 250.415564 459.588115 0.002476 0.000232
1929498.061505 743.036912 161.190490 0.010623 0.019221
730520.102536 499.686722 120.226161 0.015166 0.010656
1281053.293162 194.206361 381.715140 -0.017203 -0.019253
562426.321470 130.157038 404.886603 -0.017500 0.000263
1033437.869061 779.961170 262.790833 -0.015121 -0.010093
1192859.900739 412.550503 336.290117 -0.005498 -0.016831
138898.690296 261.421289 3.508619 -0.006508 -0.015988
1973181.982512 560.990572 434.058726 -0.012566 0.003318
957790.512106 660.695571 496.889220 -0.015321 0.015869
1692076.045876 318.218610 36.194353 0.000830 -0.001624
1136829.509929 29.164755 260.345334 -0.019510 -0.013629
1367539.427880 482.407894 406.333473 -0.010178 0.018677
1509350.044424 252.424745 176.134122 0.010394 0.006120
785056.476847 597.956596 212.911785 -0.015366 0.017396
1873643.585422 476.155827 457.105719 0.010545 0.008430
1315983.134935 488.255827 64.653746 0.008809 -0.014712
1135951.929323 228.597124 100.556577 -0.019850 -0.008261
656102.584980 548.448770 539.312539 -0.019843 0.017279
1727078.126616 606.241085 148.306800 -0.013758 0.000840
1797488.349396 438.897916 161.438716 -0.009882 0.006606
406141.346510 152.130083 156.502314 0.018577 0.018125
1941231.998588 497.075621 337.369783 -0.016814 -0.006386
1386830.762674 518.596193 376.807305 0.014458 0.005998
1843128.023596 152.306420 201.655266 0.012788 -0.012236
538331.757550 546.169961 571.880154 0.000657 0.013531
944807.663069 332.442869 233.390122 0.009343 0.006551
106756.882792 754.905170 514.605742 -0.007559 0.016349
1618777.323337 226.563763 318.132489 -0.005085 -0.005228
1742666.514471 52.446185 6.997459 -0.000034 0.017115
1321460.731012 337.256474 69.649635 0.019887 -0.010389
620834.287545 213.095192 553.869443 -0.009468 0.011292
1523195.320518 587.336860 118.881153 -0.014018 -0.000939
1731081.362688 163.171015 252.016407 0.008918 0.000662
656632.629529 425.753857 480.615249 0.014354 0.016121
325566.043298 583.631897 580.976670 -0.013080 -0.010860
1792559.657149 666.259749 390.367812 -0.019493 0.013217
1778465.217808 259.392883 59.276246 0.012367 0.003543
1763427.173609 457.714911 193.047519 -0.017916 0.010235
1593951.392730 755.864767 556.296093 -0.011305 0.006601
886016.743670 435.756323 119.145810 -0.010409 -0.003812
204796.643092 323.733819 80.818736 -0.017153 0.002964
727276.621725 773.351082 248.476528 -0.019652 0.019093
488690.041233 721.722730 183.057632 -0.006265 0.008564
1781116.410057 179.163069 171.923915 -0.011465 -0.007824
20635.784613 7.642589 149.495476 0.017503 -0.010968
1834876.302553 303.312411 462.702754 -0.015329 0.004952
350019.654422 174.618132 16.698352 -0.007611 -0.008379
1214501.650638 537.641353 155.114470 -0.019201 0.007500
477760.385944 211.519897 353.525200 0.001770 0.004275
605806.972182 347.279788 499.323474 0.003595 0.005791
272576.070518 480.070128 392.518347 -0.004569 0.001524
1759240.741729 243.225964 550.247380 0.005984 -0.003289
1080301.612187 660.471816 382.566375 0.002794 -0.014590
1857771.559552 140.127125 484.279987 -0.012473 -0.012186
988850.145130 339.847116 276.902582 -0.016671 0.018751
134591.829094 309.686651 242.632873 0.015996 0.019022
96963.198901 28.652670 345.810904 0.008328 -0.003141
227820.812831 464.915543 434.715186 -0.018764 -0.010714
290631.014058 457.612995 34.186469 0.011507 -0.014518
385931.693197 569.425809 190.213962 -0.020033 0.015996
1023297.854244 397.180010 195.434027 0.018827 0.003274
589125.026292 31.599547 579.755657 0.007955 0.017444
1882412.602139 596.847857 584.001107 0.000684 -0.002102
790218.714061 504.685346 18.755995 -0.015187 0.006557
526777.357108 212.278063 139.786443 -0.007108 -0.017985
748590.766801 411.860811 457.614458 0.007590 0.000590
1324791.236466 162.293836 5.919302 0.019526 -0.013030
1179151.767483 226.052138 128.416656 0.002197 0.019232
301466.356172 395.928906 434.735616 -0.014977 -0.019515
349183.755158 414.941775 387.391614 -0.011762 0.005626
616335.581344 375.080891 543.817054 0.001725 0.011538
1910511.639859 733.807054 182.948710 0.008695 0.004282
1640005.631205 304.827860 484.977646 0.013291 -0.005348
1964468.728734 335.786444 391.218057 -0.012188 0.018995
1261209.360911 276.201213 282.364625 -0.005749 -0.001164
968463.258337 424.300972 593.895009 -0.014826 0.009419
1257770.379660 350.167602 124.049906 0.001251 0.019275
1991034.577596 391.359986 537.613056 -0.008006 -0.011740
1007596.648767 95.783038 353.505341 -0.006633 0.017888
1912045.142572 235.967736 222.799934 0.004268 -0.000412
692628.538559 190.258756 501.232522 0.008825 0.003732
609848.141023 240.627263 74.911635 -0.008219 -0.002768
1723251.459991 737.576277 520.931866 -0.017354 -0.001710
1696924.347289 50.410234 567.934495 0.009833 -0.005584
309029.791648 199.750498 289.725451 0.009624 0.002317
867302.640745 559.247420 513.469446 0.012174 -0.007824
691843.061099 120.493555 326.195858 -0.012868 0.018622
272265.500516 388.356382 162.247007 -0.009545 0.011207
1400582.436193 98.381549 421.226488 0.003024 -0.012277
320566.674844 332.981069 150.738850 -0.015710 -0.013505
1229627.376064 208.698345 246.079365 -0.016040 -0.019856
1946485.269790 425.035955 421.417452 0.007178 0.006292
15066.369444 140.509583 292.249312 0.002011 -0.005762
911695.870064 549.154586 506.327934 0.009046 0.017874
1245159.992597 340.279042 42.859807 -0.006222 0.020323
519428.529087 388.676950 247.043665 0.000343 0.003876
1147820.552414 102.272114 512.413636 0.019417 -0.011053
1717933.562453 767.115399 453.772887 0.002497 0.011445
183230.377819 455.346518 577.652292 0.003167 -0.015304
640928.558372 27.378311 483.314231 -0.013450 0.010277
1503776.668340 629.050839 110.981253 0.012841 -0.015527
360957.489517 65.405034 358.342950 0.003707 0.003715
380073.533570 131.867108 431.532708 -0.018229 -0.014035
1889061.825298 723.431983 66.009621 0.008014 -0.001338
1796955.322752 633.910386 20.365543 0.014482 -0.005168
306282.549308 147.078352 243.131699 0.018364 -0.006192
332156.324914 567.565491 78.924893 -0.005930 0.001323
485168.456326 426.733052 367.239472 0.013021 -0.014852
413343.113108 24.426533 173.519792 0.017104 -0.017007
883643.182406 697.260845 587.109373 0.002073 0.002804
887249.075289 360.293297 217.474217 -0.000905 -0.007438
1467432.667253 504.232130 297.523427 -0.014407 0.003561
1682910.725327 245.220400 179.546079 0.018977 0.006318
1660796.624450 172.288298 113.418299 -0.002232 -0.017767
629926.086697 520.381840 50.906442 0.004187 0.003113
318150.466456 37.168550 269.355795 -0.013774 0.003909
40123.955365 464.594995 28.978665 -0.004741 -0.017505
724761.667999 94.067932 413.593574 0.014319 -0.009803
558074.092752 559.694063 337.298978 0.003108 0.006875
438651.350531 326.394475 533.335632 -0.004256 0.014626
1885724.248311 578.869297 300.912943 -0.018901 -0.006829
158400.153815 149.291519 226.072480 0.001145 -0.006979
1952982.963972 437.473806 543.730608 -0.018961 0.017281
1927788.328346 311.053247 28.204358 0.006203 -0.010086
607879.136041 747.033636 567.564078 0.014624 0.000467
1236504.919471 67.946981 551.390463 0.000257 -0.000273
1541570.438790 358.751312 131.496566 -0.009123 -0.000971
1098586.873663 282.368345 398.459631 0.017054 0.015184
1973812.054831 723.170350 257.414921 0.015644 0.017446
717421.361579 684.424537 190.611661 -0.003731 0.000395
1128238.588166 568.343590 265.730995 0.000398 0.003056
1906900.824936 103.285862 396.792349 0.014912 0.005397
311031.282093 514.368480 50.725446 -0.004965 0.016680
1119457.958787 738.748041 161.460014 -0.010734 0.013996
295815.608602 167.820824 451.530262 0.003004 -0.015980
1365835.790227 746.599602 574.029756 -0.019994 -0.006443
933742.419320 452.484865 29.985985 0.016418 -0.016957
1254474.420685 690.007484 122.218100 -0.008479 0.009408
1674721.783807 355.687714 227.769346 0.016823 0.012741
589441.845468 384.430609 445.838571 0.002566 0.008108
1186208.380939 568.279579 547.244600 -0.006138 -0.008544
28320.921598 24.643804 131.585257 0.018878 -0.018779
1123059.363627 350.775501 356.745121 0.004361 -0.006047
1339490.994503 192.665539 126.491055 0.014920 0.001163
1892333.765464 567.768004 583.336716 -0.007226 0.005372
1580513.963280 495.703747 66.138175 0.001234 -0.012663
1628540.167412 101.062779 535.770044 0.009075 -0.001117
358744.990248 592.731949 301.828343 -0.004040 0.008490
1065496.480589 768.619473 90.559012 -0.014933 0.002938
996930.964755 638.387368 488.925918 0.008373 0.006815
685065.261407 523.957112 229.074189 -0.007669 0.019140
22284.613001 83.035339 360.091699 -0.014808 0.005101
1564209.169505 749.577199 458.192143 0.006969 0.006548
471659.941818 684.031061 242.383584 0.009525 -0.009788
234378.384535 216.384830 129.532356 -0.009228 -0.004015
1581110.075852 613.280310 117.729804 0.004190 -0.000950
1733102.233956 757.516451 78.136253 -0.010149 -0.009496
222272.466972 206.825404 219.658789 0.008455 -0.004766
7593.072023 394.879058 189.587412 0.010723 -0.013145
1961038.188991 2.032171 14.019031 -0.004566 0.009662
554464.627316 401.914389 7.704865 -0.000263 0.010865
821613.773155 227.361866 322.698637 0.003922 0.015623
24485.756655 378.281993 502.207622 -0.014262 0.008807
196372.594776 203.385967 588.002861 -0.001422 0.018539
718005.964867 375.060655 274.470158 0.007054 -0.010216
1252709.545778 525.448966 142.101685 0.005945 -0.018314
1958473.456073 741.862706 326.320590 0.019622 -0.003223
628831.249023 322.290087 421.303681 0.014053 -0.019645
1185057.482303 690.540856 288.815748 -0.002873 -0.019712
406775.272641 421.089417 157.361952 -0.012907 0.019385
452064.211691 433.142086 275.584066 0.007347 -0.011357
1391094.198167 249.249742 524.891861 0.017218 0.018304
1830316.959801 730.310163 532.223579 -0.001630 0.016128
610994.441719 618.070256 184.022523 -0.019665 0.004984
631021.334152 481.852028 292.034577 0.011833 -0.018564
989235.750860 1.831632 334.007313 0.010259 -0.012654
1098658.789461 784.303507 435.147393 -0.019664 0.006629
1883467.686308 564.584370 586.034797 0.012815 0.005374
1871849.530317 584.854201 330.493416 0.012870 -0.012444
911993.535660 102.279920 577.330191 0.010582 -0.014600
1176139.691461 61.519972 443.495416 -0.016929 0.015018
1537174.407177 456.327422 526.428230 -0.006937 -0.006929
123261.179832 700.941924 185.298205 0.011688 0.014890
1946848.674653 583.294916 354.097018 0.017980 0.001709
457599.283409 709.033575 164.567732 0.011211 0.008296
926562.791190 189.181433 501.718317 0.000026 0.020037
1942178.605097 12.091736 45.300143 0.008403 -0.016361
1905775.863633 382.766434 397.513625 0.013277 0.012158
1975712.466974 713.563615 407.993690 -0.008330 0.007172
1128937.655654 214.572985 243.650563 -0.013903 -0.011211
1900458.380534 306.150385 62.041761 -0.011064 -0.013423
1623668.112617 550.000449 239.544088 0.005846 -0.015471
798515.523224 494.055004 76.732858 -0.000978 -0.006941
438456.544857 343.762048 482.254646 0.015112 -0.009788
1216805.763178 694.587038 90.636573 -0.008497 -0.013393
1661706.700764 681.397546 259.076190 -0.010495 -0.019709
1303971.794110 150.856167 233.924976 0.010278 -0.003515
1107963.914568 455.383328 58.933554 0.018169 -0.011402
425643.800956 282.596223 500.024538 -0.007513 0.013825
318262.858465 449.187328 154.971051 0.018570 -0.002268
1036196.117772 457.913097 186.650103 0.006836 0.014622
948553.069005 401.532783 427.742864 0.016401 0.009346
1438074.149861 446.919159 555.732971 -0.015619 -0.007601
677338.477540 530.412908 530.681727 -0.002502 0.004692
197747.041563 521.213988 583.564016 0.017219 0.019650
1601492.672973 71.519312 330.548689 -0.017643 -0.017808
1987075.958395 461.491831 375.152414 -0.007822 -0.010051
971748.938305 621.720875 449.405809 -0.012076 0.007403
974474.447302 733.538995 146.081415 -0.003453 -0.018911
1121549.802423 602.047977 413.114817 -0.002208 -0.012397
613932.794246 434.621534 504.542851 -0.008854 -0.001013
1665525.531241 62.887731 338.593389 -0.004473 -0.014542
1238773.710671 302.376364 429.543290 -0.010181 0.007295
1925637.924078 585.385832 276.707754 0.008456 0.017208
290519.337305 158.618511 508.073556 -0.004364 0.004492
1745488.432117 760.835162 218.941300 0.002442 -0.004208
1111265.337612 695.135888 563.121951 -0.004276 -0.013850
829182.160473 184.354634 135.882429 0.019237 0.004581
728391.627189 478.751071 596.356272 -0.016885 0.013646
1349985.243450 33.256628 346.067410 -0.014499 0.010168
1010733.056353 223.862658 571.608089 -0.005912 0.006792
1129411.861826 180.418792 373.228459 0.017221 0.011490
33999.050983 389.295609 394.227514 0.021791 0.015763
1606354.705806 296.094583 66.658040 -0.018774 -0.005950
1451822.744427 315.193248 570.270894 0.008765 -0.001001
1590584.168020 314.822235 309.318046 -0.005147 0.001139
538209.161040 700.851483 484.838410 -0.011161 -0.010865
958317.440449 628.077924 272.228681 -0.015993 0.008651
479655.517489 94.588505 120.116339 0.015861 -0.017012
167238.956395 558.588756 267.460477 -0.012163 0.009131
1592486.357127 737.293576 73.285606 0.009846 0.005639
1189583.299304 432.958875 20.959148 -0.015528 0.016585
1124831.962923 303.243014 474.218366 -0.005196 0.004005
37146.621401 680.304661 232.767684 -0.001137 0.018057
205026.889315 568.829742 41.083562 -0.007899 0.004316
284161.461650 310.226591 183.822316 0.003494 0.003355
68690.410847 306.119996 301.631471 -0.013745 -0.014785
287411.349028 600.116425 403.992809 -0.012907 0.014466
1171263.018237 591.639289 143.574175 -0.004982 -0.015505
1682127.158941 314.932818 577.581113 -0.010871 0.014506
1824708.168313 265.003098 346.674179 0.019211 0.005357
369206.509725 98.054255 13.420343 -0.000372 0.008415
1208981.916871 419.361050 56.227408 -0.015649 0.007268
446720.970071 202.313032 259.078002 0.015801 -0.002837
586212.983628 385.052966 102.184419 0.001335 0.014307
560717.814863 299.229435 150.909734 -0.010354 0.004150
234257.601311 123.761085 558.831280 0.007809 -0.014626
1133248.557864 703.457106 154.187630 0.003533 -0.005177
1934248.125150 153.505839 536.600687 -0.017565 -0.007938
1152133.833222 226.051559 331.332469 -0.019690 -0.013004
1965200.129880 240.326597 396.901555 -0.013832 0.013363
1034901.121182 346.246511 125.911520 0.010893 0.006873
1623246.405098 709.065887 497.176017 0.009743 0.003206
1926329.093951 248.075974 276.371929 -0.011182 0.015960
1658576.383096 150.521526 54.718805 0.008983 -0.010064
786221.519479 241.015397 318.624374 0.017782 -0.007699
1421758.733421 742.890056 364.959493 -0.004788 -0.017406
888519.625593 711.340527 308.043073 0.005911 0.006146
374128.679919 371.315872 325.458930 -0.019385 -0.011591
247207.860577 783.040965 311.483241 0.003281 -0.012051
838233.393076 329.889981 231.437888 0.000734 -0.014322
1269501.125100 722.778602 262.853742 0.010703 0.023664
1490342.234955 701.532902 467.162670 -0.005842 -0.010059
1720173.599068 638.942871 82.399361 -0.005145 -0.001854
1589947.016719 447.787553 550.807136 -0.006494 0.003111
254199.274003 369.758134 331.689321 0.005914 -0.018217
1506623.924480 52.357674 274.480765 -0.014407 0.003087
1187558.641279 619.053898 289.673877 -0.018794 0.017646
663885.182079 619.924010 490.420093 -0.015549 -0.014783
134186.233456 776.576735 557.384382 -0.011868 -0.006224
763995.101100 799.273182 542.413717 -0.008052 -0.006506
960104.740672 340.677849 479.047610 -0.018587 -0.016982
1689167.128731 629.672272 84.917902 -0.007883 0.017128
1435140.350571 715.946035 422.260004 -0.012035 0.017046
1287450.956780 425.454759 421.125656 0.007517 -0.013726
1664884.491668 423.894793 368.615108 0.010637 0.009315
1916152.068375 115.741954 439.929161 0.014359 -0.002295
142374.806172 274.766088 522.104297 0.014830 -0.004937
1889104.925044 571.614843 97.769990 -0.016709 -0.019290
184043.514628 642.430863 546.834664 0.011781 -0.019919
1678137.485719 350.672223 320.171479 0.001597 0.016079
349432.717240 299.296931 257.182080 0.011502 -0.014626
327130.583267 597.872897 167.734073 0.015865 0.004361
1445781.852792 774.674818 571.605810 0.003714 0.013532
657045.848974 430.373511 332.883652 -0.000288 0.004923
1143416.638087 467.912728 254.893503 -0.000621 -0.004814
853229.746620 259.733228 491.268045 0.018361 0.014547
1436276.935710 106.383417 143.652167 -0.014021 0.016992
747046.145027 249.410348 400.637914 0.006110 -0.011867
555282.349025 300.036511 106.739953 -0.010821 0.018770
31011.744417 446.393629 303.436800 0.002807 -0.017980
259713.421697 113.422737 381.624043 0.002212 0.005066
30230.289339 785.912518 570.712671 0.013289 0.017707
1629124.594680 439.967017 45.027506 -0.017901 0.007951
1993199.337271 341.293890 5.393216 0.006601 -0.016787
437214.899080 754.086560 272.209018 -0.004244 -0.013121
847463.854052 329.263742 438.850455 0.017216 0.019223
1561464.248021 48.371109 73.540231 -0.003322 0.004597
1496915.452879 345.564990 357.982655 0.008033 -0.009433
1076064.875850 410.518850 489.284937 0.004505 0.002593
1028186.607653 487.312955 594.722321 0.000926 -0.009089
141764.248787 594.393485 129.636267 0.000991 -0.014455
778578.041484 758.735983 329.880407 -0.015282 0.015191
1058486.954802 720.274973 564.105191 0.005827 -0.007114
1112790.978101 319.324842 448.038924 -0.013856 -0.016077
24501.685065 553.994216 366.347765 0.013086 -0.007842
353571.678676 272.710646 548.655547 -0.013269 0.014605
375264.103699 191.465363 365.805910 -0.003806 0.010617
1493884.026769 634.878738 429.343862 -0.008211 0.016521
1188817.119779 659.950064 487.968023 0.001401 -0.000910
259519.063057 73.884101 525.300007 0.015150 -0.010164
1949033.547169 712.100370 562.593811 0.003479 0.008711
482529.103981 609.355752 36.222449 -0.013826 0.017267
1850091.109914 273.852263 102.839790 0.001403 0.009862
1871495.037280 224.973781 324.766131 0.006222 0.002859
908785.677938 195.190326 241.310313 -0.009272 0.011226
1755362.652128 318.452743 522.281669 0.010157 -0.009000
232765.271437 581.961126 98.744530 -0.018134 -0.007205
1765166.354256 236.512623 45.866372 0.017677 -0.001992
15434.920795 692.803511 474.724450 -0.012884 -0.004008
1077013.659792 90.558442 409.390995 -0.016800 0.010609
516053.778360 427.449647 5.777450 0.006390 0.012130
1576709.125925 429.934070 119.148576 0.006436 -0.008340
948767.654108 620.947448 12.256592 0.005598 0.013210
667159.362075 417.507743 74.291105 -0.003589 -0.001435
1146380.339352 334.072960 198.459081 -0.005346 0.003863
1462269.868451 722.402529 427.102403 -0.003598 0.019244
949273.004639 536.526700 309.729762 -0.000656 -0.006841
636841.273232 217.409595 521.048940 0.000690 0.017239
316267.470045 793.028891 424.487722 -0.012941 0.005314
1072709.865436 409.215831 92.904281 0.006415 0.016883
1234697.917120 187.573586 203.710725 0.017930 0.003945
1871003.135047 543.430233 300.091817 0.005845 -0.016344
968257.898916 95.553220 457.582966 -0.019787 0.004256
184803.100389 256.232573 525.982178 0.018284 0.013469
1613704.762242 94.162354 496.973981 0.000562 -0.008173
920804.219749 40.446490 484.223154 0.004873 0.008290
1455508.939668 184.302644 565.856732 -0.017309 -0.012833
1084419.887087 1.174538 515.143298 -0.018216 0.005931
1899527.167855 422.539154 461.413149 0.008449 0.001112
745706.753221 643.143950 509.164565 -0.010140 0.010541
1369434.811813 44.300146 529.144607 0.000577 0.002793
353913.564400 780.071509 371.904531 0.019275 0.003541
660308.989072 568.501555 492.104128 -0.009057 0.011118
1997036.600484 653.762841 468.996200 0.014265 0.014409
857968.969670 644.593619 232.645695 -0.012094 0.000744
1832483.595159 457.116543 194.343855 0.011768 0.011510
174050.590104 359.862087 525.589393 0.018770 0.018477
887791.815627 115.770851 561.188191 -0.017429 -0.014860
1048845.100705 314.625583 504.411165 -0.006252 0.006685
1236598.032171 273.652476 290.007345 -0.004026 -0.012097
688449.854352 662.712787 2.369829 0.009248 -0.018936
1047717.716101 519.141775 357.789573 0.013919 -0.003479
831685.772553 746.729239 517.320587 -0.008463 0.016125
1646809.537731 587.942591 29.504621 0.010385 0.011943
354697.854423 226.535542 115.101560 -0.019275 0.005153
1718570.137265 508.390216 581.353385 -0.006289 -0.018648
338487.908402 549.621727 517.418653 -0.012997 -0.003253
1776805.868268 558.738856 40.772017 -0.000621 0.001850
960078.654327 720.363347 286.961242 -0.006840 -0.012549
763596.911339 131.437037 556.131742 -0.002745 0.017024
1446903.674606 486.704601 125.337632 0.017693 0.005383
1673049.761761 619.898145 155.807118 0.012211 -0.015279
591079.477496 780.248746 482.658801 -0.013711 -0.013986
450261.526019 36.869933 509.533012 -0.008241 0.001255
788880.985598 619.054698 258.721019 0.014935 -0.015423
1247242.441982 204.433499 167.420431 0.002025 0.007426
405506.701397 218.001996 175.221437 -0.003530 -0.012354
1835863.754077 197.659994 576.285762 -0.012857 -0.017850
159031.381905 380.111688 18.650393 0.015405 0.005327
362722.217274 87.261958 407.215025 -0.018521 -0.003734
420997.232395 340.201858 105.279075 0.005868 -0.007712
580167.091722 213.295918 332.956812 0.002812 0.012589
479025.265425 617.113986 52.483078 0.001286 -0.012673
552036.800679 359.855061 258.452423 -0.010468 0.005061
969986.005207 253.898231 61.526132 0.000825 -0.011952
1471710.388303 557.484213 187.865589 -0.003393 0.009228
1430984.936390 500.958373 91.066176 0.015644 -0.009259
902052.609670 144.420781 321.227434 -0.019778 0.010001
700700.571156 195.516772 313.400837 -0.002450 0.011059
1408199.004553 571.174621 137.247360 -0.014608 0.018117
1713095.736556 496.392943 161.308348 0.018422 -0.014615
944491.339356 557.171089 498.624496 0.011372 -0.015566
1119457.834922 400.511892 441.399129 0.008483 -0.004373
8319.607940 130.644594 343.411870 0.001564 -0.013273
647061.014849 711.932153 247.357835 0.013813 -0.006816
379545.065751 439.167256 25.940451 -0.003344 0.007313
1990576.603445 218.561184 181.377264 -0.009383 -0.010682
876473.971119 589.562497 557.757793 -0.009188 0.000888
80381.552726 664.619531 13.460014 0.011019 0.001700
828036.629980 625.138591 423.023219 0.019523 -0.007176
1747623.103553 248.329029 124.358224 -0.008533 -0.013739
1072386.123739 381.226029 423.744775 0.003233 0.015734
777386.485961 459.677993 100.956667 0.007632 0.013596
801906.589792 103.710812 345.936358 -0.006813 -0.003938
197987.358178 295.865630 137.737013 -0.015161 -0.014144
1545926.498969 428.227545 556.364402 -0.000441 0.001282
492654.834172 281.816885 500.371264 -0.000793 0.004962
1978982.283724 792.988246 69.295961 0.007745 0.002830
17631.095842 66.030883 86.804949 -0.012954 0.010994
1966499.848276 461.756562 543.723115 0.003700 0.014841
611006.784537 527.342865 167.407364 0.001461 0.011204
850069.038966 246.997699 189.942723 -0.005923 0.011500
1676786.882652 479.149265 83.181277 0.006895 -0.017858
1557780.060711 529.857440 26.125477 0.015762 -0.005717
1227310.625476 722.812764 262.667474 -0.014672 -0.026921
428616.731627 591.934569 393.295418 -0.015228 -0.007965
1127178.874392 340.501057 576.799494 0.013656 0.018405
1480731.590409 212.654254 162.246124 -0.017760 0.004805
115335.758829 715.044159 130.669370 -0.012100 0.002661
541498.807511 780.883801 137.386036 -0.007448 0.014835
1167776.423119 741.850056 464.539744 -0.019056 0.007387
1705487.274428 189.987937 255.737020 0.000308 -0.005710
1455042.508177 58.266996 469.754822 0.007530 0.016570
1485351.840726 341.414636 108.566092 -0.019553 -0.000664
1600046.444498 55.461797 226.637141 -0.019272 -0.009266
1889695.885540 230.104161 146.911023 -0.013081 0.004149
230475.999522 605.981226 319.365943 0.015492 0.011172
434670.210087 593.588227 9.899869 0.005755 -0.009937
748135.628527 296.597718 192.959196 -0.013629 -0.017666
474188.291689 718.605299 292.835923 -0.003329 0.016190
1941577.332067 174.219530 588.469634 -0.006007 -0.010696
499196.726130 235.231009 314.386862 -0.000264 -0.001294
254300.674542 487.787938 134.030622 0.006372 -0.000115
6325.354803 699.893179 144.017230 -0.019182 0.000836
980919.682878 316.132877 534.945571 0.012557 0.001952
1900851.625903 40.255385 269.147394 -0.002603 -0.001274
719689.197242 326.169935 412.451808 -0.006338 0.010297
1844748.197982 472.714983 30.056112 -0.002187 -0.016554
1036199.990211 459.308881 416.245605 0.009634 -0.010772
385683.919483 595.603233 65.350698 -0.002700 0.010631
1256102.471266 738.644991 96.152922 0.000450 0.010408
1419511.694191 375.318295 472.982727 -0.013616 0.016238
511292.832210 415.405512 189.788911 0.017686 0.014409
145034.134456 691.072350 270.085885 -0.015049 -0.007553
1071721.370831 513.071097 530.627995 -0.010814 -0.004678
233847.819378 338.103121 77.482863 -0.011039 0.014191
1786277.592083 681.688439 467.366631 -0.017910 -0.005083
1031918.257955 609.583813 506.243918 -0.007876 0.016819
1499349.890975 446.191534 263.474692 -0.017312 0.000084
597617.807145 110.396395 218.986422 0.010021 -0.009532
1353622.215499 228.407877 541.958832 0.002471 0.000628
573296.933702 542.617595 564.126206 -0.003396 0.016134
1590131.532210 246.430508 453.725737 0.003018 -0.005543
258416.177825 73.116534 73.580775 0.018867 -0.004274
87595.200207 577.069903 571.774884 -0.000688 0.011451
906233.425674 625.948126 554.297755 0.012745 0.001239
370032.188655 395.757722 489.177998 -0.016453 -0.017748
664767.085884 299.499669 441.881583 -0.009129 0.011571
1278253.811075 52.986490 58.742393 -0.004112 0.005620
916040.443311 420.108986 438.711723 0.003215 -0.000170
249204.321880 499.061663 130.121131 -0.016948 -0.015719
8661.484350 424.624948 533.378364 0.017161 -0.006052
841302.204338 90.000836 506.012716 -0.010466 -0.011991
1802783.200425 455.960295 346.327379 0.005476 0.013644
731632.451868 220.839933 544.809035 -0.001396 0.006840
1096714.972098 736.666784 118.100260 -0.008793 -0.000121
1386984.768969 324.058148 76.204792 0.016472 -0.000734
469499.863903 732.016804 7.031238 -0.015003 0.013817
718651.906922 435.323740 574.705329 -0.011850 0.011216
316653.122342 84.402669 211.447034 0.010203 0.008859
385530.231700 79.563793 10.968874 -0.015987 0.002579
1379939.433830 519.590054 291.745171 0.015404 0.017183
1974529.288697 463.549133 199.388238 -0.015537 -0.000419
1626419.535664 279.839471 244.559613 0.012986 -0.001061
503204.831157 146.068471 10.631957 -0.011608 -0.004499
1600260.999799 292.930157 294.346398 -0.013935 -0.015950
467442.890847 275.252694 120.987077 -0.009911 -0.002200
1530910.291491 752.981424 56.696628 -0.010012 0.013186
43405.273949 189.893404 245.068287 -0.005780 -0.005881
1801413.789299 133.461247 421.532394 -0.007703 0.019687
348673.859774 447.443437 105.113541 -0.012278 0.010756
1122384.702378 793.221110 80.687997 -0.017928 -0.014253
474000.488629 229.230154 293.463993 -0.002428 0.001565
1867761.544822 162.571393 288.079856 -0.018848 -0.001851
617712.498930 39.670114 415.255818 0.008765 -0.003835
88793.583256 495.196982 342.995259 0.009903 0.016900
1123119.018564 736.281888 291.402380 0.009356 -0.015513
510837.786138 237.522129 62.579571 -0.004325 -0.005982
498234.962345 502.787600 381.290553 0.009534 -0.017336
350510.791107 537.869438 162.970427 0.006259 0.007948
1451432.125387 771.355679 449.420392 -0.003410 0.007367
303273.376219 370.388378 179.822176 0.008883 -0.011664
454803.713809 227.258571 75.834311 0.008608 -0.019197
480071.545802 775.435758 189.767446 -0.006259 -0.005554
1333575.176696 474.769750 592.831304 -0.007768 -0.006721
110627.538576 382.739327 1.749552 -0.007011 -0.014493
1406769.050940 41.561324 59.177388 -0.001862 -0.001179
1561676.394922 482.064405 559.275114 -0.016768 -0.007002
281255.947557 246.635593 364.637982 -0.009245 -0.019069
1257382.930842 407.574158 596.231922 0.017781 0.014117
706537.016996 489.454740 269.032536 -0.006344 0.016657
1558318.719993 318.210522 237.121369 0.011351 0.008937
1057752.200895 389.458685 466.097274 0.005111 0.017486
491364.625511 326.172808 325.137909 -0.012860 -0.000413
1734950.389590 255.121672 479.343829 -0.000921 0.003492
1643357.573842 84.807644 56.725410 0.012566 -0.017961
1898263.090243 133.911422 397.736181 -0.004152 0.000410
1157183.811607 141.197989 544.758680 0.018946 0.018329
1260090.642264 401.437976 266.423964 -0.003784 -0.014830
767107.214205 521.762475 323.405339 0.016971 0.013173
55740.578126 634.944359 88.710012 0.013006 -0.009332
1471867.368311 519.136568 224.858888 0.012778 -0.001704
851158.514084 624.019550 377.526191 -0.016454 -0.012926
279214.015361 532.819911 211.851765 -0.018203 0.005638
622537.959657 541.435711 84.561292 0.010269 -0.016708
543551.074594 112.532821 439.062915 0.012940 -0.017310
1125283.938425 670.517164 515.329463 0.008412 0.006512
255944.995329 357.695602 187.042149 0.000111 -0.008825
1549879.616848 742.580665 35.057710 -0.003810 -0.019287
474171.187949 435.930828 410.512174 0.003557 0.003660
648167.413030 720.759056 160.551034 -0.001357 0.006314
697835.028496 589.683302 478.521055 -0.016730 0.001912
1725670.433475 516.081064 231.068087 0.008590 -0.005237
99429.388577 679.118693 481.482054 -0.005526 -0.005959
163663.104253 109.235218 168.321459 -0.006469 0.000378
594763.153510 303.879351 52.956759 0.019283 0.018823
1355525.087265 245.100482 522.219603 0.017949 0.010959
1053977.892294 234.725967 305.584697 -0.007011 -0.004922
115031.983757 149.671211 12.960436 -0.002335 0.016304
752375.869431 393.630994 455.224664 -0.012748 0.014189
219437.964363 208.548549 594.967101 -0.004391 -0.003956
1068114.026016 550.295905 469.144413 0.004825 0.006928
1499866.051366 239.161987 584.111539 0.004716 -0.010297
1491842.997955 116.750130 322.369136 -0.009701 -0.001113
1826279.228472 251.259701 395.303104 0.017288 0.010254
1133058.067007 247.461593 149.318749 -0.007046 -0.000433
207507.431604 346.403477 450.424320 -0.016175 0.012954
304737.184339 504.542731 306.589847 0.017354 -0.010027
361247.467977 546.347126 329.246275 -0.013813 -0.007892
1585793.637478 720.359926 269.188513 -0.006749 -0.013866
1841064.114050 194.863383 281.148007 0.003199 -0.012818
451362.950938 116.067180 291.936342 -0.000992 -0.001229
1950936.490647 463.033581 542.280767 0.007641 0.008394
1454702.783122 701.601779 182.776590 -0.010463 0.012507
1108684.254395 335.054381 297.164856 -0.015858 0.002983
1596490.624173 716.734520 284.788071 -0.012947 -0.009786
1263706.185512 134.049776 282.579344 -0.015923 0.009880
1294332.516982 261.002945 535.855352 -0.014674 0.012038
723046.520130 87.010839 228.582443 -0.009387 0.013351
107937.715067 793.427555 426.769708 -0.005762 -0.010875
1046872.077066 728.751026 389.661553 -0.019402 -0.019557
450965.188654 653.744725 546.575548 0.008006 -0.017431
278162.196408 266.407678 139.742560 0.004373 -0.002624
1960316.196066 205.846850 456.538163 0.014896 -0.004398
1125740.257616 187.892267 299.747778 0.017725 -0.000073
668170.334151 796.646625 294.181140 -0.018199 -0.005845
1443825.863043 455.457818 160.059855 -0.005093 0.003560
564375.188464 478.075304 242.540731 -0.012222 -0.008027
938961.728913 267.175186 379.959384 0.008063 0.017684
132214.712972 546.779537 119.687051 0.013386 0.002235
1179224.623916 311.427665 473.088619 -0.016501 -0.006650
575213.267736 339.116926 197.867853 0.010973 -0.001186
1368718.602401 401.005322 24.098372 0.018036 0.014957
1254302.726711 185.609978 282.662142 -0.018628 -0.002903
1541011.519516 400.995568 456.077708 -0.003926 -0.011879
1407684.757098 375.571428 531.704507 0.016162 -0.008186
883750.411162 393.741121 411.804565 -0.010535 0.003305
38293.802197 414.497036 2.787967 -0.006035 -0.008076
949396.727117 26.726197 479.094532 0.000619 0.019459
1340193.529306 112.088377 129.792192 -0.014278 -0.013048
1289556.392138 729.367806 404.279128 -0.003837 -0.007438
1756783.113702 88.172306 468.894997 0.010446 -0.019773
157687.638028 166.110163 303.221869 0.010651 -0.002498
175039.783202 626.546185 573.160166 -0.016257 -0.014658
506304.289450 453.173435 99.143126 -0.017937 -0.016703
301433.914481 576.003228 133.921635 -0.005388 0.014565
790027.673724 9.462166 464.037699 -0.017180 -0.003250
176035.711624 758.862804 317.299270 0.014789 0.008526
1081972.172988 759.037010 552.368986 -0.018286 0.008716
715741.816310 106.918562 298.816134 -0.007398 -0.010926
1263880.632475 454.432621 476.784883 0.011929 0.004695
1751026.801649 758.590781 202.404227 -0.016189 -0.007299
399196.095951 394.969174 198.062909 0.019120 0.002342
1496994.359185 48.606184 306.631870 -0.008892 0.017278
445396.929255 653.510897 529.863588 -0.014304 0.014537
1193553.106484 399.716422 599.529398 -0.016109 0.012529
450224.472419 581.187306 229.333400 -0.019253 0.001036
1999453.321099 715.707089 285.931771 -0.003996 0.018908
1584501.028799 429.093231 291.145503 -0.015105 0.000397
94458.571679 696.640062 342.389650 0.002263 -0.014110
1007827.074736 623.556739 579.783344 -0.004564 0.016845
1658558.308919 786.756109 252.997456 0.013085 -0.016918
475365.567242 42.340869 482.773865 0.004261 -0.016883
663714.367274 496.188498 581.010310 0.012212 0.018154
1919117.403179 479.275951 297.014966 -0.002161 0.008818
9624.167350 393.736383 354.437666 0.003062 -0.018037
1478876.057770 64.689519 497.159717 0.007689 -0.001373
1502145.321808 426.438185 269.200842 -0.013017 -0.005533
1054818.871922 329.039443 247.573714 -0.006669 -0.018736
972186.690649 532.036840 390.581994 -0.001902 -0.001129
1216433.286302 329.415455 43.436195 -0.015860 0.014311
1585452.240699 85.713722 209.974648 -0.004639 0.007078
796849.675848 98.893836 459.178971 -0.011143 0.013057
461377.134761 782.877331 216.879010 0.007132 -0.013901
1447663.852688 165.097446 338.385250 -0.014469 0.001606
1190708.408687 498.698479 122.617115 -0.010129 -0.017093
1355477.244293 684.143356 294.622358 0.010005 0.018250
694211.989964 433.789256 39.525845 0.007918 0.017116
1497031.391364 75.986310 30.176957 0.000516 -0.007092
1759090.904966 594.365776 180.030395 -0.010331 -0.003081
904928.793621 771.837467 377.579981 -0.019376 -0.015858
341892.055395 489.119524 437.230706 -0.004957 0.014365
1609370.418642 43.080583 428.163206 -0.008165 0.012129
1339833.364515 513.597789 206.819597 0.009437 -0.006382
543533.833951 386.117742 260.655427 -0.007102 0.019770
1510075.678821 160.916124 443.550316 -0.017782 -0.002229
325429.097901 406.745911 246.072362 0.011710 0.000974
1027532.088117 770.847283 81.182843 -0.010406 -0.006332
1987715.010526 37.252843 236.722688 0.008294 -0.006361
396776.620483 301.261909 588.475471 0.001757 -0.015611
639902.701899 652.715986 355.784204 0.010160 -0.014508
1179865.857204 406.052817 204.145127 -0.006877 0.002541
1568458.621189 393.106902 42.244822 -0.012223 -0.008572
1190290.628555 566.846055 150.433247 0.009232 0.017977
1180185.991889 580.685347 597.218556 0.019381 -0.002816
672088.553511 146.466145 485.096729 -0.007419 0.009059
1837656.663655 510.377713 325.237905 0.000515 -0.004377
1360614.323691 81.393558 539.157896 -0.019217 -0.002764
924125.776125 643.730761 555.419956 0.001304 0.019922
418950.309241 102.524554 424.783390 -0.001820 0.014223
1312754.557148 39.435717 349.540642 0.006050 -0.018699
30587.249450 790.967514 130.186236 0.012881 -0.007749
1889215.610870 593.531313 565.919547 -0.000552 -0.009844
669560.509114 133.367881 214.022534 -0.010651 -0.012484
1579576.984783 556.895791 594.867705 0.008601 -0.010934
1982244.182370 739.140789 213.991862 0.007925 -0.004711
432350.935616 284.062724 257.905374 0.011968 -0.019778
930735.730068 652.661788 596.856742 0.007301 0.005507
600671.720971 501.568806 227.602048 -0.010153 -0.015434
1270601.892504 464.111625 169.651637 0.019698 0.012527
938976.299455 626.107047 304.953400 -0.001553 -0.000154
1474031.937064 361.568339 251.508600 -0.016258 -0.013941
1605130.416157 247.680763 302.493281 -0.010672 -0.015574
1023340.410098 559.403341 555.234783 0.000254 -0.004738
1128556.229700 645.875994 5.014080 0.017723 -0.017933
248420.950141 463.871806 377.920228 -0.004120 0.002545
884577.235619 701.219801 213.133605 0.017993 -0.006638
1704879.713107 549.652259 474.575978 -0.009087 0.011151
1882055.445519 60.079722 54.730856 -0.002195 -0.007590
404206.608610 765.744193 4.936559 -0.014905 -0.001413
780987.060993 553.518862 162.477570 -0.004086 0.005527
642018.800900 420.315575 130.930264 0.018039 0.017209
1579863.075903 313.738461 483.290818 -0.014245 -0.006312
286431.929230 799.236165 18.246855 0.017334 -0.009101
1625355.291937 700.218008 207.256795 0.016183 -0.007099
1310099.705732 85.542978 166.760387 0.006603 -0.010570
1485499.756171 42.235994 555.837373 -0.019435 -0.001827
1126826.147142 267.816560 586.686013 0.011207 -0.008655
1817754.082297 456.610747 407.055666 0.008593 0.008661
42605.713030 685.648815 428.919174 -0.017446 0.011468
1969490.396776 691.754700 399.936707 -0.006748 0.010788
1972945.507603 788.183015 525.920950 -0.009428 0.005961
221002.463354 5.530932 420.955093 -0.018477 -0.019153
314139.836614 479.708254 212.924196 -0.014574 -0.004779
1280098.799281 35.194422 571.111117 -0.007238 0.010304
1334025.561499 271.097320 370.168512 -0.004792 -0.004314
817314.073824 291.857100 154.308806 -0.016977 0.007879
52254.755074 49.429485 409.023928 0.016120 -0.006915
662711.798522 9.349312 199.614876 -0.018597 -0.017991
710212.109941 153.524386 389.812111 0.008414 -0.006921
61999.699130 281.164935 223.112861 0.019322 0.006775
261157.692532 519.719371 3.577707 0.009907 -0.018750
797766.605764 125.480251 237.052599 0.006234 -0.010780
184709.901076 545.775837 175.236253 0.010998 0.003290
1235796.007903 85.550361 357.289842 0.018125 -0.014406
1292608.929469 245.262084 198.182866 -0.008131 -0.019336
1317389.029692 261.167739 220.309578 -0.018777 -0.007597
71927.786838 127.689664 575.938100 -0.018264 0.016277
1977614.946653 353.554729 38.272799 -0.004678 -0.016034
591803.305127 381.795495 467.133048 0.003536 -0.009939
726241.200569 165.309339 213.924399 0.018402 -0.013690
995710.504705 485.365566 279.456900 0.013136 0.016104
963862.695249 391.251842 138.022710 0.013998 0.000718
1079147.418532 708.512975 408.142778 0.000050 0.017226
1174876.041326 389.926541 223.358435 0.006102 0.014863
937689.950195 758.206069 209.349128 -0.010104 0.001362
1200871.358253 489.820132 445.114831 0.018294 0.002820
1798372.363578 364.434672 105.761128 -0.005467 -0.008550
158766.744732 676.211197 464.584610 -0.007526 0.007881
584123.108808 679.990189 348.331309 0.018807 -0.006105
1019930.488905 447.448195 500.048518 0.015236 -0.011570
1412068.961846 279.185178 95.694879 -0.017830 0.003988
1390465.348675 524.112665 125.822069 -0.002536 0.004569
1560588.704217 269.667366 41.828538 0.018294 0.008040
709118.110458 28.604584 327.026299 -0.014817 -0.006325
481739.437432 336.848260 116.741040 0.012806 -0.004329
1084185.081108 265.251829 569.389226 -0.004954 -0.011509
321427.933090 65.590195 337.122478 -0.007586 -0.014313
322096.383349 11.886540 475.429995 -0.005130 -0.001934
811598.476400 120.522640 472.158030 -0.000989 -0.015694
975828.599639 662.752436 87.507886 -0.018663 0.018340
980873.326296 219.762495 226.147675 0.007429 -0.016138
1538962.265262 182.327191 256.988335 0.008852 0.004173
1281944.833362 703.499036 411.173656 -0.011734 -0.012079
1646853.441208 292.174457 129.470979 0.004647 0.009430
1334224.681991 17.322936 531.643614 -0.001749 -0.000144
1987979.200663 753.852835 196.539607 -0.014446 0.019156
567825.405192 503.422860 150.169758 0.006626 -0.007353
693992.653253 345.695788 324.373327 0.011181 -0.014023
290886.182473 333.369239 18.723258 0.013265 0.004839
461579.700216 523.944834 590.498786 -0.002183 -0.009214
1440439.939238 90.580792 175.775222 0.004287 0.002718
1578856.275221 479.550122 307.211615 -0.015374 0.009483
975708.803616 320.017006 219.831262 0.009551 -0.017501
1363849.989774 68.053760 296.451781 -0.011051 0.014437
1287670.666020 295.533223 165.461602 0.006994 -0.011984
1793086.186886 725.057317 513.158656 0.015254 -0.005938
253419.465503 481.148431 278.084300 -0.003026 -0.011635
65064.939701 167.193830 484.610248 0.001755 -0.007021
1093948.624606 26.099526 434.858584 0.016640 0.010810
1570950.974510 476.870842 514.212088 -0.008954 0.012890
1433502.711092 738.737839 113.692208 0.019650 0.003962
779698.448619 711.507420 301.974704 -0.010239 0.010918
1707668.152502 297.486961 224.289691 -0.007304 0.011715
1161722.038482 280.367708 1.077993 -0.004386 0.015819
650195.260835 748.030998 556.375058 -0.017963 0.014024
1393276.303724 667.722620 267.680611 0.002117 -0.015476
534900.189626 215.489136 20.791857 -0.001722 -0.009447
1264731.390059 676.546628 90.965548 -0.014610 -0.016292
1848317.172308 790.585316 278.244127 -0.008159 -0.007743
512088.236637 701.941674 394.123678 -0.009757 -0.009261
1104225.446984 465.375368 122.077402 -0.000854 0.005250
107543.810321 140.002908 279.624164 -0.000011 0.009157
1156781.673039 615.004940 597.809757 0.004530 -0.011044
520065.349769 196.734686 42.775926 -0.003458 -0.004743
327390.441823 269.834277 222.026251 0.005083 0.005380
1353004.063178 706.950347 306.611432 -0.006502 -0.014415
1558240.596931 709.799054 433.251304 0.019295 -0.005477
706633.334377 29.340788 323.796190 0.012782 0.001669
534505.464385 317.236765 182.444434 -0.009451 -0.019532
1061346.780072 419.745779 154.937278 0.004192 0.017615
1275778.349152 611.934801 164.397683 -0.019713 -0.004276
1816858.008419 547.088071 165.987739 -0.003172 -0.019294
837596.447597 159.068606 541.997843 -0.014417 -0.012813
537634.699856 396.231702 130.345711 0.012321 -0.007439
1509630.032587 59.531226 425.732733 -0.022915 -0.027174
1442342.147903 473.661328 518.143315 0.019189 -0.012368
1603574.954720 492.036796 575.827144 -0.016930 0.004958
706735.606634 787.855363 184.367095 0.005206 -0.003779
651319.147391 39.713707 362.257425 -0.010773 -0.012386
1573016.600485 398.118194 411.338158 -0.019945 -0.007663
1998835.487291 607.667852 230.205049 0.008375 0.012764
1445522.677826 344.909750 246.119331 0.003477 -0.003645
1207599.107738 311.339559 14.957882 0.002536 -0.001318
1297106.122271 734.018641 269.881809 0.018127 0.001904
1709409.523620 225.345580 358.939125 -0.001614 0.000450
1579454.636005 196.670820 5.833055 -0.000954 -0.009961
635151.660366 380.579720 5.028899 0.008027 -0.012569
1657542.871152 337.989037 368.725166 -0.010403 -0.019606
50074.195513 673.631535 239.440860 -0.017989 -0.003730
1728956.987955 558.565035 193.890778 -0.007466 0.006081
1741304.677791 135.019798 562.129449 -0.001267 0.005052
896425.988943 206.788876 524.888369 -0.001634 0.009341
248631.410417 620.347482 125.788506 -0.014692 -0.000944
789536.960791 769.049868 539.241116 -0.019607 -0.011930
1819863.026878 28.301210 26.072653 -0.007615 -0.016542
901731.744829 139.491275 470.671889 0.010950 -0.000465
878442.611954 515.150491 393.354915 -0.004976 -0.015503
569936.175165 658.544463 222.598855 -0.013655 -0.008684
212161.644461 226.395539 35.172419 -0.007361 -0.003241
1070836.321949 568.337022 228.054967 -0.002628 0.008850
1162154.364009 276.199628 454.552309 0.005044 0.006161
1685995.778854 61.537317 497.424593 0.005578 0.014008
631794.399876 54.207464 296.539207 0.018929 -0.002275
