120102.793966 630.397714 121.606763 -0.006103 -0.005544
269277.329682 300.002710 156.234126 -0.018279 0.015150
1260731.205931 302.269336 191.711331 0.013067 -0.002960
973263.179405 632.916438 572.911553 0.008500 -0.005937
1683880.506867 289.192084 229.261184 -0.016821 -0.013039
1760997.696668 175.424831 580.400230 0.011720 -0.019818
354965.669268 681.963085 474.585977 -0.004791 -0.012042
306862.422408 412.004510 346.442779 -0.003480 0.002355
913598.742761 34.964242 562.618098 0.011147 0.014844
723511.401901 210.218457 397.808981 -0.007308 0.019059
27418.055584 126.998416 203.134696 -0.004125 -0.010459
1026719.971107 221.752600 272.941455 -0.000715 -0.017199
919235.655535 527.239134 552.776240 -0.009944 -0.018414
247720.705461 324.237098 333.725723 0.008060 0.012677
229642.751734 125.559173 517.175581 -0.017956 0.017168
1463437.116455 330.402446 118.939690 -0.004254 0.009175
349002.480669 325.715732 534.031296 0.001215 0.011407
253345.397419 21.865676 48.649890 0.003296 0.000363
301882.374241 33.203343 100.945369 -0.017034 -0.008248
417897.793659 158.360431 419.903172 0.010565 0.015940
1032678.423930 703.060508 34.561419 -0.004921 0.017251
1981626.739717 86.511018 206.283079 -0.012551 0.000449
148080.320166 291.103217 546.209849 0.018533 0.015042
1426235.401736 72.444627 542.604788 0.011800 0.006902
826207.458426 756.230902 428.261257 0.003248 -0.019250
17939.873048 633.051178 129.717944 0.008267 0.002239
229060.592236 178.666664 260.703355 -0.013002 0.003905
729567.630556 129.739652 425.688628 0.008431 -0.006073
424191.899795 625.448082 428.231654 -0.015127 0.009745
1179453.697605 667.589589 501.699476 -0.000335 0.005135
1017047.714916 724.880690 344.256927 -0.011064 -0.000461
1184883.571782 186.616256 168.438888 0.012307 0.017669
1669257.284919 738.017729 97.899536 -0.009254 -0.016860
1530870.404807 506.867182 153.128952 -0.001070 -0.006372
1211583.405366 549.643189 75.414019 -0.007254 0.012391
1741377.547263 727.188422 385.831852 0.008293 -0.003783
544004.606336 172.598444 185.185300 0.013865 -0.002453
1594854.852927 349.874882 402.342039 -0.016924 -0.010146
1223177.906695 729.700294 101.291962 0.010943 -0.013121
527324.168257 433.115172 487.604590 0.000765 -0.019353
312490.830343 99.703363 422.374497 -0.009665 -0.002786
1025907.483430 120.821073 212.097314 -0.013733 0.014351
1509229.653286 341.877039 43.567373 -0.018017 -0.009412
1023852.793045 688.150065 428.128897 -0.012674 0.017497
1918069.081343 635.212743 509.709573 -0.014817 0.002802
59433.087734 314.523289 67.938893 0.013716 0.016465
257531.464220 800.561407 21.749753 0.013274 -0.008791
961609.428265 277.245403 259.692292 0.013372 0.000060
582120.371322 470.094171 558.500922 -0.005430 0.005998
408974.288222 701.705896 306.569200 0.016820 -0.017662
899929.745542 700.329729 511.716623 -0.008030 -0.019843
849952.291162 263.262426 237.665374 0.001508 -0.013091
617567.269419 532.389456 103.649661 -0.006174 -0.000020
907629.657959 661.819385 507.005722 0.015495 0.006322
693382.430213 141.775559 148.661332 -0.008907 0.001676
1797970.130014 385.121321 250.783243 -0.003523 -0.004087
955435.349120 688.629414 163.962258 -0.006711 -0.013570
557659.864685 605.858651 293.305326 0.007016 -0.008251
1324351.926951 788.281264 575.599844 0.013347 -0.006820
917046.023028 230.661338 93.504204 -0.007870 -0.012908
1632997.046985 519.082393 212.560915 -0.017492 0.017124
1790149.784549 770.192992 244.868567 -0.007409 -0.004955
1613713.184192 632.132165 140.634431 -0.016796 -0.015064
791753.703166 288.582456 527.202366 0.015413 -0.018591
347958.385175 437.361364 12.054814 -0.014655 -0.004619
701432.257286 473.864884 403.356957 0.000322 0.015831
1693039.169392 258.665407 326.915837 -0.012032 -0.004481
944105.254926 76.372277 210.594598 0.015345 -0.003686
1451122.988691 550.679340 119.880866 0.018420 0.010771
644142.737912 285.009514 76.587800 -0.011892 -0.010299
328294.663843 300.300895 473.817496 -0.012157 0.000424
344141.964030 428.806549 60.508692 0.013709 -0.018295
1995072.262359 551.861639 220.689997 0.001691 0.015581
1509670.835691 11.145713 591.054633 -0.015726 0.015785
783939.521193 665.469534 350.090227 0.003531 0.011734
702233.533702 730.433269 89.084806 -0.000811 -0.015208
783487.379916 514.371528 295.253498 -0.012698 0.013073
1976.599918 282.114708 217.580281 -0.015853 -0.012082
812477.567611 80.990798 532.105767 0.010929 0.005801
1551513.418346 422.673601 395.108562 0.010377 0.005365
1106838.468046 120.748899 279.726760 -0.014517 0.009724
516376.429478 389.595353 394.271667 -0.003948 0.018699
1541877.001311 639.185445 367.004910 -0.009510 0.019229
877046.727052 210.985508 200.400007 0.012096 -0.005350
1062152.807164 166.459981 280.942706 -0.003290 0.019314
220503.739184 155.070436 306.165927 0.010773 0.018107
285758.867062 257.628216 62.746937 0.004288 -0.002019
1694852.848395 693.283364 566.661370 0.000244 -0.009226
1823523.613542 219.372131 44.353608 0.000921 0.001474
109429.840049 768.295842 480.062930 -0.004460 0.010487
331166.874772 736.358848 582.242865 0.005306 -0.006547
1904142.131984 594.105299 318.589238 -0.001584 0.000436
967910.745632 483.309937 499.260056 0.003519 -0.011505
581591.096978 348.423765 48.111854 -0.010655 0.017495
706572.319710 117.983629 128.380818 -0.003007 0.006864
1499518.371885 385.539749 378.821246 0.001970 0.014863
785875.055374 571.535651 474.390191 -0.005466 -0.006112
257524.722376 252.969839 54.402016 0.006463 0.011198
1201976.699383 114.823779 228.929412 -0.002619 0.009278
1186503.038363 580.045574 101.832216 0.006826 0.018392
215485.423904 20.089338 64.842553 -0.007119 -0.001907
1555844.913030 56.635324 560.851969 -0.003698 0.004792
1610655.802121 641.108544 200.326395 0.003837 -0.013393
1363983.919548 580.596847 288.319443 0.010878 -0.004604
515601.680854 298.527201 317.650436 0.005556 0.012250
521772.659627 185.438414 319.558126 -0.002814 0.016123
984056.433190 429.799513 558.373390 0.003503 0.013638
764465.851134 302.214666 558.046420 -0.007322 0.011438
1098768.237559 98.211973 352.921416 0.014620 0.008842
1505133.839094 452.505340 265.859118 -0.010745 -0.006514
1656881.889169 392.739574 425.937926 -0.005639 -0.014820
1035409.796534 493.542799 216.354808 -0.018007 -0.018104
532033.862794 432.439206 349.939389 -0.012178 -0.014336
885049.308131 462.094273 312.415590 -0.005106 0.015767
611963.250959 737.608316 10.424093 0.015702 0.012225
1469794.933437 516.370384 223.601232 -0.012431 0.015609
1419313.830053 5.382168 222.237834 -0.003142 -0.005436
1001399.715897 751.254290 589.885096 0.014481 0.019443
57920.523946 103.059405 316.898169 0.004563 -0.007022
1340168.589419 44.057987 541.153883 -0.012380 -0.002906
1593328.125585 397.047644 209.033886 0.012545 -0.004448
308175.125303 438.500457 21.590219 0.000929 0.009129
1829796.170737 187.899091 440.317117 -0.008568 0.006237
194622.977727 628.390601 356.787672 -0.016823 0.005969
1163384.351490 85.779844 466.899245 -0.015286 0.009213
203536.384834 623.509193 466.978192 -0.019844 0.018799
408990.508136 640.543783 279.642989 0.002415 0.004634
1709918.606891 566.491262 96.636053 0.015760 -0.010614
1776676.395804 644.364372 280.276836 0.004783 -0.016389
248411.979642 575.627274 526.857639 0.008748 0.011925
1052401.075630 239.767699 543.566627 -0.007834 -0.003536
1254879.329007 324.238279 114.394065 -0.003735 -0.003568
322021.593490 487.280636 125.369772 0.000945 -0.015056
1647379.426121 386.195277 521.417961 0.019419 -0.005112
204691.412954 699.189439 106.324958 0.002792 -0.000170
536197.156895 555.267012 128.655878 -0.014200 -0.003474
25648.950611 537.950365 428.836154 0.016667 0.018942
247729.502734 436.854333 229.231457 -0.007400 0.018032
1580350.309415 379.782974 335.194719 -0.020008 -0.015902
1443766.372951 659.209487 351.080666 0.003680 0.012389
1912564.341869 554.275387 409.495325 -0.014673 -0.009431
357511.299829 321.097286 575.527129 -0.004423 0.001840
744693.135258 324.300860 130.810137 -0.016547 -0.007020
387589.365424 167.807074 523.078694 0.002987 0.000952
1645202.005117 291.602184 -0.130555 -0.004715 -0.005361
205411.871060 83.726709 113.550034 0.007508 0.007843
1996032.971887 514.913414 233.945611 0.007544 0.010377
1306804.762830 688.133327 106.595498 0.004501 -0.009856
1450619.077985 788.613625 395.037697 0.017716 -0.017182
1969754.747101 110.676690 168.463699 0.013625 0.008610
1609086.544071 543.882008 45.424748 0.012193 -0.017513
883645.576836 726.159228 99.666575 0.005701 0.003636
1722771.757153 502.408271 142.256857 -0.009970 -0.007555
28763.775727 722.642096 101.807898 -0.011974 0.000499
845989.907554 733.729410 301.364636 -0.016746 0.014416
1143645.596292 54.578662 600.404386 0.014090 0.016925
1423342.375748 525.713489 361.910740 0.011485 -0.001572
1329764.171191 184.909045 221.800132 0.013247 0.014448
1926056.274178 553.187462 294.446004 -0.012004 0.017724
1598411.507718 172.824535 507.805371 0.018773 -0.003699
726058.746095 314.087749 195.449041 0.014552 -0.001022
375371.614646 348.355360 324.790982 -0.012652 -0.008634
932014.105344 718.343055 567.087682 -0.017154 0.007126
811741.037672 587.811248 550.843244 0.010982 0.002637
1557690.799962 589.646628 154.960733 -0.009263 0.017509
399385.155365 53.270080 91.162277 -0.018134 -0.018557
1122038.441301 328.114060 256.554927 0.015485 -0.009113
1805346.826001 59.663460 425.558384 0.004243 0.004136
1995636.369100 729.229198 97.133467 0.017696 0.019440
1695958.700821 279.106600 427.814072 0.010648 -0.015090
558004.577904 435.831296 516.762128 0.001460 0.012504
1597187.265566 589.347085 528.836409 0.018085 0.011277
1833981.536251 410.024155 114.639707 -0.006180 -0.003990
929917.220459 197.762454 284.855907 -0.013195 0.007557
1471826.909795 138.667564 361.203566 0.015870 -0.015403
1165988.196230 595.192373 277.978019 -0.008185 0.000420
1172216.120722 460.774687 32.345277 -0.002200 -0.015476
1736107.381869 196.492749 508.194759 0.009949 -0.012174
1259741.624473 533.058193 425.043688 0.012848 -0.019577
218963.730251 229.083875 155.190053 0.003363 -0.001611
1902503.935575 255.786040 379.531207 0.002182 -0.011337
1496596.111682 109.381645 576.176575 -0.011560 -0.002661
941537.357374 638.183248 5.868869 0.001069 -0.010190
245239.558744 315.853995 292.951852 0.018816 -0.014289
1372376.816986 480.094046 484.739278 -0.004175 -0.003135
1637971.852737 403.647435 423.947610 -0.017019 -0.016340
337179.376901 23.711791 245.407414 0.012139 0.003350
1249672.392965 440.334973 432.850359 0.003378 0.010444
310196.676436 44.303099 335.825872 -0.013360 0.003297
1607296.809371 230.226135 584.997410 -0.008234 -0.009708
236307.595035 783.998270 515.203815 0.017036 -0.004963
561161.337682 597.031529 528.861761 0.019445 0.012913
1939371.158341 125.318298 511.980495 -0.004855 0.018363
870700.636353 2.058034 305.601050 -0.013723 0.003550
541779.813609 249.462901 386.782053 0.013263 -0.000886
453110.709066 506.709361 459.690136 -0.011928 0.017065
47266.968548 256.956352 543.183876 0.015294 -0.010193
562186.379247 130.018388 594.561850 -0.013528 -0.013980
1629854.769274 105.326412 185.090940 0.006686 0.000384
534606.907766 82.295530 307.431028 0.011063 -0.009663
203362.833803 38.238680 342.307788 0.009821 0.015217
92345.910190 778.875555 306.448661 0.012420 -0.012993
877177.283576 667.540501 297.701780 -0.006206 0.008680
1484435.888699 500.959320 528.875271 0.009362 0.011483
64404.659935 438.983998 550.695115 -0.006318 -0.011446
856791.879449 487.116836 190.775588 0.017639 -0.004616
1153201.109335 33.914644 259.469662 -0.014233 0.011660
618554.387530 154.317437 456.637514 0.012846 -0.019884
1875266.974734 207.509672 503.031764 -0.002704 0.004178
1111007.126566 140.219343 138.600157 -0.002544 0.016422
34336.430968 375.427777 275.438731 0.017128 0.004241
1349224.196444 292.187241 249.858292 0.019695 -0.007782
1602661.077679 455.147192 209.642011 -0.010648 0.008556
276647.354605 434.475249 544.423648 0.016411 -0.005554
1822198.850020 671.156938 373.238822 0.009941 -0.009120
453696.245539 243.683818 268.620617 -0.001695 0.009699
713133.517985 379.621629 125.369536 0.012603 -0.003601
36437.158490 391.716470 464.283235 -0.002899 -0.000571
159010.190591 189.101353 31.260213 -0.002846 -0.001199
1535456.720523 453.598043 6.982216 0.007007 -0.001248
749811.288319 470.111326 183.223362 0.019851 -0.006529
1154889.427663 178.765649 384.591113 -0.018997 0.007213
762647.938338 304.978305 92.495726 0.003625 -0.012137
1129345.827331 486.722197 410.827959 -0.006535 -0.018320
337378.635228 333.950554 168.868377 -0.011171 0.013865
1499918.929068 791.322718 248.054242 0.010350 0.006641
1760744.261444 108.742948 149.789334 -0.012555 -0.014676
1172923.453698 610.457920 215.687970 -0.010956 0.011546
79642.974809 486.093247 100.978908 -0.012200 -0.012032
730713.756164 606.849057 483.841170 -0.017944 -0.016077
1702955.846536 175.416302 309.536397 -0.014689 -0.002386
724785.897287 705.992965 257.958714 0.011052 0.005767
187236.443249 524.315585 468.689989 -0.006230 0.013668
1828784.213322 744.218554 362.778752 -0.009398 -0.013222
787390.226865 250.410106 459.587600 0.002478 0.000236
1929498.061505 743.013491 161.148135 0.010634 0.019220
730520.102536 499.653289 120.202708 0.015177 0.010629
1281053.293162 194.244271 381.757565 -0.017203 -0.019252
562426.321470 130.195603 404.886021 -0.017502 0.000265
1033437.869061 779.994490 262.813071 -0.015120 -0.010091
1192859.900739 412.562619 336.327208 -0.005498 -0.016832
138898.690296 261.435632 3.543852 -0.006509 -0.015989
1973181.982512 561.018263 434.051414 -0.012566 0.003318
957790.512106 660.729334 496.854250 -0.015322 0.015869
1692076.045876 318.216780 36.197933 0.000830 -0.001625
1136829.509929 29.207759 260.375368 -0.019520 -0.013629
1367539.427880 482.430324 406.292317 -0.010179 0.018675
1509350.044424 252.401836 176.120638 0.010398 0.006117
785056.476847 597.990458 212.873450 -0.015366 0.017396
1873643.585422 476.132589 457.087142 0.010545 0.008431
1315983.134935 488.236419 64.686169 0.008805 -0.014715
1135951.929323 228.640869 100.574779 -0.019852 -0.008260
656102.584980 548.492497 539.274463 -0.019843 0.017279
1727078.126616 606.271402 148.304950 -0.013757 0.000839
1797488.349396 438.919692 161.424159 -0.009883 0.006606
406141.346510 152.089147 156.462375 0.018577 0.018124
1941231.998588 497.112674 337.383856 -0.016814 -0.006386
1386830.762674 518.564331 376.794087 0.014459 0.005999
1843128.023596 152.278241 201.682231 0.012787 -0.012237
538331.757550 546.168512 571.850333 0.000657 0.013534
944807.663069 332.422270 233.375680 0.009353 0.006557
106756.882792 754.921822 514.569716 -0.007555 0.016348
1618777.323337 226.574969 318.144022 -0.005086 -0.005239
1742666.514471 52.446261 6.959745 -0.000035 0.017114
1321460.731012 337.212649 69.672530 0.019888 -0.010390
620834.287545 213.116059 553.844557 -0.009470 0.011294
1523195.320518 587.367749 118.883225 -0.014017 -0.000941
1731081.362688 163.151366 252.014949 0.008916 0.000661
656632.629529 425.722225 480.579723 0.014354 0.016122
325566.043298 583.660721 581.000601 -0.013080 -0.010859
1792559.657149 666.302703 390.338683 -0.019492 0.013220
1778465.217808 259.365625 59.268443 0.012372 0.003539
1763427.173609 457.754332 193.025094 -0.017862 0.010119
1593951.392730 755.889681 556.281541 -0.011306 0.006606
886016.743670 435.779252 119.154211 -0.010402 -0.003813
204796.643092 323.771620 80.812194 -0.017154 0.002973
727276.621725 773.394380 248.434446 -0.019644 0.019100
488690.041233 721.736538 183.038760 -0.006266 0.008564
1781116.410057 179.188337 171.941155 -0.011468 -0.007824
20635.784613 7.604019 149.519647 0.017502 -0.010969
1834876.302553 303.346192 462.691843 -0.015330 0.004950
350019.654422 174.634906 16.716816 -0.007612 -0.008379
1214501.650638 537.683664 155.097945 -0.019201 0.007498
477760.385944 211.515998 353.515779 0.001768 0.004276
605806.972182 347.271866 499.310712 0.003595 0.005792
272576.070518 480.080195 392.514990 -0.004568 0.001523
1759240.741729 243.212777 550.254622 0.005985 -0.003284
1080301.612187 660.465662 382.598526 0.002792 -0.014590
1857771.559552 140.154613 484.306841 -0.012475 -0.012186
988850.145130 339.883854 276.861260 -0.016671 0.018752
134591.829094 309.651403 242.590953 0.015994 0.019023
96963.198901 28.634333 345.817826 0.008315 -0.003141
227820.812831 464.956893 434.738794 -0.018764 -0.010713
290631.014058 457.587647 34.218453 0.011499 -0.014511
385931.693197 569.469950 190.178712 -0.020029 0.015996
1023297.854244 397.138519 195.426819 0.018829 0.003268
589125.026292 31.582021 579.717212 0.007952 0.017448
1882412.602139 596.846347 584.005735 0.000686 -0.002099
790218.714061 504.718812 18.741549 -0.015186 0.006555
526777.357108 212.293727 139.826076 -0.007109 -0.017986
748590.766801 411.844084 457.613156 0.007591 0.000591
1324791.236466 162.250808 5.948018 0.019526 -0.013032
1179151.767483 226.047296 128.374278 0.002197 0.019230
301466.356172 395.961914 434.778617 -0.014980 -0.019512
349183.755158 414.967697 387.379219 -0.011763 0.005624
616335.581344 375.077092 543.791624 0.001724 0.011542
1910511.639859 733.787892 182.939274 0.008696 0.004282
1640005.631205 304.798575 484.989428 0.013288 -0.005345
1964468.728734 335.813303 391.176199 -0.012189 0.018995
1261209.360911 276.213880 282.367193 -0.005748 -0.001167
968463.258337 424.333644 593.874250 -0.014826 0.009422
1257770.379660 350.164837 124.007435 0.001258 0.019271
1991034.577596 391.377628 537.638924 -0.008006 -0.011738
1007596.648767 95.797683 353.465914 -0.006659 0.017894
1912045.142572 235.958331 222.800841 0.004268 -0.000412
692628.538559 190.239211 501.224346 0.008915 0.003689
609848.141023 240.645376 74.917734 -0.008220 -0.002768
1723251.459991 737.614519 520.935634 -0.017353 -0.001710
1696924.347289 50.388567 567.946796 0.009832 -0.005580
309029.791648 199.729287 289.720338 0.009627 0.002324
867302.640745 559.220591 513.486686 0.012176 -0.007823
691843.061099 120.521907 326.154816 -0.012864 0.018627
272265.500516 388.377417 162.222312 -0.009546 0.011206
1400582.436193 98.374900 421.253553 0.003010 -0.012287
320566.674844 333.015689 150.768610 -0.015710 -0.013505
1229627.376064 208.733695 246.123120 -0.016043 -0.019855
1946485.269790 425.020839 421.403130 0.006526 0.006706
15066.369444 140.505151 292.262009 0.002010 -0.005761
911695.870064 549.134653 506.288546 0.009044 0.017875
1245159.992597 340.292827 42.815059 -0.006289 0.020290
519428.529087 388.676186 247.035132 0.000350 0.003869
1147820.552414 102.229324 512.437992 0.019418 -0.011052
1717933.562453 767.109899 453.747661 0.002495 0.011450
183230.377819 455.339539 577.686014 0.003167 -0.015301
640928.558372 27.407951 483.291576 -0.013451 0.010285
1503776.668340 629.022541 111.015470 0.012842 -0.015528
360957.489517 65.396866 358.334763 0.003706 0.003716
380073.533570 131.907276 431.563631 -0.018227 -0.014030
1889061.825298 723.414324 66.012573 0.008013 -0.001341
1796955.322752 633.878472 20.376932 0.014483 -0.005169
306282.549308 147.037886 243.145343 0.018362 -0.006191
332156.324914 567.578558 78.921982 -0.005929 0.001320
485168.456326 426.704333 367.272213 0.013044 -0.014863
413343.113108 24.388845 173.557270 0.017102 -0.017008
883643.182406 697.256276 587.103191 0.002073 0.002806
887249.075289 360.295290 217.490610 -0.000904 -0.007440
1467432.667253 504.263878 297.515580 -0.014408 0.003561
1682910.725327 245.178585 179.532158 0.018974 0.006317
1660796.624450 172.293219 113.457453 -0.002234 -0.017768
629926.086697 520.372611 50.899583 0.004188 0.003112
318150.466456 37.198937 269.347177 -0.013805 0.003913
40123.955365 464.605439 29.017247 -0.004738 -0.017512
724761.667999 94.036377 413.615174 0.014320 -0.009801
558074.092752 559.687215 337.283827 0.003108 0.006876
438651.350531 326.403811 533.303441 -0.004218 0.014590
1885724.248311 578.910948 300.927989 -0.018901 -0.006827
158400.153815 149.288997 226.087863 0.001143 -0.006982
1952982.963972 437.515588 543.692530 -0.018959 0.017278
1927788.328346 311.039579 28.226587 0.006201 -0.010089
607879.136041 747.001408 567.563051 0.014625 0.000465
1236504.919471 67.946417 551.391062 0.000256 -0.000270
1541570.438790 358.771413 131.498704 -0.009121 -0.000969
1098586.873663 282.330764 398.426171 0.017054 0.015184
1973812.054831 723.135874 257.376494 0.015646 0.017430
717421.361579 684.432758 190.610790 -0.003731 0.000395
1128238.588166 568.342714 265.724262 0.000398 0.003055
1906900.824936 103.253003 396.780457 0.014911 0.005396
311031.282093 514.379423 50.688691 -0.004967 0.016678
1119457.958787 738.771711 161.429171 -0.010748 0.013996
295815.608602 167.814203 451.565474 0.003005 -0.015978
1365835.790227 746.643660 574.043949 -0.019993 -0.006439
933742.419320 452.448687 30.023354 0.016416 -0.016959
1254474.420685 690.026169 122.197367 -0.008479 0.009409
1674721.783807 355.650642 227.741269 0.016823 0.012741
589441.845468 384.424956 445.820702 0.002564 0.008109
1186208.380939 568.293103 547.263428 -0.006137 -0.008544
28320.921598 24.602205 131.626640 0.018877 -0.018779
1123059.363627 350.765883 356.758449 0.004369 -0.006049
1339490.994503 192.632660 126.488495 0.014920 0.001161
1892333.765464 567.783914 583.324887 -0.007214 0.005363
1580513.963280 495.701024 66.166081 0.001237 -0.012665
1628540.167412 101.042780 535.772504 0.009076 -0.001116
358744.990248 592.740849 301.809633 -0.004038 0.008491
1065496.480589 768.652377 90.552537 -0.014931 0.002939
996930.964755 638.368916 488.910900 0.008373 0.006815
685065.261407 523.973998 229.032008 -0.007656 0.019143
22284.613001 83.067983 360.080445 -0.014819 0.005112
1564209.169505 749.561840 458.177714 0.006971 0.006548
471659.941818 684.010072 242.405154 0.009525 -0.009789
234378.384535 216.405169 129.541205 -0.009231 -0.004017
1581110.075852 613.271077 117.731899 0.004190 -0.000951
1733102.233956 757.538815 78.157181 -0.010148 -0.009498
222272.466972 206.806774 219.669293 0.008454 -0.004767
7593.072023 394.855430 189.616386 0.010721 -0.013151
1961038.188991 2.042235 13.997740 -0.004568 0.009661
554464.627316 401.914969 7.680924 -0.000263 0.010863
821613.773155 227.353199 322.664217 0.003944 0.015615
24485.756655 378.313423 502.188213 -0.014263 0.008808
196372.594776 203.389100 587.962003 -0.001422 0.018543
718005.964867 375.045112 274.492674 0.007052 -0.010219
1252709.545778 525.435863 142.142043 0.005946 -0.018315
1958473.456073 741.819465 326.327693 0.019623 -0.003223
628831.249023 322.259120 421.346971 0.014052 -0.019644
1185057.482303 690.547186 288.859187 -0.002872 -0.019713
406775.272641 421.117849 157.319215 -0.012898 0.019402
452064.211691 433.125895 275.609092 0.007348 -0.011356
1391094.198167 249.211792 524.851522 0.017224 0.018308
1830316.959801 730.313756 532.188036 -0.001630 0.016130
610994.441719 618.113588 184.011541 -0.019663 0.004984
631021.334152 481.825949 292.075495 0.011836 -0.018572
989235.750860 1.809026 334.035198 0.010257 -0.012654
1098658.789461 784.346838 435.132785 -0.019662 0.006629
1883467.686308 564.556142 586.022943 0.012804 0.005385
1871849.530317 584.825840 330.520837 0.012870 -0.012443
911993.535660 102.256606 577.362360 0.010577 -0.014597
1176139.691461 61.557280 443.462320 -0.016931 0.015019
1537174.407177 456.342710 526.443499 -0.006938 -0.006930
123261.179832 700.916177 185.265360 0.011680 0.014919
1946848.674653 583.255294 354.093251 0.017980 0.001710
457599.283409 709.008869 164.549451 0.011211 0.008296
926562.791190 189.181455 501.674131 -0.000046 0.020065
1942178.605097 12.073221 45.336198 0.008401 -0.016361
1905775.863633 382.737178 397.486833 0.013275 0.012158
1975712.466974 713.581963 407.977888 -0.008322 0.007170
1128937.655654 214.603617 243.675270 -0.013898 -0.011213
1900458.380534 306.174766 62.071341 -0.011063 -0.013424
1623668.112617 549.987565 239.578180 0.005847 -0.015470
798515.523224 494.057158 76.748153 -0.000977 -0.006940
438456.544857 343.728741 482.276208 0.015117 -0.009782
1216805.763178 694.605763 90.666088 -0.008497 -0.013395
1661706.700764 681.420673 259.119622 -0.010495 -0.019709
1303971.794110 150.833521 233.932722 0.010276 -0.003515
1107963.914568 455.343290 58.958680 0.018169 -0.011402
425643.800956 282.612681 499.994115 -0.007425 0.013786
318262.858465 449.146408 154.976054 0.018568 -0.002272
1036196.117772 457.898034 186.617894 0.006835 0.014611
948553.069005 401.496645 427.722255 0.016397 0.009358
1438074.149861 446.953579 555.749707 -0.015620 -0.007588
677338.477540 530.418420 530.671386 -0.002501 0.004693
197747.041563 521.176043 583.520713 0.017220 0.019651
1601492.672973 71.558190 330.587933 -0.017642 -0.017809
1987075.958395 461.509070 375.174566 -0.007824 -0.010054
971748.938305 621.747486 449.389494 -0.012076 0.007404
974474.447302 733.546604 146.123090 -0.003452 -0.018913
1121549.802423 602.052843 413.142135 -0.002208 -0.012397
613932.794246 434.641046 504.545081 -0.008855 -0.001012
1665525.531241 62.897594 338.625430 -0.004479 -0.014538
1238773.710671 302.398799 429.527215 -0.010181 0.007294
1925637.924078 585.367199 276.669836 0.008455 0.017206
290519.337305 158.628130 508.063657 -0.004366 0.004492
1745488.432117 760.829779 218.950571 0.002444 -0.004206
1111265.337612 695.145304 563.152485 -0.004270 -0.013863
829182.160473 184.312245 135.872334 0.019235 0.004581
728391.627189 478.788277 596.326192 -0.016882 0.013654
1349985.243450 33.288584 346.045005 -0.014504 0.010167
1010733.056353 223.875687 571.593121 -0.005913 0.006793
1129411.861826 180.380844 373.203140 0.017220 0.011489
33999.050983 389.248348 394.192981 0.021132 0.015592
1606354.705806 296.135957 66.671152 -0.018777 -0.005950
1451822.744427 315.173934 570.273103 0.008764 -0.001004
1590584.168020 314.833578 309.315536 -0.005147 0.001139
538209.161040 700.876078 484.862352 -0.011161 -0.010864
958317.440449 628.113166 272.209618 -0.015992 0.008650
479655.517489 94.553554 120.153830 0.015860 -0.017014
167238.956395 558.615561 267.440356 -0.012164 0.009131
1592486.357127 737.271877 73.273181 0.009847 0.005637
1189583.299304 432.993097 20.922602 -0.015531 0.016583
1124831.962923 303.254463 474.209540 -0.005194 0.004006
37146.621401 680.307165 232.727894 -0.001136 0.018056
205026.889315 568.847144 41.074052 -0.007896 0.004315
284161.461650 310.218891 183.814926 0.003494 0.003352
68690.410847 306.150285 301.664053 -0.013745 -0.014785
287411.349028 600.144867 403.960933 -0.012907 0.014465
1171263.018237 591.650267 143.608345 -0.004982 -0.015507
1682127.158941 314.956776 577.549140 -0.010873 0.014512
1824708.168313 264.960764 346.662374 0.019211 0.005357
369206.509725 98.055074 13.401801 -0.000372 0.008413
1208981.916871 419.395536 56.211394 -0.015650 0.007267
446720.970071 202.278211 259.084252 0.015802 -0.002836
586212.983628 385.050023 102.152893 0.001336 0.014305
560717.814863 299.252250 150.900592 -0.010352 0.004147
234257.601311 123.743878 558.863510 0.007808 -0.014625
1133248.557864 703.449320 154.199040 0.003533 -0.005178
1934248.125150 153.544547 536.618180 -0.017566 -0.007939
1152133.833222 226.094948 331.361114 -0.019689 -0.012994
1965200.129880 240.357083 396.872106 -0.013837 0.013364
1034901.121182 346.222516 125.896369 0.010884 0.006878
1623246.405098 709.044416 497.168951 0.009744 0.003207
1926329.093951 248.100614 276.336759 -0.011182 0.015960
1658576.383096 150.501731 54.740984 0.008982 -0.010065
786221.519479 240.976208 318.641338 0.017785 -0.007697
1421758.733421 742.900627 364.997813 -0.004807 -0.017372
888519.625593 711.327490 308.029520 0.005921 0.006154
374128.679919 371.358589 325.484476 -0.019384 -0.011593
247207.860577 783.033734 311.509796 0.003283 -0.012050
838233.393076 329.888374 231.469458 0.000724 -0.014331
1269501.125100 722.759415 262.793044 0.004327 0.032380
1490342.234955 701.545774 467.184835 -0.005840 -0.010058
1720173.599068 638.954204 82.403448 -0.005141 -0.001856
1589947.016719 447.801861 550.800287 -0.006492 0.003106
254199.274003 369.745104 331.729463 0.005912 -0.018216
1506623.924480 52.389422 274.473962 -0.014407 0.003087
1187558.641279 619.095312 289.634991 -0.018793 0.017646
663885.182079 619.958275 490.452669 -0.015549 -0.014783
134186.233456 776.602885 557.398098 -0.011865 -0.006224
763995.101100 799.290923 542.428054 -0.008050 -0.006505
960104.740672 340.718811 479.085033 -0.018589 -0.016983
1689167.128731 629.689646 84.880160 -0.007885 0.017127
1435140.350571 715.972557 422.222440 -0.012035 0.017046
1287450.956780 425.437130 421.156594 0.008505 -0.014352
1664884.491668 423.871359 368.594578 0.010631 0.009318
1916152.068375 115.710303 439.934216 0.014366 -0.002292
142374.806172 274.733407 522.115175 0.014831 -0.004936
1889104.925044 571.651656 97.812499 -0.016702 -0.019291
184043.514628 642.404903 546.878560 0.011781 -0.019920
1678137.485719 350.668702 320.136051 0.001599 0.016076
349432.717240 299.271581 257.214308 0.011504 -0.014624
327130.583267 597.837935 167.724463 0.015866 0.004361
1445781.852792 774.666633 571.575988 0.003715 0.013534
657045.848974 430.374145 332.872803 -0.000288 0.004923
1143416.638087 467.914097 254.904111 -0.000621 -0.004814
853229.746620 259.692767 491.235986 0.018361 0.014549
1436276.935710 106.414318 143.614730 -0.014025 0.016985
747046.145027 249.396883 400.664054 0.006110 -0.011857
555282.349025 300.060356 106.698591 -0.010821 0.018769
31011.744417 446.387444 303.476421 0.002807 -0.017979
259713.421697 113.417862 381.612880 0.002212 0.005065
30230.289339 785.883234 570.673656 0.013289 0.017702
1629124.594680 440.006464 45.009986 -0.017901 0.007951
1993199.337271 341.279343 5.430211 0.006602 -0.016790
437214.899080 754.095910 272.237932 -0.004242 -0.013120
847463.854052 329.225804 438.808093 0.017216 0.019223
1561464.248021 48.378432 73.530099 -0.003323 0.004599
1496915.452879 345.547294 358.003442 0.008028 -0.009433
1076064.875850 410.508924 489.279221 0.004504 0.002594
1028186.607653 487.310912 594.742347 0.000928 -0.009086
141764.248787 594.391299 129.668122 0.000993 -0.014456
778578.041484 758.769657 329.846930 -0.015280 0.015192
1058486.954802 720.262120 564.120876 0.005838 -0.007121
1112790.978101 319.355376 448.074352 -0.013856 -0.016077
24501.685065 553.965378 366.365046 0.013087 -0.007842
353571.678676 272.739885 548.623361 -0.013268 0.014606
375264.103699 191.473751 365.782515 -0.003806 0.010616
1493884.026769 634.896830 429.307456 -0.008210 0.016521
1188817.119779 659.946976 487.970029 0.001402 -0.000911
259519.063057 73.850718 525.322407 0.015148 -0.010166
1949033.547169 712.092707 562.574615 0.003476 0.008711
482529.103981 609.386219 36.184399 -0.013826 0.017266
1850091.109914 273.849173 102.818057 0.001401 0.009863
1871495.037280 224.960083 324.759821 0.006210 0.002868
908785.677938 195.210759 241.285578 -0.009273 0.011224
1755362.652128 318.430360 522.301501 0.010157 -0.008999
232765.271437 582.001075 98.760421 -0.018123 -0.007218
1765166.354256 236.473670 45.870764 0.017676 -0.001994
15434.920795 692.831902 474.733281 -0.012883 -0.004007
1077013.659792 90.595466 409.367619 -0.016802 0.010607
516053.778360 427.435566 5.750724 0.006389 0.012127
1576709.125925 429.919890 119.166956 0.006433 -0.008341
948767.654108 620.935113 12.227484 0.005597 0.013208
667159.362075 417.515652 74.294269 -0.003589 -0.001436
1146380.339352 334.084745 198.450569 -0.005349 0.003862
1462269.868451 722.410452 427.059994 -0.003593 0.019247
949273.004639 536.528146 309.744835 -0.000656 -0.006839
636841.273232 217.408073 521.010950 0.000691 0.017240
316267.470045 793.057407 424.476015 -0.012939 0.005311
1072709.865436 409.201694 92.867079 0.006415 0.016881
1234697.917120 187.534076 203.702033 0.017929 0.003944
1871003.135047 543.417353 300.127833 0.005844 -0.016343
968257.898916 95.596831 457.573592 -0.019794 0.004251
184803.100389 256.192277 525.952497 0.018289 0.013469
1613704.762242 94.161116 496.991992 0.000562 -0.008174
920804.219749 40.435763 484.204878 0.004862 0.008298
1455508.939668 184.340788 565.885011 -0.017310 -0.012833
1084419.887087 1.214681 515.130228 -0.018218 0.005932
1899527.167855 422.520533 461.410697 0.008451 0.001114
745706.753221 643.166291 509.141334 -0.010136 0.010542
1369434.811813 44.298876 529.138454 0.000576 0.002792
353913.564400 780.029029 371.896729 0.019278 0.003540
660308.989072 568.521511 492.079628 -0.009055 0.011118
1997036.600484 653.731405 468.964448 0.014265 0.014408
857968.969670 644.620271 232.644057 -0.012094 0.000743
1832483.595159 457.090675 194.318368 0.011709 0.011621
174050.590104 359.820726 525.548675 0.018769 0.018478
887791.815627 115.809261 561.220936 -0.017431 -0.014859
1048845.100705 314.639359 504.396433 -0.006251 0.006686
1236598.032171 273.661348 290.033999 -0.004027 -0.012094
688449.854352 662.692406 2.411559 0.009249 -0.018938
1047717.716101 519.111104 357.797240 0.013917 -0.003480
831685.772553 746.747884 517.285054 -0.008459 0.016124
1646809.537731 587.919707 29.478303 0.010385 0.011942
354697.854423 226.578019 115.090207 -0.019276 0.005151
1718570.137265 508.404073 581.394476 -0.006287 -0.018646
338487.908402 549.650367 517.425819 -0.012997 -0.003251
1776805.868268 558.740223 40.767943 -0.000620 0.001848
960078.654327 720.378393 286.988885 -0.006815 -0.012540
763596.911339 131.443090 556.094231 -0.002748 0.017021
1446903.674606 486.665763 125.325776 0.017559 0.005376
1673049.761761 619.871233 155.840787 0.012214 -0.015279
591079.477496 780.278958 482.689622 -0.013709 -0.013986
450261.526019 36.888096 509.530246 -0.008243 0.001255
788880.985598 619.021787 258.755006 0.014935 -0.015423
1247242.441982 204.429040 167.404068 0.002022 0.007425
405506.701397 218.009777 175.248670 -0.003531 -0.012361
1835863.754077 197.688326 576.325095 -0.012857 -0.017848
159031.381905 380.077742 18.638656 0.015404 0.005325
362722.217274 87.302783 407.223263 -0.018532 -0.003741
420997.232395 340.188933 105.296089 0.005862 -0.007731
580167.091722 213.289724 332.929067 0.002809 0.012591
479025.265425 617.111151 52.511006 0.001287 -0.012674
552036.800679 359.878131 258.441264 -0.010469 0.005066
969986.005207 253.896423 61.552469 0.000816 -0.011951
1471710.388303 557.491691 187.845260 -0.003394 0.009222
1430984.936390 500.923899 91.086580 0.015644 -0.009259
902052.609670 144.464366 321.205395 -0.019779 0.010001
700700.571156 195.522172 313.376467 -0.002450 0.011060
1408199.004553 571.206813 137.207437 -0.014609 0.018116
1713095.736556 496.352349 161.340552 0.018421 -0.014613
944491.339356 557.146027 498.658799 0.011373 -0.015566
1119457.834922 400.493198 441.408763 0.008483 -0.004371
8319.607940 130.641148 343.441119 0.001564 -0.013273
647061.014849 711.901714 247.372859 0.013812 -0.006820
379545.065751 439.174623 25.924334 -0.003342 0.007314
1990576.603445 218.581862 181.400802 -0.009383 -0.010680
876473.971119 589.582744 557.755836 -0.009188 0.000888
80381.552726 664.595248 13.456267 0.011020 0.001700
828036.629980 625.095570 423.039037 0.019522 -0.007179
1747623.103553 248.347833 124.388502 -0.008533 -0.013741
1072386.123739 381.218908 423.710102 0.003229 0.015734
777386.485961 459.661172 100.926707 0.007634 0.013595
801906.589792 103.725824 345.945039 -0.006812 -0.003941
197987.358178 295.899039 137.768180 -0.015161 -0.014143
1545926.498969 428.228535 556.361593 -0.000457 0.001267
492654.834172 281.818718 500.360291 -0.000870 0.004997
1978982.283724 792.971176 69.289726 0.007747 0.002828
17631.095842 66.059430 86.780721 -0.012954 0.010995
1966499.848276 461.748462 543.690345 0.003650 0.014900
611006.784537 527.339647 167.382674 0.001460 0.011204
850069.038966 247.010751 189.917381 -0.005923 0.011500
1676786.882652 479.134073 83.220631 0.006894 -0.017859
1557780.060711 529.822705 26.138077 0.015762 -0.005719
1227310.625476 722.840541 262.735635 -0.008073 -0.035929
428616.731627 591.968126 393.312970 -0.015228 -0.007965
1127178.874392 340.470965 576.758933 0.013656 0.018407
1480731.590409 212.693391 162.235537 -0.017760 0.004803
115335.758829 715.070821 130.663506 -0.012099 0.002661
541498.807511 780.900212 137.353346 -0.007446 0.014834
1167776.423119 741.892051 464.523464 -0.019057 0.007389
1705487.274428 189.987256 255.749603 0.000310 -0.005711
1455042.508177 58.250404 469.718309 0.007529 0.016569
1485351.840726 341.457721 108.567554 -0.019550 -0.000663
1600046.444498 55.504267 226.657561 -0.019273 -0.009267
1889695.885540 230.132986 146.901881 -0.013081 0.004148
230475.999522 605.947083 319.341322 0.015495 0.011173
434670.210087 593.575546 9.921769 0.005755 -0.009939
748135.628527 296.627758 192.998124 -0.013635 -0.017665
474188.291689 718.612631 292.800233 -0.003326 0.016202
1941577.332067 174.232769 588.493199 -0.006008 -0.010690
499196.726130 235.231589 314.389716 -0.000262 -0.001296
254300.674542 487.773899 134.030873 0.006370 -0.000113
6325.354803 699.935449 144.015390 -0.019182 0.000834
980919.682878 316.105207 534.941267 0.012556 0.001955
1900851.625903 40.261117 269.150200 -0.002599 -0.001273
719689.197242 326.183902 412.429118 -0.006338 0.010296
1844748.197982 472.719801 30.092594 -0.002185 -0.016556
1036199.990211 459.287650 416.269339 0.009635 -0.010769
385683.919483 595.609182 65.327272 -0.002700 0.010630
1256102.471266 738.643966 96.130063 0.000481 0.010339
1419511.694191 375.348302 472.946941 -0.013618 0.016241
511292.832210 415.366537 189.757160 0.017687 0.014408
145034.134456 691.105512 270.102530 -0.015049 -0.007553
1071721.370831 513.094926 530.638302 -0.010813 -0.004677
233847.819378 338.127446 77.451589 -0.011038 0.014193
1786277.592083 681.727906 467.377834 -0.017910 -0.005084
1031918.257955 609.601169 506.206854 -0.007876 0.016819
1499349.890975 446.229689 263.474509 -0.017317 0.000082
597617.807145 110.374315 219.007428 0.010019 -0.009532
1353622.215499 228.402432 541.957447 0.002470 0.000629
573296.933702 542.625081 564.090652 -0.003397 0.016134
1590131.532210 246.423861 453.737954 0.003016 -0.005545
258416.177825 73.074958 73.590194 0.018867 -0.004274
87595.200207 577.071418 571.749651 -0.000688 0.011451
906233.425674 625.920040 554.295024 0.012745 0.001240
370032.188655 395.793980 489.217107 -0.016454 -0.017746
664767.085884 299.519788 441.856084 -0.009130 0.011572
1278253.811075 52.995555 58.730008 -0.004115 0.005621
916040.443311 420.101899 438.712095 0.003217 -0.000168
249204.321880 499.099010 130.155770 -0.016947 -0.015718
8661.484350 424.587133 533.391700 0.017159 -0.006052
841302.204338 90.023903 506.039137 -0.010469 -0.011989
1802783.200425 455.948228 346.297313 0.005476 0.013643
731632.451868 220.843013 544.793960 -0.001399 0.006842
1096714.972098 736.686163 118.100515 -0.008795 -0.000111
1386984.768969 324.021851 76.206411 0.016472 -0.000735
469499.863903 732.049867 7.000793 -0.015004 0.013814
718651.906922 435.349854 574.680610 -0.011850 0.011219
316653.122342 84.380233 211.427453 0.010160 0.008912
385530.231700 79.599024 10.963192 -0.015987 0.002577
1379939.433830 519.556107 291.707309 0.015407 0.017181
1974529.288697 463.583364 199.389157 -0.015531 -0.000414
1626419.535664 279.810856 244.561952 0.012985 -0.001061
503204.831157 146.094053 10.641872 -0.011610 -0.004500
1600260.999799 292.960864 294.381545 -0.013934 -0.015950
467442.890847 275.274536 120.991926 -0.009912 -0.002201
1530910.291491 753.003486 56.667573 -0.010011 0.013184
43405.273949 189.906145 245.081249 -0.005783 -0.005883
1801413.789299 133.478220 421.489015 -0.007701 0.019684
348673.859774 447.470495 105.089838 -0.012279 0.010756
1122384.702378 793.260616 80.719403 -0.017926 -0.014251
474000.488629 229.235506 293.460547 -0.002429 0.001563
1867761.544822 162.612930 288.083932 -0.018851 -0.001849
617712.498930 39.650803 415.264271 0.008762 -0.003837
88793.583256 495.175162 342.958008 0.009900 0.016908
1123119.018564 736.261266 291.436565 0.009360 -0.015513
510837.786138 237.531662 62.592753 -0.004327 -0.005982
498234.962345 502.766591 381.328755 0.009533 -0.017335
350510.791107 537.855647 162.952910 0.006257 0.007950
1451432.125387 771.363186 449.404161 -0.003403 0.007363
303273.376219 370.368804 179.847880 0.008883 -0.011665
454803.713809 227.239603 75.876615 0.008606 -0.019198
480071.545802 775.449549 189.779686 -0.006257 -0.005555
1333575.176696 474.786873 592.846115 -0.007772 -0.006721
110627.538576 382.754774 1.781498 -0.007008 -0.014501
1406769.050940 41.565431 59.179986 -0.001865 -0.001179
1561676.394922 482.101353 559.290544 -0.016766 -0.007001
281255.947557 246.655967 364.680004 -0.009246 -0.019069
1257382.930842 407.534975 596.200813 0.017782 0.014118
706537.016996 489.468718 268.995831 -0.006343 0.016656
1558318.719993 318.185510 237.101674 0.011350 0.008937
1057752.200895 389.447422 466.058738 0.005111 0.017489
491364.625511 326.201147 325.138820 -0.012860 -0.000413
1734950.389590 255.123701 479.336134 -0.000921 0.003492
1643357.573842 84.779951 56.764991 0.012567 -0.017962
1898263.090243 133.920572 397.735280 -0.004152 0.000408
1157183.811607 141.156241 544.718288 0.018945 0.018330
1260090.642264 401.446315 266.456643 -0.003784 -0.014829
767107.214205 521.725075 323.376310 0.016973 0.013173
55740.578126 634.915694 88.730569 0.013009 -0.009326
1471867.368311 519.108384 224.862640 0.012802 -0.001701
851158.514084 624.055810 377.554674 -0.016455 -0.012925
279214.015361 532.860022 211.839343 -0.018201 0.005636
622537.959657 541.413082 84.598111 0.010268 -0.016709
543551.074594 112.504333 439.101067 0.012915 -0.017316
1125283.938425 670.498624 515.315110 0.008414 0.006514
255944.995329 357.695357 187.061598 0.000112 -0.008826
1549879.616848 742.589060 35.100214 -0.003809 -0.019289
474171.187949 435.922987 410.504111 0.003559 0.003658
648167.413030 720.762047 160.537121 -0.001357 0.006313
697835.028496 589.720169 478.516843 -0.016730 0.001912
1725670.433475 516.062126 231.079649 0.008598 -0.005256
99429.388577 679.130871 481.495184 -0.005526 -0.005957
163663.104253 109.249622 168.320643 -0.006605 0.000363
594763.153510 303.836860 52.915286 0.019281 0.018818
1355525.087265 245.060937 522.195459 0.017942 0.010954
1053977.892294 234.741417 305.595546 -0.007012 -0.004924
115031.983757 149.676354 12.924506 -0.002333 0.016305
752375.869431 393.659090 455.193396 -0.012752 0.014189
219437.964363 208.558224 594.975815 -0.004391 -0.003953
1068114.026016 550.285271 469.129155 0.004826 0.006920
1499866.051366 239.151592 584.134228 0.004719 -0.010295
1491842.997955 116.771510 322.371592 -0.009704 -0.001116
1826279.228472 251.221602 395.280509 0.017290 0.010253
1133058.067007 247.477118 149.319703 -0.007045 -0.000433
207507.431604 346.439121 450.395774 -0.016175 0.012954
304737.184339 504.504489 306.611941 0.017354 -0.010024
361247.467977 546.377564 329.263665 -0.013812 -0.007891
1585793.637478 720.374802 269.219061 -0.006752 -0.013859
1841064.114050 194.856335 281.176260 0.003197 -0.012824
451362.950938 116.069368 291.939050 -0.000993 -0.001229
1950936.490647 463.016684 542.262334 0.007694 0.008336
1454702.783122 701.624835 182.749033 -0.010462 0.012504
1108684.254395 335.089326 297.158283 -0.015858 0.002983
1596490.624173 716.762963 284.809743 -0.012867 -0.009883
1263706.185512 134.084866 282.557571 -0.015924 0.009880
1294332.516982 261.035281 535.828822 -0.014673 0.012040
723046.520130 87.031526 228.553021 -0.009388 0.013353
107937.715067 793.440247 426.793665 -0.005758 -0.010868
1046872.077066 728.793772 389.704637 -0.019394 -0.019545
450965.188654 653.727080 546.613960 0.008008 -0.017430
278162.196408 266.398041 139.748343 0.004373 -0.002624
1960316.196066 205.814025 456.547855 0.014896 -0.004398
1125740.257616 187.853209 299.747938 0.017724 -0.000072
668170.334151 796.686726 294.194020 -0.018196 -0.005844
1443825.863043 455.469042 160.052012 -0.005093 0.003558
564375.188464 478.102237 242.558421 -0.012222 -0.008028
938961.728913 267.157416 379.920413 0.008065 0.017686
132214.712972 546.750054 119.682128 0.013373 0.002233
1179224.623916 311.464024 473.103276 -0.016498 -0.006652
575213.267736 339.092739 197.870469 0.010979 -0.001188
1368718.602401 400.965577 24.065414 0.018036 0.014955
1254302.726711 185.651033 282.668539 -0.018632 -0.002903
1541011.519516 401.004219 456.103884 -0.003925 -0.011877
1407684.757098 375.535815 531.722545 0.016160 -0.008185
883750.411162 393.764351 411.797284 -0.010547 0.003304
38293.802197 414.510334 2.805766 -0.006035 -0.008078
949396.727117 26.724836 479.051658 0.000616 0.019454
1340193.529306 112.119844 129.820948 -0.014281 -0.013050
1289556.392138 729.376259 404.295517 -0.003834 -0.007437
1756783.113702 88.149273 468.938556 0.010458 -0.019760
157687.638028 166.086694 303.227372 0.010649 -0.002497
175039.783202 626.582012 573.192467 -0.016259 -0.014659
506304.289450 453.212965 99.179936 -0.017939 -0.016705
301433.914481 576.015097 133.889545 -0.005383 0.014560
790027.673724 9.500028 464.044860 -0.017182 -0.003250
176035.711624 758.830212 317.280482 0.014791 0.008526
1081972.172988 759.077299 552.349786 -0.018279 0.008709
715741.816310 106.934866 298.840211 -0.007399 -0.010926
1263880.632475 454.406334 476.774536 0.011929 0.004696
1751026.801649 758.626451 202.420311 -0.016184 -0.007299
399196.095951 394.927050 198.057740 0.019111 0.002349
1496994.359185 48.625781 306.593794 -0.008894 0.017279
445396.929255 653.542417 529.831552 -0.014304 0.014538
1193553.106484 399.751925 599.501787 -0.016112 0.012531
450224.472419 581.229731 229.331118 -0.019251 0.001036
1999453.321099 715.715976 285.890024 -0.004071 0.018981
1584501.028799 429.126519 291.144626 -0.015106 0.000398
94458.571679 696.635074 342.420743 0.002264 -0.014109
1007827.074736 623.566795 579.746221 -0.004563 0.016847
1658558.308919 786.727274 253.034734 0.013085 -0.016915
475365.567242 42.331460 482.811085 0.004279 -0.016897
663714.367274 496.161584 580.970300 0.012215 0.018159
1919117.403179 479.280714 296.995533 -0.002163 0.008819
9624.167350 393.729636 354.477413 0.003062 -0.018037
1478876.057770 64.672550 497.162743 0.007712 -0.001374
1502145.321808 426.466872 269.213036 -0.013018 -0.005534
1054818.871922 329.054138 247.615003 -0.006669 -0.018736
972186.690649 532.041029 390.584482 -0.001901 -0.001129
1216433.286302 329.450407 43.404658 -0.015862 0.014311
1585452.240699 85.723941 209.959038 -0.004636 0.007089
796849.675848 98.918381 459.150193 -0.011134 0.013061
461377.134761 782.861612 216.909644 0.007135 -0.013901
1447663.852688 165.129330 338.381711 -0.014469 0.001606
1190708.408687 498.720805 122.654770 -0.010133 -0.017081
1355477.244293 684.121310 294.582139 0.010003 0.018252
694211.989964 433.771811 39.488131 0.007915 0.017113
1497031.391364 75.985173 30.192587 0.000516 -0.007093
1759090.904966 594.388541 180.037185 -0.010331 -0.003081
904928.793621 771.880164 377.614927 -0.019375 -0.015858
341892.055395 489.130446 437.199054 -0.004956 0.014362
1609370.418642 43.098579 428.136478 -0.008168 0.012130
1339833.364515 513.576996 206.833666 0.009434 -0.006387
543533.833951 386.133393 260.611858 -0.007102 0.019773
1510075.678821 160.955309 443.555229 -0.017782 -0.002230
325429.097901 406.720107 246.070217 0.011710 0.000973
1027532.088117 770.870211 81.196798 -0.010403 -0.006334
1987715.010526 37.234567 236.736705 0.008293 -0.006362
396776.620483 301.258039 588.509871 0.001756 -0.015609
639902.701899 652.693601 355.816174 0.010157 -0.014507
1179865.857204 406.067968 204.139528 -0.006874 0.002541
1568458.621189 393.133838 42.263713 -0.012224 -0.008573
1190290.628555 566.825712 150.393632 0.009232 0.017977
1180185.991889 580.642636 597.224759 0.019382 -0.002813
672088.553511 146.482488 485.076765 -0.007413 0.009060
1837656.663655 510.376578 325.247549 0.000515 -0.004376
1360614.323691 81.435904 539.163984 -0.019215 -0.002761
924125.776125 643.727885 555.376053 0.001305 0.019924
418950.309241 102.528556 424.752039 -0.001813 0.014230
1312754.557148 39.422383 349.581845 0.006052 -0.018696
30587.249450 790.939127 130.203312 0.012883 -0.007749
1889215.610870 593.532527 565.941239 -0.000550 -0.009843
669560.509114 133.391353 214.050046 -0.010652 -0.012485
1579576.984783 556.876839 594.891795 0.008599 -0.010930
1982244.182370 739.123326 214.002242 0.007925 -0.004710
432350.935616 284.036348 257.948956 0.011970 -0.019776
930735.730068 652.645698 596.844605 0.007302 0.005509
600671.720971 501.591182 227.636058 -0.010156 -0.015433
1270601.892504 464.068216 169.624033 0.019699 0.012526
938976.299455 626.110468 304.953738 -0.001552 -0.000153
1474031.937064 361.604166 251.539321 -0.016257 -0.013942
1605130.416157 247.704279 302.527601 -0.010671 -0.015574
1023340.410098 559.402781 555.245223 0.000254 -0.004737
1128556.229700 645.836935 5.053600 0.017726 -0.017935
248420.950141 463.880870 377.914601 -0.004106 0.002562
884577.235619 701.180149 213.148226 0.017995 -0.006632
1704879.713107 549.672284 474.551398 -0.009087 0.011157
1882055.445519 60.084556 54.747585 -0.002192 -0.007593
404206.608610 765.777037 4.939675 -0.014904 -0.001415
780987.060993 553.527860 162.465393 -0.004081 0.005525
642018.800900 420.275824 130.892342 0.018038 0.017209
1579863.075903 313.769848 483.304723 -0.014241 -0.006309
286431.929230 799.197966 18.266915 0.017334 -0.009105
1625355.291937 700.182347 207.272442 0.016183 -0.007102
1310099.705732 85.528430 166.783681 0.006600 -0.010572
1485499.756171 42.278826 555.841401 -0.019437 -0.001828
1126826.147142 267.791864 586.705082 0.011207 -0.008652
1817754.082297 456.591810 407.036581 0.008593 0.008660
42605.713030 685.687285 428.893894 -0.017468 0.011475
1969490.396776 691.769571 399.912934 -0.006749 0.010788
1972945.507603 788.203789 525.907813 -0.009427 0.005962
221002.463354 5.571651 420.997300 -0.018479 -0.019154
314139.836614 479.740370 212.934727 -0.014574 -0.004779
1280098.799281 35.210375 571.088407 -0.007241 0.010307
1334025.561499 271.107878 370.178019 -0.004791 -0.004315
817314.073824 291.894514 154.291444 -0.016979 0.007878
52254.755074 49.393965 409.039169 0.016118 -0.006917
662711.798522 9.390294 199.654522 -0.018598 -0.017992
710212.109941 153.505845 389.827361 0.008414 -0.006921
61999.699130 281.122359 223.097935 0.019320 0.006772
261157.692532 519.697540 3.619028 0.009907 -0.018752
797766.605764 125.466515 237.076354 0.006233 -0.010779
184709.901076 545.751602 175.229001 0.010997 0.003293
1235796.007903 85.510423 357.321586 0.018122 -0.014405
1292608.929469 245.280003 198.225474 -0.008132 -0.019334
1317389.029692 261.209118 220.326321 -0.018778 -0.007598
71927.786838 127.729911 575.902228 -0.018264 0.016280
1977614.946653 353.565034 38.308136 -0.004675 -0.016037
591803.305127 381.787705 467.154949 0.003534 -0.009939
726241.200569 165.268788 213.954569 0.018402 -0.013691
995710.504705 485.336617 279.421413 0.013138 0.016103
963862.695249 391.220996 138.021126 0.013997 0.000719
1079147.418532 708.512872 408.104822 0.000044 0.017223
1174876.041326 389.913096 223.325682 0.006101 0.014863
937689.950195 758.228331 209.346122 -0.010102 0.001366
1200871.358253 489.779818 445.108616 0.018295 0.002821
1798372.363578 364.446718 105.779970 -0.005466 -0.008551
158766.744732 676.227787 464.567246 -0.007531 0.007878
584123.108808 679.948743 348.344762 0.018809 -0.006105
1019930.488905 447.414619 500.074015 0.015237 -0.011570
1412068.961846 279.224467 95.686096 -0.017828 0.003984
1390465.348675 524.118253 125.812003 -0.002536 0.004567
1560588.704217 269.627052 41.810823 0.018294 0.008038
709118.110458 28.637241 327.040227 -0.014821 -0.006316
481739.437432 336.820038 116.750580 0.012809 -0.004329
1084185.081108 265.262745 569.414587 -0.004953 -0.011508
321427.933090 65.606891 337.154031 -0.007567 -0.014324
322096.383349 11.897848 475.434255 -0.005133 -0.001933
811598.476400 120.524820 472.192613 -0.000990 -0.015693
975828.599639 662.793563 87.467473 -0.018663 0.018338
980873.326296 219.746126 226.183239 0.007428 -0.016139
1538962.265262 182.307688 256.979140 0.008848 0.004172
1281944.833362 703.524899 411.200269 -0.011740 -0.012075
1646853.441208 292.164217 129.450198 0.004646 0.009430
1334224.681991 17.326792 531.643931 -0.001751 -0.000144
1987979.200663 753.884672 196.497400 -0.014448 0.019151
567825.405192 503.408266 150.185966 0.006619 -0.007357
693992.653253 345.671163 324.404227 0.011169 -0.014021
290886.182473 333.340007 18.712596 0.013265 0.004837
461579.700216 523.949644 590.519087 -0.002182 -0.009211
1440439.939238 90.571348 175.769233 0.004285 0.002718
1578856.275221 479.584000 307.190715 -0.015374 0.009486
975708.803616 319.995960 219.869831 0.009550 -0.017503
1363849.989774 68.078113 296.419967 -0.011051 0.014437
1287670.666020 295.517812 165.488010 0.006993 -0.011983
1793086.186886 725.023703 513.171742 0.015254 -0.005939
253419.465503 481.155107 278.109942 -0.003033 -0.011638
65064.939701 167.189962 484.625719 0.001755 -0.007021
1093948.624606 26.062861 434.834762 0.016637 0.010810
1570950.974510 476.890567 514.183689 -0.008948 0.012885
1433502.711092 738.694533 113.683481 0.019655 0.003959
779698.448619 711.529980 301.950650 -0.010236 0.010914
1707668.152502 297.503054 224.263876 -0.007302 0.011713
1161722.038482 280.377376 1.043135 -0.004389 0.015818
650195.260835 748.070587 556.344155 -0.017967 0.014024
1393276.303724 667.717956 267.714715 0.002116 -0.015476
534900.189626 215.492931 20.812677 -0.001722 -0.009449
1264731.390059 676.578824 91.001451 -0.014610 -0.016293
1848317.172308 790.603292 278.261190 -0.008157 -0.007742
512088.236637 701.963174 394.144089 -0.009756 -0.009264
1104225.446984 465.377251 122.065834 -0.000855 0.005249
107543.810321 140.002929 279.603988 -0.000009 0.009155
1156781.673039 614.994956 597.834091 0.004531 -0.011041
520065.349769 196.742308 42.786380 -0.003459 -0.004744
327390.441823 269.823074 222.014397 0.005085 0.005379
1353004.063178 706.964681 306.643196 -0.006507 -0.014413
1558240.596931 709.756536 433.263370 0.019294 -0.005474
706633.334377 29.312620 323.792524 0.012782 0.001659
534505.464385 317.257590 182.487477 -0.009450 -0.019533
1061346.780072 419.736546 154.898469 0.004188 0.017608
1275778.349152 611.978242 164.407104 -0.019713 -0.004274
1816858.008419 547.095062 166.030255 -0.003173 -0.019293
837596.447597 159.100371 542.026073 -0.014413 -0.012809
537634.699856 396.204551 130.362105 0.012321 -0.007440
1509630.032587 59.584702 425.787654 -0.025276 -0.022718
1442342.147903 473.619047 518.170561 0.019185 -0.012361
1603574.954720 492.074106 575.816219 -0.016932 0.004958
706735.606634 787.843888 184.375425 0.005209 -0.003780
651319.147391 39.737447 362.284716 -0.010774 -0.012383
1573016.600485 398.162140 411.355047 -0.019939 -0.007666
1998835.487291 607.649397 230.176921 0.008375 0.012765
1445522.677826 344.902088 246.127363 0.003477 -0.003645
1207599.107738 311.333972 14.960791 0.002535 -0.001322
1297106.122271 733.978689 269.877612 0.018133 0.001905
1709409.523620 225.349137 358.938133 -0.001614 0.000451
1579454.636005 196.672924 5.855008 -0.000955 -0.009963
635151.660366 380.562033 5.056598 0.008026 -0.012570
1657542.871152 338.011962 368.768370 -0.010404 -0.019605
50074.195513 673.671178 239.449081 -0.017990 -0.003731
1728956.987955 558.581485 193.877372 -0.007464 0.006086
1741304.677791 135.022589 562.118311 -0.001266 0.005056
896425.988943 206.792479 524.867782 -0.001635 0.009343
248631.410417 620.379856 125.790587 -0.014690 -0.000944
789536.960791 769.093074 539.267406 -0.019606 -0.011931
1819863.026878 28.317993 26.109108 -0.007616 -0.016543
901731.744829 139.467145 470.672914 0.010950 -0.000466
878442.611954 515.161456 393.389078 -0.004976 -0.015502
569936.175165 658.574552 222.617993 -0.013654 -0.008685
212161.644461 226.411760 35.179566 -0.007361 -0.003245
1070836.321949 568.342812 228.035464 -0.002627 0.008850
1162154.364009 276.188513 454.538730 0.005043 0.006162
1685995.778854 61.525049 497.393722 0.005555 0.014010
631794.399876 54.165751 296.544221 0.018928 -0.002276
