120102.793966 630.622578 121.811575 -0.006063 -0.005537
269277.329682 300.677576 155.673636 -0.018234 0.015178
1260731.205931 301.785629 191.821256 0.013107 -0.002990
973263.179405 632.601451 573.130694 0.008543 -0.005921
1683880.506867 289.814534 229.743162 -0.016856 -0.013038
1760997.696668 174.991810 581.133440 0.011708 -0.019854
354965.669268 682.139957 475.029578 -0.004779 -0.011960
306862.422408 412.133311 346.355340 -0.003489 0.002377
913598.742761 34.553567 562.069454 0.011072 0.014840
723511.401901 210.488765 397.104191 -0.007318 0.019074
27418.055584 127.151008 203.521990 -0.004130 -0.010496
1026719.971107 221.779059 273.577296 -0.000716 -0.017204
919235.655535 527.606673 553.456598 -0.009943 -0.018397
247720.705461 323.939415 333.256672 0.008046 0.012701
229642.751734 126.222736 516.537558 -0.017944 0.017351
1463437.116455 330.559841 118.599964 -0.004263 0.009206
349002.480669 325.682331 533.596497 0.000624 0.012075
253345.397419 21.743585 48.636358 0.003310 0.000369
301882.374241 33.833396 101.250227 -0.017056 -0.008246
417897.793659 157.969816 419.313973 0.010570 0.015940
1032678.423930 703.242350 33.924205 -0.004917 0.017226
1981626.739717 86.973719 206.272256 -0.012478 0.000134
148080.320166 290.418192 545.653410 0.018531 0.015065
1426235.401736 72.008996 542.349522 0.011771 0.006908
826207.458426 756.110370 428.972892 0.003273 -0.019254
17939.873048 632.744931 129.635740 0.008302 0.002209
229060.592236 179.149842 260.556919 -0.013142 0.004024
729567.630556 129.429549 425.911736 0.008352 -0.006003
424191.899795 626.007619 427.870003 -0.015144 0.009823
1179453.697605 667.600696 501.509486 -0.000266 0.005145
1017047.714916 725.289498 344.273886 -0.011055 -0.000456
1184883.571782 186.160806 167.786631 0.012335 0.017620
1669257.284919 738.360534 98.511069 -0.009258 -0.016296
1530870.404807 506.905352 153.363499 -0.000996 -0.006319
1211583.405366 549.911225 74.956608 -0.007248 0.012358
1741377.547263 726.882445 385.974041 0.008263 -0.003902
544004.606336 172.086458 185.275984 0.013836 -0.002453
1594854.852927 350.500446 402.716839 -0.016923 -0.010133
1223177.906695 729.294190 101.771098 0.011026 -0.012820
527324.168257 433.086754 488.319624 0.000772 -0.019335
312490.830343 100.045624 422.466986 -0.008864 -0.002284
1025907.483430 121.328950 211.567178 -0.013747 0.014332
1509229.653286 342.531707 43.908523 -0.017501 -0.009073
1023852.793045 688.618508 427.481899 -0.012672 0.017509
1918069.081343 635.760958 509.605580 -0.014845 0.002825
59433.087734 314.015804 67.330218 0.013745 0.016469
257531.464220 800.070063 22.074166 0.013311 -0.008762
961609.428265 276.751757 259.689658 0.013337 0.000082
582120.371322 470.294863 558.278307 -0.005428 0.006047
408974.288222 701.086707 307.221426 0.016688 -0.017627
899929.745542 700.626536 512.449671 -0.008029 -0.019819
849952.291162 263.207097 238.149264 0.001485 -0.013090
617567.269419 532.617674 103.650907 -0.006174 -0.000048
907629.657959 661.247110 506.770914 0.015469 0.006382
693382.430213 142.104935 148.599282 -0.008915 0.001680
1797970.130014 385.252046 250.933932 -0.003549 -0.004067
955435.349120 688.877651 164.464086 -0.006720 -0.013581
557659.864685 605.599016 293.610134 0.007032 -0.008241
1324351.926951 787.787075 575.851436 0.013391 -0.006792
917046.023028 230.952354 93.982576 -0.007876 -0.012975
1632997.046985 519.728067 211.928703 -0.017442 0.017082
1790149.784549 770.467702 245.052921 -0.007458 -0.005019
1613713.184192 632.752397 141.191513 -0.016762 -0.015077
791753.703166 288.012745 527.889211 0.015412 -0.018572
347958.385175 437.902981 12.226897 -0.014649 -0.004693
701432.257286 473.853367 402.772018 0.000301 0.015818
1693039.169392 259.109920 327.081377 -0.012019 -0.004476
944105.254926 75.807115 210.730746 0.015235 -0.003681
1451122.988691 549.998138 119.483255 0.018438 0.010742
644142.737912 285.449522 76.968707 -0.011915 -0.010311
328294.663843 300.757406 473.802338 -0.012554 0.000397
344141.964030 428.299500 61.184887 0.013726 -0.018291
1995072.262359 551.798849 220.114190 0.001706 0.015574
1509670.835691 11.727517 590.470713 -0.015753 0.015808
783939.521193 665.337231 349.656926 0.003627 0.011710
702233.533702 730.463477 89.649860 -0.000821 -0.015369
783487.379916 514.841579 294.769475 -0.012737 0.013119
1976.599918 282.701066 218.027699 -0.015872 -0.012126
812477.567611 80.586953 531.892448 0.010920 0.005742
1551513.418346 422.289828 394.910401 0.010388 0.005356
1106838.468046 121.286161 279.367556 -0.014552 0.009711
516376.429478 389.735462 393.580723 -0.003705 0.018673
1541877.001311 639.537072 366.294003 -0.009515 0.019235
877046.727052 210.538632 200.597787 0.012082 -0.005351
1062152.807164 166.581703 280.229854 -0.003298 0.019256
220503.739184 154.672816 305.496386 0.010740 0.018119
285758.867062 257.469159 62.816131 0.004327 -0.001726
1694852.848395 693.276146 566.999191 0.000144 -0.009052
1823523.613542 219.338698 44.299497 0.000888 0.001454
109429.840049 768.460320 479.674990 -0.004439 0.010502
331166.874772 736.162828 582.483981 0.005299 -0.006499
1904142.131984 594.163406 318.572998 -0.001560 0.000443
967910.745632 483.179405 499.685327 0.003543 -0.011505
581591.096978 348.816202 47.463954 -0.010577 0.017562
706572.319710 118.093310 128.128250 -0.002927 0.006799
1499518.371885 385.467013 378.272271 0.001966 0.014840
785875.055374 571.737408 474.616130 -0.005450 -0.006113
257524.722376 252.732156 53.990061 0.006398 0.011092
1201976.699383 114.921005 228.586210 -0.002641 0.009291
1186503.038363 579.792285 101.151824 0.006879 0.018420
215485.423904 20.353006 64.912871 -0.007147 -0.001898
1555844.913030 56.771556 560.674663 -0.003674 0.004803
1610655.802121 640.966396 200.821581 0.003854 -0.013400
1363983.919548 580.194788 288.489628 0.010875 -0.004604
515601.680854 298.321953 317.197280 0.005549 0.012268
521772.659627 185.542665 318.961468 -0.002826 0.016160
984056.433190 429.662926 557.858900 0.003926 0.014229
764465.851134 302.485513 557.623323 -0.007333 0.011454
1098768.237559 97.662094 352.596154 0.015221 0.008750
1505133.839094 452.901212 266.099326 -0.010673 -0.006482
1656881.889169 392.949300 426.485477 -0.005709 -0.014805
1035409.796534 494.208833 217.024140 -0.018030 -0.018111
532033.862794 432.889292 350.469426 -0.012174 -0.014342
885049.308131 462.283371 311.832534 -0.005125 0.015780
611963.250959 737.027261 9.972388 0.015737 0.012216
1469794.933437 516.836922 223.030223 -0.012811 0.015251
1419313.830053 5.498863 222.438901 -0.003172 -0.005443
1001399.715897 750.718649 589.165493 0.014500 0.019492
57920.523946 102.891306 317.157880 0.004532 -0.007029
1340168.589419 44.516157 541.261181 -0.012409 -0.002900
1593328.125585 396.584227 209.198019 0.012529 -0.004433
308175.125303 438.464634 21.253930 0.001013 0.009069
1829796.170737 188.215889 440.086565 -0.008572 0.006237
194622.977727 629.012678 356.567206 -0.016835 0.005959
1163384.351490 86.350570 466.564420 -0.015562 0.008895
203536.384834 624.242726 466.283213 -0.019844 0.018803
408990.508136 640.459307 279.472848 0.002161 0.004563
1709918.606891 565.911316 97.029555 0.015627 -0.010674
1776676.395804 644.186123 280.882306 0.004860 -0.016369
248411.979642 575.304077 526.416821 0.008739 0.011926
1052401.075630 240.057569 543.698037 -0.007849 -0.003575
1254879.329007 324.377752 114.526856 -0.003812 -0.003617
322021.593490 487.152110 125.899781 0.004868 -0.013661
1647379.426121 385.477435 521.607053 0.019420 -0.005118
204691.412954 699.085699 106.331334 0.002821 -0.000175
536197.156895 555.791662 128.784189 -0.014187 -0.003469
25648.950611 537.332914 428.134840 0.016746 0.019003
247729.502734 437.128015 228.564875 -0.007408 0.018034
1580350.309415 380.522337 335.782464 -0.019996 -0.015899
1443766.372951 659.073912 350.622976 0.003655 0.012375
1912564.341869 554.817559 409.843918 -0.014662 -0.009430
357511.299829 321.258254 575.458490 -0.004284 0.001874
744693.135258 324.912906 131.069126 -0.016568 -0.006993
387589.365424 167.696727 523.043125 0.002984 0.000972
1645202.005117 291.776299 0.068323 -0.004706 -0.005399
205411.871060 83.449651 113.260461 0.007482 0.007824
1996032.971887 514.638770 233.551706 0.007295 0.010967
1306804.762830 687.966963 106.959987 0.004500 -0.009865
1450619.077985 787.958155 395.672747 0.017748 -0.017178
1969754.747101 110.166984 168.145664 0.014079 0.008559
1609086.544071 543.431386 46.072497 0.012189 -0.017534
883645.576836 725.956606 99.529943 0.005275 0.003757
1722771.757153 502.776952 142.537040 -0.009977 -0.007604
28763.775727 723.089660 101.787096 -0.012248 0.000634
845989.907554 734.347622 300.830848 -0.016702 0.014467
1143645.596292 54.057993 599.778138 0.014081 0.016959
1423342.375748 525.287980 361.968507 0.011537 -0.001553
1329764.171191 184.419663 221.266236 0.013231 0.014439
1926056.274178 553.630668 293.791146 -0.011977 0.017708
1598411.507718 172.130926 507.941941 0.018756 -0.003690
726058.746095 313.549525 195.486816 0.014569 -0.001022
375371.614646 348.820528 325.107388 -0.012527 -0.008493
932014.105344 718.978156 566.818993 -0.017216 0.007438
811741.037672 587.405312 550.746435 0.010981 0.002601
1557690.799962 589.989077 154.313241 -0.009266 0.017525
399385.155365 53.940625 91.848018 -0.018146 -0.018546
1122038.441301 327.541821 256.890858 0.015475 -0.009063
1805346.826001 59.610066 425.781627 -0.001645 -0.009268
1995636.369100 728.575004 96.419063 0.017698 0.019223
1695958.700821 278.713226 428.371809 0.010636 -0.015087
558004.577904 435.777635 516.299630 0.001444 0.012520
1597187.265566 588.678754 528.419496 0.018075 0.011280
1833981.536251 410.252778 114.787548 -0.006190 -0.004009
929917.220459 198.247459 284.574151 -0.013039 0.007684
1471826.909795 138.081135 361.772917 0.015859 -0.015402
1165988.196230 595.493792 277.962636 -0.008125 0.000412
1172216.120722 460.854994 32.918007 -0.002147 -0.015511
1736107.381869 196.125013 508.643929 0.009947 -0.012129
1259741.624473 532.583249 425.767152 0.012849 -0.019567
218963.730251 228.959801 155.248849 0.003350 -0.001571
1902503.935575 255.705525 379.950604 0.002175 -0.011355
1496596.111682 109.808541 576.274321 -0.011540 -0.002628
941537.357374 638.144312 6.246228 0.001036 -0.010228
245239.558744 315.158421 293.480232 0.018818 -0.014299
1372376.816986 480.248158 484.855199 -0.004163 -0.003137
1637971.852737 404.274571 424.553272 -0.016908 -0.016425
337179.376901 23.264070 245.283862 0.012085 0.003336
1249672.392965 440.209555 432.463836 0.003408 0.010469
310196.676436 44.797207 335.704375 -0.013374 0.003277
1607296.809371 230.531274 585.355361 -0.008277 -0.009659
236307.595035 783.368291 515.387824 0.017049 -0.004993
561161.337682 596.311335 528.384316 0.019522 0.012919
1939371.158341 125.497861 511.301859 -0.004861 0.018355
870700.636353 2.565871 305.469918 -0.013754 0.003545
541779.813609 248.973426 386.815467 0.013221 -0.000924
453110.709066 507.150003 459.059146 -0.011913 0.017075
47266.968548 256.390837 543.559639 0.015304 -0.010140
562186.379247 130.518567 595.077937 -0.013534 -0.013943
1629854.769274 105.079399 185.076638 0.006678 0.000390
534606.907766 81.886701 307.788296 0.011057 -0.009667
203362.833803 37.875144 341.747073 0.009850 0.015120
92345.910190 778.416046 306.928958 0.012442 -0.012993
877177.283576 667.770045 297.380666 -0.006214 0.008694
1484435.888699 500.613202 528.450647 0.009365 0.011492
64404.659935 439.218415 551.116753 -0.006366 -0.011370
856791.879449 486.464514 190.946381 0.017656 -0.004625
1153201.109335 34.439517 259.039847 -0.014167 0.011592
618554.387530 153.842724 457.372224 0.012839 -0.019868
1875266.974734 207.609105 502.877526 -0.002676 0.004167
1111007.126566 140.313546 137.993784 -0.002553 0.016387
34336.430968 374.778700 275.223715 0.017973 0.009207
1349224.196444 291.458889 250.145830 0.019713 -0.007775
1602661.077679 455.541326 209.324677 -0.010677 0.008613
276647.354605 433.875830 544.627464 0.016064 -0.005480
1822198.850020 670.789029 373.576191 0.009964 -0.009133
453696.245539 243.747058 268.263163 -0.001727 0.009642
713133.517985 379.155703 125.502860 0.012607 -0.003612
36437.158490 391.818914 464.306572 -0.002634 -0.000682
159010.190591 189.206906 31.304876 -0.002865 -0.001218
1535456.720523 453.338834 7.029248 0.007018 -0.001297
749811.288319 469.376691 183.465317 0.019897 -0.006563
1154889.427663 179.468262 384.323945 -0.019018 0.007242
762647.938338 304.844366 92.944596 0.003622 -0.012150
1129345.827331 486.962442 411.503850 -0.006467 -0.018251
337378.635228 334.363392 168.356056 -0.011166 0.013855
1499918.929068 790.938182 247.810038 0.010454 0.006573
1760744.261444 109.206947 150.331021 -0.012552 -0.014636
1172923.453698 610.862371 215.261526 -0.010927 0.011527
79642.974809 486.544329 101.423942 -0.012206 -0.012046
730713.756164 607.512381 484.435480 -0.017945 -0.016078
1702955.846536 175.959803 309.624224 -0.014718 -0.002366
724785.897287 705.585045 257.745921 0.011019 0.005747
187236.443249 524.545838 468.184597 -0.006228 0.013676
1828784.213322 744.560647 363.275381 -0.009116 -0.013637
787390.226865 250.317945 459.577721 0.002509 0.000299
1929498.061505 742.616604 160.438194 0.010853 0.019189
730520.102536 499.090447 119.816985 0.015251 0.010267
1281053.293162 194.880085 382.468973 -0.017198 -0.019239
562426.321470 130.843244 404.875367 -0.017539 0.000312
1033437.869061 780.553209 263.185361 -0.015110 -0.010052
1192859.900739 412.765963 336.949629 -0.005504 -0.016845
138898.690296 261.676628 4.135440 -0.006530 -0.016019
1973181.982512 561.482531 433.928561 -0.012554 0.003329
957790.512106 661.296021 496.267625 -0.015338 0.015871
1692076.045876 318.186054 36.258156 0.000833 -0.001634
1136829.509929 29.932490 260.878873 -0.019691 -0.013610
1367539.427880 482.806675 405.602626 -0.010181 0.018643
1509350.044424 252.016326 175.895373 0.010460 0.006071
785056.476847 598.558552 212.230679 -0.015371 0.017382
1873643.585422 475.742679 456.775281 0.010551 0.008443
1315983.134935 487.912042 65.231055 0.008746 -0.014766
1135951.929323 229.375222 100.879794 -0.019880 -0.008243
656102.584980 549.226010 538.635625 -0.019844 0.017286
1727078.126616 606.779553 148.274388 -0.013737 0.000815
1797488.349396 439.285399 161.180148 -0.009904 0.006597
406141.346510 151.402562 155.792549 0.018572 0.018118
1941231.998588 497.734333 337.619668 -0.016821 -0.006373
1386830.762674 518.029768 376.572119 0.014464 0.006011
1843128.023596 151.805928 202.134901 0.012768 -0.012255
538331.757550 546.144315 571.349437 0.000652 0.013568
944807.663069 332.072547 233.131238 0.009592 0.006674
106756.882792 755.199962 513.965654 -0.007494 0.016335
1618777.323337 226.763463 318.341378 -0.005111 -0.005447
1742666.514471 52.447696 6.327562 -0.000043 0.017091
1321460.731012 336.477144 70.057006 0.019907 -0.010413
620834.287545 213.466561 553.426544 -0.009495 0.011323
1523195.320518 587.885550 118.918348 -0.013999 -0.000960
1731081.362688 162.822376 251.990625 0.008885 0.000655
656632.629529 425.191583 479.983470 0.014357 0.016139
325566.043298 584.144085 581.401589 -0.013074 -0.010837
1792559.657149 667.022955 389.849279 -0.019477 0.013260
1778465.217808 258.906849 59.139127 0.012450 0.003456
1763427.173609 458.396504 192.675701 -0.016914 0.009003
1593951.392730 756.307881 556.035818 -0.011320 0.006688
886016.743670 436.161796 119.295442 -0.010300 -0.003829
204796.643092 324.405686 80.699389 -0.017145 0.003130
727276.621725 774.117890 247.726120 -0.019494 0.019221
488690.041233 721.968453 182.722254 -0.006282 0.008561
1781116.410057 179.613357 172.230322 -0.011527 -0.007821
20635.784613 6.957422 149.925267 0.017482 -0.010977
1834876.302553 303.913167 462.509457 -0.015346 0.004918
350019.654422 174.916418 17.026759 -0.007620 -0.008391
1214501.650638 538.393442 154.821472 -0.019202 0.007461
477760.385944 211.451192 353.357542 0.001738 0.004286
605806.972182 347.138881 499.096161 0.003600 0.005817
272576.070518 480.248748 392.459177 -0.004552 0.001497
1759240.741729 242.991017 550.374682 0.006013 -0.003211
1080301.612187 660.363212 383.138079 0.002751 -0.014602
1857771.559552 140.616564 484.757004 -0.012519 -0.012170
988850.145130 340.500037 276.167931 -0.016668 0.018762
134591.829094 309.060684 241.887332 0.015967 0.019046
96963.198901 28.330601 345.933895 0.008126 -0.003137
227820.812831 465.650276 435.134503 -0.018752 -0.010698
290631.014058 457.164974 34.752915 0.011376 -0.014412
385931.693197 570.209178 189.587521 -0.019968 0.015991
1023297.854244 396.441832 195.307951 0.018865 0.003164
589125.026292 31.288879 579.070992 0.007908 0.017516
1882412.602139 596.820586 584.082647 0.000708 -0.002062
790218.714061 505.280114 18.499858 -0.015183 0.006522
526777.357108 212.557060 140.491305 -0.007138 -0.018007
748590.766801 411.563278 457.590892 0.007603 0.000613
1324791.236466 161.529222 6.430157 0.019516 -0.013055
1179151.767483 225.966339 127.663945 0.002184 0.019203
301466.356172 396.516473 435.498937 -0.015025 -0.019464
349183.755158 415.402877 387.171852 -0.011782 0.005595
616335.581344 375.013778 543.363932 0.001702 0.011599
1910511.639859 733.466130 182.781090 0.008713 0.004277
1640005.631205 304.308302 485.185807 0.013240 -0.005282
1964468.728734 336.264143 390.474020 -0.012204 0.018997
1261209.360911 276.426149 282.411009 -0.005737 -0.001203
968463.258337 424.881604 593.525322 -0.014822 0.009457
1257770.379660 350.116330 123.296204 0.001362 0.019212
1991034.577596 391.673384 538.072158 -0.007997 -0.011703
1007596.648767 96.054514 352.802275 -0.007336 0.018018
1912045.142572 235.800601 222.816160 0.004266 -0.000417
692628.538559 189.864627 501.097611 0.011935 0.003472
609848.141023 240.949514 75.020110 -0.008236 -0.002771
1723251.459991 738.255467 520.998796 -0.017326 -0.001707
1696924.347289 50.025439 568.151696 0.009816 -0.005507
309029.791648 199.372296 289.632200 0.009687 0.002447
867302.640745 558.770116 513.775465 0.012197 -0.007802
691843.061099 120.995825 325.464556 -0.012773 0.018720
272265.500516 388.730381 161.808164 -0.009552 0.011202
1400582.436193 98.267900 421.710078 0.002778 -0.012400
320566.674844 333.596411 151.267768 -0.015710 -0.013502
1229627.376064 209.327644 246.856755 -0.016093 -0.019838
1946485.269790 424.996245 421.460221 0.011203 -0.010067
15066.369444 140.431127 292.474571 0.001995 -0.005740
911695.870064 548.800757 505.627654 0.009021 0.017884
1245159.992597 340.539256 42.074219 -0.006930 0.019825
519428.529087 388.661132 246.894474 0.000463 0.003741
1147820.552414 101.511521 512.846167 0.019420 -0.011032
1717933.562453 767.018246 453.323035 0.002464 0.011524
183230.377819 455.222502 578.250748 0.003165 -0.015254
640928.558372 27.905643 482.909178 -0.013476 0.010401
1503776.668340 628.547326 111.589879 0.012870 -0.015551
360957.489517 65.260341 358.197019 0.003681 0.003737
380073.533570 132.580695 432.080808 -0.018208 -0.013955
1889061.825298 723.118354 66.062881 0.008001 -0.001381
1796955.322752 633.342928 20.568042 0.014493 -0.005171
306282.549308 146.359887 243.373783 0.018322 -0.006169
332156.324914 567.797453 78.874090 -0.005914 0.001272
485168.456326 426.214136 367.824544 0.013504 -0.015005
413343.113108 23.757069 174.186179 0.017080 -0.017020
883643.182406 697.179566 586.998635 0.002077 0.002851
887249.075289 360.328354 217.766416 -0.000885 -0.007483
1467432.667253 504.796716 297.383985 -0.014422 0.003560
1682910.725327 244.478167 179.298808 0.018923 0.006308
1660796.624450 172.376161 114.114745 -0.002254 -0.017795
629926.086697 520.217332 50.784966 0.004213 0.003090
318150.466456 37.719725 269.201519 -0.014403 0.003963
40123.955365 464.779583 29.666678 -0.004685 -0.017626
724761.667999 93.506966 413.976749 0.014321 -0.009760
558074.092752 559.572258 337.029378 0.003112 0.006892
438651.350531 326.549317 532.773362 -0.003680 0.014124
1885724.248311 579.609617 301.179870 -0.018901 -0.006801
158400.153815 149.247222 226.346929 0.001117 -0.007035
1952982.963972 438.216218 543.054514 -0.018955 0.017243
1927788.328346 310.811050 28.600367 0.006163 -0.010135
607879.136041 746.460759 567.546416 0.014625 0.000436
1236504.919471 67.937174 551.400179 0.000245 -0.000223
1541570.438790 359.108009 131.534101 -0.009091 -0.000946
1098586.873663 281.700204 397.864740 0.017063 0.015193
1973812.054831 722.556957 256.736631 0.015672 0.017197
717421.361579 684.570847 190.596317 -0.003740 0.000388
1128238.588166 568.327960 265.611572 0.000401 0.003042
1906900.824936 102.702033 396.581342 0.014900 0.005377
311031.282093 514.563700 50.072753 -0.005004 0.016647
1119457.958787 739.173976 160.911504 -0.011038 0.014019
295815.608602 167.702778 452.155521 0.003024 -0.015947
1365835.790227 747.382463 574.280767 -0.019979 -0.006375
933742.419320 451.842461 30.651099 0.016385 -0.017005
1254474.420685 690.339504 121.849448 -0.008474 0.009416
1674721.783807 355.028714 227.270371 0.016826 0.012737
589441.845468 384.331032 445.520717 0.002518 0.008122
1186208.380939 568.519786 547.579303 -0.006128 -0.008546
28320.921598 23.904796 132.320933 0.018857 -0.018786
1123059.363627 350.602068 356.982701 0.004493 -0.006085
1339490.994503 192.081322 126.446142 0.014911 0.001131
1892333.765464 568.047060 583.129013 -0.007030 0.005244
1580513.963280 495.654116 66.634893 0.001300 -0.012701
1628540.167412 100.707253 535.813393 0.009079 -0.001096
358744.990248 592.889459 301.495626 -0.004002 0.008499
1065496.480589 769.203609 90.443323 -0.014894 0.002970
996930.964755 638.059496 488.659064 0.008369 0.006811
685065.261407 524.253234 228.323280 -0.007454 0.019201
22284.613001 83.619814 359.886765 -0.015060 0.005416
1564209.169505 749.303621 457.935737 0.007001 0.006543
471659.941818 683.657901 242.767457 0.009529 -0.009813
234378.384535 216.747237 129.690225 -0.009277 -0.004045
1581110.075852 613.116077 117.767484 0.004196 -0.000974
1733102.233956 757.913527 78.508738 -0.010126 -0.009523
222272.466972 206.494572 219.845797 0.008438 -0.004783
7593.072023 394.459787 190.104417 0.010684 -0.013257
1961038.188991 2.211462 13.640927 -0.004588 0.009644
554464.627316 401.924693 7.280201 -0.000263 0.010819
821613.773155 227.201510 322.088582 0.004248 0.015553
24485.756655 378.840807 501.862389 -0.014272 0.008821
196372.594776 203.441556 587.275543 -0.001416 0.018600
718005.964867 374.785179 274.872828 0.007012 -0.010436
1252709.545778 525.215839 142.819315 0.005958 -0.018330
1958473.456073 741.093654 326.446682 0.019647 -0.003215
628831.249023 321.739826 422.072904 0.014045 -0.019634
1185057.482303 690.652952 289.588328 -0.002849 -0.019737
406775.272641 421.591769 156.597339 -0.012742 0.019641
452064.211691 432.853922 276.028297 0.007367 -0.011325
1391094.198167 248.573119 524.173536 0.017333 0.018375
1830316.959801 730.373998 531.591153 -0.001629 0.016165
610994.441719 618.839978 183.827198 -0.019639 0.004990
631021.334152 481.387057 292.764937 0.011917 -0.018745
989235.750860 1.430512 334.502894 0.010223 -0.012651
1098658.789461 785.072974 434.887757 -0.019626 0.006629
1883467.686308 564.086161 585.820987 0.012630 0.005533
1871849.530317 584.350096 330.980325 0.012871 -0.012419
911993.535660 101.867045 577.901077 0.010503 -0.014551
1176139.691461 62.183478 442.906697 -0.016950 0.015043
1537174.407177 456.599391 526.699979 -0.006950 -0.006948
123261.179832 700.487687 184.705483 0.011489 0.015350
1946848.674653 582.590501 354.029683 0.017989 0.001730
457599.283409 708.594286 164.242777 0.011220 0.008297
926562.791190 189.218096 500.926225 -0.002371 0.020173
1942178.605097 11.763255 45.941084 0.008370 -0.016366
1905775.863633 382.247203 397.037434 0.013236 0.012157
1975712.466974 713.887190 407.713153 -0.008195 0.007154
1128937.655654 215.116086 244.090352 -0.013830 -0.011246
1900458.380534 306.583415 62.567880 -0.011047 -0.013443
1623668.112617 549.771200 240.149695 0.005860 -0.015452
798515.523224 494.093027 77.004532 -0.000963 -0.006931
438456.544857 343.168145 482.635482 0.015218 -0.009643
1216805.763178 694.919659 91.161777 -0.008487 -0.013425
1661706.700764 681.808516 259.848456 -0.010490 -0.019725
1303971.794110 150.453995 234.062813 0.010258 -0.003523
1107963.914568 454.671579 59.380284 0.018174 -0.011409
425643.800956 282.866825 499.495102 -0.006445 0.013247
318262.858465 448.460457 155.061289 0.018547 -0.002339
1036196.117772 457.645794 186.081362 0.006811 0.014421
948553.069005 400.891903 427.372969 0.016315 0.009532
1438074.149861 447.531225 556.026508 -0.015632 -0.007391
677338.477540 530.510702 530.497786 -0.002492 0.004700
197747.041563 520.539063 582.794002 0.017246 0.019669
1601492.672973 72.210158 331.246756 -0.017633 -0.017837
1987075.958395 461.798768 375.546933 -0.007853 -0.010095
971748.938305 622.193885 449.115649 -0.012077 0.007413
974474.447302 733.674002 146.822751 -0.003441 -0.018944
1121549.802423 602.134392 413.600149 -0.002205 -0.012385
613932.794246 434.968685 504.582280 -0.008873 -0.001001
1665525.531241 63.065135 339.161825 -0.004585 -0.014485
1238773.710671 302.775186 429.257757 -0.010184 0.007285
1925637.924078 585.054728 276.034348 0.008451 0.017178
290519.337305 158.789967 507.897454 -0.004391 0.004500
1745488.432117 760.738720 219.105433 0.002482 -0.004173
1111265.337612 695.301054 563.668896 -0.004154 -0.014078
829182.160473 183.601809 135.703105 0.019204 0.004576
728391.627189 479.411322 595.819214 -0.016826 0.013774
1349985.243450 33.826354 345.669489 -0.014592 0.010149
1010733.056353 224.094492 571.341727 -0.005925 0.006809
1129411.861826 179.744683 372.778758 0.017200 0.011472
33999.050983 388.538280 393.625974 0.018366 0.015289
1606354.705806 296.830839 66.891164 -0.018821 -0.005953
1451822.744427 314.850104 570.311348 0.008755 -0.001067
1590584.168020 315.023847 309.273276 -0.005147 0.001147
538209.161040 701.288433 485.263862 -0.011150 -0.010860
958317.440449 628.704216 271.890082 -0.015987 0.008638
479655.517489 93.967789 120.783219 0.015833 -0.017039
167238.956395 559.065671 267.102873 -0.012190 0.009129
1592486.357127 736.907499 73.065479 0.009868 0.005601
1189583.299304 433.568134 20.310373 -0.015583 0.016542
1124831.962923 303.445849 474.061154 -0.005156 0.004023
37146.621401 680.349140 232.060865 -0.001134 0.018035
205026.889315 569.138115 40.914981 -0.007848 0.004292
284161.461650 310.089860 183.691682 0.003488 0.003315
68690.410847 306.658552 302.210702 -0.013755 -0.014792
287411.349028 600.621921 403.426611 -0.012904 0.014446
1171263.018237 591.834263 144.182317 -0.004973 -0.015549
1682127.158941 315.359032 577.010737 -0.010891 0.014620
1824708.168313 264.250476 346.464200 0.019219 0.005365
369206.509725 98.068803 13.091175 -0.000371 0.008393
1208981.916871 419.974321 55.943117 -0.015666 0.007248
446720.970071 201.693739 259.188874 0.015821 -0.002825
586212.983628 385.000554 101.624549 0.001341 0.014281
560717.814863 299.634453 150.748178 -0.010327 0.004099
234257.601311 123.455767 559.403861 0.007783 -0.014611
1133248.557864 703.318684 154.390896 0.003535 -0.005202
1934248.125150 154.194224 536.911881 -0.017585 -0.007952
1152133.833222 226.822592 331.838654 -0.019679 -0.012848
1965200.129880 240.869946 396.377701 -0.013914 0.013386
1034901.121182 345.822563 125.640701 0.010761 0.006954
1623246.405098 708.683916 497.050330 0.009761 0.003212
1926329.093951 248.513896 275.746749 -0.011179 0.015963
1658576.383096 150.169924 55.113309 0.008970 -0.010080
786221.519479 240.317732 318.925374 0.017843 -0.007670
1421758.733421 743.083912 365.629862 -0.005104 -0.016840
888519.625593 711.105270 307.799582 0.006112 0.006284
374128.679919 372.075088 325.913583 -0.019382 -0.011623
247207.860577 782.911763 311.954960 0.003317 -0.012036
838233.393076 329.865442 232.002417 0.000491 -0.014510
1269501.125100 723.266648 262.166234 -0.013438 0.014140
1490342.234955 701.761204 467.556582 -0.005816 -0.010055
1720173.599068 639.143258 82.472739 -0.005087 -0.001893
1589947.016719 448.041416 550.686927 -0.006471 0.003031
254199.274003 369.527010 332.402603 0.005888 -0.018205
1506623.924480 52.921781 274.359756 -0.014397 0.003092
1187558.641279 619.789704 288.982663 -0.018778 0.017649
663885.182079 620.533025 490.999080 -0.015548 -0.014781
134186.233456 777.040715 557.628157 -0.011824 -0.006224
763995.101100 799.587816 542.668240 -0.008014 -0.006490
960104.740672 341.406590 479.713538 -0.018625 -0.017029
1689167.128731 629.981782 84.247410 -0.007922 0.017108
1435140.350571 716.417467 421.592314 -0.012037 0.017048
1287450.956780 424.794431 421.226053 0.001476 0.011004
1664884.491668 423.480719 368.249437 0.010498 0.009352
1916152.068375 115.177125 440.018235 0.014485 -0.002257
142374.806172 274.185141 522.297468 0.014834 -0.004927
1889104.925044 572.267236 98.525824 -0.016615 -0.019306
184043.514628 641.969405 547.615208 0.011781 -0.019939
1678137.485719 350.608832 319.542803 0.001637 0.016024
349432.717240 298.845824 257.754244 0.011531 -0.014590
327130.583267 597.251260 167.563249 0.015877 0.004362
1445781.852792 774.528956 571.075296 0.003734 0.013557
657045.848974 430.384720 332.691010 -0.000284 0.004913
1143416.638087 467.936991 255.082183 -0.000617 -0.004821
853229.746620 259.014044 490.697579 0.018362 0.014582
1436276.935710 106.933770 142.988592 -0.014079 0.016897
747046.145027 249.171117 401.099158 0.006109 -0.011688
555282.349025 300.460454 106.004896 -0.010827 0.018764
31011.744417 446.283839 304.140878 0.002799 -0.017972
259713.421697 113.336269 381.425908 0.002203 0.005051
30230.289339 785.391705 570.020599 0.013308 0.017636
1629124.594680 440.667979 44.716046 -0.017892 0.007952
1993199.337271 341.035212 6.051642 0.006607 -0.016833
437214.899080 754.251955 272.722817 -0.004201 -0.013115
847463.854052 328.589152 438.097515 0.017230 0.019223
1561464.248021 48.501612 73.359650 -0.003341 0.004624
1496915.452879 345.252096 358.352017 0.007945 -0.009428
1076064.875850 410.342501 489.182829 0.004500 0.002621
1028186.607653 487.275905 595.077289 0.000967 -0.009036
141764.248787 594.354131 130.202841 0.001018 -0.014475
778578.041484 759.333636 329.285194 -0.015235 0.015201
1058486.954802 720.042886 564.387041 0.006029 -0.007303
1112790.978101 319.867485 448.668510 -0.013852 -0.016070
24501.685065 553.481397 366.654718 0.013099 -0.007831
353571.678676 273.230098 548.082931 -0.013255 0.014634
375264.103699 191.614495 365.390315 -0.003809 0.010605
1493884.026769 635.199743 428.696547 -0.008180 0.016532
1188817.119779 659.895104 488.004264 0.001405 -0.000942
259519.063057 73.291432 525.698570 0.015113 -0.010187
1949033.547169 711.965025 562.252829 0.003433 0.008700
482529.103981 609.897116 35.546503 -0.013817 0.017248
1850091.109914 273.798081 102.453186 0.001363 0.009878
1871495.037280 224.733990 324.650696 0.006028 0.003036
908785.677938 195.553809 240.871331 -0.009288 0.011190
1755362.652128 318.054898 522.634045 0.010157 -0.008993
232765.271437 582.667076 99.030967 -0.017900 -0.007412
1765166.354256 235.820426 45.945050 0.017668 -0.002025
15434.920795 693.307819 474.880859 -0.012867 -0.003978
1077013.659792 91.216917 408.976124 -0.016818 0.010574
516053.778360 427.199614 5.303419 0.006377 0.012075
1576709.125925 429.683012 119.475590 0.006385 -0.008358
948767.654108 620.728499 11.739853 0.005582 0.013175
667159.362075 417.648388 74.347567 -0.003593 -0.001448
1146380.339352 334.283412 198.307982 -0.005403 0.003852
1462269.868451 722.541649 426.347539 -0.003506 0.019302
949273.004639 536.552547 309.996968 -0.000664 -0.006802
636841.273232 217.382313 520.373548 0.000703 0.017247
316267.470045 793.535039 424.280583 -0.012902 0.005266
1072709.865436 408.964625 92.243518 0.006412 0.016857
1234697.917120 186.871598 203.556520 0.017915 0.003929
1871003.135047 543.201480 300.731809 0.005837 -0.016336
968257.898916 96.331094 457.417952 -0.019941 0.004169
184803.100389 255.514740 525.454526 0.018370 0.013475
1613704.762242 94.140420 497.294392 0.000558 -0.008188
920804.219749 40.260363 483.895852 0.004606 0.008413
1455508.939668 184.980816 566.359386 -0.017319 -0.012833
1084419.887087 1.888729 514.910901 -0.018252 0.005935
1899527.167855 422.207619 461.369072 0.008479 0.001139
745706.753221 643.539756 508.751323 -0.010070 0.010559
1369434.811813 44.278099 529.035591 0.000549 0.002774
353913.564400 779.315498 371.766170 0.019328 0.003523
660308.989072 568.855855 491.668560 -0.009035 0.011123
1997036.600484 653.204082 468.431993 0.014266 0.014400
857968.969670 645.067141 232.616630 -0.012084 0.000741
1832483.595159 456.677405 193.865060 0.010684 0.012698
174050.590104 359.127268 524.865346 0.018751 0.018494
887791.815627 116.454064 561.769855 -0.017457 -0.014840
1048845.100705 314.870406 504.148844 -0.006249 0.006710
1236598.032171 273.810488 290.480193 -0.004042 -0.012049
688449.854352 662.350066 3.112072 0.009273 -0.018964
1047717.716101 518.597360 357.926391 0.013880 -0.003507
831685.772553 747.059314 516.689337 -0.008391 0.016107
1646809.537731 587.535703 29.037343 0.010392 0.011917
354697.854423 227.290922 114.900293 -0.019296 0.005124
1718570.137265 508.636017 582.083168 -0.006262 -0.018615
338487.908402 550.131100 517.545376 -0.013013 -0.003218
1776805.868268 558.762820 40.700203 -0.000603 0.001817
960078.654327 720.622778 287.449465 -0.006413 -0.012375
763596.911339 131.545475 555.465894 -0.002791 0.016977
1446903.674606 486.038265 125.133509 0.016647 0.005036
1673049.761761 619.418811 156.405754 0.012265 -0.015289
591079.477496 780.785144 483.206393 -0.013679 -0.013975
450261.526019 37.193432 509.483757 -0.008277 0.001260
788880.985598 618.469546 259.325371 0.014944 -0.015437
1247242.441982 204.355153 167.129652 0.001976 0.007422
405506.701397 218.140564 175.707766 -0.003547 -0.012479
1835863.754077 198.163462 576.984316 -0.012851 -0.017819
159031.381905 379.508408 18.442268 0.015400 0.005301
362722.217274 87.991655 407.363761 -0.018746 -0.003860
420997.232395 339.974438 105.587427 0.005735 -0.008021
580167.091722 213.186969 332.463029 0.002751 0.012624
479025.265425 617.063385 52.979857 0.001297 -0.012694
552036.800679 360.265373 258.252437 -0.010484 0.005152
969986.005207 253.869293 61.993591 0.000651 -0.011914
1471710.388303 557.617354 187.506350 -0.003405 0.009116
1430984.936390 500.345328 91.429074 0.015660 -0.009271
902052.609670 145.195819 320.835595 -0.019797 0.010007
700700.571156 195.612744 312.967321 -0.002450 0.011077
1408199.004553 571.747012 136.537984 -0.014619 0.018105
1713095.736556 495.671793 161.880405 0.018402 -0.014596
944491.339356 556.725421 499.234311 0.011385 -0.015572
1119457.834922 400.179547 441.569708 0.008487 -0.004337
8319.607940 130.583535 343.931707 0.001553 -0.013271
647061.014849 711.391305 247.625974 0.013803 -0.006876
379545.065751 439.297688 25.653472 -0.003317 0.007341
1990576.603445 218.928843 181.795141 -0.009390 -0.010656
876473.971119 589.922311 557.723040 -0.009184 0.000886
80381.552726 664.187452 13.393530 0.011044 0.001695
828036.629980 624.374345 423.305314 0.019499 -0.007228
1747623.103553 248.663315 124.896777 -0.008536 -0.013760
1072386.123739 381.100748 423.128362 0.003164 0.015741
777386.485961 459.378446 100.424470 0.007665 0.013578
801906.589792 103.977134 346.091382 -0.006785 -0.003977
197987.358178 296.459228 138.290642 -0.015149 -0.014127
1545926.498969 428.251242 556.320021 -0.000796 0.000962
492654.834172 281.868719 500.165782 -0.001732 0.005498
1978982.283724 792.684224 69.185852 0.007778 0.002792
17631.095842 66.538331 86.374194 -0.012957 0.011001
1966499.848276 461.631503 543.118948 0.002602 0.016086
611006.784537 527.285925 166.968316 0.001446 0.011215
850069.038966 247.229491 189.492258 -0.005912 0.011503
1676786.882652 478.879500 83.881014 0.006880 -0.017872
1557780.060711 529.239979 26.350134 0.015766 -0.005754
1227310.625476 722.447434 263.472176 0.010382 -0.016971
428616.731627 592.530976 393.607388 -0.015226 -0.007965
1127178.874392 339.965932 576.078000 0.013669 0.018435
1480731.590409 213.349818 162.058685 -0.017757 0.004766
115335.758829 715.517998 130.565211 -0.012095 0.002658
541498.807511 781.174889 136.805106 -0.007416 0.014829
1167776.423119 742.596744 464.249614 -0.019071 0.007429
1705487.274428 189.975076 255.960964 0.000348 -0.005725
1455042.508177 57.972577 469.105857 0.007503 0.016568
1485351.840726 342.179485 108.591640 -0.019499 -0.000644
1600046.444498 56.217047 227.000308 -0.019293 -0.009277
1889695.885540 230.616686 146.748958 -0.013090 0.004126
230475.999522 605.373324 318.928020 0.015549 0.011189
434670.210087 593.362745 10.289824 0.005759 -0.009975
748135.628527 297.133831 193.650819 -0.013751 -0.017645
474188.291689 718.734696 292.197571 -0.003281 0.016413
1941577.332067 174.455267 588.886475 -0.006029 -0.010587
499196.726130 235.240829 314.438126 -0.000238 -0.001324
254300.674542 487.538862 134.034313 0.006347 -0.000073
6325.354803 700.644545 143.985154 -0.019184 0.000802
980919.682878 315.641427 534.868138 0.012537 0.002002
1900851.625903 40.355881 269.197053 -0.002523 -0.001261
719689.197242 326.418274 412.048624 -0.006343 0.010291
1844748.197982 472.799875 30.705197 -0.002147 -0.016589
1036199.990211 458.931087 416.666457 0.009657 -0.010719
385683.919483 595.708775 64.934787 -0.002689 0.010606
1256102.471266 738.620070 95.764335 0.000758 0.009542
1419511.694191 375.852384 472.345878 -0.013657 0.016281
511292.832210 414.712665 189.224905 0.017691 0.014390
145034.134456 691.661754 270.381762 -0.015047 -0.007555
1071721.370831 513.494133 530.810957 -0.010787 -0.004665
233847.819378 338.534851 76.926191 -0.011004 0.014235
1786277.592083 682.389663 467.565971 -0.017895 -0.005095
1031918.257955 609.892334 505.584900 -0.007877 0.016832
1499349.890975 446.871176 263.472127 -0.017392 0.000046
597617.807145 110.004598 219.360047 0.009985 -0.009547
1353622.215499 228.311276 541.934173 0.002462 0.000631
573296.933702 542.750876 563.494150 -0.003409 0.016140
1590131.532210 246.313031 453.943463 0.002981 -0.005574
258416.177825 72.377536 73.748018 0.018868 -0.004265
87595.200207 577.096767 571.326360 -0.000684 0.011452
906233.425674 625.448808 554.249041 0.012751 0.001248
370032.188655 396.402455 489.872573 -0.016468 -0.017718
664767.085884 299.857507 441.428136 -0.009142 0.011583
1278253.811075 53.148524 58.522022 -0.004163 0.005632
916040.443311 419.982643 438.717749 0.003236 -0.000138
249204.321880 499.725203 130.736342 -0.016933 -0.015695
8661.484350 423.953438 533.615460 0.017127 -0.006055
841302.204338 90.411529 506.481622 -0.010504 -0.011952
1802783.200425 455.745741 345.793016 0.005480 0.013642
731632.451868 220.895829 544.540511 -0.001459 0.006871
1096714.972098 737.011779 118.101432 -0.008817 0.000065
1386984.768969 323.413129 76.234080 0.016463 -0.000762
469499.863903 732.604934 6.491031 -0.015029 0.013765
718651.906922 435.788005 574.264867 -0.011856 0.011275
316653.122342 84.017593 211.084280 0.009473 0.009603
385530.231700 80.190019 10.868432 -0.015989 0.002550
1379939.433830 518.985582 291.073023 0.015463 0.017135
1974529.288697 464.155718 199.403016 -0.015439 -0.000337
1626419.535664 279.331346 244.601326 0.012960 -0.001069
503204.831157 146.523914 10.808664 -0.011649 -0.004524
1600260.999799 293.475799 294.970984 -0.013927 -0.015942
467442.890847 275.641178 121.073327 -0.009925 -0.002204
1530910.291491 753.373084 56.180896 -0.009987 0.013148
43405.273949 190.120855 245.299285 -0.005832 -0.005915
1801413.789299 133.762239 420.762071 -0.007668 0.019650
348673.859774 447.924771 104.692452 -0.012301 0.010745
1122384.702378 793.922546 81.245753 -0.017888 -0.014228
474000.488629 229.325603 293.403148 -0.002445 0.001542
1867761.544822 163.310620 288.151669 -0.018898 -0.001817
617712.498930 39.327760 415.406695 0.008716 -0.003869
88793.583256 494.810337 342.330337 0.009833 0.017053
1123119.018564 735.914014 292.009943 0.009428 -0.015511
510837.786138 237.692160 62.814110 -0.004357 -0.005994
498234.962345 502.414347 381.969461 0.009525 -0.017330
350510.791107 537.624945 162.658625 0.006225 0.007972
1451432.125387 771.486948 449.133269 -0.003292 0.007294
303273.376219 370.040483 180.279320 0.008882 -0.011679
454803.713809 226.922081 76.586585 0.008574 -0.019216
480071.545802 775.680058 189.985365 -0.006215 -0.005574
1333575.176696 475.075504 593.094569 -0.007846 -0.006720
110627.538576 383.012829 2.319615 -0.006954 -0.014612
1406769.050940 41.635345 59.223818 -0.001917 -0.001192
1561676.394922 482.720741 559.548963 -0.016746 -0.006981
281255.947557 246.997999 365.385040 -0.009260 -0.019077
1257382.930842 406.877185 595.678711 0.017810 0.014129
706537.016996 489.702932 268.380600 -0.006329 0.016632
1558318.719993 317.766355 236.771286 0.011329 0.008939
1057752.200895 389.258593 465.411469 0.005105 0.017531
491364.625511 326.676628 325.153978 -0.012866 -0.000407
1734950.389590 255.157986 479.206987 -0.000934 0.003495
1643357.573842 84.315307 57.429115 0.012573 -0.017971
1898263.090243 134.073994 397.720672 -0.004149 0.000382
1157183.811607 140.456271 544.040477 0.018928 0.018343
1260090.642264 401.586073 267.004586 -0.003778 -0.014818
767107.214205 521.096934 322.889186 0.017013 0.013182
55740.578126 634.433928 89.073544 0.013055 -0.009231
1471867.368311 518.627509 224.923239 0.013217 -0.001540
851158.514084 624.664180 378.032215 -0.016461 -0.012913
279214.015361 533.532022 211.631493 -0.018159 0.005610
622537.959657 541.033728 85.216044 0.010258 -0.016725
543551.074594 112.035148 439.742517 0.012462 -0.017379
1125283.938425 670.187064 515.073445 0.008443 0.006561
255944.995329 357.691187 187.388131 0.000114 -0.008841
1549879.616848 742.729649 35.813807 -0.003797 -0.019320
474171.187949 435.790924 410.369248 0.003586 0.003639
648167.413030 720.812085 160.304021 -0.001351 0.006299
697835.028496 590.338434 478.446143 -0.016722 0.001913
1725670.433475 515.740943 231.281157 0.008805 -0.005685
99429.388577 679.334964 481.714752 -0.005517 -0.005922
163663.104253 109.567239 168.306820 -0.012092 0.000851
594763.153510 303.124604 52.220976 0.019256 0.018750
1355525.087265 244.400046 521.791990 0.017814 0.010876
1053977.892294 235.000816 305.778288 -0.007023 -0.004963
115031.983757 149.761838 12.321277 -0.002288 0.016334
752375.869431 394.131822 454.668783 -0.012825 0.014194
219437.964363 208.720529 595.121000 -0.004391 -0.003902
1068114.026016 550.106640 468.875965 0.004837 0.006777
1499866.051366 238.976205 584.514175 0.004772 -0.010262
1491842.997955 117.131323 322.413638 -0.009766 -0.001159
1826279.228472 250.581657 394.901672 0.017335 0.010246
1133058.067007 247.737336 149.335951 -0.007034 -0.000446
207507.431604 347.036998 449.916748 -0.016174 0.012964
304737.184339 503.863039 306.981657 0.017351 -0.009980
361247.467977 546.887986 329.555049 -0.013805 -0.007875
1585793.637478 720.625032 269.729423 -0.006785 -0.013757
1841064.114050 194.738953 281.651932 0.003152 -0.012911
451362.950938 116.106468 291.984443 -0.001014 -0.001227
1950936.490647 462.713217 541.974422 0.008802 0.007171
1454702.783122 702.011187 182.287701 -0.010441 0.012459
1108684.254395 335.675428 297.047996 -0.015854 0.002984
1596490.624173 717.199069 285.200328 -0.010472 -0.010956
1263706.185512 134.673822 282.192316 -0.015942 0.009882
1294332.516982 261.577236 535.383350 -0.014650 0.012063
723046.520130 87.378903 228.059006 -0.009407 0.013377
107937.715067 793.651970 427.193317 -0.005700 -0.010764
1046872.077066 729.508464 390.423949 -0.019276 -0.019389
450965.188654 653.430620 547.257999 0.008033 -0.017416
278162.196408 266.236404 139.845506 0.004373 -0.002633
1960316.196066 205.263433 456.710264 0.014894 -0.004389
1125740.257616 187.198205 299.750316 0.017715 -0.000057
668170.334151 797.358654 294.409662 -0.018159 -0.005823
1443825.863043 455.657224 159.921019 -0.005089 0.003528
564375.188464 478.554030 242.855242 -0.012222 -0.008032
938961.728913 266.858672 379.266217 0.008099 0.017710
132214.712972 546.260149 119.600151 0.013130 0.002206
1179224.623916 312.072779 473.349598 -0.016440 -0.006675
575213.267736 338.684552 197.914931 0.011112 -0.001218
1368718.602401 400.298910 23.513140 0.018035 0.014926
1254302.726711 186.341147 282.775802 -0.018709 -0.002901
1541011.519516 401.148930 456.542319 -0.003905 -0.011844
1407684.757098 374.939007 532.024756 0.016130 -0.008167
883750.411162 394.157879 411.675487 -0.010740 0.003283
38293.802197 414.733478 3.105188 -0.006039 -0.008122
949396.727117 26.703121 478.333990 0.000559 0.019379
1340193.529306 112.648752 130.303926 -0.014336 -0.013081
1289556.392138 729.516925 404.570226 -0.003777 -0.007426
1756783.113702 87.759743 469.664684 0.010597 -0.019523
157687.638028 165.693901 303.319482 0.010604 -0.002486
175039.783202 627.183465 573.734591 -0.016285 -0.014674
506304.289450 453.876848 99.798201 -0.017984 -0.016746
301433.914481 576.212466 133.352771 -0.005294 0.014481
790027.673724 10.135862 464.165106 -0.017220 -0.003256
176035.711624 758.282691 316.965469 0.014833 0.008518
1081972.172988 759.750676 552.029836 -0.018156 0.008604
715741.816310 107.208895 299.244101 -0.007427 -0.010927
1263880.632475 453.965249 476.600842 0.011936 0.004702
1751026.801649 759.223192 202.690299 -0.016105 -0.007311
399196.095951 394.223578 197.968787 0.018952 0.002464
1496994.359185 48.955161 305.954942 -0.008927 0.017287
445396.929255 654.070974 529.293659 -0.014294 0.014565
1193553.106484 400.348481 599.037650 -0.016167 0.012583
450224.472419 581.940895 229.292780 -0.019227 0.001039
1999453.321099 715.901362 285.169953 -0.006161 0.019741
1584501.028799 429.685014 291.129590 -0.015112 0.000415
94458.571679 696.551132 342.942224 0.002278 -0.014106
1007827.074736 623.735436 579.122711 -0.004562 0.016889
1658558.308919 786.243368 253.659172 0.013099 -0.016872
475365.567242 42.166072 483.439787 0.004712 -0.017101
663714.367274 495.709108 580.297156 0.012269 0.018268
1919117.403179 479.361337 296.669069 -0.002202 0.008849
9624.167350 393.616484 355.144188 0.003060 -0.018040
1478876.057770 64.380000 497.213425 0.008120 -0.001355
1502145.321808 426.948448 269.417793 -0.013038 -0.005545
1054818.871922 329.300648 248.307635 -0.006668 -0.018739
972186.690649 532.110890 390.625986 -0.001879 -0.001117
1216433.286302 330.037285 42.875875 -0.015892 0.014299
1585452.240699 85.894563 209.693033 -0.004607 0.007317
796849.675848 99.326612 458.666034 -0.010946 0.013137
461377.134761 782.596977 217.423686 0.007184 -0.013911
1447663.852688 165.664458 338.322132 -0.014484 0.001617
1190708.408687 499.095903 123.283129 -0.010147 -0.016932
1355477.244293 683.752172 293.906851 0.009968 0.018284
694211.989964 433.480132 38.856393 0.007868 0.017069
1497031.391364 75.966140 30.455169 0.000514 -0.007114
1759090.904966 594.770212 180.150854 -0.010320 -0.003070
904928.793621 772.595902 378.201013 -0.019351 -0.015852
341892.055395 489.313360 436.668809 -0.004940 0.014328
1609370.418642 43.401434 427.688021 -0.008218 0.012134
1339833.364515 513.229095 207.071298 0.009388 -0.006469
543533.833951 386.395842 259.879993 -0.007097 0.019827
1510075.678821 161.612696 443.637702 -0.017787 -0.002233
325429.097901 406.286959 246.034392 0.011725 0.000965
1027532.088117 771.253792 81.431533 -0.010351 -0.006367
1987715.010526 36.928515 236.972169 0.008266 -0.006379
396776.620483 301.193353 589.086050 0.001744 -0.015566
639902.701899 652.318857 356.352021 0.010121 -0.014486
1179865.857204 406.321268 204.045782 -0.006832 0.002532
1568458.621189 393.585770 42.580890 -0.012228 -0.008588
1190290.628555 566.484375 149.729077 0.009236 0.017979
1180185.991889 579.925820 597.327662 0.019401 -0.002755
672088.553511 146.754404 484.741433 -0.007298 0.009081
1837656.663655 510.357537 325.409154 0.000515 -0.004367
1360614.323691 82.145702 539.265283 -0.019189 -0.002720
924125.776125 643.679321 554.639087 0.001322 0.019951
418950.309241 102.593108 424.223829 -0.001671 0.014350
1312754.557148 39.198227 350.272026 0.006075 -0.018645
30587.249450 790.462253 130.489938 0.012919 -0.007759
1889215.610870 593.552378 566.304487 -0.000524 -0.009811
669560.509114 133.785164 214.511686 -0.010656 -0.012492
1579576.984783 556.559621 595.294517 0.008565 -0.010860
1982244.182370 738.830455 214.176285 0.007922 -0.004706
432350.935616 283.593329 258.679496 0.012000 -0.019750
930735.730068 652.375545 596.640448 0.007315 0.005537
600671.720971 501.967767 228.206322 -0.010220 -0.015421
1270601.892504 463.339758 169.161363 0.019715 0.012507
938976.299455 626.167484 304.959030 -0.001533 -0.000134
1474031.937064 362.204827 252.055010 -0.016242 -0.013961
1605130.416157 248.098305 303.103509 -0.010648 -0.015586
1023340.410098 559.393611 555.419947 0.000242 -0.004716
1128556.229700 645.180697 5.717212 0.017782 -0.017970
248420.950141 464.027463 377.814415 -0.003810 0.002870
884577.235619 700.514533 213.391390 0.018019 -0.006525
1704879.713107 550.008337 474.137298 -0.009094 0.011250
1882055.445519 60.164875 55.028947 -0.002153 -0.007631
404206.608610 766.327668 4.992357 -0.014888 -0.001436
780987.060993 553.677223 162.261971 -0.004003 0.005481
642018.800900 419.609224 130.256087 0.018028 0.017216
1579863.075903 314.295147 483.537137 -0.014182 -0.006266
286431.929230 798.557213 18.604541 0.017334 -0.009162
1625355.291937 699.584228 207.536090 0.016179 -0.007163
1310099.705732 85.285499 167.175300 0.006544 -0.010617
1485499.756171 42.997921 555.909132 -0.019470 -0.001837
1126826.147142 267.377484 587.024182 0.011213 -0.008613
1817754.082297 456.274175 406.716852 0.008593 0.008640
42605.713030 686.339980 428.467023 -0.017849 0.011629
1969490.396776 692.019416 399.514274 -0.006769 0.010782
1972945.507603 788.551687 525.687382 -0.009397 0.005965
221002.463354 6.255366 421.705356 -0.018514 -0.019156
314139.836614 480.279185 213.111194 -0.014579 -0.004769
1280098.799281 35.478768 570.706404 -0.007281 0.010361
1334025.561499 271.284461 370.337894 -0.004763 -0.004336
817314.073824 292.522865 154.000557 -0.017018 0.007861
52254.755074 48.798642 409.295498 0.016092 -0.006952
662711.798522 10.078211 200.319873 -0.018622 -0.018008
710212.109941 153.194844 390.083194 0.008413 -0.006922
61999.699130 280.408848 222.848339 0.019287 0.006734
261157.692532 519.331222 4.312885 0.009913 -0.018790
797766.605764 125.236330 237.474543 0.006221 -0.010765
184709.901076 545.345299 175.106350 0.010985 0.003345
1235796.007903 84.841311 357.853752 0.018082 -0.014390
1292608.929469 245.580730 198.939659 -0.008139 -0.019309
1317389.029692 261.903549 220.607481 -0.018795 -0.007614
71927.786838 128.405090 575.299499 -0.018267 0.016331
1977614.946653 353.736855 38.901835 -0.004621 -0.016086
591803.305127 381.657549 467.522251 0.003511 -0.009935
726241.200569 164.588818 214.460772 0.018389 -0.013698
995710.504705 484.850322 278.826199 0.013177 0.016100
963862.695249 390.703753 137.994314 0.013988 0.000732
1079147.418532 708.513108 407.469147 -0.000056 0.017168
1174876.041326 389.687630 222.776161 0.006097 0.014869
937689.950195 758.601286 209.294448 -0.010078 0.001431
1200871.358253 489.103145 445.004079 0.018317 0.002835
1798372.363578 364.648508 106.096571 -0.005452 -0.008579
158766.744732 676.507773 464.277092 -0.007615 0.007822
584123.108808 679.252974 348.570548 0.018837 -0.006111
1019930.488905 446.851272 500.501612 0.015244 -0.011565
1412068.961846 279.883131 95.539811 -0.017809 0.003931
1390465.348675 524.211803 125.643768 -0.002526 0.004535
1560588.704217 268.950921 41.514434 0.018289 0.007998
709118.110458 29.186070 327.271117 -0.014866 -0.006180
481739.437432 336.345601 116.910830 0.012865 -0.004343
1084185.081108 265.445715 569.839544 -0.004946 -0.011485
321427.933090 65.880632 337.686580 -0.007248 -0.014488
322096.383349 12.088387 475.505484 -0.005177 -0.001921
811598.476400 120.561626 472.772553 -0.001002 -0.015685
975828.599639 663.483436 86.790045 -0.018663 0.018314
980873.326296 219.471796 226.780044 0.007415 -0.016152
1538962.265262 181.981864 256.825207 0.008782 0.004155
1281944.833362 703.960588 411.645478 -0.011831 -0.012012
1646853.441208 291.992599 129.101878 0.004639 0.009417
1334224.681991 17.392172 531.649072 -0.001787 -0.000134
1987979.200663 754.418991 195.790984 -0.014460 0.019072
567825.405192 503.165837 150.459191 0.006498 -0.007422
693992.653253 345.261349 324.921638 0.011017 -0.013974
290886.182473 332.849656 18.534469 0.013265 0.004801
461579.700216 524.030028 590.858736 -0.002167 -0.009166
1440439.939238 90.413496 175.668610 0.004256 0.002726
1578856.275221 480.152347 306.839022 -0.015377 0.009543
975708.803616 319.642985 220.517409 0.009548 -0.017535
1363849.989774 68.486705 295.886469 -0.011056 0.014429
1287670.666020 295.259395 165.930801 0.006988 -0.011975
1793086.186886 724.459829 513.391390 0.015255 -0.005945
253419.465503 481.269963 278.540974 -0.003193 -0.011680
65064.939701 167.125110 484.885240 0.001754 -0.007021
1093948.624606 25.448701 434.435074 0.016593 0.010815
1570950.974510 477.219781 513.708845 -0.008869 0.012814
1433502.711092 737.966577 113.538353 0.019728 0.003891
779698.448619 711.907356 301.548261 -0.010184 0.010860
1707668.152502 297.772486 223.831603 -0.007276 0.011675
1161722.038482 280.540389 0.459007 -0.004431 0.015787
650195.260835 748.735853 555.825697 -0.018028 0.014027
1393276.303724 667.639857 268.286824 0.002109 -0.015478
534900.189626 215.556787 21.162544 -0.001733 -0.009481
1264731.390059 677.118811 91.604125 -0.014606 -0.016315
1848317.172308 790.904139 278.547113 -0.008121 -0.007728
512088.236637 702.323434 394.487401 -0.009736 -0.009312
1104225.446984 465.409013 121.872053 -0.000864 0.005235
107543.810321 140.002475 279.266299 0.000035 0.009115
1156781.673039 614.827166 598.241464 0.004547 -0.011000
520065.349769 196.870611 42.962032 -0.003483 -0.004759
327390.441823 269.634599 221.815796 0.005115 0.005366
1353004.063178 707.207143 307.175310 -0.006618 -0.014377
1558240.596931 709.043449 433.464794 0.019288 -0.005425
706633.334377 28.840496 323.734174 0.012755 0.001501
534505.464385 317.606462 183.210078 -0.009426 -0.019563
1061346.780072 419.583277 154.249617 0.004105 0.017504
1275778.349152 612.706668 164.564562 -0.019700 -0.004244
1816858.008419 547.212467 166.743138 -0.003179 -0.019278
837596.447597 159.632089 542.498223 -0.014356 -0.012737
537634.699856 395.748893 130.637580 0.012333 -0.007465
1509630.032587 60.395877 426.178034 -0.018265 -0.006712
1442342.147903 472.911018 518.625763 0.019129 -0.012276
1603574.954720 492.700347 575.633159 -0.016953 0.004944
706735.606634 787.650558 184.515452 0.005252 -0.003796
651319.147391 40.136169 362.741741 -0.010799 -0.012344
1573016.600485 398.897319 411.639248 -0.019841 -0.007710
1998835.487291 607.339551 229.704856 0.008389 0.012777
1445522.677826 344.773353 246.261988 0.003488 -0.003639
1207599.107738 311.240408 15.010844 0.002527 -0.001386
1297106.122271 733.306637 269.806989 0.018230 0.001917
1709409.523620 225.408978 358.921183 -0.001623 0.000466
1579454.636005 196.708395 6.223750 -0.000964 -0.009988
635151.660366 380.265577 5.521687 0.008014 -0.012594
1657542.871152 338.396973 369.492779 -0.010427 -0.019590
50074.195513 674.336278 239.587348 -0.017996 -0.003750
1728956.987955 558.856928 193.650708 -0.007438 0.006177
1741304.677791 135.069050 561.930213 -0.001248 0.005120
896425.988943 206.853218 524.521862 -0.001651 0.009373
248631.410417 620.922293 125.825378 -0.014659 -0.000939
789536.960791 769.817210 539.708476 -0.019574 -0.011934
1819863.026878 28.599726 26.720985 -0.007627 -0.016563
901731.744829 139.062505 470.690433 0.010943 -0.000482
878442.611954 515.345309 393.961707 -0.004972 -0.015480
569936.175165 659.078978 222.939198 -0.013639 -0.008694
212161.644461 226.683972 35.300698 -0.007367 -0.003309
1070836.321949 568.439446 227.708273 -0.002602 0.008853
1162154.364009 276.002297 454.310832 0.005032 0.006169
1685995.778854 61.326991 496.875568 0.005158 0.014013
631794.399876 53.466460 296.628762 0.018908 -0.002299
