120102.793966 630.399184 121.608098 -0.006102 -0.005544
269277.329682 300.007112 156.230478 -0.018279 0.015150
1260731.205931 302.266189 191.712044 0.013067 -0.002960
973263.179405 632.914391 572.912983 0.008501 -0.005937
1683880.506867 289.196135 229.264324 -0.016822 -0.013039
1760997.696668 175.422008 580.405003 0.011720 -0.019819
354965.669268 681.964239 474.588876 -0.004791 -0.012041
306862.422408 412.005348 346.442211 -0.003480 0.002355
913598.742761 34.961557 562.614524 0.011147 0.014844
723511.401901 210.220216 397.804392 -0.007308 0.019059
27418.055584 126.999410 203.137215 -0.004125 -0.010459
1026719.971107 221.752772 272.945597 -0.000715 -0.017199
919235.655535 527.241528 552.780675 -0.009944 -0.018414
247720.705461 324.235157 333.722670 0.008060 0.012677
229642.751734 125.563497 517.171446 -0.017956 0.017169
1463437.116455 330.403471 118.937481 -0.004254 0.009176
349002.480669 325.715440 534.028548 0.001210 0.011413
253345.397419 21.864882 48.649802 0.003296 0.000363
301882.374241 33.207445 100.947355 -0.017034 -0.008248
417897.793659 158.357887 419.899333 0.010565 0.015940
1032678.423930 703.061693 34.557265 -0.004921 0.017251
1981626.739717 86.514040 206.282971 -0.012551 0.000447
148080.320166 291.098754 546.206226 0.018533 0.015042
1426235.401736 72.441785 542.603126 0.011800 0.006902
826207.458426 756.230119 428.265893 0.003248 -0.019250
17939.873048 633.049187 129.717405 0.008267 0.002239
229060.592236 178.669795 260.702414 -0.013003 0.003906
729567.630556 129.737622 425.690090 0.008431 -0.006072
424191.899795 625.451725 428.229307 -0.015127 0.009746
1179453.697605 667.589670 501.698239 -0.000334 0.005135
1017047.714916 724.883354 344.257038 -0.011064 -0.000461
1184883.571782 186.613292 168.434633 0.012307 0.017668
1669257.284919 738.019958 97.903596 -0.009255 -0.016855
1530870.404807 506.867439 153.130487 -0.001069 -0.006371
1211583.405366 549.644936 75.411035 -0.007254 0.012391
1741377.547263 727.186425 385.832763 0.008293 -0.003784
544004.606336 172.595105 185.185890 0.013865 -0.002453
1594854.852927 349.878958 402.344482 -0.016924 -0.010146
1223177.906695 729.697658 101.295121 0.010944 -0.013118
527324.168257 433.114987 487.609251 0.000765 -0.019353
312490.830343 99.705689 422.375168 -0.009659 -0.002781
1025907.483430 120.824380 212.093858 -0.013733 0.014351
1509229.653286 341.881377 43.569639 -0.018011 -0.009409
1023852.793045 688.153117 428.124684 -0.012674 0.017497
1918069.081343 635.216312 509.708899 -0.014817 0.002802
59433.087734 314.519985 67.934928 0.013716 0.016465
257531.464220 800.558210 21.751870 0.013274 -0.008791
961609.428265 277.242183 259.692278 0.013372 0.000060
582120.371322 470.095479 558.499477 -0.005430 0.005998
408974.288222 701.701845 306.573454 0.016819 -0.017662
899929.745542 700.331663 511.721402 -0.008030 -0.019843
849952.291162 263.262063 237.668527 0.001508 -0.013091
617567.269419 532.390943 103.649666 -0.006174 -0.000020
907629.657959 661.815654 507.004199 0.015494 0.006322
693382.430213 141.777704 148.660928 -0.008907 0.001677
1797970.130014 385.122169 250.784227 -0.003523 -0.004087
955435.349120 688.631030 163.965526 -0.006711 -0.013570
557659.864685 605.856962 293.307313 0.007016 -0.008251
1324351.926951 788.278049 575.601486 0.013348 -0.006820
917046.023028 230.663233 93.507313 -0.007870 -0.012909
1632997.046985 519.086606 212.556791 -0.017492 0.017124
1790149.784549 770.194776 244.869760 -0.007409 -0.004955
1613713.184192 632.136210 140.638059 -0.016796 -0.015064
791753.703166 288.578744 527.206843 0.015413 -0.018590
347958.385175 437.364894 12.055926 -0.014655 -0.004619
701432.257286 473.864806 403.353144 0.000322 0.015831
1693039.169392 258.668304 326.916916 -0.012032 -0.004481
944105.254926 76.368581 210.595486 0.015344 -0.003686
1451122.988691 550.674904 119.878272 0.018420 0.010771
644142.737912 285.012378 76.590280 -0.011892 -0.010299
328294.663843 300.303823 473.817394 -0.012159 0.000424
344141.964030 428.803248 60.513098 0.013709 -0.018295
1995072.262359 551.861232 220.686245 0.001691 0.015581
1509670.835691 11.149500 591.050832 -0.015726 0.015786
783939.521193 665.468684 350.087401 0.003532 0.011734
702233.533702 730.433464 89.088468 -0.000811 -0.015209
783487.379916 514.374586 295.250349 -0.012698 0.013073
1976.599918 282.118525 217.583190 -0.015853 -0.012082
812477.567611 80.988166 532.104370 0.010929 0.005800
1551513.418346 422.671102 395.107270 0.010377 0.005365
1106838.468046 120.752395 279.724418 -0.014517 0.009724
516376.429478 389.596303 394.267164 -0.003944 0.018699
1541877.001311 639.187736 367.000279 -0.009510 0.019229
877046.727052 210.982595 200.401295 0.012096 -0.005350
1062152.807164 166.460774 280.938055 -0.003290 0.019313
220503.739184 155.067842 306.161566 0.010773 0.018107
285758.867062 257.627183 62.747423 0.004288 -0.002017
1694852.848395 693.283305 566.663592 0.000243 -0.009225
1823523.613542 219.371909 44.353253 0.000920 0.001474
109429.840049 768.296916 480.060405 -0.004460 0.010487
331166.874772 736.357570 582.244441 0.005306 -0.006546
1904142.131984 594.105680 318.589133 -0.001584 0.000436
967910.745632 483.309090 499.262827 0.003520 -0.011505
581591.096978 348.426331 48.107640 -0.010655 0.017495
706572.319710 117.984353 128.379165 -0.003006 0.006863
1499518.371885 385.539275 378.817666 0.001970 0.014863
785875.055374 571.536967 474.391663 -0.005466 -0.006112
257524.722376 252.968283 54.399320 0.006462 0.011197
1201976.699383 114.824410 228.927178 -0.002619 0.009278
1186503.038363 580.043930 101.827787 0.006827 0.018392
215485.423904 20.091052 64.843012 -0.007119 -0.001907
1555844.913030 56.636215 560.850815 -0.003698 0.004792
1610655.802121 641.107620 200.329621 0.003837 -0.013393
1363983.919548 580.594227 288.320552 0.010878 -0.004604
515601.680854 298.525863 317.647486 0.005556 0.012250
521772.659627 185.439092 319.554243 -0.002814 0.016123
984056.433190 429.798669 558.370105 0.003505 0.013641
764465.851134 302.216430 558.043666 -0.007322 0.011438
1098768.237559 98.208452 352.919287 0.014622 0.008842
1505133.839094 452.507927 265.860686 -0.010745 -0.006514
1656881.889169 392.740932 425.941495 -0.005640 -0.014820
1035409.796534 493.547135 216.359168 -0.018007 -0.018104
532033.862794 432.442139 349.942841 -0.012178 -0.014336
885049.308131 462.095503 312.411793 -0.005106 0.015767
611963.250959 737.604535 10.421149 0.015702 0.012225
1469794.933437 516.373377 223.597474 -0.012433 0.015607
1419313.830053 5.382925 222.239143 -0.003142 -0.005436
1001399.715897 751.250803 589.880413 0.014481 0.019444
57920.523946 103.058306 316.899860 0.004563 -0.007022
1340168.589419 44.060968 541.154583 -0.012380 -0.002906
1593328.125585 397.044623 209.034957 0.012545 -0.004448
308175.125303 438.500233 21.588020 0.000929 0.009128
1829796.170737 187.901155 440.315615 -0.008568 0.006237
194622.977727 628.394653 356.786234 -0.016823 0.005969
1163384.351490 85.783526 466.897027 -0.015289 0.009211
203536.384834 623.513972 466.973665 -0.019844 0.018799
408990.508136 640.543201 279.641873 0.002413 0.004634
1709918.606891 566.487466 96.638609 0.015759 -0.010615
1776676.395804 644.363220 280.280783 0.004784 -0.016389
248411.979642 575.625168 526.854767 0.008748 0.011925
1052401.075630 239.769586 543.567479 -0.007835 -0.003536
1254879.329007 324.239179 114.394925 -0.003736 -0.003568
322021.593490 487.280402 125.373397 0.001005 -0.015051
1647379.426121 386.190600 521.419192 0.019419 -0.005112
204691.412954 699.188767 106.324999 0.002792 -0.000170
536197.156895 555.270431 128.656714 -0.014200 -0.003474
25648.950611 537.946351 428.831592 0.016668 0.018942
247729.502734 436.856115 229.227115 -0.007400 0.018032
1580350.309415 379.787792 335.198549 -0.020008 -0.015902
1443766.372951 659.208600 351.077682 0.003680 0.012389
1912564.341869 554.278920 409.497596 -0.014673 -0.009431
357511.299829 321.098351 575.526686 -0.004423 0.001840
744693.135258 324.304845 130.811827 -0.016547 -0.007020
387589.365424 167.806355 523.078465 0.002987 0.000953
1645202.005117 291.603319 -0.129264 -0.004714 -0.005361
205411.871060 83.724901 113.548145 0.007508 0.007843
1996032.971887 514.911598 233.943112 0.007542 0.010380
1306804.762830 688.132243 106.597871 0.004501 -0.009856
1450619.077985 788.609359 395.041835 0.017717 -0.017182
1969754.747101 110.673409 168.461626 0.013626 0.008611
1609086.544071 543.879072 45.428965 0.012193 -0.017514
883645.576836 726.157855 99.665699 0.005698 0.003637
1722771.757153 502.410672 142.258677 -0.009970 -0.007556
28763.775727 722.644980 101.807778 -0.011976 0.000500
845989.907554 733.733443 301.361165 -0.016746 0.014416
1143645.596292 54.575269 600.400310 0.014090 0.016925
1423342.375748 525.710723 361.911119 0.011486 -0.001572
1329764.171191 184.905854 221.796653 0.013247 0.014447
1926056.274178 553.190352 294.441736 -0.012004 0.017723
1598411.507718 172.820015 507.806262 0.018772 -0.003699
726058.746095 314.084245 195.449287 0.014552 -0.001022
375371.614646 348.358407 324.793062 -0.012651 -0.008633
932014.105344 718.347186 567.085966 -0.017154 0.007127
811741.037672 587.808603 550.842609 0.010982 0.002637
1557690.799962 589.648858 154.956517 -0.009263 0.017509
399385.155365 53.274447 91.166745 -0.018134 -0.018557
1122038.441301 328.110331 256.557121 0.015485 -0.009113
1805346.826001 59.662424 425.557434 0.004359 0.003753
1995636.369100 729.224936 97.128785 0.017696 0.019438
1695958.700821 279.104036 427.817706 0.010647 -0.015090
558004.577904 435.830944 516.759116 0.001459 0.012504
1597187.265566 589.342729 528.833694 0.018085 0.011277
1833981.536251 410.025643 114.640668 -0.006180 -0.003990
929917.220459 197.765631 284.854087 -0.013194 0.007558
1471826.909795 138.663742 361.207275 0.015870 -0.015403
1165988.196230 595.194344 277.977918 -0.008184 0.000420
1172216.120722 460.775217 32.349004 -0.002200 -0.015477
1736107.381869 196.490353 508.197690 0.009949 -0.012173
1259741.624473 533.055098 425.048403 0.012848 -0.019577
218963.730251 229.083065 155.190440 0.003362 -0.001611
1902503.935575 255.785514 379.533937 0.002182 -0.011337
1496596.111682 109.384428 576.177215 -0.011559 -0.002660
941537.357374 638.182991 5.871323 0.001069 -0.010190
245239.558744 315.849464 292.955293 0.018816 -0.014289
1372376.816986 480.095052 484.740033 -0.004175 -0.003135
1637971.852737 403.651533 423.951545 -0.017019 -0.016341
337179.376901 23.708868 245.406607 0.012138 0.003350
1249672.392965 440.334160 432.847844 0.003378 0.010445
310196.676436 44.306316 335.825078 -0.013360 0.003297
1607296.809371 230.228118 584.999748 -0.008234 -0.009707
236307.595035 783.994167 515.205010 0.017036 -0.004963
561161.337682 597.026847 528.858651 0.019446 0.012913
1939371.158341 125.319467 511.976072 -0.004855 0.018363
870700.636353 2.061339 305.600196 -0.013723 0.003550
541779.813609 249.459707 386.782266 0.013262 -0.000886
453110.709066 506.712234 459.686026 -0.011928 0.017065
47266.968548 256.952669 543.186331 0.015294 -0.010192
562186.379247 130.021646 594.565217 -0.013528 -0.013980
1629854.769274 105.324802 185.090848 0.006686 0.000384
534606.907766 82.292865 307.433355 0.011063 -0.009663
203362.833803 38.236315 342.304124 0.009821 0.015216
92345.910190 778.872564 306.451790 0.012421 -0.012993
877177.283576 667.541996 297.699690 -0.006206 0.008680
1484435.888699 500.957065 528.872506 0.009362 0.011483
64404.659935 438.985519 550.697871 -0.006319 -0.011445
856791.879449 487.112588 190.776699 0.017639 -0.004616
1153201.109335 33.918071 259.466854 -0.014233 0.011659
618554.387530 154.314343 456.642302 0.012846 -0.019884
1875266.974734 207.510324 503.030758 -0.002704 0.004178
1111007.126566 140.219956 138.596202 -0.002544 0.016421
34336.430968 375.423651 275.437708 0.017133 0.004252
1349224.196444 292.182498 249.860166 0.019695 -0.007782
1602661.077679 455.149756 209.639951 -0.010648 0.008556
276647.354605 434.471297 544.424986 0.016408 -0.005553
1822198.850020 671.154544 373.241019 0.009942 -0.009121
453696.245539 243.684226 268.618282 -0.001695 0.009698
713133.517985 379.618594 125.370403 0.012603 -0.003602
36437.158490 391.717168 464.283372 -0.002897 -0.000572
159010.190591 189.102039 31.260502 -0.002846 -0.001199
1535456.720523 453.596355 6.982517 0.007007 -0.001248
749811.288319 470.106545 183.224934 0.019851 -0.006529
1154889.427663 178.770224 384.589376 -0.018997 0.007213
762647.938338 304.977432 92.498648 0.003625 -0.012137
1129345.827331 486.723771 410.832371 -0.006535 -0.018320
337378.635228 333.953244 168.865038 -0.011171 0.013865
1499918.929068 791.320226 248.052643 0.010350 0.006641
1760744.261444 108.745971 149.792868 -0.012555 -0.014676
1172923.453698 610.460559 215.685189 -0.010956 0.011546
79642.974809 486.096185 100.981805 -0.012200 -0.012033
730713.756164 606.853378 483.845042 -0.017944 -0.016077
1702955.846536 175.419839 309.536971 -0.014689 -0.002386
724785.897287 705.990303 257.957325 0.011052 0.005767
187236.443249 524.317085 468.686698 -0.006230 0.013669
1828784.213322 744.220817 362.781936 -0.009396 -0.013225
787390.226865 250.409509 459.587543 0.002478 0.000236
1929498.061505 743.010930 161.143506 0.010635 0.019220
730520.102536 499.649634 120.200149 0.015178 0.010627
1281053.293162 194.248414 381.762202 -0.017203 -0.019252
562426.321470 130.199818 404.885957 -0.017502 0.000266
1033437.869061 779.998132 262.815501 -0.015120 -0.010090
1192859.900739 412.563943 336.331262 -0.005498 -0.016832
138898.690296 261.437200 3.547703 -0.006509 -0.015990
1973181.982512 561.021289 434.050615 -0.012566 0.003318
957790.512106 660.733024 496.850428 -0.015322 0.015869
1692076.045876 318.216580 36.198324 0.000830 -0.001625
1136829.509929 29.212460 260.378650 -0.019521 -0.013629
1367539.427880 482.432775 406.287820 -0.010179 0.018675
1509350.044424 252.399332 176.119165 0.010398 0.006117
785056.476847 597.994158 212.869261 -0.015366 0.017396
1873643.585422 476.130049 457.085112 0.010545 0.008431
1315983.134935 488.234298 64.689713 0.008805 -0.014715
1135951.929323 228.645650 100.576768 -0.019852 -0.008260
656102.584980 548.497276 539.270302 -0.019843 0.017279
1727078.126616 606.274715 148.304748 -0.013757 0.000839
1797488.349396 438.922072 161.422568 -0.009883 0.006606
406141.346510 152.084673 156.458010 0.018577 0.018124
1941231.998588 497.116723 337.385393 -0.016815 -0.006385
1386830.762674 518.560849 376.792643 0.014459 0.005999
1843128.023596 152.275162 201.685178 0.012787 -0.012237
538331.757550 546.168354 571.847074 0.000657 0.013534
944807.663069 332.420017 233.374101 0.009354 0.006558
106756.882792 754.923642 514.565780 -0.007555 0.016348
1618777.323337 226.576194 318.145284 -0.005086 -0.005240
1742666.514471 52.446269 6.955623 -0.000035 0.017114
1321460.731012 337.207860 69.675032 0.019888 -0.010390
620834.287545 213.118340 553.841837 -0.009470 0.011294
1523195.320518 587.371125 118.883451 -0.014017 -0.000941
1731081.362688 163.149219 252.014790 0.008915 0.000661
656632.629529 425.718768 480.575840 0.014354 0.016122
325566.043298 583.663871 581.003216 -0.013080 -0.010859
1792559.657149 666.307397 390.335500 -0.019492 0.013220
1778465.217808 259.362646 59.267591 0.012372 0.003538
1763427.173609 457.758632 193.022658 -0.017856 0.010107
1593951.392730 755.892404 556.279950 -0.011306 0.006607
886016.743670 435.781757 119.155129 -0.010401 -0.003813
204796.643092 323.775751 80.811478 -0.017154 0.002974
727276.621725 773.399110 248.429846 -0.019643 0.019101
488690.041233 721.738047 183.036698 -0.006266 0.008564
1781116.410057 179.191099 171.943039 -0.011469 -0.007824
20635.784613 7.599804 149.522289 0.017502 -0.010969
1834876.302553 303.349884 462.690651 -0.015330 0.004950
350019.654422 174.636739 16.718834 -0.007612 -0.008379
1214501.650638 537.688288 155.096139 -0.019201 0.007498
477760.385944 211.515572 353.514749 0.001768 0.004276
605806.972182 347.271000 499.309317 0.003595 0.005792
272576.070518 480.081295 392.514623 -0.004568 0.001523
1759240.741729 243.211335 550.255413 0.005985 -0.003284
1080301.612187 660.464990 382.602040 0.002791 -0.014591
1857771.559552 140.157618 484.309775 -0.012476 -0.012186
988850.145130 339.887868 276.856745 -0.016671 0.018752
134591.829094 309.647552 242.586372 0.015994 0.019024
96963.198901 28.632331 345.818583 0.008313 -0.003141
227820.812831 464.961412 434.741374 -0.018764 -0.010713
290631.014058 457.584878 34.221948 0.011498 -0.014510
385931.693197 569.474773 190.174860 -0.020029 0.015996
1023297.854244 397.133984 195.426033 0.018830 0.003267
589125.026292 31.580106 579.713010 0.007952 0.017449
1882412.602139 596.846182 584.006241 0.000686 -0.002099
790218.714061 504.722469 18.739970 -0.015186 0.006555
526777.357108 212.295439 139.830408 -0.007110 -0.017986
748590.766801 411.842256 457.613014 0.007591 0.000592
1324791.236466 162.246106 5.951156 0.019526 -0.013032
1179151.767483 226.046767 128.369647 0.002197 0.019230
301466.356172 395.965521 434.783316 -0.014980 -0.019512
349183.755158 414.970529 387.377864 -0.011764 0.005624
616335.581344 375.076677 543.788844 0.001723 0.011542
1910511.639859 733.785798 182.938243 0.008696 0.004282
1640005.631205 304.795375 484.990715 0.013287 -0.005344
1964468.728734 335.816238 391.171625 -0.012189 0.018995
1261209.360911 276.215264 282.367474 -0.005748 -0.001167
968463.258337 424.337214 593.871981 -0.014826 0.009422
1257770.379660 350.164534 124.002795 0.001259 0.019271
1991034.577596 391.379556 537.641751 -0.008006 -0.011737
1007596.648767 95.799287 353.461605 -0.006662 0.017895
1912045.142572 235.957303 222.800941 0.004268 -0.000412
692628.538559 190.237063 501.223458 0.008925 0.003685
609848.141023 240.647356 74.918401 -0.008220 -0.002768
1723251.459991 737.618698 520.936046 -0.017353 -0.001710
1696924.347289 50.386199 567.948139 0.009832 -0.005579
309029.791648 199.726968 289.719778 0.009628 0.002325
867302.640745 559.217658 513.488570 0.012176 -0.007823
691843.061099 120.525005 326.150331 -0.012863 0.018628
272265.500516 388.379716 162.219614 -0.009546 0.011206
1400582.436193 98.374176 421.256512 0.003009 -0.012288
320566.674844 333.019472 150.771863 -0.015710 -0.013505
1229627.376064 208.737559 246.127902 -0.016044 -0.019855
1946485.269790 425.019277 421.401510 0.006448 0.006751
15066.369444 140.504667 292.263396 0.002010 -0.005761
911695.870064 549.132475 506.284241 0.009044 0.017875
1245159.992597 340.294342 42.810173 -0.006296 0.020287
519428.529087 388.676102 247.034200 0.000351 0.003868
1147820.552414 102.224648 512.440654 0.019418 -0.011052
1717933.562453 767.109298 453.744904 0.002495 0.011450
183230.377819 455.338776 577.689698 0.003167 -0.015301
640928.558372 27.411190 483.289099 -0.013451 0.010285
1503776.668340 629.019448 111.019210 0.012843 -0.015528
360957.489517 65.395974 358.333868 0.003706 0.003716
380073.533570 131.911666 431.567010 -0.018227 -0.014029
1889061.825298 723.412394 66.012896 0.008013 -0.001341
1796955.322752 633.874985 20.378177 0.014483 -0.005169
306282.549308 147.033464 243.146834 0.018362 -0.006191
332156.324914 567.579986 78.921664 -0.005929 0.001319
485168.456326 426.701191 367.275792 0.013046 -0.014864
413343.113108 24.384726 173.561366 0.017102 -0.017008
883643.182406 697.255776 587.102515 0.002073 0.002807
887249.075289 360.295507 217.492402 -0.000903 -0.007440
1467432.667253 504.267348 297.514722 -0.014408 0.003561
1682910.725327 245.174016 179.530636 0.018973 0.006317
1660796.624450 172.293757 113.461732 -0.002234 -0.017769
629926.086697 520.371602 50.898833 0.004189 0.003112
318150.466456 37.202262 269.346235 -0.013808 0.003913
40123.955365 464.606580 29.021464 -0.004738 -0.017512
724761.667999 94.032928 413.617534 0.014320 -0.009801
558074.092752 559.686466 337.282172 0.003108 0.006876
438651.350531 326.404827 533.299928 -0.004214 0.014586
1885724.248311 578.915499 300.929633 -0.018901 -0.006827
158400.153815 149.288722 226.089544 0.001143 -0.006983
1952982.963972 437.520154 543.688369 -0.018959 0.017278
1927788.328346 311.038086 28.229016 0.006201 -0.010089
607879.136041 746.997886 567.562939 0.014625 0.000465
1236504.919471 67.946355 551.391127 0.000256 -0.000270
1541570.438790 358.773610 131.498937 -0.009121 -0.000969
1098586.873663 282.326657 398.422515 0.017054 0.015184
1973812.054831 723.132106 257.372297 0.015646 0.017429
717421.361579 684.433657 190.610695 -0.003731 0.000395
1128238.588166 568.342618 265.723526 0.000398 0.003055
1906900.824936 103.249412 396.779157 0.014911 0.005396
311031.282093 514.380620 50.684675 -0.004967 0.016678
1119457.958787 738.774299 161.425800 -0.010749 0.013997
295815.608602 167.813480 451.569322 0.003005 -0.015978
1365835.790227 746.648475 574.045499 -0.019993 -0.006438
933742.419320 452.444734 30.027438 0.016416 -0.016960
1254474.420685 690.028211 122.195102 -0.008479 0.009409
1674721.783807 355.646590 227.738201 0.016823 0.012741
589441.845468 384.424339 445.818750 0.002563 0.008109
1186208.380939 568.294581 547.265486 -0.006137 -0.008544
28320.921598 24.597659 131.631162 0.018877 -0.018779
1123059.363627 350.764831 356.759905 0.004369 -0.006049
1339490.994503 192.629067 126.488215 0.014920 0.001161
1892333.765464 567.785651 583.323596 -0.007212 0.005362
1580513.963280 495.700726 66.169131 0.001238 -0.012665
1628540.167412 101.040594 535.772773 0.009076 -0.001116
358744.990248 592.741822 301.807588 -0.004038 0.008491
1065496.480589 768.655973 90.551829 -0.014930 0.002940
996930.964755 638.366900 488.909259 0.008373 0.006815
685065.261407 523.975842 229.027398 -0.007655 0.019144
22284.613001 83.071552 360.079214 -0.014820 0.005113
1564209.169505 749.560162 458.176137 0.006971 0.006548
471659.941818 684.007778 242.407512 0.009525 -0.009789
234378.384535 216.407392 129.542172 -0.009231 -0.004017
1581110.075852 613.270068 117.732128 0.004190 -0.000951
1733102.233956 757.541259 78.159468 -0.010148 -0.009498
222272.466972 206.804738 219.670441 0.008454 -0.004767
7593.072023 394.852848 189.619553 0.010721 -0.013152
1961038.188991 2.043335 13.995413 -0.004568 0.009661
554464.627316 401.915032 7.678309 -0.000263 0.010862
821613.773155 227.352249 322.660457 0.003946 0.015615
24485.756655 378.316857 502.186092 -0.014263 0.008808
196372.594776 203.389442 587.957537 -0.001422 0.018543
718005.964867 375.043414 274.495135 0.007052 -0.010220
1252709.545778 525.434431 142.146453 0.005946 -0.018315
1958473.456073 741.814740 326.328469 0.019623 -0.003223
628831.249023 322.255736 421.351701 0.014052 -0.019644
1185057.482303 690.547878 288.863935 -0.002872 -0.019714
406775.272641 421.120955 157.314542 -0.012897 0.019404
452064.211691 433.124125 275.611827 0.007348 -0.011355
1391094.198167 249.207644 524.847113 0.017225 0.018308
1830316.959801 730.314148 532.184152 -0.001630 0.016130
610994.441719 618.118324 184.010340 -0.019663 0.004984
631021.334152 481.823099 292.079967 0.011837 -0.018573
989235.750860 1.806556 334.038246 0.010257 -0.012654
1098658.789461 784.351573 435.131189 -0.019662 0.006629
1883467.686308 564.553058 586.021646 0.012803 0.005386
1871849.530317 584.822741 330.523833 0.012870 -0.012442
911993.535660 102.254059 577.365875 0.010577 -0.014597
1176139.691461 61.561357 443.458703 -0.016931 0.015020
1537174.407177 456.344381 526.445168 -0.006938 -0.006930
123261.179832 700.913364 185.261767 0.011679 0.014923
1946848.674653 583.250964 354.092839 0.017981 0.001710
457599.283409 709.006170 164.547453 0.011211 0.008296
926562.791190 189.181467 501.669299 -0.000054 0.020068
1942178.605097 12.071198 45.340138 0.008401 -0.016361
1905775.863633 382.733982 397.483905 0.013275 0.012158
1975712.466974 713.583967 407.976161 -0.008321 0.007170
1128937.655654 214.606964 243.677971 -0.013898 -0.011213
1900458.380534 306.177430 62.074574 -0.011063 -0.013424
1623668.112617 549.986157 239.581905 0.005847 -0.015470
798515.523224 494.057394 76.749824 -0.000977 -0.006940
438456.544857 343.725100 482.278564 0.015118 -0.009781
1216805.763178 694.607809 90.669314 -0.008497 -0.013395
1661706.700764 681.423201 259.124368 -0.010495 -0.019710
1303971.794110 150.831046 233.933568 0.010276 -0.003515
1107963.914568 455.338914 58.961426 0.018169 -0.011402
425643.800956 282.614468 499.990796 -0.007416 0.013782
318262.858465 449.141937 154.976601 0.018568 -0.002273
1036196.117772 457.896388 186.614375 0.006835 0.014609
948553.069005 401.492696 427.720002 0.016397 0.009359
1438074.149861 446.957340 555.751534 -0.015620 -0.007587
677338.477540 530.419022 530.670256 -0.002501 0.004693
197747.041563 521.171897 583.515981 0.017220 0.019651
1601492.672973 71.562439 330.592221 -0.017642 -0.017809
1987075.958395 461.510954 375.176987 -0.007824 -0.010054
971748.938305 621.750394 449.387711 -0.012076 0.007404
974474.447302 733.547435 146.127644 -0.003452 -0.018913
1121549.802423 602.053374 413.145120 -0.002208 -0.012397
613932.794246 434.643178 504.545325 -0.008855 -0.001012
1665525.531241 62.898673 338.628931 -0.004480 -0.014538
1238773.710671 302.401251 429.525458 -0.010181 0.007294
1925637.924078 585.365163 276.665692 0.008455 0.017206
290519.337305 158.629182 508.062575 -0.004366 0.004493
1745488.432117 760.829190 218.951584 0.002444 -0.004206
1111265.337612 695.146333 563.155824 -0.004269 -0.013864
829182.160473 184.307613 135.871231 0.019235 0.004581
728391.627189 478.792342 596.322904 -0.016882 0.013655
1349985.243450 33.292077 346.042556 -0.014505 0.010167
1010733.056353 223.877111 571.591485 -0.005913 0.006793
1129411.861826 180.376697 373.200373 0.017220 0.011489
33999.050983 389.243267 394.189228 0.021070 0.015578
1606354.705806 296.140479 66.672585 -0.018777 -0.005950
1451822.744427 315.171824 570.273345 0.008764 -0.001004
1590584.168020 314.834818 309.315262 -0.005147 0.001139
538209.161040 700.878766 484.864968 -0.011161 -0.010864
958317.440449 628.117018 272.207535 -0.015992 0.008650
479655.517489 94.549734 120.157928 0.015860 -0.017014
167238.956395 558.618490 267.438158 -0.012164 0.009131
1592486.357127 737.269506 73.271824 0.009847 0.005637
1189583.299304 432.996838 20.918609 -0.015532 0.016583
1124831.962923 303.255714 474.208575 -0.005194 0.004006
37146.621401 680.307439 232.723546 -0.001136 0.018056
205026.889315 568.849046 41.073013 -0.007895 0.004315
284161.461650 310.218050 183.814119 0.003494 0.003352
68690.410847 306.153595 301.667614 -0.013745 -0.014786
287411.349028 600.147975 403.957450 -0.012907 0.014464
1171263.018237 591.651467 143.612079 -0.004982 -0.015507
1682127.158941 314.959394 577.545645 -0.010873 0.014513
1824708.168313 264.956137 346.661083 0.019211 0.005358
369206.509725 98.055163 13.399775 -0.000372 0.008413
1208981.916871 419.399305 56.209644 -0.015650 0.007267
446720.970071 202.274406 259.084935 0.015802 -0.002836
586212.983628 385.049702 102.149448 0.001336 0.014305
560717.814863 299.254743 150.899593 -0.010352 0.004147
234257.601311 123.741998 558.867032 0.007807 -0.014625
1133248.557864 703.448469 154.200287 0.003533 -0.005178
1934248.125150 153.548777 536.620092 -0.017566 -0.007939
1152133.833222 226.099689 331.364243 -0.019689 -0.012993
1965200.129880 240.360415 396.868887 -0.013837 0.013365
1034901.121182 346.219895 125.894712 0.010883 0.006878
1623246.405098 709.042069 497.168178 0.009744 0.003207
1926329.093951 248.103307 276.332915 -0.011182 0.015960
1658576.383096 150.499568 54.743407 0.008982 -0.010065
786221.519479 240.971925 318.643191 0.017786 -0.007697
1421758.733421 742.901785 365.001996 -0.004809 -0.017368
888519.625593 711.326064 308.028038 0.005922 0.006155
374128.679919 371.363257 325.487268 -0.019384 -0.011594
247207.860577 783.032943 311.512698 0.003283 -0.012050
838233.393076 329.888200 231.472909 0.000723 -0.014332
1269501.125100 722.758620 262.785126 0.002277 0.033379
1490342.234955 701.547180 467.187257 -0.005840 -0.010058
1720173.599068 638.955443 82.403895 -0.005141 -0.001856
1589947.016719 447.803425 550.799539 -0.006492 0.003105
254199.274003 369.743680 331.733849 0.005912 -0.018216
1506623.924480 52.392891 274.473218 -0.014407 0.003087
1187558.641279 619.099838 289.630742 -0.018793 0.017646
663885.182079 619.962019 490.456229 -0.015549 -0.014783
134186.233456 776.605742 557.399596 -0.011865 -0.006224
763995.101100 799.292862 542.429620 -0.008050 -0.006505
960104.740672 340.723288 479.089123 -0.018589 -0.016983
1689167.128731 629.691544 84.876036 -0.007885 0.017126
1435140.350571 715.975455 422.218335 -0.012035 0.017046
1287450.956780 425.435068 421.160058 0.008623 -0.014420
1664884.491668 423.868799 368.592334 0.010630 0.009318
1916152.068375 115.706844 439.934768 0.014367 -0.002292
142374.806172 274.729836 522.116364 0.014831 -0.004936
1889104.925044 571.655678 97.817145 -0.016701 -0.019291
184043.514628 642.402066 546.883357 0.011781 -0.019920
1678137.485719 350.668316 320.132179 0.001600 0.016075
349432.717240 299.268811 257.217830 0.011504 -0.014623
327130.583267 597.834115 167.723413 0.015866 0.004361
1445781.852792 774.665738 571.572729 0.003715 0.013534
657045.848974 430.374215 332.871618 -0.000288 0.004923
1143416.638087 467.914247 254.905270 -0.000621 -0.004814
853229.746620 259.688345 491.232483 0.018361 0.014549
1436276.935710 106.417695 143.610640 -0.014025 0.016985
747046.145027 249.395412 400.666909 0.006110 -0.011855
555282.349025 300.062962 106.694071 -0.010821 0.018769
31011.744417 446.386768 303.480751 0.002807 -0.017979
259713.421697 113.417329 381.611660 0.002212 0.005065
30230.289339 785.880034 570.669393 0.013289 0.017702
1629124.594680 440.010775 45.008071 -0.017901 0.007951
1993199.337271 341.277753 5.434255 0.006602 -0.016790
437214.899080 754.096932 272.241091 -0.004242 -0.013120
847463.854052 329.221658 438.803464 0.017217 0.019223
1561464.248021 48.379232 73.528991 -0.003323 0.004599
1496915.452879 345.545361 358.005713 0.008027 -0.009433
1076064.875850 410.507839 489.278597 0.004504 0.002594
1028186.607653 487.310688 594.744535 0.000928 -0.009086
141764.248787 594.391060 129.671603 0.000993 -0.014456
778578.041484 758.773336 329.843271 -0.015279 0.015192
1058486.954802 720.260714 564.122591 0.005839 -0.007122
1112790.978101 319.358713 448.078224 -0.013856 -0.016077
24501.685065 553.962226 366.366934 0.013087 -0.007842
353571.678676 272.743080 548.619844 -0.013268 0.014606
375264.103699 191.474667 365.779958 -0.003806 0.010616
1493884.026769 634.898807 429.303477 -0.008209 0.016521
1188817.119779 659.946639 487.970248 0.001402 -0.000911
259519.063057 73.847070 525.324855 0.015148 -0.010166
1949033.547169 712.091869 562.572517 0.003476 0.008711
482529.103981 609.389548 36.180241 -0.013826 0.017266
1850091.109914 273.848835 102.815682 0.001401 0.009863
1871495.037280 224.958588 324.759130 0.006209 0.002870
908785.677938 195.212992 241.282875 -0.009273 0.011223
1755362.652128 318.427914 522.303668 0.010157 -0.008999
232765.271437 582.005440 98.762159 -0.018122 -0.007219
1765166.354256 236.469413 45.871244 0.017676 -0.001994
15434.920795 692.835004 474.734245 -0.012883 -0.004006
1077013.659792 90.599512 409.365065 -0.016802 0.010607
516053.778360 427.434027 5.747804 0.006389 0.012126
1576709.125925 429.918341 119.168964 0.006433 -0.008341
948767.654108 620.933765 12.224304 0.005597 0.013208
667159.362075 417.516517 74.294614 -0.003589 -0.001436
1146380.339352 334.086033 198.449639 -0.005349 0.003862
1462269.868451 722.411317 427.055359 -0.003592 0.019247
949273.004639 536.528304 309.746482 -0.000656 -0.006839
636841.273232 217.407907 521.006799 0.000691 0.017240
316267.470045 793.060523 424.474736 -0.012939 0.005311
1072709.865436 409.200150 92.863013 0.006415 0.016881
1234697.917120 187.529759 203.701083 0.017929 0.003944
1871003.135047 543.415946 300.131769 0.005844 -0.016343
968257.898916 95.601598 457.572569 -0.019795 0.004251
184803.100389 256.187872 525.949253 0.018289 0.013469
1613704.762242 94.160981 496.993961 0.000561 -0.008174
920804.219749 40.434592 484.202880 0.004861 0.008298
1455508.939668 184.344957 565.888101 -0.017310 -0.012833
1084419.887087 1.219068 515.128799 -0.018218 0.005932
1899527.167855 422.518498 461.410428 0.008451 0.001114
745706.753221 643.168732 509.138796 -0.010136 0.010542
1369434.811813 44.298738 529.137782 0.000575 0.002792
353913.564400 780.024387 371.895877 0.019279 0.003540
660308.989072 568.523692 492.076951 -0.009055 0.011118
1997036.600484 653.727970 468.960979 0.014265 0.014408
857968.969670 644.623183 232.643878 -0.012094 0.000743
1832483.595159 457.087856 194.315568 0.011702 0.011632
174050.590104 359.816206 525.544225 0.018769 0.018478
887791.815627 115.813459 561.224514 -0.017431 -0.014859
1048845.100705 314.640864 504.394822 -0.006251 0.006686
1236598.032171 273.662318 290.036911 -0.004027 -0.012093
688449.854352 662.690179 2.416120 0.009250 -0.018938
1047717.716101 519.107753 357.798078 0.013917 -0.003480
831685.772553 746.749921 517.281171 -0.008459 0.016124
1646809.537731 587.917206 29.475428 0.010385 0.011942
354697.854423 226.582661 115.088967 -0.019276 0.005151
1718570.137265 508.405587 581.398967 -0.006287 -0.018646
338487.908402 549.653497 517.426601 -0.012997 -0.003250
1776805.868268 558.740372 40.767497 -0.000620 0.001848
960078.654327 720.380034 286.991905 -0.006812 -0.012539
763596.911339 131.443751 556.090132 -0.002748 0.017021
1446903.674606 486.661536 125.324481 0.017546 0.005375
1673049.761761 619.868292 155.844467 0.012214 -0.015279
591079.477496 780.282259 482.692990 -0.013709 -0.013986
450261.526019 36.890081 509.529944 -0.008243 0.001255
788880.985598 619.018190 258.758720 0.014935 -0.015423
1247242.441982 204.428553 167.402280 0.002022 0.007425
405506.701397 218.010627 175.251647 -0.003531 -0.012362
1835863.754077 197.691422 576.329393 -0.012857 -0.017848
159031.381905 380.074032 18.637373 0.015404 0.005325
362722.217274 87.307246 407.224164 -0.018534 -0.003742
420997.232395 340.187521 105.297951 0.005862 -0.007733
580167.091722 213.289048 332.926035 0.002808 0.012592
479025.265425 617.110841 52.514058 0.001287 -0.012674
552036.800679 359.880652 258.440044 -0.010469 0.005067
969986.005207 253.896227 61.555346 0.000815 -0.011950
1471710.388303 557.492509 187.843040 -0.003394 0.009221
1430984.936390 500.920131 91.088810 0.015645 -0.009259
902052.609670 144.469129 321.202986 -0.019779 0.010001
700700.571156 195.522762 313.373804 -0.002450 0.011060
1408199.004553 571.210331 137.203074 -0.014609 0.018116
1713095.736556 496.347913 161.344071 0.018421 -0.014613
944491.339356 557.143289 498.662547 0.011373 -0.015566
1119457.834922 400.491155 441.409815 0.008483 -0.004371
8319.607940 130.640771 343.444315 0.001564 -0.013273
647061.014849 711.898388 247.374502 0.013812 -0.006820
379545.065751 439.175428 25.922572 -0.003342 0.007315
1990576.603445 218.584121 181.403374 -0.009383 -0.010680
876473.971119 589.584956 557.755622 -0.009188 0.000888
80381.552726 664.592594 13.455858 0.011021 0.001700
828036.629980 625.090869 423.040766 0.019522 -0.007180
1747623.103553 248.349888 124.391811 -0.008533 -0.013741
1072386.123739 381.218130 423.706313 0.003229 0.015735
777386.485961 459.659334 100.923433 0.007634 0.013595
801906.589792 103.727465 345.945988 -0.006812 -0.003941
197987.358178 295.902690 137.771586 -0.015160 -0.014143
1545926.498969 428.228646 556.361288 -0.000459 0.001266
492654.834172 281.818929 500.359087 -0.000878 0.005001
1978982.283724 792.969310 69.289045 0.007747 0.002828
17631.095842 66.062550 86.778073 -0.012954 0.010995
1966499.848276 461.747584 543.686756 0.003645 0.014907
611006.784537 527.339295 167.379976 0.001460 0.011204
850069.038966 247.012177 189.914612 -0.005922 0.011500
1676786.882652 479.132413 83.224931 0.006894 -0.017859
1557780.060711 529.818909 26.139455 0.015763 -0.005719
1227310.625476 722.842230 262.744411 -0.005951 -0.036961
428616.731627 591.971793 393.314888 -0.015228 -0.007965
1127178.874392 340.467676 576.754500 0.013656 0.018407
1480731.590409 212.697668 162.234380 -0.017760 0.004803
115335.758829 715.073735 130.662866 -0.012099 0.002661
541498.807511 780.902005 137.349774 -0.007446 0.014834
1167776.423119 741.896640 464.521685 -0.019057 0.007389
1705487.274428 189.987181 255.750978 0.000311 -0.005711
1455042.508177 58.248591 469.714319 0.007529 0.016569
1485351.840726 341.462429 108.567713 -0.019550 -0.000662
1600046.444498 55.508908 226.659793 -0.019273 -0.009267
1889695.885540 230.136136 146.900883 -0.013081 0.004148
230475.999522 605.943351 319.338631 0.015496 0.011173
434670.210087 593.574160 9.924162 0.005755 -0.009939
748135.628527 296.631042 193.002378 -0.013636 -0.017665
474188.291689 718.613432 292.796331 -0.003325 0.016203
1941577.332067 174.234216 588.495773 -0.006009 -0.010690
499196.726130 235.231652 314.390028 -0.000262 -0.001296
254300.674542 487.772365 134.030901 0.006370 -0.000113
6325.354803 699.940068 144.015189 -0.019182 0.000834
980919.682878 316.102183 534.940796 0.012556 0.001955
1900851.625903 40.261743 269.150507 -0.002599 -0.001273
719689.197242 326.185429 412.426639 -0.006338 0.010296
1844748.197982 472.720327 30.096581 -0.002185 -0.016556
1036199.990211 459.285329 416.271932 0.009635 -0.010768
385683.919483 595.609832 65.324712 -0.002699 0.010630
1256102.471266 738.643850 96.127574 0.000484 0.010332
1419511.694191 375.351582 472.943030 -0.013618 0.016241
511292.832210 415.362278 189.753690 0.017687 0.014408
145034.134456 691.109137 270.104348 -0.015049 -0.007553
1071721.370831 513.097529 530.639428 -0.010812 -0.004677
233847.819378 338.130104 77.448171 -0.011037 0.014193
1786277.592083 681.732219 467.379058 -0.017909 -0.005084
1031918.257955 609.603066 506.202804 -0.007876 0.016820
1499349.890975 446.233859 263.474489 -0.017317 0.000082
597617.807145 110.371902 219.009723 0.010018 -0.009532
1353622.215499 228.401838 541.957296 0.002470 0.000629
573296.933702 542.625899 564.086767 -0.003397 0.016134
1590131.532210 246.423134 453.739290 0.003015 -0.005545
258416.177825 73.070415 73.591223 0.018867 -0.004274
87595.200207 577.071584 571.746893 -0.000688 0.011451
906233.425674 625.916971 554.294726 0.012745 0.001240
370032.188655 395.797942 489.221380 -0.016454 -0.017746
664767.085884 299.521987 441.853298 -0.009130 0.011572
1278253.811075 52.996546 58.728654 -0.004115 0.005621
916040.443311 420.101124 438.712135 0.003217 -0.000168
249204.321880 499.103091 130.159555 -0.016947 -0.015718
8661.484350 424.583001 533.393157 0.017159 -0.006052
841302.204338 90.026424 506.042024 -0.010469 -0.011989
1802783.200425 455.946909 346.294028 0.005476 0.013643
731632.451868 220.843350 544.792312 -0.001399 0.006842
1096714.972098 736.688281 118.100542 -0.008796 -0.000110
1386984.768969 324.017884 76.206588 0.016471 -0.000735
469499.863903 732.053480 6.997467 -0.015004 0.013814
718651.906922 435.352707 574.677908 -0.011850 0.011219
316653.122342 84.377787 211.425307 0.010155 0.008917
385530.231700 79.602874 10.962572 -0.015987 0.002577
1379939.433830 519.552396 291.703171 0.015407 0.017180
1974529.288697 463.587104 199.389257 -0.015530 -0.000414
1626419.535664 279.807729 244.562207 0.012984 -0.001061
503204.831157 146.096849 10.642955 -0.011610 -0.004500
1600260.999799 292.964220 294.385386 -0.013934 -0.015950
467442.890847 275.276923 120.992456 -0.009912 -0.002201
1530910.291491 753.005897 56.664398 -0.010011 0.013184
43405.273949 189.907538 245.082665 -0.005784 -0.005883
1801413.789299 133.480074 421.484274 -0.007701 0.019684
348673.859774 447.473452 105.087248 -0.012279 0.010756
1122384.702378 793.264933 80.722835 -0.017926 -0.014251
474000.488629 229.236091 293.460170 -0.002429 0.001563
1867761.544822 162.617470 288.084377 -0.018851 -0.001848
617712.498930 39.648693 415.265195 0.008762 -0.003837
88793.583256 495.172778 342.953937 0.009900 0.016909
1123119.018564 736.259012 291.440301 0.009361 -0.015513
510837.786138 237.532703 62.594193 -0.004327 -0.005982
498234.962345 502.764296 381.332930 0.009533 -0.017335
350510.791107 537.854140 162.950996 0.006257 0.007950
1451432.125387 771.364006 449.402388 -0.003403 0.007363
303273.376219 370.366665 179.850689 0.008882 -0.011665
454803.713809 227.237531 75.881238 0.008606 -0.019198
480071.545802 775.451056 189.781023 -0.006257 -0.005555
1333575.176696 474.788744 592.847734 -0.007773 -0.006721
110627.538576 382.756462 1.784990 -0.007008 -0.014501
1406769.050940 41.565880 59.180270 -0.001866 -0.001180
1561676.394922 482.105391 559.292230 -0.016766 -0.007001
281255.947557 246.658193 364.684596 -0.009246 -0.019069
1257382.930842 407.530692 596.197413 0.017782 0.014118
706537.016996 489.470246 268.991821 -0.006343 0.016655
1558318.719993 318.182776 237.099521 0.011350 0.008937
1057752.200895 389.446192 466.054526 0.005111 0.017489
491364.625511 326.204244 325.138919 -0.012860 -0.000413
1734950.389590 255.123923 479.335293 -0.000921 0.003492
1643357.573842 84.776925 56.769317 0.012567 -0.017962
1898263.090243 133.921572 397.735181 -0.004152 0.000408
1157183.811607 141.151678 544.713873 0.018945 0.018330
1260090.642264 401.447226 266.460214 -0.003784 -0.014829
767107.214205 521.720987 323.373138 0.016973 0.013173
55740.578126 634.912561 88.732815 0.013010 -0.009325
1471867.368311 519.105301 224.863050 0.012804 -0.001701
851158.514084 624.059772 377.557787 -0.016455 -0.012925
279214.015361 532.864405 211.837986 -0.018200 0.005636
622537.959657 541.410610 84.602135 0.010268 -0.016709
543551.074594 112.501224 439.105237 0.012912 -0.017317
1125283.938425 670.496598 515.313542 0.008414 0.006515
255944.995329 357.695330 187.063724 0.000112 -0.008826
1549879.616848 742.589978 35.104860 -0.003809 -0.019289
474171.187949 435.922130 410.503230 0.003559 0.003658
648167.413030 720.762373 160.535601 -0.001357 0.006313
697835.028496 589.724198 478.516382 -0.016730 0.001912
1725670.433475 516.060055 231.080915 0.008599 -0.005258
99429.388577 679.132201 481.496618 -0.005526 -0.005957
163663.104253 109.251214 168.320555 -0.006621 0.000362
594763.153510 303.832217 52.910754 0.019281 0.018818
1355525.087265 245.056616 522.192821 0.017941 0.010954
1053977.892294 234.743106 305.596732 -0.007012 -0.004925
115031.983757 149.676916 12.920580 -0.002333 0.016306
752375.869431 393.662161 455.189979 -0.012753 0.014189
219437.964363 208.559282 594.976767 -0.004391 -0.003953
1068114.026016 550.284109 469.127489 0.004826 0.006919
1499866.051366 239.150455 584.136708 0.004719 -0.010295
1491842.997955 116.773847 322.371860 -0.009704 -0.001116
1826279.228472 251.217438 395.278040 0.017291 0.010253
1133058.067007 247.478815 149.319807 -0.007045 -0.000434
207507.431604 346.443016 450.392654 -0.016175 0.012954
304737.184339 504.500310 306.614355 0.017354 -0.010024
361247.467977 546.380890 329.265565 -0.013812 -0.007891
1585793.637478 720.376428 269.222398 -0.006752 -0.013858
1841064.114050 194.855566 281.179348 0.003197 -0.012824
451362.950938 116.069607 291.939346 -0.000993 -0.001229
1950936.490647 463.014831 542.260327 0.007700 0.008329
1454702.783122 701.627354 182.746022 -0.010462 0.012503
1108684.254395 335.093144 297.157565 -0.015858 0.002983
1596490.624173 716.766061 284.812124 -0.012857 -0.009894
1263706.185512 134.088701 282.555192 -0.015924 0.009881
1294332.516982 261.038814 535.825923 -0.014673 0.012040
723046.520130 87.033787 228.549805 -0.009388 0.013353
107937.715067 793.441634 426.796282 -0.005757 -0.010867
1046872.077066 728.798443 389.709343 -0.019394 -0.019543
450965.188654 653.725152 546.618157 0.008008 -0.017430
278162.196408 266.396988 139.748975 0.004373 -0.002624
1960316.196066 205.810438 456.548914 0.014896 -0.004398
1125740.257616 187.848941 299.747956 0.017724 -0.000072
668170.334151 796.691108 294.195427 -0.018196 -0.005844
1443825.863043 455.470268 160.051155 -0.005093 0.003558
564375.188464 478.105181 242.560355 -0.012222 -0.008028
938961.728913 267.155474 379.916154 0.008065 0.017686
132214.712972 546.746833 119.681590 0.013371 0.002233
1179224.623916 311.467997 473.104878 -0.016497 -0.006652
575213.267736 339.090095 197.870755 0.010980 -0.001188
1368718.602401 400.961234 24.061812 0.018036 0.014955
1254302.726711 185.655520 282.669238 -0.018633 -0.002903
1541011.519516 401.005164 456.106744 -0.003925 -0.011877
1407684.757098 375.531923 531.724516 0.016160 -0.008185
883750.411162 393.766891 411.796488 -0.010549 0.003304
38293.802197 414.511788 2.807712 -0.006035 -0.008079
949396.727117 26.724688 479.046973 0.000615 0.019453
1340193.529306 112.123283 129.824091 -0.014282 -0.013051
1289556.392138 729.377182 404.297308 -0.003833 -0.007437
1756783.113702 88.146754 468.943314 0.010460 -0.019759
157687.638028 166.084130 303.227974 0.010648 -0.002497
175039.783202 626.585927 573.195997 -0.016259 -0.014659
506304.289450 453.217285 99.183959 -0.017940 -0.016705
301433.914481 576.016393 133.886039 -0.005383 0.014560
790027.673724 9.504165 464.045643 -0.017183 -0.003250
176035.711624 758.826650 317.278429 0.014791 0.008526
1081972.172988 759.081700 552.347689 -0.018278 0.008708
715741.816310 106.936648 298.842842 -0.007400 -0.010926
1263880.632475 454.403461 476.773405 0.011929 0.004696
1751026.801649 758.630348 202.422069 -0.016184 -0.007299
399196.095951 394.922448 198.057175 0.019110 0.002350
1496994.359185 48.627923 306.589633 -0.008894 0.017279
445396.929255 653.545862 529.828051 -0.014303 0.014539
1193553.106484 399.755805 599.498769 -0.016113 0.012532
450224.472419 581.234367 229.330868 -0.019251 0.001036
1999453.321099 715.716958 285.885452 -0.004080 0.018989
1584501.028799 429.130156 291.144530 -0.015106 0.000399
94458.571679 696.634529 342.424141 0.002264 -0.014109
1007827.074736 623.567894 579.742164 -0.004563 0.016848
1658558.308919 786.724123 253.038807 0.013085 -0.016915
475365.567242 42.330429 482.815155 0.004281 -0.016899
663714.367274 496.158643 580.965927 0.012215 0.018160
1919117.403179 479.281235 296.993409 -0.002163 0.008819
9624.167350 393.728899 354.481756 0.003062 -0.018037
1478876.057770 64.670692 497.163074 0.007715 -0.001374
1502145.321808 426.470007 269.214369 -0.013018 -0.005534
1054818.871922 329.055744 247.619515 -0.006669 -0.018736
972186.690649 532.041487 390.584753 -0.001900 -0.001129
1216433.286302 329.454227 43.401212 -0.015862 0.014311
1585452.240699 85.725057 209.957331 -0.004635 0.007090
796849.675848 98.921062 459.147047 -0.011133 0.013062
461377.134761 782.859894 216.912991 0.007135 -0.013901
1447663.852688 165.132815 338.381324 -0.014469 0.001606
1190708.408687 498.723245 122.658883 -0.010134 -0.017080
1355477.244293 684.118901 294.577743 0.010003 0.018252
694211.989964 433.769905 39.484010 0.007915 0.017112
1497031.391364 75.985049 30.194295 0.000516 -0.007094
1759090.904966 594.391029 180.037927 -0.010331 -0.003081
904928.793621 771.884830 377.618746 -0.019375 -0.015858
341892.055395 489.131639 437.195595 -0.004956 0.014362
1609370.418642 43.100546 428.133557 -0.008168 0.012130
1339833.364515 513.574724 206.835204 0.009434 -0.006388
543533.833951 386.135103 260.607096 -0.007102 0.019773
1510075.678821 160.959591 443.555766 -0.017782 -0.002230
325429.097901 406.717286 246.069983 0.011711 0.000973
1027532.088117 770.872716 81.198324 -0.010403 -0.006334
1987715.010526 37.232570 236.738237 0.008293 -0.006362
396776.620483 301.257616 588.513629 0.001756 -0.015609
639902.701899 652.691155 355.819668 0.010157 -0.014507
1179865.857204 406.069624 204.138916 -0.006874 0.002541
1568458.621189 393.136782 42.265778 -0.012224 -0.008573
1190290.628555 566.823488 150.389302 0.009232 0.017977
1180185.991889 580.637968 597.225436 0.019383 -0.002812
672088.553511 146.484273 485.074583 -0.007412 0.009061
1837656.663655 510.376454 325.248603 0.000515 -0.004376
1360614.323691 81.440531 539.164649 -0.019215 -0.002761
924125.776125 643.727571 555.371255 0.001306 0.019924
418950.309241 102.528993 424.748612 -0.001812 0.014231
1312754.557148 39.420926 349.586348 0.006052 -0.018696
30587.249450 790.936025 130.205178 0.012883 -0.007749
1889215.610870 593.532660 565.943609 -0.000550 -0.009842
669560.509114 133.393918 214.053052 -0.010652 -0.012485
1579576.984783 556.874768 594.894427 0.008599 -0.010930
1982244.182370 739.121418 214.003377 0.007925 -0.004710
432350.935616 284.033466 257.953718 0.011970 -0.019776
930735.730068 652.643939 596.843278 0.007302 0.005509
600671.720971 501.593628 227.639775 -0.010157 -0.015433
1270601.892504 464.063472 169.621016 0.019699 0.012526
938976.299455 626.110842 304.953775 -0.001552 -0.000153
1474031.937064 361.608081 251.542679 -0.016257 -0.013942
1605130.416157 247.706849 302.531351 -0.010670 -0.015574
1023340.410098 559.402720 555.246364 0.000254 -0.004737
1128556.229700 645.832667 5.057919 0.017726 -0.017935
248420.950141 463.881858 377.913984 -0.004104 0.002563
884577.235619 701.175816 213.149823 0.017995 -0.006631
1704879.713107 549.674472 474.548711 -0.009087 0.011157
1882055.445519 60.085084 54.749413 -0.002192 -0.007593
404206.608610 765.780626 4.940016 -0.014904 -0.001415
780987.060993 553.528842 162.464062 -0.004080 0.005524
642018.800900 420.271481 130.888198 0.018038 0.017209
1579863.075903 313.773278 483.306243 -0.014241 -0.006309
286431.929230 799.193792 18.269108 0.017334 -0.009105
1625355.291937 700.178449 207.274153 0.016183 -0.007103
1310099.705732 85.526841 166.786227 0.006600 -0.010572
1485499.756171 42.283506 555.841841 -0.019438 -0.001828
1126826.147142 267.789165 586.707166 0.011207 -0.008652
1817754.082297 456.589741 407.034496 0.008593 0.008660
42605.713030 685.691492 428.891130 -0.017471 0.011476
1969490.396776 691.771197 399.910336 -0.006749 0.010788
1972945.507603 788.206059 525.906378 -0.009426 0.005962
221002.463354 5.576102 421.001913 -0.018480 -0.019154
314139.836614 479.743880 212.935878 -0.014574 -0.004779
1280098.799281 35.212119 571.085925 -0.007241 0.010307
1334025.561499 271.109032 370.179058 -0.004790 -0.004315
817314.073824 291.898603 154.289547 -0.016980 0.007878
52254.755074 49.390084 409.040835 0.016118 -0.006917
662711.798522 9.394773 199.658855 -0.018598 -0.017992
710212.109941 153.503819 389.829028 0.008414 -0.006921
61999.699130 281.117707 223.096304 0.019319 0.006772
261157.692532 519.695154 3.623544 0.009907 -0.018752
797766.605764 125.465014 237.078950 0.006233 -0.010779
184709.901076 545.748954 175.228208 0.010997 0.003293
1235796.007903 85.506059 357.325054 0.018122 -0.014404
1292608.929469 245.281961 198.230130 -0.008132 -0.019334
1317389.029692 261.213640 220.328151 -0.018778 -0.007598
71927.786838 127.734310 575.898308 -0.018264 0.016280
1977614.946653 353.566160 38.311998 -0.004675 -0.016038
591803.305127 381.786854 467.157343 0.003534 -0.009939
726241.200569 165.264356 213.957866 0.018402 -0.013691
995710.504705 485.333454 279.417535 0.013138 0.016103
963862.695249 391.217625 138.020953 0.013997 0.000719
1079147.418532 708.512861 408.100675 0.000043 0.017223
1174876.041326 389.911626 223.322103 0.006101 0.014863
937689.950195 758.230764 209.345793 -0.010102 0.001366
1200871.358253 489.775412 445.107937 0.018295 0.002821
1798372.363578 364.448035 105.782030 -0.005466 -0.008552
158766.744732 676.229601 464.565349 -0.007532 0.007878
584123.108808 679.944214 348.346233 0.018809 -0.006105
1019930.488905 447.410950 500.076801 0.015237 -0.011570
1412068.961846 279.228760 95.685136 -0.017828 0.003984
1390465.348675 524.118863 125.810903 -0.002535 0.004567
1560588.704217 269.622647 41.808887 0.018294 0.008038
709118.110458 28.640810 327.041748 -0.014822 -0.006315
481739.437432 336.816953 116.751622 0.012809 -0.004329
1084185.081108 265.263938 569.417358 -0.004953 -0.011508
321427.933090 65.608713 337.157481 -0.007564 -0.014325
322096.383349 11.899084 475.434721 -0.005133 -0.001933
811598.476400 120.525059 472.196392 -0.000990 -0.015693
975828.599639 662.798057 87.463057 -0.018663 0.018338
980873.326296 219.744337 226.187125 0.007428 -0.016139
1538962.265262 182.305557 256.978135 0.008848 0.004172
1281944.833362 703.527726 411.203177 -0.011740 -0.012075
1646853.441208 292.163098 129.447928 0.004646 0.009430
1334224.681991 17.327213 531.643966 -0.001751 -0.000144
1987979.200663 753.888151 196.492788 -0.014448 0.019150
567825.405192 503.406673 150.187738 0.006618 -0.007358
693992.653253 345.668474 324.407603 0.011168 -0.014020
290886.182473 333.336813 18.711431 0.013265 0.004837
461579.700216 523.950169 590.521305 -0.002182 -0.009211
1440439.939238 90.570316 175.768578 0.004285 0.002718
1578856.275221 479.587702 307.188430 -0.015374 0.009487
975708.803616 319.993661 219.874046 0.009550 -0.017503
1363849.989774 68.080774 296.416490 -0.011051 0.014437
1287670.666020 295.516128 165.490895 0.006993 -0.011983
1793086.186886 725.020030 513.173173 0.015254 -0.005939
253419.465503 481.155837 278.112745 -0.003034 -0.011638
65064.939701 167.189540 484.627409 0.001755 -0.007021
1093948.624606 26.058854 434.832159 0.016637 0.010810
1570950.974510 476.892722 514.180586 -0.008947 0.012884
1433502.711092 738.689800 113.682528 0.019655 0.003958
779698.448619 711.532445 301.948022 -0.010235 0.010913
1707668.152502 297.504813 224.261056 -0.007302 0.011713
1161722.038482 280.378433 1.039326 -0.004389 0.015817
650195.260835 748.074914 556.340778 -0.017967 0.014024
1393276.303724 667.717446 267.718442 0.002116 -0.015476
534900.189626 215.493346 20.814953 -0.001722 -0.009449
1264731.390059 676.582342 91.005374 -0.014610 -0.016293
1848317.172308 790.605257 278.263054 -0.008156 -0.007742
512088.236637 701.965523 394.146319 -0.009756 -0.009264
1104225.446984 465.377456 122.064569 -0.000855 0.005249
107543.810321 140.002931 279.601783 -0.000008 0.009154
1156781.673039 614.993865 597.836750 0.004531 -0.011041
520065.349769 196.743141 42.787523 -0.003460 -0.004744
327390.441823 269.821850 222.013101 0.005085 0.005379
1353004.063178 706.966248 306.646667 -0.006508 -0.014413
1558240.596931 709.751889 433.264689 0.019294 -0.005474
706633.334377 29.309542 323.792124 0.012782 0.001658
534505.464385 317.259865 182.492181 -0.009449 -0.019534
1061346.780072 419.735538 154.894229 0.004187 0.017607
1275778.349152 611.982989 164.408133 -0.019713 -0.004274
1816858.008419 547.095826 166.034901 -0.003173 -0.019293
837596.447597 159.103841 542.029157 -0.014413 -0.012808
537634.699856 396.201584 130.363897 0.012321 -0.007440
1509630.032587 59.590805 425.793070 -0.025415 -0.022260
1442342.147903 473.614427 518.173538 0.019184 -0.012360
1603574.954720 492.078183 575.815025 -0.016932 0.004958
706735.606634 787.842633 184.376335 0.005209 -0.003780
651319.147391 39.740042 362.287698 -0.010774 -0.012383
1573016.600485 398.166941 411.356893 -0.019938 -0.007666
1998835.487291 607.647380 230.173847 0.008375 0.012765
1445522.677826 344.901250 246.128241 0.003477 -0.003645
1207599.107738 311.333361 14.961110 0.002535 -0.001323
1297106.122271 733.974322 269.877154 0.018133 0.001905
1709409.523620 225.349526 358.938024 -0.001615 0.000451
1579454.636005 196.673154 5.857407 -0.000955 -0.009963
635151.660366 380.560100 5.059625 0.008026 -0.012570
1657542.871152 338.014468 368.773091 -0.010404 -0.019605
50074.195513 673.675510 239.449979 -0.017990 -0.003731
1728956.987955 558.583283 193.875906 -0.007464 0.006087
1741304.677791 135.022894 562.117093 -0.001266 0.005057
896425.988943 206.792873 524.865532 -0.001635 0.009343
248631.410417 620.383393 125.790814 -0.014690 -0.000944
789536.960791 769.097795 539.270279 -0.019605 -0.011931
1819863.026878 28.319827 26.113092 -0.007616 -0.016544
901731.744829 139.464508 470.673026 0.010950 -0.000466
878442.611954 515.162654 393.392811 -0.004976 -0.015502
569936.175165 658.577840 222.620085 -0.013654 -0.008685
212161.644461 226.413532 35.180347 -0.007361 -0.003245
1070836.321949 568.343444 228.033333 -0.002626 0.008850
1162154.364009 276.187298 454.537247 0.005043 0.006162
1685995.778854 61.523712 497.390348 0.005553 0.014011
631794.399876 54.161193 296.544770 0.018928 -0.002276
