120102.793966 630.561267 121.755628 -0.006074 -0.005539
269277.329682 300.493300 155.826924 -0.018247 0.015169
1260731.205931 301.917981 191.791099 0.013095 -0.002980
973263.179405 632.687698 573.070861 0.008531 -0.005925
1683880.506867 289.644290 229.611442 -0.016847 -0.013039
1760997.696668 175.110112 580.932918 0.011712 -0.019843
354965.669268 682.091661 474.908637 -0.004782 -0.011982
306862.422408 412.098078 346.379319 -0.003486 0.002370
913598.742761 34.665529 562.219384 0.011093 0.014841
723511.401901 210.414852 397.296870 -0.007315 0.019070
27418.055584 127.109286 203.416003 -0.004129 -0.010486
1026719.971107 221.771825 273.403499 -0.000716 -0.017202
919235.655535 527.506227 553.270715 -0.009943 -0.018402
247720.705461 324.020722 333.384955 0.008050 0.012695
229642.751734 126.041430 516.712603 -0.017949 0.017302
1463437.116455 330.516791 118.692924 -0.004260 0.009197
349002.480669 325.689349 533.717698 0.000768 0.011917
253345.397419 21.777002 48.640080 0.003306 0.000368
301882.374241 33.661120 101.166914 -0.017050 -0.008247
417897.793659 158.076592 419.475003 0.010568 0.015939
1032678.423930 703.192666 34.098266 -0.004918 0.017233
1981626.739717 86.847541 206.274054 -0.012501 0.000222
148080.320166 290.605403 545.805570 0.018531 0.015058
1426235.401736 72.127950 542.419308 0.011778 0.006907
826207.458426 756.143405 428.778386 0.003267 -0.019253
17939.873048 632.828759 129.658099 0.008293 0.002217
229060.592236 179.017269 260.597385 -0.013103 0.003988
729567.630556 129.514020 425.851007 0.008371 -0.006020
424191.899795 625.854637 427.969133 -0.015141 0.009801
1179453.697605 667.597911 501.561448 -0.000285 0.005142
1017047.714916 725.177800 344.269269 -0.011058 -0.000458
1184883.571782 186.285386 167.964714 0.012328 0.017635
1669257.284919 738.266913 98.345873 -0.009275 -0.016412
1530870.404807 506.895187 153.299589 -0.001016 -0.006333
1211583.405366 549.837993 75.081498 -0.007250 0.012367
1741377.547263 726.965962 385.934761 0.008271 -0.003874
544004.606336 172.226279 185.251200 0.013844 -0.002453
1594854.852927 350.329477 402.614451 -0.016923 -0.010137
1223177.906695 729.405481 101.641220 0.011006 -0.012893
527324.168257 433.094547 488.124269 0.000771 -0.019339
312490.830343 99.955022 422.443437 -0.009075 -0.002382
1025907.483430 121.190092 211.711999 -0.013743 0.014337
1509229.653286 342.354477 43.816491 -0.017590 -0.009149
1023852.793045 688.490488 427.658772 -0.012672 0.017506
1918069.081343 635.611024 509.634088 -0.014837 0.002819
59433.087734 314.154610 67.496588 0.013735 0.016467
257531.464220 800.204483 21.985611 0.013300 -0.008770
961609.428265 276.886542 259.690458 0.013347 0.000076
582120.371322 470.240024 558.339327 -0.005429 0.006033
408974.288222 701.255463 307.043299 0.016721 -0.017637
899929.745542 700.545422 512.249413 -0.008029 -0.019826
849952.291162 263.222134 238.017019 0.001492 -0.013090
617567.269419 532.555301 103.650465 -0.006174 -0.000040
907629.657959 661.403421 506.835306 0.015476 0.006366
693382.430213 142.014885 148.616253 -0.008912 0.001680
1797970.130014 385.216222 250.892820 -0.003543 -0.004072
955435.349120 688.809776 164.326894 -0.006717 -0.013578
557659.864685 605.670034 293.526863 0.007027 -0.008244
1324351.926951 787.922298 575.782778 0.013379 -0.006800
917046.023028 230.872797 93.851589 -0.007874 -0.012956
1632997.046985 519.551788 212.101332 -0.017456 0.017094
1790149.784549 770.392436 245.002301 -0.007443 -0.005002
1613713.184192 632.583013 141.039213 -0.016771 -0.015074
791753.703166 288.168447 527.701563 0.015412 -0.018577
347958.385175 437.754976 12.179593 -0.014651 -0.004672
701432.257286 473.856440 402.931835 0.000307 0.015821
1693039.169392 258.988482 327.036152 -0.012022 -0.004477
944105.254926 75.961177 210.693554 0.015264 -0.003682
1451122.988691 550.184380 119.591820 0.018432 0.010750
644142.737912 285.329184 76.864561 -0.011909 -0.010307
328294.663843 300.631164 473.806381 -0.012439 0.000404
344141.964030 428.438143 61.000096 0.013721 -0.018292
1995072.262359 551.816066 220.271534 0.001702 0.015576
1509670.835691 11.568410 590.630384 -0.015745 0.015802
783939.521193 665.373741 349.775260 0.003601 0.011716
702233.533702 730.455190 89.494829 -0.000820 -0.015322
783487.379916 514.712964 294.901936 -0.012725 0.013104
1976.599918 282.540742 217.905257 -0.015867 -0.012114
812477.567611 80.697291 531.950537 0.010923 0.005757
1551513.418346 422.394756 394.964527 0.010385 0.005359
1106838.468046 121.139197 279.465677 -0.014542 0.009714
516376.429478 389.697869 393.769426 -0.003739 0.018684
1541877.001311 639.440953 366.488318 -0.009514 0.019233
877046.727052 210.660715 200.543729 0.012086 -0.005351
1062152.807164 166.548404 280.424469 -0.003295 0.019272
220503.739184 154.781366 305.679416 0.010749 0.018116
285758.867062 257.512785 62.798295 0.004311 -0.001805
1694852.848395 693.277750 566.907504 0.000173 -0.009099
1823523.613542 219.347715 44.314212 0.000897 0.001459
109429.840049 768.415442 479.781071 -0.004445 0.010498
331166.874772 736.216376 582.418256 0.005301 -0.006512
1904142.131984 594.147610 318.577463 -0.001567 0.000441
967910.745632 483.215167 499.569095 0.003537 -0.011505
581591.096978 348.709236 47.641279 -0.010599 0.017543
706572.319710 118.063627 128.197036 -0.002949 0.006818
1499518.371885 385.486876 378.422223 0.001967 0.014846
785875.055374 571.682325 474.554375 -0.005455 -0.006113
257524.722376 252.796878 54.102265 0.006415 0.011121
1201976.699383 114.894353 228.680058 -0.002635 0.009288
1186503.038363 579.861705 101.337879 0.006864 0.018413
215485.423904 20.280843 64.893688 -0.007139 -0.001900
1555844.913030 56.734412 560.723162 -0.003680 0.004799
1610655.802121 641.005307 200.686219 0.003849 -0.013398
1363983.919548 580.304663 288.443115 0.010876 -0.004604
515601.680854 298.378021 317.321194 0.005551 0.012263
521772.659627 185.514130 319.124676 -0.002823 0.016150
984056.433190 429.701859 558.001725 0.003786 0.014049
764465.851134 302.411450 557.739015 -0.007330 0.011450
1098768.237559 97.814683 352.684700 0.014998 0.008779
1505133.839094 452.793282 266.033794 -0.010693 -0.006491
1656881.889169 392.891722 426.335885 -0.005689 -0.014809
1035409.796534 494.026717 216.841181 -0.018023 -0.018109
532033.862794 432.766294 350.324542 -0.012175 -0.014340
885049.308131 462.231618 311.991932 -0.005120 0.015776
611963.250959 737.186195 10.095808 0.015727 0.012218
1469794.933437 516.708006 223.184915 -0.012709 0.015370
1419313.830053 5.466860 222.383920 -0.003164 -0.005441
1001399.715897 750.865110 589.362340 0.014495 0.019478
57920.523946 102.937136 317.086874 0.004541 -0.007028
1340168.589419 44.390831 541.231877 -0.012401 -0.002901
1593328.125585 396.710822 209.153213 0.012533 -0.004437
308175.125303 438.474739 21.345621 0.000988 0.009084
1829796.170737 188.129292 440.149575 -0.008571 0.006237
194622.977727 628.842619 356.627424 -0.016832 0.005962
1163384.351490 86.193626 466.654738 -0.015506 0.008985
203536.384834 624.042248 466.473169 -0.019844 0.018802
408990.508136 640.481472 279.519074 0.002227 0.004587
1709918.606891 566.069346 96.921794 0.015658 -0.010659
1776676.395804 644.235120 280.716905 0.004840 -0.016375
248411.979642 575.392374 526.537302 0.008741 0.011926
1052401.075630 239.978294 543.661979 -0.007845 -0.003564
1254879.329007 324.339350 114.490382 -0.003790 -0.003604
322021.593490 487.198890 125.760190 0.004359 -0.013986
1647379.426121 385.673626 521.555351 0.019420 -0.005117
204691.412954 699.114158 106.329572 0.002813 -0.000174
536197.156895 555.648317 128.749136 -0.014190 -0.003470
25648.950611 537.501965 428.326736 0.016721 0.018986
247729.502734 437.053188 228.747065 -0.007406 0.018034
1580350.309415 380.320307 335.621843 -0.019999 -0.015899
1443766.372951 659.110872 350.748012 0.003662 0.012378
1912564.341869 554.669424 409.748648 -0.014665 -0.009430
357511.299829 321.214776 575.477372 -0.004323 0.001864
744693.135258 324.745557 130.998441 -0.016562 -0.007000
387589.365424 167.726873 523.052919 0.002984 0.000967
1645202.005117 291.728744 0.013828 -0.004708 -0.005389
205411.871060 83.525278 113.339532 0.007489 0.007829
1996032.971887 514.712892 233.661574 0.007377 0.010786
1306804.762830 688.012424 106.860340 0.004500 -0.009862
1450619.077985 788.137415 395.499199 0.017740 -0.017179
1969754.747101 110.308023 168.232406 0.013865 0.008603
1609086.544071 543.554528 45.895390 0.012190 -0.017528
883645.576836 726.010442 99.567733 0.005384 0.003724
1722771.757153 502.676163 142.460284 -0.009976 -0.007591
28763.775727 722.966322 101.793287 -0.012169 0.000592
845989.907554 734.178823 300.976923 -0.016714 0.014452
1143645.596292 54.200260 599.949417 0.014083 0.016949
1423342.375748 525.404463 361.952789 0.011523 -0.001558
1329764.171191 184.553356 221.412122 0.013236 0.014442
1926056.274178 553.509636 293.970066 -0.011984 0.017712
1598411.507718 172.320432 507.904648 0.018760 -0.003693
726058.746095 313.696685 195.476489 0.014564 -0.001022
375371.614646 348.693833 325.021417 -0.012555 -0.008527
932014.105344 718.804341 566.893603 -0.017195 0.007336
811741.037672 587.516251 550.772763 0.010981 0.002611
1557690.799962 589.895473 154.490266 -0.009265 0.017520
399385.155365 53.757316 91.660643 -0.018143 -0.018549
1122038.441301 327.698178 256.799231 0.015478 -0.009077
1805346.826001 59.599833 425.691505 -0.000315 -0.008495
1995636.369100 728.753804 96.613534 0.017698 0.019277
1695958.700821 278.820696 428.219389 0.010639 -0.015088
558004.577904 435.792243 516.426090 0.001448 0.012515
1597187.265566 588.861373 528.533453 0.018078 0.011279
1833981.536251 410.190259 114.747071 -0.006187 -0.004004
929917.220459 198.115492 284.651617 -0.013086 0.007652
1471826.909795 138.241369 361.617314 0.015862 -0.015402
1165988.196230 595.411631 277.966813 -0.008141 0.000414
1172216.120722 460.833238 32.761353 -0.002160 -0.015502
1736107.381869 196.225506 508.521332 0.009948 -0.012141
1259741.624473 532.713055 425.569463 0.012849 -0.019569
218963.730251 228.993665 155.232926 0.003354 -0.001581
1902503.935575 255.727504 379.835913 0.002176 -0.011350
1496596.111682 109.691939 576.247726 -0.011544 -0.002637
941537.357374 638.154831 6.142955 0.001046 -0.010217
245239.558744 315.348531 293.335786 0.018818 -0.014296
1372376.816986 480.206085 484.823508 -0.004166 -0.003137
1637971.852737 404.103592 424.387439 -0.016941 -0.016405
337179.376901 23.386238 245.317578 0.012100 0.003339
1249672.392965 440.243944 432.569563 0.003400 0.010462
310196.676436 44.662114 335.737508 -0.013370 0.003282
1607296.809371 230.447718 585.257709 -0.008265 -0.009673
236307.595035 783.540515 515.337423 0.017046 -0.004985
561161.337682 596.508447 528.514827 0.019501 0.012918
1939371.158341 125.448766 511.487302 -0.004859 0.018357
870700.636353 2.426962 305.505740 -0.013746 0.003546
541779.813609 249.107048 386.806190 0.013232 -0.000913
453110.709066 507.029631 459.231638 -0.011917 0.017073
47266.968548 256.545434 543.457131 0.015301 -0.010153
562186.379247 130.381844 594.937024 -0.013533 -0.013953
1629854.769274 105.146880 185.080569 0.006681 0.000388
534606.907766 81.998411 307.690640 0.011058 -0.009666
203362.833803 37.974612 341.899965 0.009841 0.015147
92345.910190 778.541710 306.797692 0.012436 -0.012993
877177.283576 667.707277 297.468481 -0.006212 0.008690
1484435.888699 500.707807 528.566731 0.009364 0.011489
64404.659935 439.154170 551.001791 -0.006352 -0.011389
856791.879449 486.642860 190.899671 0.017651 -0.004622
1153201.109335 34.296308 259.157064 -0.014184 0.011613
618554.387530 153.972438 457.171481 0.012841 -0.019872
1875266.974734 207.582032 502.919640 -0.002683 0.004170
1111007.126566 140.287769 138.159381 -0.002550 0.016396
34336.430968 374.959707 275.300950 0.017789 0.006505
1349224.196444 291.658018 250.067272 0.019708 -0.007777
1602661.077679 455.433499 209.411616 -0.010669 0.008598
276647.354605 434.038469 544.572020 0.016135 -0.005496
1822198.850020 670.889664 373.483938 0.009958 -0.009130
453696.245539 243.729654 268.360649 -0.001718 0.009657
713133.517985 379.283056 125.466382 0.012605 -0.003609
36437.158490 391.791906 464.299798 -0.002712 -0.000658
159010.190591 189.177988 31.292600 -0.002860 -0.001213
1535456.720523 453.409717 7.016216 0.007015 -0.001283
749811.288319 469.577641 183.399061 0.019884 -0.006553
1154889.427663 179.276156 384.397069 -0.019013 0.007234
762647.938338 304.880959 92.821871 0.003623 -0.012146
1129345.827331 486.897026 411.319376 -0.006484 -0.018269
337378.635228 334.250581 168.496038 -0.011167 0.013857
1499918.929068 791.043654 247.876530 0.010427 0.006591
1760744.261444 109.080144 150.183116 -0.012552 -0.014645
1172923.453698 610.751941 215.378006 -0.010935 0.011532
79642.974809 486.421027 101.302261 -0.012204 -0.012043
730713.756164 607.331087 484.273048 -0.017945 -0.016078
1702955.846536 175.811156 309.600294 -0.014710 -0.002371
724785.897287 705.696409 257.804004 0.011028 0.005752
187236.443249 524.482915 468.322751 -0.006229 0.013674
1828784.213322 744.468178 363.138145 -0.009190 -0.013530
787390.226865 250.343247 459.580656 0.002500 0.000282
1929498.061505 742.725897 160.632106 0.010785 0.019199
730520.102536 499.244494 119.921121 0.015244 0.010350
1281053.293162 194.706331 382.274590 -0.017199 -0.019243
562426.321470 130.666106 404.878450 -0.017529 0.000299
1033437.869061 780.400548 263.083756 -0.015112 -0.010063
1192859.900739 412.710369 336.779472 -0.005502 -0.016841
138898.690296 261.610687 3.973648 -0.006524 -0.016011
1973181.982512 561.355688 433.962176 -0.012557 0.003326
957790.512106 661.141087 496.427957 -0.015334 0.015870
1692076.045876 318.194461 36.241664 0.000832 -0.001631
1136829.509929 29.733795 260.741337 -0.019645 -0.013617
1367539.427880 482.703815 405.791005 -0.010182 0.018651
1509350.044424 252.121913 175.956772 0.010443 0.006084
785056.476847 598.403273 212.406300 -0.015370 0.017386
1873643.585422 475.849263 456.860560 0.010549 0.008440
1315983.134935 488.000477 65.081946 0.008762 -0.014752
1135951.929323 229.174417 100.796495 -0.019873 -0.008248
656102.584980 549.025534 538.810246 -0.019844 0.017284
1727078.126616 606.640746 148.282651 -0.013742 0.000821
1797488.349396 439.185370 161.246804 -0.009898 0.006599
406141.346510 151.590192 155.975592 0.018573 0.018119
1941231.998588 497.564409 337.555265 -0.016819 -0.006377
1386830.762674 518.175886 376.632832 0.014463 0.006008
1843128.023596 151.934944 202.011120 0.012773 -0.012250
538331.757550 546.150910 571.486460 0.000653 0.013558
944807.663069 332.169034 233.198486 0.009512 0.006639
106756.882792 755.124170 514.130701 -0.007511 0.016339
1618777.323337 226.711857 318.286664 -0.005105 -0.005385
1742666.514471 52.447275 6.500254 -0.000041 0.017097
1321460.731012 336.678228 69.951844 0.019902 -0.010406
620834.287545 213.370677 553.540895 -0.009488 0.011315
1523195.320518 587.744099 118.908677 -0.014004 -0.000955
1731081.362688 162.912176 251.997248 0.008893 0.000656
656632.629529 425.336619 480.146491 0.014356 0.016134
325566.043298 584.012001 581.292079 -0.013075 -0.010843
1792559.657149 666.826163 389.983182 -0.019482 0.013249
1778465.217808 259.032518 59.174165 0.012429 0.003480
1763427.173609 458.224479 192.767532 -0.017147 0.009188
1593951.392730 756.193535 556.103271 -0.011317 0.006666
886016.743670 436.057614 119.256780 -0.010325 -0.003824
204796.643092 324.232440 80.730797 -0.017152 0.003087
727276.621725 773.920715 247.920148 -0.019540 0.019190
488690.041233 721.905010 182.808745 -0.006278 0.008562
1781116.410057 179.496981 172.151305 -0.011511 -0.007822
20635.784613 7.134066 149.814379 0.017488 -0.010975
1834876.302553 303.758153 462.559184 -0.015342 0.004927
350019.654422 174.839451 16.942009 -0.007617 -0.008387
1214501.650638 538.199454 154.896898 -0.019202 0.007471
477760.385944 211.468793 353.400826 0.001746 0.004283
605806.972182 347.175245 499.154889 0.003599 0.005810
272576.070518 480.202740 392.474336 -0.004556 0.001504
1759240.741729 243.051727 550.342140 0.006006 -0.003231
1080301.612187 660.391059 382.990576 0.002762 -0.014599
1857771.559552 140.490150 484.634030 -0.012507 -0.012175
988850.145130 340.331644 276.357458 -0.016669 0.018759
134591.829094 309.222028 242.079719 0.015974 0.019040
96963.198901 28.412934 345.902194 0.008173 -0.003139
227820.812831 465.460813 435.026410 -0.018755 -0.010702
290631.014058 457.280048 34.607196 0.011406 -0.014436
385931.693197 570.007366 189.749076 -0.019984 0.015992
1023297.854244 396.632371 195.340060 0.018856 0.003192
589125.026292 31.368834 579.247854 0.007920 0.017497
1882412.602139 596.827710 584.061764 0.000702 -0.002072
790218.714061 505.126719 18.565792 -0.015184 0.006531
526777.357108 212.484984 140.309419 -0.007130 -0.018001
748590.766801 411.640071 457.597056 0.007599 0.000607
1324791.236466 161.726401 6.298301 0.019519 -0.013048
1179151.767483 225.988417 127.857983 0.002187 0.019210
301466.356172 396.364746 435.302243 -0.015013 -0.019475
349183.755158 415.283870 387.228417 -0.011777 0.005603
616335.581344 375.031003 543.481034 0.001708 0.011583
1910511.639859 733.554133 182.824305 0.008709 0.004278
1640005.631205 304.442122 485.132366 0.013252 -0.005298
1964468.728734 336.140869 390.665939 -0.012200 0.018996
1261209.360911 276.368175 282.398900 -0.005740 -0.001194
968463.258337 424.731860 593.620818 -0.014823 0.009448
1257770.379660 350.129962 123.490373 0.001336 0.019227
1991034.577596 391.592586 537.953880 -0.007999 -0.011712
1007596.648767 95.981726 352.984119 -0.007086 0.017981
1912045.142572 235.843702 222.811956 0.004267 -0.000416
692628.538559 189.978847 501.131491 0.010733 0.003299
609848.141023 240.866334 74.992119 -0.008231 -0.002770
1723251.459991 738.080392 520.981543 -0.017333 -0.001708
1696924.347289 50.124626 568.095962 0.009820 -0.005527
309029.791648 199.470078 289.656744 0.009671 0.002412
867302.640745 558.893312 513.696618 0.012192 -0.007808
691843.061099 120.866641 325.653549 -0.012801 0.018695
272265.500516 388.633893 161.921335 -0.009550 0.011203
1400582.436193 98.296287 421.584918 0.002842 -0.012377
320566.674844 333.437698 151.131356 -0.015710 -0.013503
1229627.376064 209.165135 246.656315 -0.016079 -0.019843
1946485.269790 425.062738 421.327650 -0.000938 -0.014622
15066.369444 140.451300 292.416554 0.001999 -0.005746
911695.870064 548.891925 505.808313 0.009028 0.017881
1245159.992597 340.469795 42.275035 -0.006816 0.019933
519428.529087 388.665657 246.932448 0.000433 0.003776
1147820.552414 101.707710 512.734685 0.019419 -0.011038
1717933.562453 767.043179 453.439358 0.002472 0.011504
183230.377819 455.254482 578.096577 0.003166 -0.015267
640928.558372 27.769532 483.014110 -0.013470 0.010372
1503776.668340 628.677303 111.432806 0.012862 -0.015545
360957.489517 65.297563 358.234741 0.003688 0.003731
380073.533570 132.396720 431.939732 -0.018213 -0.013974
1889061.825298 723.199198 66.048981 0.008004 -0.001370
1796955.322752 633.489332 20.515801 0.014490 -0.005171
306282.549308 146.545039 243.311429 0.018333 -0.006175
332156.324914 567.737683 78.887003 -0.005918 0.001285
485168.456326 426.349843 367.673087 0.013363 -0.014977
413343.113108 23.929655 174.014251 0.017086 -0.017016
883643.182406 697.200544 587.027373 0.002076 0.002839
887249.075289 360.319387 217.690881 -0.000890 -0.007471
1467432.667253 504.651036 297.419946 -0.014418 0.003560
1682910.725327 244.669409 179.362550 0.018937 0.006311
1660796.624450 172.353417 113.935007 -0.002248 -0.017788
629926.086697 520.259862 50.816211 0.004206 0.003096
318150.466456 37.575154 269.241508 -0.014221 0.003953
40123.955365 464.732184 29.488768 -0.004699 -0.017595
724761.667999 93.651656 413.878086 0.014323 -0.009772
558074.092752 559.603691 337.098979 0.003111 0.006887
438651.350531 326.511478 532.916589 -0.003813 0.014232
1885724.248311 579.418668 301.111125 -0.018901 -0.006808
158400.153815 149.258543 226.275932 0.001124 -0.007020
1952982.963972 438.024738 543.228759 -0.018953 0.017252
1927788.328346 310.873368 28.498042 0.006174 -0.010122
607879.136041 746.608516 567.550854 0.014626 0.000443
1236504.919471 67.939659 551.397861 0.000247 -0.000236
1541570.438790 359.016124 131.524510 -0.009099 -0.000952
1098586.873663 281.872570 398.018212 0.017060 0.015190
1973812.054831 722.715265 256.910666 0.015668 0.017257
717421.361579 684.533075 190.600248 -0.003738 0.000390
1128238.588166 568.332003 265.642322 0.000400 0.003046
1906900.824936 102.852574 396.635692 0.014903 0.005382
311031.282093 514.513198 50.240975 -0.004994 0.016656
1119457.958787 739.062940 161.053074 -0.010945 0.014008
295815.608602 167.733299 451.994375 0.003019 -0.015955
1365835.790227 747.180597 574.216274 -0.019984 -0.006392
933742.419320 452.008032 30.479367 0.016393 -0.016993
1254474.420685 690.253884 121.944564 -0.008476 0.009414
1674721.783807 355.198701 227.399055 0.016826 0.012738
589441.845468 384.356533 445.602752 0.002531 0.008118
1186208.380939 568.457866 547.492967 -0.006130 -0.008546
28320.921598 24.095328 132.131157 0.018862 -0.018784
1123059.363627 350.647295 356.921281 0.004460 -0.006075
1339490.994503 192.231973 126.457607 0.014913 0.001139
1892333.765464 567.975805 583.182126 -0.007077 0.005271
1580513.963280 495.667166 66.506632 0.001283 -0.012691
1628540.167412 100.798965 535.802290 0.009078 -0.001102
358744.990248 592.848975 301.581473 -0.004012 0.008496
1065496.480589 769.053088 90.473285 -0.014904 0.002961
996930.964755 638.144046 488.727879 0.008370 0.006812
685065.261407 524.177659 228.517186 -0.007508 0.019186
22284.613001 83.468079 359.940868 -0.014980 0.005300
1564209.169505 749.374305 458.001853 0.006992 0.006545
471659.941818 683.754167 242.668350 0.009528 -0.009807
234378.384535 216.653579 129.649393 -0.009264 -0.004038
1581110.075852 613.158461 117.757674 0.004195 -0.000968
1733102.233956 757.811196 78.412563 -0.010132 -0.009516
222272.466972 206.579841 219.797500 0.008442 -0.004778
7593.072023 394.567781 189.970641 0.010695 -0.013226
1961038.188991 2.165136 13.738382 -0.004583 0.009649
554464.627316 401.922034 7.389559 -0.000263 0.010831
821613.773155 227.244055 322.245710 0.004174 0.015556
24485.756655 378.696637 501.951485 -0.014269 0.008817
196372.594776 203.427243 587.463366 -0.001418 0.018583
718005.964867 374.856049 274.768123 0.007021 -0.010312
1252709.545778 525.276017 142.634157 0.005955 -0.018326
1958473.456073 741.292110 326.414191 0.019641 -0.003217
628831.249023 321.881723 421.874539 0.014047 -0.019636
1185057.482303 690.624136 289.388966 -0.002856 -0.019731
406775.272641 421.462822 156.795482 -0.012785 0.019584
452064.211691 432.928323 275.913838 0.007362 -0.011334
1391094.198167 248.748073 524.359077 0.017302 0.018357
1830316.959801 730.357535 531.754413 -0.001630 0.016155
610994.441719 618.641543 183.877602 -0.019645 0.004988
631021.334152 481.507317 292.575854 0.011891 -0.018689
989235.750860 1.533834 334.375082 0.010232 -0.012652
1098658.789461 784.874651 434.954723 -0.019636 0.006629
1883467.686308 564.213980 585.876712 0.012674 0.005498
1871849.530317 584.480120 330.854833 0.012870 -0.012425
911993.535660 101.973245 577.754012 0.010522 -0.014563
1176139.691461 62.012264 443.058639 -0.016945 0.015037
1537174.407177 456.529194 526.629815 -0.006947 -0.006943
123261.179832 700.604060 184.860047 0.011549 0.015247
1946848.674653 582.772221 354.047129 0.017986 0.001724
457599.283409 708.707627 164.326597 0.011218 0.008297
926562.791190 189.198984 501.130998 -0.001454 0.020317
1942178.605097 11.847855 45.775749 0.008378 -0.016365
1905775.863633 382.380976 397.160253 0.013246 0.012157
1975712.466974 713.804235 407.785447 -0.008228 0.007158
1128937.655654 214.976279 243.976787 -0.013848 -0.011237
1900458.380534 306.471790 62.432102 -0.011051 -0.013437
1623668.112617 549.830379 239.993563 0.005856 -0.015457
798515.523224 494.083276 76.934497 -0.000967 -0.006934
438456.544857 343.321736 482.537822 0.015188 -0.009690
1216805.763178 694.833905 91.026192 -0.008490 -0.013417
1661706.700764 681.702535 259.649207 -0.010491 -0.019720
1303971.794110 150.557653 234.027230 0.010263 -0.003521
1107963.914568 454.855178 59.265033 0.018173 -0.011407
425643.800956 282.800721 499.629564 -0.006647 0.013375
318262.858465 448.647853 155.037752 0.018552 -0.002321
1036196.117772 457.714640 186.227306 0.006819 0.014471
948553.069005 401.056865 427.469057 0.016342 0.009490
1438074.149861 447.373311 555.951578 -0.015630 -0.007443
677338.477540 530.485515 530.545258 -0.002494 0.004698
197747.041563 520.713249 582.992681 0.017238 0.019664
1601492.672973 72.032005 331.066597 -0.017636 -0.017829
1987075.958395 461.719482 375.445009 -0.007844 -0.010083
971748.938305 622.071879 449.190526 -0.012077 0.007410
974474.447302 733.639225 146.631416 -0.003444 -0.018935
1121549.802423 602.112116 413.475015 -0.002205 -0.012388
613932.794246 434.879074 504.572154 -0.008868 -0.001004
1665525.531241 63.018957 339.015421 -0.004557 -0.014499
1238773.710671 302.672307 429.331365 -0.010183 0.007287
1925637.924078 585.140114 276.207925 0.008452 0.017185
290519.337305 158.745644 507.942906 -0.004384 0.004498
1745488.432117 760.763746 219.063232 0.002472 -0.004182
1111265.337612 695.258919 563.526967 -0.004187 -0.014019
829182.160473 183.795861 135.749338 0.019212 0.004577
728391.627189 479.241249 595.958213 -0.016843 0.013743
1349985.243450 33.679058 345.772052 -0.014568 0.010155
1010733.056353 224.034646 571.410494 -0.005922 0.006805
1129411.861826 179.918473 372.894683 0.017205 0.011477
33999.050983 388.725095 393.780460 0.018638 0.015295
1606354.705806 296.640761 66.831023 -0.018809 -0.005953
1451822.744427 314.938571 570.300660 0.008759 -0.001049
1590584.168020 314.971846 309.284855 -0.005147 0.001145
538209.161040 701.175773 485.154142 -0.011153 -0.010861
958317.440449 628.542701 271.977367 -0.015988 0.008642
479655.517489 94.127783 120.611112 0.015841 -0.017033
167238.956395 558.942559 267.195102 -0.012182 0.009130
1592486.357127 737.007160 73.122111 0.009862 0.005611
1189583.299304 433.410784 20.477545 -0.015568 0.016553
1124831.962923 303.393689 474.101770 -0.005169 0.004018
37146.621401 680.337675 232.243091 -0.001135 0.018040
205026.889315 569.058767 40.958371 -0.007861 0.004298
284161.461650 310.125102 183.725228 0.003489 0.003326
68690.410847 306.519603 302.061278 -0.013752 -0.014790
287411.349028 600.491550 403.572578 -0.012905 0.014451
1171263.018237 591.784007 144.025294 -0.004976 -0.015537
1682127.158941 315.249028 577.158284 -0.010886 0.014590
1824708.168313 264.444629 346.518390 0.019217 0.005363
369206.509725 98.065053 13.175997 -0.000371 0.008399
1208981.916871 419.816080 56.016371 -0.015661 0.007254
446720.970071 201.853549 259.160322 0.015816 -0.002828
586212.983628 385.014095 101.768858 0.001340 0.014288
560717.814863 299.530088 150.789653 -0.010334 0.004112
234257.601311 123.534424 559.256234 0.007788 -0.014615
1133248.557864 703.354392 154.338372 0.003534 -0.005196
1934248.125150 154.016593 536.831565 -0.017580 -0.007948
1152133.833222 226.623764 331.708668 -0.019683 -0.012885
1965200.129880 240.729491 396.512903 -0.013892 0.013380
1034901.121182 345.931431 125.710855 0.010792 0.006934
1623246.405098 708.782506 497.082768 0.009756 0.003210
1926329.093951 248.400953 275.908012 -0.011180 0.015962
1658576.383096 150.260564 55.011497 0.008974 -0.010076
786221.519479 240.497908 318.847846 0.017827 -0.007678
1421758.733421 743.032737 365.459045 -0.005026 -0.016977
888519.625593 711.166718 307.862896 0.006054 0.006250
374128.679919 371.879274 325.796197 -0.019383 -0.011615
247207.860577 782.945223 311.833345 0.003307 -0.012040
838233.393076 329.870819 231.856089 0.000571 -0.014458
1269501.125100 723.129747 262.310727 -0.013686 0.014506
1490342.234955 701.702418 467.454994 -0.005822 -0.010056
1720173.599068 639.091790 82.453668 -0.005102 -0.001883
1589947.016719 447.976018 550.717641 -0.006476 0.003049
254199.274003 369.586530 332.218670 0.005895 -0.018208
1506623.924480 52.776321 274.390986 -0.014400 0.003091
1187558.641279 619.599978 289.160956 -0.018782 0.017648
663885.182079 620.375945 490.849749 -0.015548 -0.014782
134186.233456 776.921208 557.565283 -0.011835 -0.006224
763995.101100 799.506806 542.602652 -0.008024 -0.006494
960104.740672 341.218481 479.541588 -0.018615 -0.017012
1689167.128731 629.901805 84.420276 -0.007911 0.017114
1435140.350571 716.295863 421.764536 -0.012036 0.017047
1287450.956780 424.879873 421.383904 0.019820 0.017893
1664884.491668 423.586981 368.343885 0.010538 0.009346
1916152.068375 115.323286 439.995397 0.014451 -0.002265
142374.806172 274.334996 522.247679 0.014833 -0.004929
1889104.925044 572.099295 98.330809 -0.016633 -0.019301
184043.514628 642.088430 547.413808 0.011782 -0.019932
1678137.485719 350.625328 319.704753 0.001628 0.016037
349432.717240 298.962285 257.606799 0.011524 -0.014599
327130.583267 597.411640 167.607311 0.015874 0.004361
1445781.852792 774.566656 571.212221 0.003729 0.013550
657045.848974 430.381843 332.740660 -0.000285 0.004916
1143416.638087 467.930748 255.033490 -0.000619 -0.004819
853229.746620 259.199544 490.844850 0.018361 0.014573
1436276.935710 106.791606 143.159399 -0.014065 0.016918
747046.145027 249.232823 400.980856 0.006107 -0.011732
555282.349025 300.351085 106.194465 -0.010825 0.018765
31011.744417 446.312127 303.959307 0.002801 -0.017974
259713.421697 113.358536 381.476958 0.002205 0.005055
30230.289339 785.526118 570.198845 0.013301 0.017652
1629124.594680 440.487215 44.796386 -0.017894 0.007952
1993199.337271 341.101955 5.881642 0.006606 -0.016821
437214.899080 754.209456 272.590317 -0.004212 -0.013116
847463.854052 328.763200 438.291716 0.017226 0.019223
1561464.248021 48.467880 73.406327 -0.003336 0.004617
1496915.452879 345.332473 358.256768 0.007967 -0.009429
1076064.875850 410.387970 489.209272 0.004501 0.002614
1028186.607653 487.285617 594.985933 0.000956 -0.009050
141764.248787 594.364381 130.056630 0.001011 -0.014470
778578.041484 759.179662 329.438752 -0.015247 0.015199
1058486.954802 720.103515 564.313599 0.005974 -0.007238
1112790.978101 319.727541 448.506148 -0.013853 -0.016072
24501.685065 553.613718 366.575587 0.013096 -0.007834
353571.678676 273.096168 548.230735 -0.013259 0.014626
375264.103699 191.576019 365.497463 -0.003808 0.010607
1493884.026769 635.117065 428.863550 -0.008188 0.016529
1188817.119779 659.909291 487.994793 0.001404 -0.000933
259519.063057 73.444157 525.595684 0.015122 -0.010181
1949033.547169 711.999763 562.340736 0.003444 0.008703
482529.103981 609.757518 35.720774 -0.013819 0.017253
1850091.109914 273.811904 102.552963 0.001374 0.009874
1871495.037280 224.795123 324.681135 0.006075 0.002990
908785.677938 195.459996 240.984422 -0.009284 0.011199
1755362.652128 318.157514 522.543181 0.010157 -0.008995
232765.271437 582.485895 98.956321 -0.017967 -0.007364
1765166.354256 235.998930 45.924634 0.017670 -0.002017
15434.920795 693.177808 474.840631 -0.012871 -0.003986
1077013.659792 91.047021 409.082999 -0.016816 0.010584
516053.778360 427.264055 5.425481 0.006380 0.012089
1576709.125925 429.747581 119.391178 0.006397 -0.008353
948767.654108 620.784914 11.873005 0.005586 0.013184
667159.362075 417.612098 74.332956 -0.003592 -0.001445
1146380.339352 334.228913 198.346915 -0.005386 0.003855
1462269.868451 722.506111 426.542461 -0.003530 0.019286
949273.004639 536.545849 309.928195 -0.000662 -0.006813
636841.273232 217.389398 520.547781 0.000700 0.017245
316267.470045 793.404637 424.333833 -0.012913 0.005276
1072709.865436 409.029404 92.413850 0.006413 0.016863
1234697.917120 187.052605 203.596233 0.017919 0.003933
1871003.135047 543.260454 300.566768 0.005838 -0.016337
968257.898916 96.129867 457.460185 -0.019896 0.004192
184803.100389 255.700212 525.590644 0.018348 0.013473
1613704.762242 94.146064 497.211694 0.000559 -0.008184
920804.219749 40.307325 483.980729 0.004689 0.008388
1455508.939668 184.805859 566.229736 -0.017317 -0.012833
1084419.887087 1.704383 514.970857 -0.018243 0.005934
1899527.167855 422.293244 461.380540 0.008472 0.001132
745706.753221 643.437930 508.857975 -0.010088 0.010555
1369434.811813 44.283678 529.063639 0.000556 0.002779
353913.564400 779.510691 371.801789 0.019314 0.003528
660308.989072 568.764553 491.780927 -0.009040 0.011122
1997036.600484 653.348203 468.577486 0.014266 0.014403
857968.969670 644.945044 232.624115 -0.012087 0.000741
1832483.595159 456.786593 193.992485 0.010937 0.012518
174050.590104 359.316730 525.052159 0.018756 0.018489
887791.815627 116.277740 561.619901 -0.017450 -0.014846
1048845.100705 314.807267 504.216597 -0.006250 0.006703
1236598.032171 273.769671 290.358411 -0.004038 -0.012060
688449.854352 662.443716 2.920521 0.009267 -0.018957
1047717.716101 518.737631 357.890994 0.013890 -0.003500
831685.772553 746.974446 516.852085 -0.008410 0.016112
1646809.537731 587.640678 29.157766 0.010390 0.011924
354697.854423 227.096011 114.952099 -0.019290 0.005132
1718570.137265 508.572717 581.895060 -0.006269 -0.018624
338487.908402 549.999654 517.512819 -0.013009 -0.003227
1776805.868268 558.756705 40.718602 -0.000608 0.001825
960078.654327 720.557452 287.324205 -0.006520 -0.012423
763596.911339 131.517338 555.637460 -0.002780 0.016988
1446903.674606 486.207025 125.184775 0.016770 0.005116
1673049.761761 619.542651 156.251307 0.012251 -0.015286
591079.477496 780.646913 483.065197 -0.013687 -0.013978
450261.526019 37.109858 509.496482 -0.008268 0.001259
788880.985598 618.620508 259.169438 0.014942 -0.015433
1247242.441982 204.375179 167.204636 0.001988 0.007423
405506.701397 218.104760 175.581861 -0.003542 -0.012446
1835863.754077 198.033626 576.804254 -0.012852 -0.017827
159031.381905 379.663993 18.495851 0.015401 0.005307
362722.217274 87.802588 407.324925 -0.018684 -0.003828
420997.232395 340.032577 105.506752 0.005774 -0.007949
580167.091722 213.214840 332.590519 0.002767 0.012615
479025.265425 617.076477 52.851645 0.001295 -0.012688
552036.800679 360.159480 258.304364 -0.010479 0.005128
969986.005207 253.876102 61.873169 0.000697 -0.011926
1471710.388303 557.582968 187.598589 -0.003402 0.009144
1430984.936390 500.503509 91.335425 0.015655 -0.009268
902052.609670 144.995846 320.936683 -0.019792 0.010005
700700.571156 195.587993 313.079208 -0.002450 0.011073
1408199.004553 571.599334 136.720908 -0.014616 0.018108
1713095.736556 495.857722 161.732924 0.018407 -0.014601
944491.339356 556.840419 499.076998 0.011381 -0.015571
1119457.834922 400.265283 441.525847 0.008486 -0.004346
8319.607940 130.599242 343.797635 0.001556 -0.013271
647061.014849 711.530768 247.556591 0.013806 -0.006860
379545.065751 439.264147 25.727597 -0.003323 0.007334
1990576.603445 218.833986 181.687458 -0.009388 -0.010662
876473.971119 589.829522 557.731995 -0.009185 0.000887
80381.552726 664.298990 13.410658 0.011037 0.001696
828036.629980 624.571370 423.232361 0.019506 -0.007215
1747623.103553 248.577081 124.757792 -0.008535 -0.013755
1072386.123739 381.132804 423.287375 0.003182 0.015739
777386.485961 459.455835 100.561671 0.007655 0.013583
801906.589792 103.908550 346.051253 -0.006793 -0.003967
197987.358178 296.306166 138.147905 -0.015152 -0.014130
1545926.498969 428.243762 556.330233 -0.000688 0.001058
492654.834172 281.852099 500.220729 -0.001553 0.005378
1978982.283724 792.762763 69.214111 0.007770 0.002802
17631.095842 66.407437 86.485321 -0.012956 0.010999
1966499.848276 461.659525 543.279557 0.002937 0.015717
611006.784537 527.300557 167.081599 0.001450 0.011212
850069.038966 247.169745 189.608461 -0.005915 0.011501
1676786.882652 478.949025 83.700482 0.006884 -0.017868
1557780.060711 529.399255 26.292048 0.015765 -0.005745
1227310.625476 722.553384 263.298932 0.010615 -0.017368
428616.731627 592.377154 393.526920 -0.015226 -0.007965
1127178.874392 340.104006 576.264205 0.013665 0.018428
1480731.590409 213.170425 162.106885 -0.017757 0.004776
115335.758829 715.395797 130.592064 -0.012096 0.002658
541498.807511 781.099930 136.954921 -0.007424 0.014830
1167776.423119 742.404095 464.324608 -0.019067 0.007417
1705487.274428 189.978542 255.903146 0.000338 -0.005721
1455042.508177 58.048414 469.273237 0.007510 0.016568
1485351.840726 341.982418 108.585123 -0.019514 -0.000647
1600046.444498 56.022168 226.906595 -0.019287 -0.009275
1889695.885540 230.484457 146.790673 -0.013087 0.004132
230475.999522 605.530332 319.041034 0.015534 0.011185
434670.210087 593.420920 10.189100 0.005758 -0.009965
748135.628527 296.995089 193.472513 -0.013716 -0.017653
474188.291689 718.701493 292.363066 -0.003292 0.016351
1941577.332067 174.394382 588.779374 -0.006024 -0.010616
499196.726130 235.238393 314.424790 -0.000244 -0.001316
254300.674542 487.603014 134.033518 0.006353 -0.000084
6325.354803 700.450740 143.993297 -0.019183 0.000811
980919.682878 315.768111 534.888300 0.012542 0.001989
1900851.625903 40.330270 269.184296 -0.002547 -0.001265
719689.197242 326.354203 412.152598 -0.006341 0.010292
1844748.197982 472.778129 30.537650 -0.002158 -0.016580
1036199.990211 459.028616 416.558104 0.009651 -0.010732
385683.919483 595.681594 65.041965 -0.002692 0.010612
1256102.471266 738.627500 95.861544 0.000710 0.009708
1419511.694191 375.714473 472.510301 -0.013645 0.016270
511292.832210 414.891388 189.370307 0.017690 0.014395
145034.134456 691.509739 270.305441 -0.015047 -0.007554
1071721.370831 513.385120 530.763816 -0.010794 -0.004668
233847.819378 338.423633 77.069942 -0.011014 0.014223
1786277.592083 682.208854 467.514512 -0.017899 -0.005092
1031918.257955 609.812753 505.754929 -0.007877 0.016828
1499349.890975 446.695577 263.472644 -0.017371 0.000056
597617.807145 110.105521 219.263622 0.009994 -0.009543
1353622.215499 228.336161 541.940541 0.002464 0.000630
573296.933702 542.716452 563.657196 -0.003406 0.016138
1590131.532210 246.343192 453.887189 0.002990 -0.005566
258416.177825 72.568148 73.704916 0.018868 -0.004268
87595.200207 577.089853 571.442050 -0.000685 0.011451
906233.425674 625.577619 554.261641 0.012750 0.001246
370032.188655 396.236103 489.693535 -0.016464 -0.017726
664767.085884 299.765162 441.545138 -0.009139 0.011580
1278253.811075 53.106541 58.578909 -0.004149 0.005629
916040.443311 420.015308 438.716313 0.003231 -0.000146
249204.321880 499.554113 130.577751 -0.016937 -0.015701
8661.484350 424.126512 533.554295 0.017136 -0.006054
841302.204338 90.305458 506.360823 -0.010494 -0.011962
1802783.200425 455.801094 345.930837 0.005479 0.013642
731632.451868 220.881173 544.609886 -0.001442 0.006863
1096714.972098 736.922713 118.101835 -0.008814 0.000015
1386984.768969 323.579461 76.226421 0.016466 -0.000755
469499.863903 732.453138 6.630168 -0.015022 0.013780
718651.906922 435.668234 574.378696 -0.011855 0.011260
316653.122342 84.114197 211.180511 0.009653 0.009445
385530.231700 80.028492 10.894229 -0.015988 0.002557
1379939.433830 519.141720 291.246205 0.015447 0.017149
1974529.288697 463.999624 199.399508 -0.015463 -0.000357
1626419.535664 279.462307 244.590536 0.012966 -0.001067
503204.831157 146.406286 10.762989 -0.011638 -0.004518
1600260.999799 293.335092 294.809915 -0.013929 -0.015944
467442.890847 275.540923 121.051068 -0.009922 -0.002203
1530910.291491 753.272161 56.313777 -0.009993 0.013158
43405.273949 190.061998 245.239578 -0.005820 -0.005906
1801413.789299 133.684731 420.960627 -0.007676 0.019658
348673.859774 447.800535 104.801022 -0.012294 0.010748
1122384.702378 793.741780 81.101983 -0.017898 -0.014234
474000.488629 229.300920 293.418759 -0.002441 0.001548
1867761.544822 163.119767 288.133273 -0.018885 -0.001825
617712.498930 39.415881 415.367650 0.008729 -0.003860
88793.583256 494.909787 342.502414 0.009855 0.017013
1123119.018564 736.009169 291.853243 0.009410 -0.015511
510837.786138 237.648182 62.753568 -0.004349 -0.005991
498234.962345 502.510588 381.794373 0.009527 -0.017332
350510.791107 537.687880 162.739137 0.006234 0.007966
1451432.125387 771.453532 449.207053 -0.003323 0.007313
303273.376219 370.130211 180.161355 0.008882 -0.011675
454803.713809 227.008741 76.392483 0.008582 -0.019211
480071.545802 775.617213 189.929083 -0.006226 -0.005568
1333575.176696 474.996344 593.026671 -0.007825 -0.006721
110627.538576 382.942500 2.172142 -0.006969 -0.014583
1406769.050940 41.616045 59.211792 -0.001903 -0.001189
1561676.394922 482.551533 559.478410 -0.016752 -0.006986
281255.947557 246.904467 365.192321 -0.009256 -0.019075
1257382.930842 407.057069 595.821444 0.017801 0.014127
706537.016996 489.638971 268.548660 -0.006333 0.016638
1558318.719993 317.880836 236.861587 0.011335 0.008938
1057752.200895 389.310178 465.588523 0.005107 0.017520
491364.625511 326.546655 325.149856 -0.012864 -0.000409
1734950.389590 255.148571 479.242296 -0.000930 0.003495
1643357.573842 84.442320 57.247574 0.012571 -0.017968
1898263.090243 134.032075 397.724565 -0.004150 0.000389
1157183.811607 140.647513 544.225770 0.018932 0.018340
1260090.642264 401.547899 266.854873 -0.003779 -0.014821
767107.214205 521.268756 323.022351 0.017002 0.013180
55740.578126 634.565762 88.980158 0.013044 -0.009257
1471867.368311 518.760470 224.907328 0.013105 -0.001607
851158.514084 624.497886 377.901746 -0.016460 -0.012916
279214.015361 533.348515 211.688205 -0.018170 0.005617
622537.959657 541.137369 85.047099 0.010260 -0.016721
543551.074594 112.161699 439.566991 0.012591 -0.017369
1125283.938425 670.272321 515.139665 0.008435 0.006548
255944.995329 357.692335 187.298834 0.000113 -0.008837
1549879.616848 742.691270 35.618665 -0.003801 -0.019312
474171.187949 435.827118 410.406034 0.003579 0.003644
648167.413030 720.798433 160.367678 -0.001352 0.006303
697835.028496 590.169488 478.465471 -0.016724 0.001913
1725670.433475 515.829515 231.224457 0.008732 -0.005544
99429.388577 679.279217 481.654871 -0.005519 -0.005932
163663.104253 109.459455 168.312241 -0.009517 0.000354
594763.153510 303.319172 52.410487 0.019263 0.018767
1355525.087265 244.580199 521.901976 0.017850 0.010897
1053977.892294 234.929879 305.728201 -0.007020 -0.004952
115031.983757 149.738648 12.486247 -0.002303 0.016325
752375.869431 394.002353 454.812178 -0.012805 0.014193
219437.964363 208.676168 595.081507 -0.004391 -0.003916
1068114.026016 550.155496 468.944637 0.004835 0.006817
1499866.051366 239.024334 584.410457 0.004757 -0.010271
1491842.997955 117.032753 322.401986 -0.009748 -0.001147
1826279.228472 250.756719 395.005187 0.017322 0.010247
1133058.067007 247.666257 149.331466 -0.007037 -0.000442
207507.431604 346.873599 450.047702 -0.016174 0.012961
304737.184339 504.038339 306.880773 0.017352 -0.009992
361247.467977 546.748513 329.475473 -0.013807 -0.007879
1585793.637478 720.556522 269.590310 -0.006777 -0.013783
1841064.114050 194.770864 281.521610 0.003165 -0.012888
451362.950938 116.096253 291.972043 -0.001008 -0.001228
1950936.490647 462.800318 542.048741 0.008450 0.007535
1454702.783122 701.905677 182.413626 -0.010447 0.012470
1108684.254395 335.515259 297.078142 -0.015855 0.002984
1596490.624173 717.089338 285.089923 -0.011253 -0.010867
1263706.185512 134.512793 282.292148 -0.015937 0.009882
1294332.516982 261.429200 535.505183 -0.014656 0.012057
723046.520130 87.283893 228.194110 -0.009402 0.013370
107937.715067 793.594311 427.084455 -0.005715 -0.010788
1046872.077066 729.313567 390.227904 -0.019307 -0.019423
450965.188654 653.511736 547.082034 0.008026 -0.017420
278162.196408 266.280578 139.818921 0.004373 -0.002630
1960316.196066 205.413908 456.665909 0.014895 -0.004392
1125740.257616 187.377188 299.749722 0.017718 -0.000061
668170.334151 797.175152 294.350803 -0.018169 -0.005829
1443825.863043 455.605808 159.956709 -0.005090 0.003537
564375.188464 478.430552 242.774104 -0.012222 -0.008031
938961.728913 266.940443 379.445100 0.008090 0.017703
132214.712972 546.393145 119.622461 0.013199 0.002211
1179224.623916 311.906614 473.282194 -0.016455 -0.006669
575213.267736 338.796605 197.902670 0.011072 -0.001210
1368718.602401 400.481109 23.663971 0.018035 0.014934
1254302.726711 186.152253 282.746494 -0.018687 -0.002901
1541011.519516 401.109455 456.422618 -0.003910 -0.011853
1407684.757098 375.102007 531.942226 0.016139 -0.008172
883750.411162 394.049625 411.708692 -0.010690 0.003290
38293.802197 414.672477 3.023195 -0.006038 -0.008110
949396.727117 26.708846 478.529862 0.000575 0.019398
1340193.529306 112.503999 130.171817 -0.014321 -0.013073
1289556.392138 729.478690 404.495186 -0.003793 -0.007429
1756783.113702 87.866681 469.467120 0.010572 -0.019589
157687.638028 165.801089 303.294350 0.010616 -0.002489
175039.783202 627.018987 573.586370 -0.016277 -0.014669
506304.289450 453.695239 99.629078 -0.017970 -0.016735
301433.914481 576.158857 133.499180 -0.005319 0.014503
790027.673724 9.961947 464.132219 -0.017210 -0.003254
176035.711624 758.432483 317.051535 0.014821 0.008520
1081972.172988 759.567090 552.116897 -0.018189 0.008632
715741.816310 107.133901 299.133713 -0.007420 -0.010927
1263880.632475 454.085823 476.648337 0.011934 0.004700
1751026.801649 759.060387 202.616461 -0.016125 -0.007307
399196.095951 394.415258 197.993521 0.018995 0.002433
1496994.359185 48.865019 306.129574 -0.008918 0.017285
445396.929255 653.926551 529.440765 -0.014297 0.014558
1193553.106484 400.185237 599.164690 -0.016151 0.012568
450224.472419 581.746619 229.303268 -0.019233 0.001038
1999453.321099 715.842495 285.369312 -0.005491 0.019698
1584501.028799 429.532352 291.133761 -0.015110 0.000411
94458.571679 696.574126 342.799715 0.002274 -0.014107
1007827.074736 623.689349 579.293272 -0.004562 0.016877
1658558.308919 786.375678 253.488665 0.013094 -0.016883
475365.567242 42.212934 483.267225 0.004568 -0.017058
663714.367274 495.832976 580.481536 0.012253 0.018234
1919117.403179 479.339154 296.758408 -0.002190 0.008838
9624.167350 393.647404 354.961946 0.003061 -0.018039
1478876.057770 64.461459 497.199664 0.008007 -0.001368
1502145.321808 426.816760 269.361792 -0.013032 -0.005542
1054818.871922 329.233278 248.118324 -0.006669 -0.018738
972186.690649 532.091875 390.614685 -0.001885 -0.001120
1216433.286302 329.876777 43.020349 -0.015884 0.014302
1585452.240699 85.848021 209.766595 -0.004608 0.007247
796849.675848 99.215740 458.798638 -0.011002 0.013115
461377.134761 782.669483 217.283160 0.007170 -0.013909
1447663.852688 165.518151 338.338455 -0.014480 0.001614
1190708.408687 498.993368 123.111916 -0.010151 -0.016964
1355477.244293 683.852929 294.091526 0.009978 0.018276
694211.989964 433.559677 39.028892 0.007880 0.017080
1497031.391364 75.971335 30.383329 0.000514 -0.007108
1759090.904966 594.665939 180.119828 -0.010323 -0.003073
904928.793621 772.400377 378.040855 -0.019357 -0.015854
341892.055395 489.263429 436.813602 -0.004945 0.014337
1609370.418642 43.318479 427.810604 -0.008204 0.012133
1339833.364515 513.324006 207.006055 0.009401 -0.006447
543533.833951 386.324132 260.080215 -0.007099 0.019811
1510075.678821 161.433011 443.615151 -0.017785 -0.002232
325429.097901 406.405395 246.044154 0.011721 0.000967
1027532.088117 771.149151 81.367257 -0.010365 -0.006358
1987715.010526 37.012063 236.907753 0.008274 -0.006374
396776.620483 301.210989 588.928736 0.001747 -0.015578
639902.701899 652.421146 356.205649 0.010129 -0.014491
1179865.857204 406.252194 204.071371 -0.006843 0.002534
1568458.621189 393.462239 42.494151 -0.012227 -0.008584
1190290.628555 566.577679 149.910706 0.009235 0.017978
1180185.991889 580.121798 597.299751 0.019396 -0.002771
672088.553511 146.680514 484.833151 -0.007330 0.009077
1837656.663655 510.362742 325.365021 0.000515 -0.004370
1360614.323691 81.951807 539.237751 -0.019196 -0.002731
924125.776125 643.692654 554.840601 0.001318 0.019943
418950.309241 102.576001 424.368632 -0.001715 0.014317
1312754.557148 39.259575 350.083585 0.006070 -0.018660
30587.249450 790.592720 130.411565 0.012909 -0.007756
1889215.610870 593.547050 566.205323 -0.000531 -0.009820
669560.509114 133.677517 214.385490 -0.010655 -0.012490
1579576.984783 556.646194 595.184708 0.008574 -0.010879
1982244.182370 738.910488 214.128733 0.007922 -0.004707
432350.935616 283.714521 258.479935 0.011992 -0.019757
930735.730068 652.449427 596.696350 0.007311 0.005530
600671.720971 501.864611 228.050513 -0.010202 -0.015424
1270601.892504 463.538907 169.287744 0.019710 0.012512
938976.299455 626.151971 304.957654 -0.001538 -0.000139
1474031.937064 362.040722 251.913999 -0.016246 -0.013955
1605130.416157 247.990698 302.946070 -0.010654 -0.015582
1023340.410098 559.396076 555.372270 0.000246 -0.004722
1128556.229700 645.360256 5.535715 0.017766 -0.017961
248420.950141 463.988507 377.842944 -0.003901 0.002779
884577.235619 700.696537 213.325324 0.018012 -0.006554
1704879.713107 549.916471 474.250816 -0.009093 0.011224
1882055.445519 60.143071 54.951909 -0.002164 -0.007620
404206.608610 766.177235 4.977882 -0.014893 -0.001430
780987.060993 553.636683 162.317408 -0.004023 0.005493
642018.800900 419.791372 130.430003 0.018031 0.017214
1579863.075903 314.151795 483.473778 -0.014197 -0.006278
286431.929230 798.732332 18.512056 0.017334 -0.009147
1625355.291937 699.747682 207.463812 0.016180 -0.007146
1310099.705732 85.351685 167.068104 0.006559 -0.010605
1485499.756171 42.801271 555.890590 -0.019461 -0.001834
1126826.147142 267.490758 586.937116 0.011212 -0.008624
1817754.082297 456.360985 406.804162 0.008593 0.008645
42605.713030 686.160195 428.584266 -0.017743 0.011582
1969490.396776 691.951059 399.623208 -0.006764 0.010784
1972945.507603 788.456715 525.747639 -0.009405 0.005964
221002.463354 6.068378 421.511831 -0.018504 -0.019156
314139.836614 480.131910 213.062999 -0.014577 -0.004772
1280098.799281 35.405268 570.811006 -0.007270 0.010347
1334025.561499 271.236301 370.294122 -0.004771 -0.004330
817314.073824 292.350994 154.079995 -0.017007 0.007865
52254.755074 48.961252 409.225315 0.016099 -0.006942
662711.798522 9.890114 200.137972 -0.018615 -0.018003
710212.109941 153.279840 390.013270 0.008413 -0.006921
61999.699130 280.603738 222.916416 0.019295 0.006743
261157.692532 519.431360 4.123112 0.009911 -0.018779
797766.605764 125.299197 237.365768 0.006224 -0.010769
184709.901076 545.456299 175.140065 0.010989 0.003330
1235796.007903 85.024037 357.708363 0.018092 -0.014393
1292608.929469 245.498514 198.744562 -0.008137 -0.019315
1317389.029692 261.713694 220.530581 -0.018790 -0.007610
71927.786838 128.220551 575.464417 -0.018266 0.016317
1977614.946653 353.690097 38.739397 -0.004636 -0.016072
591803.305127 381.693038 467.421878 0.003515 -0.009936
726241.200569 164.774609 214.322400 0.018392 -0.013696
995710.504705 484.983376 278.988861 0.013164 0.016102
963862.695249 390.845085 138.001688 0.013991 0.000728
1079147.418532 708.512681 407.642671 -0.000029 0.017184
1174876.041326 389.749235 222.926371 0.006099 0.014868
937689.950195 758.499444 209.308814 -0.010084 0.001413
1200871.358253 489.288161 445.032703 0.018311 0.002831
1798372.363578 364.593410 106.009943 -0.005456 -0.008571
158766.744732 676.430950 464.356189 -0.007594 0.007837
584123.108808 679.443235 348.508819 0.018829 -0.006109
1019930.488905 447.005264 500.384765 0.015242 -0.011567
1412068.961846 279.703187 95.579599 -0.017814 0.003945
1390465.348675 524.186270 125.689631 -0.002529 0.004544
1560588.704217 269.135691 41.595294 0.018290 0.008009
709118.110458 29.035924 327.208512 -0.014858 -0.006215
481739.437432 336.475479 116.866982 0.012847 -0.004338
1084185.081108 265.395734 569.723488 -0.004948 -0.011491
321427.933090 65.806982 337.540434 -0.007333 -0.014444
322096.383349 12.036148 475.486061 -0.005165 -0.001924
811598.476400 120.551524 472.614083 -0.000998 -0.015687
975828.599639 663.294890 86.975100 -0.018663 0.018321
980873.326296 219.546724 226.616889 0.007418 -0.016148
1538962.265262 182.070671 256.867211 0.008799 0.004161
1281944.833362 703.841179 411.524036 -0.011808 -0.012030
1646853.441208 292.039476 129.197028 0.004641 0.009420
1334224.681991 17.374172 531.647701 -0.001777 -0.000137
1987979.200663 754.272917 195.983764 -0.014458 0.019093
567825.405192 503.231652 150.384284 0.006531 -0.007407
693992.653253 345.372817 324.780400 0.011051 -0.013987
290886.182473 332.983670 18.583018 0.013265 0.004811
461579.700216 524.008114 590.766073 -0.002171 -0.009178
1440439.939238 90.456533 175.696142 0.004264 0.002724
1578856.275221 479.997005 306.935348 -0.015376 0.009527
975708.803616 319.739445 220.340306 0.009548 -0.017526
1363849.989774 68.375018 296.032246 -0.011055 0.014431
1287670.666020 295.330002 165.809814 0.006990 -0.011977
1793086.186886 724.613944 513.331336 0.015255 -0.005944
253419.465503 481.237970 278.423020 -0.003142 -0.011671
65064.939701 167.142831 484.814311 0.001754 -0.007021
1093948.624606 25.616391 434.544327 0.016605 0.010814
1570950.974510 477.130085 513.838375 -0.008888 0.012829
1433502.711092 738.165794 113.577765 0.019710 0.003911
779698.448619 711.804404 301.658043 -0.010197 0.010873
1707668.152502 297.698943 223.949604 -0.007283 0.011686
1161722.038482 280.495681 0.618538 -0.004420 0.015795
650195.260835 748.553807 555.967407 -0.018011 0.014027
1393276.303724 667.661176 268.130455 0.002111 -0.015478
534900.189626 215.539297 21.066808 -0.001730 -0.009472
1264731.390059 676.971244 91.439332 -0.014607 -0.016309
1848317.172308 790.822048 278.469022 -0.008131 -0.007732
512088.236637 702.225046 394.393396 -0.009742 -0.009298
1104225.446984 465.400298 121.924961 -0.000861 0.005239
107543.810321 140.002761 279.358443 0.000022 0.009127
1156781.673039 614.873084 598.130279 0.004543 -0.011011
520065.349769 196.835460 42.913971 -0.003476 -0.004755
327390.441823 269.686224 221.870028 0.005105 0.005370
1353004.063178 707.140460 307.030014 -0.006584 -0.014387
1558240.596931 709.238318 433.409922 0.019290 -0.005438
706633.334377 28.969414 323.749545 0.012767 0.001542
534505.464385 317.511199 183.012480 -0.009433 -0.019555
1061346.780072 419.624860 154.426580 0.004128 0.017529
1275778.349152 612.507631 164.521641 -0.019703 -0.004253
1816858.008419 547.180359 166.548360 -0.003178 -0.019282
837596.447597 159.486975 542.369445 -0.014372 -0.012757
537634.699856 395.873469 130.562200 0.012329 -0.007458
1509630.032587 60.203757 426.106068 -0.019847 -0.007629
1442342.147903 473.104333 518.501653 0.019141 -0.012295
1603574.954720 492.529114 575.683136 -0.016946 0.004950
706735.606634 787.703553 184.477125 0.005240 -0.003792
651319.147391 40.027105 362.616977 -0.010792 -0.012355
1573016.600485 398.696748 411.561415 -0.019866 -0.007699
1998835.487291 607.424283 229.833917 0.008385 0.012773
1445522.677826 344.808577 246.225216 0.003485 -0.003641
1207599.107738 311.265949 14.996932 0.002529 -0.001368
1297106.122271 733.490670 269.826334 0.018203 0.001913
1709409.523620 225.392591 358.925872 -0.001621 0.000462
1579454.636005 196.698666 6.122876 -0.000962 -0.009981
635151.660366 380.346555 5.394487 0.008017 -0.012587
1657542.871152 338.291663 369.294851 -0.010421 -0.019594
50074.195513 674.154480 239.549490 -0.017994 -0.003745
1728956.987955 558.781745 193.712986 -0.007446 0.006152
1741304.677791 135.056416 561.981854 -0.001253 0.005103
896425.988943 206.836561 524.616514 -0.001647 0.009365
248631.410417 620.774156 125.815890 -0.014667 -0.000940
789536.960791 769.619417 539.587918 -0.019583 -0.011933
1819863.026878 28.522686 26.553686 -0.007624 -0.016557
901731.744829 139.173072 470.685585 0.010945 -0.000478
878442.611954 515.295077 393.805285 -0.004973 -0.015486
569936.175165 658.941172 222.851378 -0.013643 -0.008692
212161.644461 226.609552 35.267356 -0.007365 -0.003292
1070836.321949 568.413125 227.797706 -0.002609 0.008852
1162154.364009 276.053149 454.373143 0.005035 0.006167
1685995.778854 61.379654 497.017173 0.005268 0.014019
631794.399876 53.657507 296.605572 0.018913 -0.002292
