120102.793966 630.337833 121.552395 -0.006113 -0.005546
269277.329682 299.823439 156.382635 -0.018291 0.015145
1260731.205931 302.397402 191.682338 0.013058 -0.002954
973263.179405 632.999726 572.853325 0.008490 -0.005941
1683880.506867 289.027211 229.133343 -0.016812 -0.013039
1760997.696668 175.539747 580.205966 0.011722 -0.019811
354965.669268 681.916089 474.467804 -0.004796 -0.012065
306862.422408 411.970400 346.465841 -0.003478 0.002350
913598.742761 35.073627 562.763636 0.011167 0.014845
723511.401901 210.146825 397.995818 -0.007305 0.019055
27418.055584 126.957979 203.032200 -0.004124 -0.010450
1026719.971107 221.745587 272.772843 -0.000715 -0.017197
919235.655535 527.141643 552.595684 -0.009944 -0.018419
247720.705461 324.316137 333.849980 0.008063 0.012671
229642.751734 125.383125 517.343657 -0.017957 0.017118
1463437.116455 330.360750 119.029608 -0.004252 0.009167
349002.480669 325.728588 534.142022 0.001411 0.011175
253345.397419 21.897977 48.653434 0.003293 0.000360
301882.374241 33.036369 100.864501 -0.017028 -0.008249
417897.793659 158.464003 420.059447 0.010564 0.015940
1032678.423930 703.012253 34.730583 -0.004922 0.017258
1981626.739717 86.387891 206.287878 -0.012566 0.000530
148080.320166 291.284923 546.357296 0.018534 0.015036
1426235.401736 72.560356 542.672447 0.011808 0.006900
826207.458426 756.262711 428.072531 0.003241 -0.019249
17939.873048 633.132181 129.739938 0.008257 0.002248
229060.592236 178.539364 260.741518 -0.012967 0.003880
729567.630556 129.822443 425.628979 0.008458 -0.006096
424191.899795 625.299818 428.327105 -0.015119 0.009726
1179453.697605 667.586218 501.749817 -0.000353 0.005134
1017047.714916 724.772210 344.252399 -0.011066 -0.000462
1184883.571782 186.736881 168.612169 0.012300 0.017680
1669257.284919 737.927279 97.733116 -0.009190 -0.017096
1530870.404807 506.856597 153.066412 -0.001090 -0.006386
1211583.405366 549.572058 75.535550 -0.007256 0.012400
1741377.547263 727.269772 385.794960 0.008302 -0.003742
544004.606336 172.734419 185.161244 0.013873 -0.002454
1594854.852927 349.708959 402.242551 -0.016924 -0.010149
1223177.906695 729.807457 101.162838 0.010918 -0.013222
527324.168257 433.122657 487.414822 0.000762 -0.019359
312490.830343 99.607571 422.346221 -0.009875 -0.002987
1025907.483430 120.686455 212.238038 -0.013729 0.014356
1509229.653286 341.699113 43.474579 -0.018294 -0.009516
1023852.793045 688.025806 428.300421 -0.012674 0.017493
1918069.081343 635.067515 509.737012 -0.014809 0.002796
59433.087734 314.657739 68.100317 0.013711 0.016465
257531.464220 800.691503 21.663521 0.013265 -0.008800
961609.428265 277.376550 259.692851 0.013381 0.000054
582120.371322 470.040929 558.559661 -0.005431 0.005985
408974.288222 701.870999 306.395998 0.016861 -0.017671
899929.745542 700.250999 511.522051 -0.008030 -0.019849
849952.291162 263.277241 237.537023 0.001514 -0.013092
617567.269419 532.328924 103.649502 -0.006174 -0.000013
907629.657959 661.971330 507.067620 0.015502 0.006305
693382.430213 141.688247 148.677761 -0.008905 0.001675
1797970.130014 385.086817 250.743149 -0.003516 -0.004092
955435.349120 688.563624 163.829228 -0.006709 -0.013567
557659.864685 605.927421 293.224423 0.007013 -0.008253
1324351.926951 788.412067 575.532942 0.013336 -0.006827
917046.023028 230.584183 93.377730 -0.007869 -0.012892
1632997.046985 518.910840 212.728857 -0.017504 0.017135
1790149.784549 770.120404 244.820078 -0.007399 -0.004937
1613713.184192 631.967444 140.486757 -0.016806 -0.015061
791753.703166 288.733565 527.020076 0.015413 -0.018596
347958.385175 437.217678 12.009621 -0.014656 -0.004600
701432.257286 473.868070 403.512188 0.000328 0.015835
1693039.169392 258.547424 326.871898 -0.012036 -0.004482
944105.254926 76.522876 210.558453 0.015376 -0.003688
1451122.988691 550.859908 119.986503 0.018415 0.010779
644142.737912 284.892951 76.486841 -0.011886 -0.010296
328294.663843 300.182178 473.821687 -0.012062 0.000431
344141.964030 428.940929 60.329322 0.013704 -0.018296
1995072.262359 551.878200 220.842766 0.001687 0.015583
1509670.835691 10.991564 591.209367 -0.015719 0.015780
783939.521193 665.504031 350.205303 0.003506 0.011741
702233.533702 730.425339 88.935899 -0.000806 -0.015169
783487.379916 514.247081 295.381625 -0.012689 0.013064
1976.599918 281.959305 217.461884 -0.015848 -0.012070
812477.567611 81.097953 532.162721 0.010930 0.005818
1551513.418346 422.775320 395.161177 0.010374 0.005368
1106838.468046 120.606616 279.822119 -0.014508 0.009728
516376.429478 389.555129 394.454463 -0.004366 0.018473
1541877.001311 639.092211 367.193429 -0.009509 0.019228
877046.727052 211.104118 200.347556 0.012100 -0.005350
1062152.807164 166.427733 281.132139 -0.003289 0.019330
220503.739184 155.176102 306.343438 0.010782 0.018104
285758.867062 257.670242 62.726759 0.004286 -0.002097
1694852.848395 693.285876 566.570690 0.000268 -0.009272
1823523.613542 219.381198 44.368085 0.000929 0.001479
109429.840049 768.252093 480.165729 -0.004465 0.010483
331166.874772 736.410881 582.178617 0.005308 -0.006560
1904142.131984 594.089740 318.593505 -0.001590 0.000434
967910.745632 483.344412 499.147263 0.003513 -0.011505
581591.096978 348.319204 48.283292 -0.010675 0.017478
706572.319710 117.954046 128.448185 -0.003028 0.006879
1499518.371885 385.559068 378.966995 0.001971 0.014869
785875.055374 571.482041 474.330274 -0.005470 -0.006111
257524.722376 253.033289 54.511947 0.006481 0.011227
1201976.699383 114.798130 229.020355 -0.002613 0.009274
1186503.038363 580.112436 102.012491 0.006813 0.018383
215485.423904 20.019578 64.823844 -0.007112 -0.001909
1555844.913030 56.599038 560.898938 -0.003705 0.004790
1610655.802121 641.146143 200.195101 0.003833 -0.013391
1363983.919548 580.703502 288.274299 0.010879 -0.004605
515601.680854 298.581686 317.770518 0.005558 0.012246
521772.659627 185.410840 319.716148 -0.002811 0.016113
984056.433190 429.833461 558.506456 0.003424 0.013508
764465.851134 302.142896 558.158542 -0.007319 0.011434
1098768.237559 98.354838 353.008196 0.014527 0.008860
1505133.839094 452.399899 265.795218 -0.010764 -0.006521
1656881.889169 392.684370 425.792603 -0.005622 -0.014825
1035409.796534 493.366285 216.177327 -0.018001 -0.018102
532033.862794 432.319809 349.798844 -0.012179 -0.014334
885049.308131 462.044240 312.570157 -0.005101 0.015764
611963.250959 737.762223 10.543971 0.015694 0.012229
1469794.933437 516.248977 223.754580 -0.012337 0.015672
1419313.830053 5.351401 222.184554 -0.003134 -0.005433
1001399.715897 751.396243 590.075662 0.014476 0.019431
57920.523946 103.104179 316.829331 0.004571 -0.007020
1340168.589419 43.936647 541.125385 -0.012373 -0.002908
1593328.125585 397.170664 208.990256 0.012550 -0.004452
308175.125303 438.509466 21.679808 0.000909 0.009147
1829796.170737 187.815091 440.378267 -0.008567 0.006237
194622.977727 628.225677 356.846206 -0.016821 0.005972
1163384.351490 85.630461 466.989904 -0.015186 0.009279
203536.384834 623.314637 467.162496 -0.019844 0.018798
408990.508136 640.567804 279.688472 0.002486 0.004644
1709918.606891 566.646001 96.532075 0.015807 -0.010596
1776676.395804 644.411163 280.116143 0.004762 -0.016392
248411.979642 575.713052 526.974550 0.008750 0.011925
1052401.075630 239.690909 543.532002 -0.007830 -0.003527
1254879.329007 324.201752 114.359153 -0.003716 -0.003554
322021.593490 487.275265 125.222936 -0.002331 -0.014637
1647379.426121 386.385666 521.367847 0.019419 -0.005111
204691.412954 699.216775 106.323301 0.002784 -0.000168
536197.156895 555.127779 128.621805 -0.014203 -0.003477
25648.950611 538.113696 429.021788 0.016652 0.018926
247729.502734 436.781793 229.408238 -0.007398 0.018031
1580350.309415 379.586800 335.038810 -0.020011 -0.015903
1443766.372951 659.245593 351.202151 0.003686 0.012393
1912564.341869 554.131513 409.402864 -0.014676 -0.009431
357511.299829 321.053746 575.545122 -0.004459 0.001831
744693.135258 324.138654 130.741279 -0.016542 -0.007027
387589.365424 167.836363 523.088007 0.002988 0.000947
1645202.005117 291.555951 -0.183063 -0.004717 -0.005350
205411.871060 83.800355 113.626957 0.007515 0.007849
1996032.971887 514.987613 234.046704 0.007592 0.010247
1306804.762830 688.177462 106.498874 0.004502 -0.009854
1450619.077985 788.787279 394.869239 0.017708 -0.017183
1969754.747101 110.810040 168.548106 0.013580 0.008608
1609086.544071 544.001554 45.253070 0.012194 -0.017508
883645.576836 726.215725 99.702074 0.005825 0.003606
1722771.757153 502.310534 142.182848 -0.009968 -0.007542
28763.775727 722.525030 101.812650 -0.011907 0.000471
845989.907554 733.565171 301.505911 -0.016758 0.014404
1143645.596292 54.716816 600.570279 0.014093 0.016916
1423342.375748 525.826026 361.895298 0.011472 -0.001578
1329764.171191 185.038940 221.941789 0.013251 0.014450
1926056.274178 553.069729 294.619790 -0.012013 0.017728
1598411.507718 173.008607 507.769093 0.018777 -0.003701
726058.746095 314.230400 195.439028 0.014548 -0.001021
375371.614646 348.231097 324.706103 -0.012699 -0.008681
932014.105344 718.174917 567.157236 -0.017146 0.007064
811741.037672 587.918918 550.869151 0.010982 0.002648
1557690.799962 589.555816 155.132372 -0.009262 0.017505
399385.155365 53.092308 90.980326 -0.018131 -0.018560
1122038.441301 328.265893 256.465517 0.015488 -0.009126
1805346.826001 59.630019 425.655184 -0.012768 0.010185
1995636.369100 729.402693 97.324391 0.017696 0.019509
1695958.700821 279.211005 427.666123 0.010651 -0.015091
558004.577904 435.845626 516.884703 0.001464 0.012500
1597187.265566 589.524411 528.946967 0.018088 0.011276
1833981.536251 409.963574 114.600613 -0.006178 -0.003985
929917.220459 197.632917 284.929814 -0.013229 0.007520
1471826.909795 138.823170 361.052551 0.015873 -0.015403
1165988.196230 595.112043 277.982150 -0.008202 0.000423
1172216.120722 460.753041 32.193594 -0.002216 -0.015466
1736107.381869 196.590297 508.075346 0.009950 -0.012186
1259741.624473 533.184160 424.851741 0.012848 -0.019579
218963.730251 229.116856 155.174199 0.003365 -0.001623
1902503.935575 255.807444 379.420086 0.002184 -0.011332
1496596.111682 109.268280 576.150448 -0.011567 -0.002669
941537.357374 638.193766 5.769018 0.001076 -0.010180
245239.558744 316.038473 292.811770 0.018816 -0.014287
1372376.816986 480.053094 484.708549 -0.004179 -0.003134
1637971.852737 403.480453 423.787538 -0.017044 -0.016314
337179.376901 23.830871 245.440274 0.012153 0.003354
1249672.392965 440.368049 432.952725 0.003370 0.010438
310196.676436 44.172133 335.858222 -0.013356 0.003302
1607296.809371 230.145462 584.902171 -0.008223 -0.009721
236307.595035 784.165271 515.155199 0.017032 -0.004955
561161.337682 597.222075 528.988353 0.019425 0.012911
1939371.158341 125.270701 512.160543 -0.004854 0.018366
870700.636353 1.923536 305.635859 -0.013714 0.003551
541779.813609 249.592983 386.773412 0.013274 -0.000877
453110.709066 506.592392 459.857426 -0.011933 0.017062
47266.968548 257.106289 543.083868 0.015292 -0.010209
562186.379247 129.885763 594.424738 -0.013527 -0.013990
1629854.769274 105.391977 185.094695 0.006689 0.000382
534606.907766 82.404005 307.336293 0.011065 -0.009662
203362.833803 38.334932 342.457096 0.009815 0.015242
92345.910190 778.997300 306.321272 0.012415 -0.012993
877177.283576 667.479672 297.786860 -0.006203 0.008676
1484435.888699 501.051110 528.987839 0.009362 0.011480
64404.659935 438.922107 550.582790 -0.006307 -0.011468
856791.879449 487.289747 190.730341 0.017634 -0.004614
1153201.109335 33.775011 259.584045 -0.014251 0.011674
618554.387530 154.443394 456.442544 0.012848 -0.019889
1875266.974734 207.483119 503.072742 -0.002713 0.004181
1111007.126566 140.194411 138.761204 -0.002542 0.016431
34336.430968 375.594933 275.478432 0.016976 0.003876
1349224.196444 292.380309 249.781983 0.019690 -0.007784
1602661.077679 455.042839 209.725822 -0.010640 0.008541
276647.354605 434.636863 544.369072 0.016564 -0.005579
1822198.850020 671.254375 373.149418 0.009935 -0.009117
453696.245539 243.667243 268.715779 -0.001687 0.009714
713133.517985 379.745185 125.334240 0.012602 -0.003599
36437.158490 391.687758 464.277823 -0.002957 -0.000533
159010.190591 189.073476 31.248486 -0.002841 -0.001194
1535456.720523 453.666726 6.970042 0.007004 -0.001235
749811.288319 470.305893 183.159394 0.019840 -0.006520
1154889.427663 178.579432 384.661795 -0.018991 0.007205
762647.938338 305.013854 92.376749 0.003627 -0.012134
1129345.827331 486.658015 410.648250 -0.006558 -0.018340
337378.635228 333.841023 169.004324 -0.011173 0.013868
1499918.929068 791.424042 248.119453 0.010320 0.006661
1760744.261444 108.619842 149.645380 -0.012558 -0.014690
1172923.453698 610.350468 215.801193 -0.010964 0.011551
79642.974809 485.973640 100.860958 -0.012199 -0.012029
730713.756164 606.673130 483.683548 -0.017944 -0.016077
1702955.846536 175.272324 309.512980 -0.014682 -0.002391
724785.897287 706.101368 258.015284 0.011061 0.005773
187236.443249 524.254505 468.823988 -0.006230 0.013666
1828784.213322 744.126028 362.649721 -0.009478 -0.013099
787390.226865 250.434363 459.589828 0.002470 0.000219
1929498.061505 743.117512 161.336598 0.010587 0.019226
730520.102536 499.801836 120.307505 0.015123 0.010750
1281053.293162 194.075602 381.568797 -0.017205 -0.019256
562426.321470 130.024060 404.888565 -0.017492 0.000254
1033437.869061 779.846232 262.714095 -0.015124 -0.010100
1192859.900739 412.508719 336.162199 -0.005497 -0.016829
138898.690296 261.371841 3.387129 -0.006504 -0.015981
1973181.982512 560.895052 434.083934 -0.012569 0.003316
957790.512106 660.579138 497.009834 -0.015317 0.015869
1692076.045876 318.224918 36.182018 0.000830 -0.001622
1136829.509929 29.016606 260.241740 -0.019474 -0.013630
1367539.427880 482.330543 406.475457 -0.010176 0.018685
1509350.044424 252.503695 176.180674 0.010381 0.006130
785056.476847 597.839810 213.044018 -0.015365 0.017399
1873643.585422 476.235970 457.169781 0.010544 0.008427
1315983.134935 488.322830 64.541972 0.008822 -0.014701
1135951.929323 228.446275 100.493781 -0.019844 -0.008264
656102.584980 548.297955 539.443861 -0.019843 0.017277
1727078.126616 606.136501 148.313204 -0.013762 0.000845
1797488.349396 438.822826 161.488935 -0.009877 0.006608
406141.346510 152.271282 156.640076 0.018578 0.018126
1941231.998588 496.947831 337.321235 -0.016813 -0.006389
1386830.762674 518.706079 376.852882 0.014457 0.005995
1843128.023596 152.403629 201.562278 0.012792 -0.012233
538331.757550 546.174962 571.982974 0.000658 0.013524
944807.663069 332.513748 233.439839 0.009309 0.006532
106756.882792 754.847672 514.730009 -0.007571 0.016351
1618777.323337 226.525139 318.092894 -0.005079 -0.005191
1742666.514471 52.445930 7.127564 -0.000033 0.017120
1321460.731012 337.407610 69.570690 0.019883 -0.010385
620834.287545 213.023246 553.955250 -0.009464 0.011287
1523195.320518 587.230302 118.874028 -0.014022 -0.000936
1731081.362688 163.238818 252.021443 0.008924 0.000663
656632.629529 425.862958 480.737768 0.014354 0.016118
325566.043298 583.532475 580.894112 -0.013082 -0.010864
1792559.657149 666.111584 390.468241 -0.019495 0.013209
1778465.217808 259.486817 59.303237 0.012351 0.003559
1763427.173609 457.578111 193.126961 -0.018073 0.010682
1593951.392730 755.778854 556.346199 -0.011302 0.006584
886016.743670 435.677121 119.116852 -0.010433 -0.003809
204796.643092 323.603458 80.841147 -0.017150 0.002933
727276.621725 773.201623 248.621543 -0.019676 0.019066
488690.041233 721.675122 183.122726 -0.006262 0.008565
1781116.410057 179.075976 171.864454 -0.011453 -0.007823
20635.784613 7.775639 149.412117 0.017508 -0.010967
1834876.302553 303.195912 462.740422 -0.015326 0.004959
350019.654422 174.560287 16.634679 -0.007610 -0.008376
1214501.650638 537.495422 155.171502 -0.019200 0.007507
477760.385944 211.533376 353.557685 0.001776 0.004273
605806.972182 347.307107 499.367466 0.003594 0.005786
272576.070518 480.035390 392.529952 -0.004572 0.001529
1759240.741729 243.271421 550.222329 0.005978 -0.003303
1080301.612187 660.493079 382.455495 0.002801 -0.014587
1857771.559552 140.032357 484.187353 -0.012464 -0.012189
988850.145130 339.720402 277.045092 -0.016672 0.018749
134591.829094 309.808251 242.777432 0.016002 0.019017
96963.198901 28.716136 345.787034 0.008373 -0.003140
227820.812831 464.772914 434.633743 -0.018767 -0.010717
290631.014058 457.700570 34.076029 0.011537 -0.014543
385931.693197 569.273499 190.335547 -0.020046 0.015997
1023297.854244 397.323078 195.458994 0.018820 0.003296
589125.026292 31.660039 579.888189 0.007963 0.017430
1882412.602139 596.853040 583.985106 0.000680 -0.002109
790218.714061 504.569916 18.805856 -0.015187 0.006564
526777.357108 212.224063 139.649765 -0.007102 -0.017981
748590.766801 411.918490 457.618926 0.007588 0.000586
1324791.236466 162.442253 5.820285 0.019528 -0.013025
1179151.767483 226.068849 128.562848 0.002200 0.019237
301466.356172 395.815105 434.587244 -0.014968 -0.019527
349183.755158 414.852389 387.434397 -0.011759 0.005632
616335.581344 375.094019 543.904708 0.001729 0.011527
1910511.639859 733.873127 182.981259 0.008692 0.004283
1640005.631205 304.928917 484.936943 0.013301 -0.005362
1964468.728734 335.693824 391.362425 -0.012184 0.018994
1261209.360911 276.157510 282.355807 -0.005751 -0.001156
968463.258337 424.188279 593.966574 -0.014828 0.009412
1257770.379660 350.177020 124.196456 0.001226 0.019288
1991034.577596 391.299127 537.523801 -0.008008 -0.011747
1007596.648767 95.732933 353.641224 -0.006553 0.017868
1912045.142572 236.000177 222.796808 0.004268 -0.000411
692628.538559 190.324770 501.261432 0.008556 0.003875
609848.141023 240.564806 74.890602 -0.008216 -0.002767
1723251.459991 737.444354 520.918865 -0.017360 -0.001711
1696924.347289 50.484984 567.891995 0.009837 -0.005599
309029.791648 199.823593 289.742973 0.009611 0.002294
867302.640745 559.339935 513.409962 0.012170 -0.007829
691843.061099 120.395693 326.337323 -0.012883 0.018603
272265.500516 388.283836 162.332186 -0.009544 0.011208
1400582.436193 98.404704 421.133304 0.003069 -0.012242
320566.674844 332.861662 150.636200 -0.015710 -0.013506
1229627.376064 208.576470 245.928434 -0.016030 -0.019859
1946485.269790 425.097288 421.459877 0.008831 0.004883
15066.369444 140.524880 292.205501 0.002014 -0.005766
911695.870064 549.223355 506.463780 0.009050 0.017872
1245159.992597 340.232739 43.014687 -0.005951 0.020431
519428.529087 388.679462 247.073226 0.000318 0.003902
1147820.552414 102.419695 512.329610 0.019417 -0.011057
1717933.562453 767.134400 453.859818 0.002503 0.011430
183230.377819 455.370592 577.535936 0.003168 -0.015314
640928.558372 27.276109 483.392235 -0.013444 0.010249
1503776.668340 629.148416 110.863260 0.012835 -0.015522
360957.489517 65.433229 358.371169 0.003712 0.003711
380073.533570 131.728549 431.425967 -0.018232 -0.014053
1889061.825298 723.492902 65.999483 0.008016 -0.001330
1796955.322752 634.020449 20.326262 0.014480 -0.005168
306282.549308 147.217962 243.084618 0.018373 -0.006197
332156.324914 567.520408 78.934985 -0.005933 0.001333
485168.456326 426.831738 367.126731 0.012948 -0.014814
413343.113108 24.556547 173.390539 0.017108 -0.017005
883643.182406 697.276599 587.130649 0.002073 0.002795
887249.075289 360.286410 217.417721 -0.000908 -0.007429
1467432.667253 504.122643 297.550495 -0.014404 0.003562
1682910.725327 245.364674 179.594103 0.018987 0.006319
1660796.624450 172.271347 113.283282 -0.002228 -0.017762
629926.086697 520.413645 50.930123 0.004182 0.003118
318150.466456 37.064248 269.385451 -0.013673 0.003895
40123.955365 464.558915 28.845711 -0.004753 -0.017481
724761.667999 94.176756 413.519045 0.014317 -0.009809
558074.092752 559.717680 337.351216 0.003107 0.006871
438651.350531 326.361617 533.447287 -0.004392 0.014758
1885724.248311 578.725642 300.861022 -0.018901 -0.006834
158400.153815 149.300244 226.019474 0.001151 -0.006969
1952982.963972 437.329662 543.861982 -0.018969 0.017289
1927788.328346 311.100424 28.127735 0.006211 -0.010077
607879.136041 747.144782 567.567652 0.014622 0.000473
1236504.919471 67.948942 551.388350 0.000259 -0.000283
1541570.438790 358.681947 131.489170 -0.009130 -0.000976
1098586.873663 282.497956 398.575030 0.017052 0.015182
1973812.054831 723.289214 257.547723 0.015634 0.017500
717421.361579 684.396188 190.614670 -0.003729 0.000397
1128238.588166 568.346609 265.754232 0.000397 0.003059
1906900.824936 103.399208 396.833383 0.014914 0.005401
311031.282093 514.330770 50.852245 -0.004958 0.016686
1119457.958787 738.666627 161.566390 -0.010690 0.013996
295815.608602 167.843638 451.408783 0.003000 -0.015986
1365835.790227 746.447632 573.980737 -0.019996 -0.006456
933742.419320 452.609682 29.857143 0.016426 -0.016947
1254474.420685 689.943036 122.289602 -0.008480 0.009407
1674721.783807 355.815572 227.866191 0.016822 0.012742
589441.845468 384.450150 445.900187 0.002576 0.008106
1186208.380939 568.232923 547.179661 -0.006139 -0.008544
28320.921598 24.787302 131.442531 0.018882 -0.018778
1123059.363627 350.808545 356.699190 0.004334 -0.006040
1339490.994503 192.778948 126.499916 0.014922 0.001169
1892333.765464 567.712924 583.377670 -0.007268 0.005405
1580513.963280 495.713072 66.041959 0.001220 -0.012656
1628540.167412 101.131755 535.761538 0.009075 -0.001121
358744.990248 592.701216 301.892869 -0.004047 0.008489
1065496.480589 768.505947 90.581316 -0.014940 0.002932
996930.964755 638.451012 488.977717 0.008374 0.006816
685065.261407 523.898663 229.219610 -0.007712 0.019126
22284.613001 82.922922 360.130339 -0.014774 0.005067
1564209.169505 749.630145 458.241914 0.006963 0.006549
471659.941818 684.103450 242.309211 0.009524 -0.009783
234378.384535 216.314724 129.501865 -0.009219 -0.004008
1581110.075852 613.312150 117.722604 0.004189 -0.000945
1733102.233956 757.439292 78.064094 -0.010154 -0.009491
222272.466972 206.889676 219.622576 0.008458 -0.004763
7593.072023 394.960588 189.487578 0.010730 -0.013125
1961038.188991 1.997480 14.092485 -0.004562 0.009666
554464.627316 401.912392 7.787481 -0.000263 0.010874
821613.773155 227.391389 322.817492 0.003845 0.015653
24485.756655 378.173601 502.274553 -0.014260 0.008805
196372.594776 203.375157 588.143729 -0.001423 0.018529
718005.964867 375.114292 274.392546 0.007060 -0.010207
1252709.545778 525.494145 141.962503 0.005943 -0.018311
1958473.456073 742.011823 326.296085 0.019617 -0.003225
628831.249023 322.396904 421.154358 0.014055 -0.019648
1185057.482303 690.519002 288.665947 -0.002877 -0.019707
406775.272641 420.991208 157.509062 -0.012936 0.019324
452064.211691 433.197915 275.497723 0.007344 -0.011363
1391094.198167 249.380529 525.030928 0.017197 0.018290
1830316.959801 730.297772 532.346131 -0.001630 0.016121
610994.441719 617.920775 184.060397 -0.019670 0.004982
631021.334152 481.941916 291.893580 0.011821 -0.018538
989235.750860 1.909635 333.911133 0.010267 -0.012655
1098658.789461 784.154020 435.197777 -0.019672 0.006629
1883467.686308 564.681925 586.075495 0.012856 0.005335
1871849.530317 584.952021 330.398814 0.012870 -0.012449
911993.535660 102.360417 577.219190 0.010600 -0.014609
1176139.691461 61.391315 443.609544 -0.016925 0.015014
1537174.407177 456.274705 526.375580 -0.006935 -0.006925
123261.179832 701.030852 185.410980 0.011711 0.014785
1946848.674653 583.431567 354.109990 0.017978 0.001705
457599.283409 709.118777 164.630784 0.011209 0.008296
926562.791190 189.182477 501.870242 0.000242 0.019941
1942178.605097 12.155626 45.175794 0.008409 -0.016360
1905775.863633 382.867380 397.606034 0.013286 0.012158
1975712.466974 713.500194 408.048214 -0.008358 0.007176
1128937.655654 214.467262 243.565380 -0.013917 -0.011204
1900458.380534 306.066279 61.939754 -0.011067 -0.013420
1623668.112617 550.044874 239.426483 0.005844 -0.015475
798515.523224 494.047557 76.680098 -0.000981 -0.006943
438456.544857 343.876838 482.180179 0.015094 -0.009807
1216805.763178 694.522448 90.534804 -0.008499 -0.013387
1661706.700764 681.317774 258.926407 -0.010496 -0.019705
1303971.794110 150.934296 233.898268 0.010281 -0.003513
1107963.914568 455.521418 58.846902 0.018168 -0.011400
425643.800956 282.537861 500.130140 -0.007856 0.013965
318262.858465 449.328489 154.953863 0.018575 -0.002254
1036196.117772 457.965063 186.761395 0.006839 0.014663
948553.069005 401.657471 427.813744 0.016410 0.009305
1438074.149861 446.800464 555.675038 -0.015615 -0.007644
677338.477540 530.393887 530.717387 -0.002504 0.004691
197747.041563 521.344842 583.713354 0.017214 0.019647
1601492.672973 71.385211 330.413365 -0.017645 -0.017802
1987075.958395 461.432397 375.076047 -0.007818 -0.010044
971748.938305 621.629093 449.462069 -0.012076 0.007401
974474.447302 733.512739 145.937703 -0.003456 -0.018905
1121549.802423 602.031192 413.020580 -0.002209 -0.012400
613932.794246 434.554253 504.535146 -0.008850 -0.001015
1665525.531241 62.853821 338.482821 -0.004450 -0.014553
1238773.710671 302.298988 429.598743 -0.010180 0.007297
1925637.924078 585.450105 276.838567 0.008457 0.017214
290519.337305 158.585357 508.107692 -0.004360 0.004490
1745488.432117 760.853690 218.909289 0.002434 -0.004215
1111265.337612 695.103302 563.016855 -0.004298 -0.013805
829182.160473 184.500867 135.917251 0.019243 0.004582
728391.627189 478.622697 596.459893 -0.016895 0.013620
1349985.243450 33.146498 346.144700 -0.014481 0.010170
1010733.056353 223.817732 571.659698 -0.005910 0.006789
1129411.861826 180.549699 373.315803 0.017226 0.011494
33999.050983 389.477167 394.354924 0.027203 0.019236
1606354.705806 295.951924 66.612819 -0.018765 -0.005949
1451822.744427 315.259868 570.263333 0.008766 -0.000989
1590584.168020 314.783115 309.326696 -0.005147 0.001137
538209.161040 700.766642 484.755830 -0.011164 -0.010866
958317.440449 627.956366 272.294441 -0.015994 0.008653
479655.517489 94.709081 119.987056 0.015867 -0.017007
167238.956395 558.496331 267.529877 -0.012158 0.009131
1592486.357127 737.368396 73.328496 0.009842 0.005647
1189583.299304 432.840889 21.085236 -0.015519 0.016593
1124831.962923 303.203505 474.248788 -0.005200 0.004001
37146.621401 680.296022 232.904944 -0.001137 0.018062
205026.889315 568.769668 41.116385 -0.007909 0.004321
284161.461650 310.253156 183.847841 0.003496 0.003362
68690.410847 306.015536 301.519100 -0.013743 -0.014784
287411.349028 600.018328 404.102774 -0.012907 0.014470
1171263.018237 591.601415 143.456359 -0.004984 -0.015497
1682127.158941 314.850206 577.691289 -0.010867 0.014486
1824708.168313 265.149105 346.714891 0.019209 0.005356
369206.509725 98.051428 13.484314 -0.000372 0.008419
1208981.916871 419.242120 56.282660 -0.015646 0.007271
446720.970071 202.433112 259.056432 0.015797 -0.002839
586212.983628 385.063110 102.293176 0.001334 0.014312
560717.814863 299.150721 150.941316 -0.010359 0.004160
234257.601311 123.820467 558.720101 0.007816 -0.014629
1133248.557864 703.483960 154.148302 0.003533 -0.005172
1934248.125150 153.372354 536.540363 -0.017561 -0.007935
1152133.833222 225.901906 331.233507 -0.019690 -0.013038
1965200.129880 240.221520 397.003105 -0.013818 0.013359
1034901.121182 346.329417 125.963696 0.010923 0.006857
1623246.405098 709.139924 497.200383 0.009739 0.003206
1926329.093951 247.990985 276.493230 -0.011182 0.015959
1658576.383096 150.589812 54.642323 0.008986 -0.010061
786221.519479 241.150508 318.565840 0.017771 -0.007704
1421758.733421 742.853920 364.826731 -0.004721 -0.017529
888519.625593 711.385331 308.089677 0.005879 0.006117
374128.679919 371.168538 325.370854 -0.019385 -0.011585
247207.860577 783.065873 311.391638 0.003274 -0.012054
838233.393076 329.895679 231.329160 0.000765 -0.014289
1269501.125100 722.860786 262.999342 0.010468 0.016966
1490342.234955 701.488481 467.086216 -0.005847 -0.010059
1720173.599068 638.903728 82.385302 -0.005155 -0.001846
1589947.016719 447.738172 550.830845 -0.006500 0.003129
254199.274003 369.803100 331.550856 0.005919 -0.018219
1506623.924480 52.248161 274.504222 -0.014410 0.003086
1187558.641279 618.911043 289.807995 -0.018797 0.017646
663885.182079 619.805829 490.307736 -0.015549 -0.014783
134186.233456 776.486501 557.337073 -0.011876 -0.006225
763995.101100 799.211955 542.364254 -0.008059 -0.006510
960104.740672 340.536600 478.918561 -0.018581 -0.016976
1689167.128731 629.612384 85.048093 -0.007876 0.017131
1435140.350571 715.854561 422.389564 -0.012035 0.017046
1287450.956780 425.501613 421.029493 0.005010 -0.011596
1664884.491668 423.975724 368.685869 0.010659 0.009305
1916152.068375 115.851009 439.911682 0.014338 -0.002305
142374.806172 274.878805 522.066767 0.014830 -0.004939
1889104.925044 571.487741 97.623380 -0.016737 -0.019289
184043.514628 642.520399 546.683275 0.011780 -0.019917
1678137.485719 350.684321 320.293734 0.001587 0.016091
349432.717240 299.384334 257.070890 0.011497 -0.014633
327130.583267 597.993471 167.767217 0.015863 0.004361
1445781.852792 774.703028 571.708644 0.003710 0.013527
657045.848974 430.371319 332.921080 -0.000289 0.004925
1143416.638087 467.908003 254.856922 -0.000622 -0.004812
853229.746620 259.872782 491.378587 0.018361 0.014541
1436276.935710 106.276900 143.781394 -0.014008 0.017014
747046.145027 249.456802 400.547578 0.006114 -0.011904
555282.349025 299.954272 106.882619 -0.010820 0.018771
31011.744417 446.414969 303.300140 0.002809 -0.017981
259713.421697 113.439559 381.662558 0.002214 0.005069
30230.289339 786.013514 570.847314 0.013288 0.017724
1629124.594680 439.830949 45.087932 -0.017904 0.007950
1993199.337271 341.344060 5.265660 0.006600 -0.016778
437214.899080 754.054269 272.109289 -0.004253 -0.013122
847463.854052 329.394579 438.996563 0.017213 0.019223
1561464.248021 48.345873 73.575152 -0.003318 0.004592
1496915.452879 345.626110 357.910956 0.008050 -0.009434
1076064.875850 410.553092 489.304621 0.004506 0.002587
1028186.607653 487.319965 594.653198 0.000919 -0.009100
141764.248787 594.401000 129.526415 0.000986 -0.014451
778578.041484 758.619792 329.995861 -0.015292 0.015189
1058486.954802 720.319131 564.051206 0.005792 -0.007092
1112790.978101 319.219522 447.916725 -0.013857 -0.016078
24501.685065 554.093665 366.288152 0.013083 -0.007844
353571.678676 272.609784 548.766528 -0.013272 0.014599
375264.103699 191.436436 365.886614 -0.003806 0.010620
1493884.026769 634.816305 429.469417 -0.008217 0.016518
1188817.119779 659.960711 487.961131 0.001400 -0.000904
259519.063057 73.999273 525.222770 0.015157 -0.010160
1949033.547169 712.126849 562.660030 0.003489 0.008714
482529.103981 609.250658 36.353705 -0.013828 0.017271
1850091.109914 273.862959 102.914730 0.001411 0.009858
1871495.037280 225.021227 324.787727 0.006263 0.002824
908785.677938 195.119868 241.395662 -0.009269 0.011233
1755362.652128 318.529940 522.213260 0.010157 -0.009001
232765.271437 581.823159 98.689933 -0.018170 -0.007161
1765166.354256 236.646983 45.851256 0.017679 -0.001986
15434.920795 692.705571 474.693963 -0.012888 -0.004014
1077013.659792 90.430776 409.471646 -0.016794 0.010614
516053.778360 427.498226 5.869683 0.006393 0.012140
1576709.125925 429.983033 119.085203 0.006448 -0.008336
948767.654108 620.990005 12.357019 0.005601 0.013216
667159.362075 417.480468 74.280206 -0.003588 -0.001433
1146380.339352 334.032360 198.488450 -0.005337 0.003865
1462269.868451 722.375117 427.248623 -0.003616 0.019233
949273.004639 536.521721 309.677736 -0.000654 -0.006849
636841.273232 217.414830 521.179961 0.000688 0.017238
316267.470045 792.930509 424.528159 -0.012947 0.005326
1072709.865436 409.264593 93.032620 0.006416 0.016888
1234697.917120 187.709871 203.740721 0.017932 0.003948
1871003.135047 543.474669 299.967588 0.005848 -0.016346
968257.898916 95.402928 457.615378 -0.019762 0.004273
184803.100389 256.371474 526.084549 0.018267 0.013469
1613704.762242 94.166625 496.911871 0.000562 -0.008170
920804.219749 40.483669 484.286057 0.004909 0.008263
1455508.939668 184.171093 565.759197 -0.017307 -0.012833
1084419.887087 1.036116 515.188377 -0.018209 0.005931
1899527.167855 422.603353 461.421582 0.008444 0.001107
745706.753221 643.066829 509.244669 -0.010153 0.010537
1369434.811813 44.304553 529.165848 0.000582 0.002797
353913.564400 780.217974 371.931455 0.019265 0.003544
660308.989072 568.432701 492.188624 -0.009061 0.011117
1997036.600484 653.871265 469.105722 0.014265 0.014411
857968.969670 644.501688 232.651350 -0.012096 0.000744
1832483.595159 457.206694 194.429746 0.011946 0.011080
174050.590104 360.004762 525.729818 0.018774 0.018474
887791.815627 115.638398 561.075234 -0.017424 -0.014864
1048845.100705 314.578066 504.461957 -0.006252 0.006680
1236598.032171 273.621891 289.915368 -0.004022 -0.012106
688449.854352 662.783057 2.225927 0.009243 -0.018930
1047717.716101 519.247597 357.763155 0.013927 -0.003473
831685.772553 746.664862 517.443157 -0.008477 0.016128
1646809.537731 588.021514 29.595416 0.010383 0.011949
354697.854423 226.389058 115.140745 -0.019271 0.005158
1718570.137265 508.342396 581.211626 -0.006294 -0.018654
338487.908402 549.522958 517.393906 -0.012994 -0.003259
1776805.868268 558.734125 40.786103 -0.000624 0.001856
960078.654327 720.311029 286.865754 -0.006927 -0.012577
763596.911339 131.416205 556.261168 -0.002736 0.017034
1446903.674606 486.841229 125.378351 0.018300 0.005291
1673049.761761 619.990914 155.690999 0.012201 -0.015277
591079.477496 780.144513 482.552489 -0.013717 -0.013989
450261.526019 36.807322 509.542545 -0.008234 0.001254
788880.985598 619.168202 258.603810 0.014933 -0.015420
1247242.441982 204.448927 167.476871 0.002035 0.007426
405506.701397 217.975173 175.127629 -0.003528 -0.012331
1835863.754077 197.562268 576.150070 -0.012858 -0.017856
159031.381905 380.228774 18.690899 0.015405 0.005332
362722.217274 87.121339 407.186733 -0.018482 -0.003710
420997.232395 340.246530 105.220716 0.005886 -0.007645
580167.091722 213.317337 333.052471 0.002824 0.012583
479025.265425 617.123755 52.386774 0.001284 -0.012669
552036.800679 359.775504 258.490831 -0.010466 0.005045
969986.005207 253.904629 61.435268 0.000858 -0.011958
1471710.388303 557.458431 187.935816 -0.003391 0.009251
1430984.936390 501.077260 90.995815 0.015641 -0.009256
902052.609670 144.270470 321.303444 -0.019775 0.010000
700700.571156 195.498148 313.484874 -0.002450 0.011055
1408199.004553 571.063597 137.385069 -0.014606 0.018120
1713095.736556 496.532975 161.197255 0.018426 -0.014619
944491.339356 557.257518 498.506188 0.011371 -0.015565
1119457.834922 400.576366 441.365868 0.008482 -0.004379
8319.607940 130.656493 343.310985 0.001567 -0.013274
647061.014849 712.037145 247.306071 0.013815 -0.006805
379545.065751 439.141824 25.996011 -0.003349 0.007307
1990576.603445 218.489874 181.296057 -0.009382 -0.010687
876473.971119 589.492667 557.764542 -0.009188 0.000888
80381.552726 664.703264 13.472942 0.011014 0.001702
828036.629980 625.286987 422.968711 0.019526 -0.007167
1747623.103553 248.264177 124.253813 -0.008532 -0.013735
1072386.123739 381.250657 423.864355 0.003247 0.015732
777386.485961 459.735986 101.060016 0.007628 0.013599
801906.589792 103.659009 345.906455 -0.006818 -0.003930
197987.358178 295.750386 137.629492 -0.015164 -0.014149
1545926.498969 428.224396 556.374334 -0.000388 0.001331
492654.834172 281.811955 500.408495 -0.000494 0.004834
1978982.283724 793.047089 69.317501 0.007739 0.002838
17631.095842 65.932426 86.888509 -0.012954 0.010993
1966499.848276 461.785325 543.835159 0.003867 0.014644
611006.784537 527.353981 167.492510 0.001464 0.011202
850069.038966 246.952673 190.030132 -0.005925 0.011501
1676786.882652 479.201679 83.045554 0.006898 -0.017856
1557780.060711 529.977239 26.082054 0.015762 -0.005709
1227310.625476 722.700340 262.498195 -0.014441 -0.020021
428616.731627 591.818827 393.234883 -0.015228 -0.007965
1127178.874392 340.604838 576.939362 0.013653 0.018400
1480731.590409 212.519264 162.282679 -0.017761 0.004814
115335.758829 714.952193 130.689597 -0.012100 0.002662
541498.807511 780.827171 137.498793 -0.007454 0.014836
1167776.423119 741.705227 464.595859 -0.019054 0.007379
1705487.274428 189.990248 255.693635 0.000300 -0.005707
1455042.508177 58.324250 469.880760 0.007536 0.016570
1485351.840726 341.265990 108.561022 -0.019561 -0.000670
1600046.444498 55.315338 226.566721 -0.019268 -0.009264
1889695.885540 230.004748 146.942576 -0.013079 0.004154
230475.999522 606.098936 319.450845 0.015482 0.011169
434670.210087 593.631962 9.824373 0.005754 -0.009929
748135.628527 296.494207 192.824923 -0.013609 -0.017667
474188.291689 718.579959 292.958830 -0.003339 0.016152
1941577.332067 174.173892 588.388259 -0.006002 -0.010717
499196.726130 235.228985 314.377044 -0.000269 -0.001289
254300.674542 487.836387 134.029715 0.006377 -0.000124
6325.354803 699.747388 144.023610 -0.019181 0.000843
980919.682878 316.228334 534.960370 0.012561 0.001942
1900851.625903 40.235555 269.137706 -0.002615 -0.001276
719689.197242 326.121764 412.530072 -0.006338 0.010298
1844748.197982 472.698328 29.930316 -0.002195 -0.016548
1036199.990211 459.382085 416.163692 0.009629 -0.010783
385683.919483 595.582702 65.431522 -0.002702 0.010636
1256102.471266 738.647933 96.232991 0.000318 0.010668
1419511.694191 375.214834 473.106117 -0.013609 0.016231
511292.832210 415.539933 189.898439 0.017685 0.014412
145034.134456 690.957967 270.028480 -0.015050 -0.007553
1071721.370831 512.988881 530.592433 -0.010820 -0.004680
233847.819378 338.019194 77.590690 -0.011045 0.014183
1786277.592083 681.552299 467.328003 -0.017914 -0.005081
1031918.257955 609.523950 506.371740 -0.007876 0.016816
1499349.890975 446.060010 263.475358 -0.017297 0.000091
597617.807145 110.472583 218.913987 0.010028 -0.009529
1353622.215499 228.426664 541.963607 0.002473 0.000628
573296.933702 542.591791 564.248829 -0.003394 0.016133
1590131.532210 246.453469 453.683627 0.003024 -0.005537
258416.177825 73.259930 73.548281 0.018866 -0.004276
87595.200207 577.064670 571.861917 -0.000689 0.011451
906233.425674 626.044989 554.307167 0.012744 0.001237
370032.188655 395.632680 489.043082 -0.016450 -0.017754
664767.085884 299.430290 441.969520 -0.009127 0.011569
1278253.811075 52.955267 58.785096 -0.004104 0.005617
916040.443311 420.133410 438.710412 0.003212 -0.000176
249204.321880 498.932837 130.001635 -0.016951 -0.015725
8661.484350 424.755408 533.332372 0.017168 -0.006051
841302.204338 89.921313 505.921550 -0.010459 -0.011999
1802783.200425 456.001913 346.431078 0.005475 0.013644
731632.451868 220.829372 544.861000 -0.001384 0.006834
1096714.972098 736.599981 118.099218 -0.008785 -0.000153
1386984.768969 324.183347 76.199235 0.016473 -0.000728
469499.863903 731.902791 7.136287 -0.014999 0.013826
718651.906922 435.233681 574.790531 -0.011848 0.011204
316653.122342 84.480779 211.513654 0.010351 0.008668
385530.231700 79.442283 10.988498 -0.015987 0.002585
1379939.433830 519.707089 291.875799 0.015393 0.017190
1974529.288697 463.430967 199.384983 -0.015558 -0.000437
1626419.535664 279.938191 244.551556 0.012991 -0.001059
503204.831157 145.980270 10.597784 -0.011601 -0.004494
1600260.999799 292.824240 294.225162 -0.013936 -0.015952
467442.890847 275.177373 120.970355 -0.009909 -0.002200
1530910.291491 752.905307 56.796877 -0.010017 0.013194
43405.273949 189.849513 245.023612 -0.005769 -0.005875
1801413.789299 133.402664 421.682059 -0.007712 0.019696
348673.859774 447.350132 105.195304 -0.012274 0.010759
1122384.702378 793.084816 80.579649 -0.017936 -0.014258
474000.488629 229.211712 293.475902 -0.002425 0.001569
1867761.544822 162.428181 288.065765 -0.018837 -0.001857
617712.498930 39.736766 415.226698 0.008774 -0.003828
88793.583256 495.272285 343.123598 0.009912 0.016871
1123119.018564 736.352948 291.284466 0.009342 -0.015514
510837.786138 237.489282 62.534117 -0.004319 -0.005979
498234.962345 502.860067 381.158789 0.009535 -0.017337
350510.791107 537.917039 163.030821 0.006266 0.007944
1451432.125387 771.329675 449.476445 -0.003433 0.007382
303273.376219 370.455891 179.733535 0.008883 -0.011661
454803.713809 227.324024 75.688418 0.008615 -0.019193
480071.545802 775.388150 189.725249 -0.006268 -0.005550
1333575.176696 474.710762 592.780218 -0.007754 -0.006721
110627.538576 382.685997 1.639490 -0.007022 -0.014468
1406769.050940 41.547211 59.168439 -0.001851 -0.001176
1561676.394922 481.936945 559.221875 -0.016772 -0.007007
281255.947557 246.565337 364.493054 -0.009242 -0.019068
1257382.930842 407.709283 596.339203 0.017776 0.014113
706537.016996 489.406513 269.159158 -0.006347 0.016662
1558318.719993 318.296814 237.189298 0.011356 0.008938
1057752.200895 389.497534 466.230143 0.005112 0.017477
491364.625511 326.075073 325.134763 -0.012858 -0.000415
1734950.389590 255.114684 479.370364 -0.000918 0.003491
1643357.573842 84.903151 56.588902 0.012565 -0.017959
1898263.090243 133.879859 397.739318 -0.004153 0.000415
1157183.811607 141.342001 544.897982 0.018949 0.018326
1260090.642264 401.409208 266.311241 -0.003786 -0.014832
767107.214205 521.891433 323.505450 0.016963 0.013170
55740.578126 635.043173 88.639014 0.012996 -0.009351
1471867.368311 519.233385 224.845912 0.012699 -0.001709
851158.514084 623.894493 377.427940 -0.016453 -0.012928
279214.015361 532.681523 211.894634 -0.018212 0.005643
622537.959657 541.513768 84.434315 0.010271 -0.016705
543551.074594 112.631494 438.931427 0.013025 -0.017289
1125283.938425 670.581079 515.378917 0.008406 0.006502
255944.995329 357.696448 186.975084 0.000111 -0.008822
1549879.616848 742.551697 34.911138 -0.003813 -0.019281
474171.187949 435.957843 410.540004 0.003551 0.003664
648167.413030 720.748733 160.599033 -0.001359 0.006317
697835.028496 589.556139 478.535584 -0.016732 0.001911
1725670.433475 516.146252 231.028514 0.008564 -0.005177
99429.388577 679.076682 481.436731 -0.005528 -0.005967
163663.104253 109.187674 168.324533 -0.006056 0.000431
594763.153510 304.025928 53.099882 0.019288 0.018839
1355525.087265 245.237000 522.302957 0.017974 0.010975
1053977.892294 234.672690 305.547315 -0.007008 -0.004915
115031.983757 149.653441 13.084334 -0.002341 0.016299
752375.869431 393.534158 455.332499 -0.012733 0.014187
219437.964363 208.515179 594.936993 -0.004391 -0.003967
1068114.026016 550.332565 469.197173 0.004821 0.006956
1499866.051366 239.197792 584.033246 0.004706 -0.010304
1491842.997955 116.676443 322.360708 -0.009689 -0.001105
1826279.228472 251.391060 395.381050 0.017278 0.010257
1133058.067007 247.408034 149.315470 -0.007048 -0.000430
207507.431604 346.280538 450.522768 -0.016175 0.012952
304737.184339 504.674633 306.513597 0.017354 -0.010037
361247.467977 546.242137 329.186278 -0.013814 -0.007895
1585793.637478 720.308661 269.083040 -0.006741 -0.013889
1841064.114050 194.887729 281.050653 0.003207 -0.012799
451362.950938 116.059656 291.926996 -0.000988 -0.001230
1950936.490647 463.090974 542.345305 0.007463 0.008587
1454702.783122 701.522244 182.871686 -0.010466 0.012517
1108684.254395 334.933848 297.187527 -0.015859 0.002983
1596490.624173 716.635199 284.714936 -0.013175 -0.009462
1263706.185512 133.928765 282.654440 -0.015920 0.009880
1294332.516982 260.891393 535.946830 -0.014679 0.012033
723046.520130 86.939511 228.683900 -0.009383 0.013346
107937.715067 793.383705 426.686941 -0.005777 -0.010904
1046872.077066 728.603468 389.512736 -0.019427 -0.019603
450965.188654 653.805559 546.443048 0.008002 -0.017435
278162.196408 266.440917 139.722624 0.004373 -0.002622
1960316.196066 205.960066 456.504727 0.014896 -0.004400
1125740.257616 188.026991 299.747209 0.017727 -0.000077
668170.334151 796.508276 294.136696 -0.018206 -0.005850
1443825.863043 455.419101 160.086934 -0.005095 0.003565
564375.188464 477.982409 242.479722 -0.012222 -0.008027
938961.728913 267.236439 380.093774 0.008056 0.017679
132214.712972 546.881457 119.704071 0.013433 0.002244
1179224.623916 311.302200 473.038093 -0.016514 -0.006645
575213.267736 339.200235 197.858860 0.010950 -0.001180
1368718.602401 401.142404 24.212075 0.018036 0.014963
1254302.726711 185.468448 282.640076 -0.018614 -0.002903
1541011.519516 400.965709 455.987395 -0.003931 -0.011886
1407684.757098 375.694294 531.642276 0.016169 -0.008190
883750.411162 393.661212 411.829689 -0.010492 0.003306
38293.802197 414.451174 2.726621 -0.006034 -0.008067
949396.727117 26.730944 479.242493 0.000630 0.019476
1340193.529306 111.979900 129.693043 -0.014267 -0.013042
1289556.392138 729.338598 404.222590 -0.003849 -0.007440
1756783.113702 88.251545 468.744560 0.010404 -0.019812
157687.638028 166.191156 303.202879 0.010661 -0.002499
175039.783202 626.422639 573.048769 -0.016253 -0.014655
506304.289450 453.037129 99.016210 -0.017930 -0.016694
301433.914481 575.962207 134.032392 -0.005406 0.014580
790027.673724 9.331618 464.013006 -0.017172 -0.003248
176035.711624 758.975171 317.364080 0.014780 0.008528
1081972.172988 758.897925 552.435320 -0.018313 0.008739
715741.816310 106.862357 298.733092 -0.007392 -0.010926
1263880.632475 454.523283 476.820565 0.011928 0.004694
1751026.801649 758.467667 202.348756 -0.016207 -0.007298
399196.095951 395.114625 198.080621 0.019154 0.002319
1496994.359185 48.538624 306.763190 -0.008885 0.017277
445396.929255 653.402171 529.974055 -0.014306 0.014532
1193553.106484 399.594020 599.624587 -0.016100 0.012519
450224.472419 581.040955 229.341269 -0.019258 0.001035
1999453.321099 715.677596 286.074553 -0.003775 0.018666
1584501.028799 428.978428 291.148511 -0.015104 0.000394
94458.571679 696.657250 342.282407 0.002260 -0.014110
1007827.074736 623.522051 579.911342 -0.004564 0.016837
1658558.308919 786.855556 252.868835 0.013084 -0.016928
475365.567242 42.373037 482.645729 0.004205 -0.016835
663714.367274 496.281282 581.148217 0.012203 0.018135
1919117.403179 479.259554 297.081976 -0.002154 0.008815
9624.167350 393.759656 354.300579 0.003062 -0.018036
1478876.057770 64.747655 497.149307 0.007609 -0.001366
1502145.321808 426.339263 269.158793 -0.013013 -0.005531
1054818.871922 328.988757 247.431309 -0.006669 -0.018736
972186.690649 532.022368 390.573400 -0.001906 -0.001132
1216433.286302 329.294935 43.544978 -0.015854 0.014314
1585452.240699 85.678408 210.028316 -0.004653 0.007044
796849.675848 98.809014 459.278161 -0.011176 0.013044
461377.134761 782.931497 216.773365 0.007122 -0.013899
1447663.852688 164.987489 338.397446 -0.014466 0.001604
1190708.408687 498.621564 122.487040 -0.010109 -0.017135
1355477.244293 684.219422 294.761044 0.010011 0.018243
694211.989964 433.849476 39.655971 0.007929 0.017126
1497031.391364 75.990232 30.123068 0.000516 -0.007088
1759090.904966 594.287245 180.006967 -0.010333 -0.003084
904928.793621 771.690177 377.459445 -0.019381 -0.015859
341892.055395 489.081840 437.339913 -0.004959 0.014372
1609370.418642 43.018562 428.255391 -0.008155 0.012128
1339833.364515 513.669548 206.771157 0.009446 -0.006364
543533.833951 386.063758 260.805651 -0.007103 0.019760
1510075.678821 160.780979 443.533375 -0.017781 -0.002229
325429.097901 406.834899 246.079769 0.011707 0.000975
1027532.088117 770.768148 81.134741 -0.010417 -0.006326
1987715.010526 37.315906 236.674357 0.008300 -0.006357
396776.620483 301.275272 588.356782 0.001759 -0.015620
639902.701899 652.793241 355.673914 0.010169 -0.014513
1179865.857204 406.000514 204.164449 -0.006886 0.002543
1568458.621189 393.014001 42.179678 -0.012222 -0.008569
1190290.628555 566.916217 150.569882 0.009231 0.017977
1180185.991889 580.832640 597.197106 0.019377 -0.002828
672088.553511 146.409669 485.165559 -0.007442 0.009053
1837656.663655 510.381626 325.204630 0.000515 -0.004379
1360614.323691 81.247479 539.136858 -0.019223 -0.002772
924125.776125 643.740662 555.571357 0.001301 0.019917
418950.309241 102.510639 424.891403 -0.001842 0.014199
1312754.557148 39.481677 349.398484 0.006044 -0.018708
30587.249450 791.065384 130.127351 0.012873 -0.007747
1889215.610870 593.527095 565.844699 -0.000558 -0.009851
669560.509114 133.286929 213.927655 -0.010651 -0.012482
1579576.984783 556.961191 594.784543 0.008608 -0.010949
1982244.182370 739.201024 213.956054 0.007926 -0.004712
432350.935616 284.153666 257.755034 0.011962 -0.019783
930735.730068 652.717270 596.898576 0.007298 0.005501
600671.720971 501.491688 227.484732 -0.010140 -0.015437
1270601.892504 464.261331 169.746869 0.019695 0.012532
938976.299455 626.095226 304.952215 -0.001557 -0.000158
1474031.937064 361.444757 251.402654 -0.016261 -0.013938
1605130.416157 247.599634 302.374922 -0.010676 -0.015571
1023340.410098 559.405283 555.198752 0.000257 -0.004743
1128556.229700 646.010658 4.877808 0.017713 -0.017926
248420.950141 463.840301 377.939361 -0.004170 0.002490
884577.235619 701.356539 213.083071 0.017988 -0.006660
1704879.713107 549.583204 474.660666 -0.009084 0.011133
1882055.445519 60.063012 54.673196 -0.002202 -0.007582
404206.608610 765.630896 4.925833 -0.014908 -0.001409
780987.060993 553.487742 162.519613 -0.004103 0.005536
642018.800900 420.452687 131.061056 0.018041 0.017208
1579863.075903 313.630139 483.242814 -0.014259 -0.006320
286431.929230 799.367914 18.177726 0.017334 -0.009089
1625355.291937 700.341011 207.202888 0.016184 -0.007086
1310099.705732 85.593208 166.680087 0.006615 -0.010561
1485499.756171 42.088300 555.823492 -0.019429 -0.001825
1126826.147142 267.901732 586.620202 0.011205 -0.008663
1817754.082297 456.676062 407.121514 0.008594 0.008666
42605.713030 685.516504 429.006240 -0.017370 0.011443
1969490.396776 691.703430 400.018706 -0.006744 0.010789
1972945.507603 788.111332 525.966257 -0.009434 0.005961
221002.463354 5.390521 420.809519 -0.018470 -0.019153
314139.836614 479.597485 212.887863 -0.014573 -0.004781
1280098.799281 35.139440 571.189388 -0.007230 0.010292
1334025.561499 271.060877 370.135742 -0.004797 -0.004309
817314.073824 291.728096 154.368706 -0.016969 0.007883
52254.755074 49.552022 408.971396 0.016125 -0.006908
662711.798522 9.207985 199.478148 -0.018592 -0.017988
710212.109941 153.588337 389.759512 0.008414 -0.006920
61999.699130 281.311823 223.164385 0.019330 0.006784
261157.692532 519.794661 3.435229 0.009905 -0.018742
797766.605764 125.527639 236.970655 0.006236 -0.010783
184709.901076 545.859431 175.261221 0.010999 0.003280
1235796.007903 85.688154 357.180339 0.018134 -0.014409
1292608.929469 245.200291 198.035878 -0.008129 -0.019343
1317389.029692 261.025036 220.251846 -0.018774 -0.007594
71927.786838 127.550850 576.061774 -0.018263 0.016267
1977614.946653 353.519133 38.150966 -0.004689 -0.016025
591803.305127 381.822398 467.057502 0.003543 -0.009940
726241.200569 165.449218 213.820350 0.018405 -0.013689
995710.504705 485.465381 279.579296 0.013130 0.016104
963862.695249 391.358239 138.028161 0.014000 0.000716
1079147.418532 708.513433 408.273734 0.000071 0.017234
1174876.041326 389.972920 223.471396 0.006102 0.014862
937689.950195 758.129256 209.359430 -0.010109 0.001349
1200871.358253 489.959157 445.136251 0.018289 0.002817
1798372.363578 364.393111 105.696166 -0.005470 -0.008544
158766.744732 676.154074 464.644560 -0.007506 0.007894
584123.108808 680.133109 348.284914 0.018801 -0.006104
1019930.488905 447.563993 499.960573 0.015235 -0.011572
1412068.961846 279.049649 95.725231 -0.017833 0.003999
1390465.348675 524.093381 125.856823 -0.002538 0.004576
1560588.704217 269.806415 41.889678 0.018295 0.008048
709118.110458 28.492024 326.978117 -0.014801 -0.006354
481739.437432 336.945557 116.708145 0.012797 -0.004327
1084185.081108 265.214173 569.301729 -0.004955 -0.011514
321427.933090 65.532276 337.013824 -0.007655 -0.014278
322096.383349 11.847584 475.415290 -0.005121 -0.001936
811598.476400 120.515130 472.038745 -0.000987 -0.015695
975828.599639 662.610590 87.647295 -0.018663 0.018344
980873.326296 219.818968 226.025024 0.007431 -0.016136
1538962.265262 182.394527 257.020060 0.008867 0.004175
1281944.833362 703.409932 411.081806 -0.011713 -0.012091
1646853.441208 292.209782 129.542666 0.004649 0.009433
1334224.681991 17.309673 531.642511 -0.001741 -0.000146
1987979.200663 753.743051 196.685266 -0.014442 0.019173
567825.405192 503.473316 150.113931 0.006651 -0.007337
693992.653253 345.780929 324.266712 0.011224 -0.014032
290886.182473 333.470062 18.760069 0.013265 0.004847
461579.700216 523.928230 590.428719 -0.002186 -0.009223
1440439.939238 90.613396 175.795872 0.004293 0.002716
1578856.275221 479.433278 307.283647 -0.015373 0.009472
975708.803616 320.089598 219.698267 0.009551 -0.017495
1363849.989774 67.969768 296.561518 -0.011050 0.014439
1287670.666020 295.586383 165.370512 0.006995 -0.011986
1793086.186886 725.173253 513.113528 0.015254 -0.005937
253419.465503 481.125530 277.995909 -0.003001 -0.011624
65064.939701 167.207169 484.556888 0.001755 -0.007021
1093948.624606 26.226032 434.940742 0.016649 0.010809
1570950.974510 476.802710 514.310142 -0.008975 0.012912
1433502.711092 738.887119 113.722366 0.019632 0.003973
779698.448619 711.429549 302.057732 -0.010252 0.010931
1707668.152502 297.431425 224.378763 -0.007310 0.011723
1161722.038482 280.334404 1.198251 -0.004377 0.015825
650195.260835 747.894512 556.481642 -0.017951 0.014023
1393276.303724 667.738714 267.562988 0.002118 -0.015475
534900.189626 215.476058 20.720077 -0.001720 -0.009441
1264731.390059 676.435577 90.841739 -0.014611 -0.016287
1848317.172308 790.523277 278.185265 -0.008166 -0.007746
512088.236637 701.867499 394.053328 -0.009761 -0.009251
1104225.446984 465.368884 122.117319 -0.000852 0.005253
107543.810321 140.002797 279.693787 -0.000018 0.009164
1156781.673039 615.039357 597.725785 0.004527 -0.011052
520065.349769 196.708421 42.739886 -0.003453 -0.004740
327390.441823 269.872894 222.067151 0.005079 0.005383
1353004.063178 706.900998 306.501841 -0.006484 -0.014423
1558240.596931 709.945711 433.209636 0.019297 -0.005488
706633.334377 29.437939 323.809001 0.012781 0.001702
534505.464385 317.164913 182.296007 -0.009456 -0.019525
1061346.780072 419.777704 155.071259 0.004208 0.017641
1275778.349152 611.784957 164.365162 -0.019717 -0.004282
1816858.008419 547.063965 165.841082 -0.003171 -0.019297
837596.447597 158.958987 541.900405 -0.014429 -0.012827
537634.699856 396.325338 130.289193 0.012319 -0.007434
1509630.032587 59.426668 425.497684 -0.004925 -0.029946
1442342.147903 473.807238 518.049220 0.019206 -0.012393
1603574.954720 491.908130 575.864833 -0.016927 0.004959
706735.606634 787.894900 184.338382 0.005198 -0.003776
651319.147391 39.631849 362.163256 -0.010767 -0.012394
1573016.600485 397.966515 411.279958 -0.019968 -0.007652
1998835.487291 607.731493 230.302053 0.008372 0.012762
1445522.677826 344.936167 246.091621 0.003475 -0.003646
1207599.107738 311.358839 14.947912 0.002538 -0.001305
1297106.122271 734.156344 269.896271 0.018108 0.001902
1709409.523620 225.333320 358.942534 -0.001612 0.000447
1579454.636005 196.663573 5.757366 -0.000953 -0.009956
635151.660366 380.640736 4.933385 0.008029 -0.012564
1657542.871152 337.909991 368.576139 -0.010398 -0.019609
50074.195513 673.494811 239.412523 -0.017988 -0.003726
1728956.987955 558.508271 193.936922 -0.007471 0.006062
1741304.677791 135.010154 562.167799 -0.001271 0.005039
896425.988943 206.776466 524.959345 -0.001631 0.009335
248631.410417 620.235793 125.781324 -0.014698 -0.000946
789536.960791 768.900817 539.150440 -0.019614 -0.011930
1819863.026878 28.243338 25.946938 -0.007613 -0.016538
901731.744829 139.574504 470.668371 0.010951 -0.000461
878442.611954 515.112668 393.237064 -0.004977 -0.015508
569936.175165 658.440669 222.532857 -0.013658 -0.008682
212161.644461 226.339599 35.147835 -0.007359 -0.003228
1070836.321949 568.317029 228.122229 -0.002633 0.008849
1162154.364009 276.237976 454.599133 0.005047 0.006160
1685995.778854 61.580013 497.531026 0.005657 0.013998
631794.399876 54.351355 296.521931 0.018934 -0.002271
