120102.793966 630.640323 121.827783 -0.006060 -0.005536
269277.329682 300.730950 155.629201 -0.018230 0.015180
1260731.205931 301.747253 191.830013 0.013111 -0.002993
973263.179405 632.576435 573.148025 0.008547 -0.005919
1683880.506867 289.863882 229.781330 -0.016858 -0.013038
1760997.696668 174.957536 581.191566 0.011707 -0.019857
354965.669268 682.153947 475.064582 -0.004779 -0.011954
306862.422408 412.143525 346.348380 -0.003489 0.002379
913598.742761 34.521163 562.026012 0.011066 0.014839
723511.401901 210.510187 397.048350 -0.007318 0.019076
27418.055584 127.163099 203.552721 -0.004131 -0.010499
1026719.971107 221.781156 273.627660 -0.000716 -0.017204
919235.655535 527.635779 553.510454 -0.009942 -0.018396
247720.705461 323.915863 333.219487 0.008045 0.012703
229642.751734 126.275264 516.486743 -0.017942 0.017366
1463437.116455 330.572321 118.573011 -0.004264 0.009208
349002.480669 325.680564 533.561084 0.000584 0.012118
253345.397419 21.733895 48.635277 0.003311 0.000370
301882.374241 33.883328 101.274368 -0.017057 -0.008246
417897.793659 157.938873 419.267311 0.010570 0.015940
1032678.423930 703.256744 33.873780 -0.004917 0.017224
1981626.739717 87.010236 206.271901 -0.012470 0.000108
148080.320166 290.363944 545.609307 0.018531 0.015066
1426235.401736 71.974540 542.329298 0.011769 0.006909
826207.458426 756.100784 429.029256 0.003275 -0.019254
17939.873048 632.720622 129.629275 0.008305 0.002207
229060.592236 179.188333 260.545123 -0.013154 0.004035
729567.630556 129.405107 425.929302 0.008347 -0.005998
424191.899795 626.051953 427.841236 -0.015144 0.009830
1179453.697605 667.601468 501.494422 -0.000261 0.005146
1017047.714916 725.321861 344.275221 -0.011055 -0.000456
1184883.571782 186.124692 167.735056 0.012337 0.017616
1669257.284919 738.387626 98.558730 -0.009251 -0.016266
1530870.404807 506.908261 153.381992 -0.000991 -0.006315
1211583.405366 549.932442 74.920436 -0.007248 0.012355
1741377.547263 726.858258 385.985473 0.008261 -0.003909
544004.606336 172.045957 185.283165 0.013834 -0.002453
1594854.852927 350.549988 402.746501 -0.016923 -0.010132
1223177.906695 729.261902 101.808599 0.011032 -0.012800
527324.168257 433.084493 488.376223 0.000773 -0.019333
312490.830343 100.071485 422.473638 -0.008805 -0.002260
1025907.483430 121.369194 211.525223 -0.013748 0.014331
1509229.653286 342.582907 43.935053 -0.017479 -0.009053
1023852.793045 688.655604 427.430640 -0.012672 0.017510
1918069.081343 635.804420 509.597306 -0.014847 0.002827
59433.087734 313.975564 67.282005 0.013748 0.016470
257531.464220 800.031093 22.099812 0.013313 -0.008759
961609.428265 276.712718 259.689415 0.013334 0.000084
582120.371322 470.310752 558.260601 -0.005427 0.006050
408974.288222 701.037867 307.273023 0.016679 -0.017624
899929.745542 700.650039 512.507688 -0.008029 -0.019817
849952.291162 263.202752 238.187584 0.001483 -0.013090
617567.269419 532.635747 103.651050 -0.006174 -0.000050
907629.657959 661.201829 506.752225 0.015467 0.006386
693382.430213 142.131033 148.594363 -0.008915 0.001680
1797970.130014 385.262440 250.945836 -0.003551 -0.004066
955435.349120 688.897324 164.503846 -0.006720 -0.013582
557659.864685 605.578428 293.634259 0.007033 -0.008241
1324351.926951 787.747869 575.871317 0.013394 -0.006790
917046.023028 230.975410 94.020568 -0.007876 -0.012981
1632997.046985 519.779120 211.878703 -0.017437 0.017078
1790149.784549 770.489542 245.067621 -0.007463 -0.005024
1613713.184192 632.801462 141.235651 -0.016759 -0.015078
791753.703166 287.967627 527.943576 0.015412 -0.018570
347958.385175 437.945865 12.240643 -0.014649 -0.004699
701432.257286 473.852487 402.725714 0.000300 0.015817
1693039.169392 259.145102 327.094480 -0.012018 -0.004476
944105.254926 75.762526 210.741521 0.015227 -0.003681
1451122.988691 549.944160 119.451811 0.018439 0.010740
644142.737912 285.484405 76.998892 -0.011917 -0.010312
328294.663843 300.794208 473.801180 -0.012589 0.000395
344141.964030 428.259316 61.238432 0.013728 -0.018290
1995072.262359 551.793853 220.068600 0.001707 0.015573
1509670.835691 11.773635 590.424433 -0.015755 0.015810
783939.521193 665.326603 349.622649 0.003634 0.011708
702233.533702 730.465879 89.694873 -0.000821 -0.015383
783487.379916 514.878871 294.731062 -0.012741 0.013124
1976.599918 282.747534 218.063201 -0.015874 -0.012129
812477.567611 80.554986 531.875643 0.010919 0.005738
1551513.418346 422.259418 394.894722 0.010389 0.005356
1106838.468046 121.328765 279.339130 -0.014555 0.009710
516376.429478 389.746297 393.526063 -0.003697 0.018670
1541877.001311 639.564927 366.237693 -0.009515 0.019235
877046.727052 210.503263 200.613452 0.012081 -0.005351
1062152.807164 166.591358 280.173489 -0.003299 0.019252
220503.739184 154.641378 305.443344 0.010738 0.018119
285758.867062 257.456485 62.821151 0.004332 -0.001703
1694852.848395 693.275735 567.025669 0.000136 -0.009038
1823523.613542 219.336102 44.295243 0.000885 0.001452
109429.840049 768.473313 479.644243 -0.004438 0.010504
331166.874772 736.147315 582.503002 0.005299 -0.006496
1904142.131984 594.167971 318.571700 -0.001559 0.000444
967910.745632 483.169030 499.719009 0.003545 -0.011506
581591.096978 348.847155 47.412533 -0.010570 0.017568
706572.319710 118.101870 128.108354 -0.002921 0.006793
1499518.371885 385.461260 378.228831 0.001965 0.014838
785875.055374 571.753361 474.634025 -0.005449 -0.006113
257524.722376 252.713435 53.957600 0.006393 0.011084
1201976.699383 114.928739 228.559008 -0.002643 0.009292
1186503.038363 579.772139 101.097898 0.006884 0.018421
215485.423904 20.373931 64.918425 -0.007149 -0.001897
1555844.913030 56.782307 560.660602 -0.003672 0.004804
1610655.802121 640.955111 200.860809 0.003855 -0.013400
1363983.919548 580.162951 288.503107 0.010875 -0.004604
515601.680854 298.305710 317.161364 0.005548 0.012269
521772.659627 185.550939 318.914155 -0.002827 0.016163
984056.433190 429.651368 557.817163 0.003971 0.014285
764465.851134 302.506980 557.589791 -0.007333 0.011455
1098768.237559 97.617422 352.570550 0.015299 0.008742
1505133.839094 452.932449 266.118297 -0.010668 -0.006479
1656881.889169 392.966023 426.528817 -0.005715 -0.014804
1035409.796534 494.261617 217.077161 -0.018032 -0.018112
532033.862794 432.924931 350.511412 -0.012174 -0.014343
885049.308131 462.298378 311.786339 -0.005127 0.015781
611963.250959 736.981187 9.936627 0.015740 0.012216
1469794.933437 516.874467 222.985631 -0.012839 0.015214
1419313.830053 5.508152 222.454837 -0.003174 -0.005444
1001399.715897 750.676199 589.108427 0.014501 0.019495
57920.523946 102.878041 317.178459 0.004530 -0.007030
1340168.589419 44.552488 541.269669 -0.012412 -0.002899
1593328.125585 396.547550 209.210996 0.012528 -0.004432
308175.125303 438.461657 21.227388 0.001021 0.009064
1829796.170737 188.240985 440.068306 -0.008573 0.006237
194622.977727 629.061963 356.549762 -0.016836 0.005958
1163384.351490 86.396147 466.538416 -0.015576 0.008870
203536.384834 624.300818 466.228166 -0.019844 0.018804
408990.508136 640.453007 279.459500 0.002143 0.004556
1709918.606891 565.865581 97.060809 0.015619 -0.010678
1776676.395804 644.171887 280.930221 0.004866 -0.016367
248411.979642 575.278496 526.381908 0.008738 0.011926
1052401.075630 240.080547 543.708508 -0.007850 -0.003578
1254879.329007 324.388921 114.537451 -0.003818 -0.003621
322021.593490 487.137687 125.939651 0.004984 -0.013579
1647379.426121 385.420584 521.622037 0.019420 -0.005119
204691.412954 699.077437 106.331848 0.002823 -0.000176
536197.156895 555.833193 128.794346 -0.014187 -0.003469
25648.950611 537.283878 428.079203 0.016754 0.019008
247729.502734 437.149702 228.512080 -0.007408 0.018035
1580350.309415 380.580874 335.829006 -0.019996 -0.015898
1443766.372951 659.063216 350.586752 0.003653 0.012374
1912564.341869 554.860479 409.871524 -0.014661 -0.009430
357511.299829 321.270778 575.453002 -0.004272 0.001876
744693.135258 324.961410 131.089595 -0.016569 -0.006991
387589.365424 167.687993 523.040277 0.002983 0.000974
1645202.005117 291.790075 0.084134 -0.004705 -0.005402
205411.871060 83.427750 113.237558 0.007480 0.007823
1996032.971887 514.617452 233.519518 0.007269 0.011023
1306804.762830 687.953790 106.988866 0.004499 -0.009865
1450619.077985 787.906195 395.723033 0.017751 -0.017178
1969754.747101 110.125637 168.120653 0.014172 0.008527
1609086.544071 543.395705 46.123828 0.012188 -0.017535
883645.576836 725.941207 99.518929 0.005245 0.003767
1722771.757153 502.806161 142.559307 -0.009978 -0.007608
28763.775727 723.125549 101.785222 -0.012271 0.000647
845989.907554 734.396512 300.788492 -0.016699 0.014471
1143645.596292 54.016773 599.728489 0.014080 0.016961
1423342.375748 525.254200 361.973051 0.011541 -0.001552
1329764.171191 184.380931 221.223967 0.013230 0.014439
1926056.274178 553.665728 293.739308 -0.011975 0.017707
1598411.507718 172.076021 507.952743 0.018755 -0.003690
726058.746095 313.506873 195.489809 0.014570 -0.001022
375371.614646 348.857189 325.132236 -0.012519 -0.008484
932014.105344 719.028564 566.797172 -0.017222 0.007470
811741.037672 587.373166 550.738824 0.010981 0.002599
1557690.799962 590.016203 154.261934 -0.009266 0.017527
399385.155365 53.993749 91.902309 -0.018147 -0.018545
1122038.441301 327.496520 256.917383 0.015474 -0.009059
1805346.826001 59.615359 425.808988 -0.001968 -0.009422
1995636.369100 728.523193 96.362810 0.017698 0.019208
1695958.700821 278.682090 428.415975 0.010635 -0.015087
558004.577904 435.773411 516.262978 0.001442 0.012521
1597187.265566 588.625842 528.386473 0.018074 0.011281
1833981.536251 410.270899 114.799287 -0.006190 -0.004011
929917.220459 198.285608 284.551644 -0.013025 0.007693
1471826.909795 138.034709 361.818006 0.015858 -0.015402
1165988.196230 595.517571 277.961429 -0.008120 0.000412
1172216.120722 460.861274 32.963417 -0.002143 -0.015513
1736107.381869 196.095895 508.679431 0.009946 -0.012126
1259741.624473 532.545636 425.824432 0.012849 -0.019566
218963.730251 228.949996 155.253444 0.003349 -0.001568
1902503.935575 255.699160 379.983847 0.002174 -0.011356
1496596.111682 109.842320 576.282011 -0.011538 -0.002625
941537.357374 638.141283 6.276173 0.001033 -0.010231
245239.558744 315.103331 293.522094 0.018819 -0.014300
1372376.816986 480.260343 484.864384 -0.004162 -0.003138
1637971.852737 404.324053 424.601362 -0.016898 -0.016430
337179.376901 23.228698 245.274099 0.012081 0.003335
1249672.392965 440.199574 432.433186 0.003411 0.010471
310196.676436 44.836360 335.694785 -0.013375 0.003275
1607296.809371 230.555510 585.383633 -0.008281 -0.009656
236307.595035 783.318379 515.402444 0.017050 -0.004995
561161.337682 596.254178 528.346494 0.019528 0.012920
1939371.158341 125.512091 511.248127 -0.004861 0.018354
870700.636353 2.606140 305.459540 -0.013757 0.003545
541779.813609 248.934728 386.818178 0.013217 -0.000928
453110.709066 507.184875 459.009157 -0.011912 0.017076
47266.968548 256.346033 543.589319 0.015305 -0.010137
562186.379247 130.558189 595.118751 -0.013535 -0.013940
1629854.769274 105.059849 185.075496 0.006678 0.000390
534606.907766 81.854335 307.816595 0.011056 -0.009667
203362.833803 37.846304 341.702821 0.009853 0.015112
92345.910190 778.379621 306.966995 0.012443 -0.012993
877177.283576 667.788238 297.355213 -0.006215 0.008695
1484435.888699 500.585786 528.417005 0.009365 0.011492
64404.659935 439.237058 551.150029 -0.006370 -0.011364
856791.879449 486.412825 190.959921 0.017657 -0.004625
1153201.109335 34.480982 259.005921 -0.014162 0.011586
618554.387530 153.805141 457.430386 0.012838 -0.019867
1875266.974734 207.616936 502.865328 -0.002674 0.004166
1111007.126566 140.321020 137.945817 -0.002553 0.016384
34336.430968 374.726266 275.194688 0.017821 0.010687
1349224.196444 291.401178 250.168590 0.019715 -0.007774
1602661.077679 455.572587 209.299455 -0.010680 0.008618
276647.354605 433.828830 544.643501 0.016046 -0.005476
1822198.850020 670.759856 373.602930 0.009966 -0.009135
453696.245539 243.752119 268.234943 -0.001730 0.009638
713133.517985 379.118798 125.513435 0.012607 -0.003613
36437.158490 391.826592 464.308578 -0.002611 -0.000688
159010.190591 189.215296 31.308443 -0.002867 -0.001219
1535456.720523 453.318288 7.033049 0.007019 -0.001300
749811.288319 469.318437 183.484535 0.019901 -0.006566
1154889.427663 179.523940 384.302741 -0.019020 0.007244
762647.938338 304.833765 92.980165 0.003621 -0.012151
1129345.827331 486.981367 411.557272 -0.006463 -0.018246
337378.635228 334.396078 168.315499 -0.011165 0.013854
1499918.929068 790.907568 247.790804 0.010461 0.006568
1760744.261444 109.243691 150.373863 -0.012552 -0.014634
1172923.453698 610.894355 215.227783 -0.010924 0.011526
79642.974809 486.580061 101.459209 -0.012206 -0.012048
730713.756164 607.564915 484.482549 -0.017946 -0.016079
1702955.846536 176.002892 309.631148 -0.014720 -0.002364
724785.897287 705.552792 257.729101 0.011016 0.005745
187236.443249 524.564070 468.144561 -0.006228 0.013677
1828784.213322 744.587303 363.315348 -0.009095 -0.013668
787390.226865 250.310597 459.576837 0.002512 0.000304
1929498.061505 742.584803 160.382025 0.010874 0.019185
730520.102536 499.045798 119.786959 0.015252 0.010246
1281053.293162 194.930432 382.525293 -0.017198 -0.019238
562426.321470 130.894592 404.874449 -0.017542 0.000316
1033437.869061 780.597440 263.214782 -0.015109 -0.010049
1192859.900739 412.782075 336.998942 -0.005504 -0.016846
138898.690296 261.695747 4.182338 -0.006532 -0.016021
1973181.982512 561.519281 433.918815 -0.012553 0.003330
957790.512106 661.340922 496.221164 -0.015339 0.015871
1692076.045876 318.183616 36.262940 0.000833 -0.001634
1136829.509929 29.990152 260.918713 -0.019704 -0.013608
1367539.427880 482.836478 405.548054 -0.010180 0.018640
1509350.044424 251.985698 175.877604 0.010465 0.006068
785056.476847 598.603550 212.179796 -0.015371 0.017381
1873643.585422 475.711791 456.750563 0.010551 0.008444
1315983.134935 487.886446 65.274288 0.008741 -0.014770
1135951.929323 229.433423 100.903923 -0.019882 -0.008241
656102.584980 549.284103 538.585021 -0.019844 0.017286
1727078.126616 606.819765 148.272006 -0.013735 0.000813
1797488.349396 439.314396 161.160838 -0.009906 0.006596
406141.346510 151.348194 155.739511 0.018572 0.018117
1941231.998588 497.783575 337.638324 -0.016821 -0.006372
1386830.762674 517.987424 376.554519 0.014465 0.006013
1843128.023596 151.768552 202.170779 0.012767 -0.012256
538331.757550 546.142407 571.309714 0.000652 0.013571
944807.663069 332.044431 233.111684 0.009617 0.006685
106756.882792 755.221893 513.917835 -0.007489 0.016334
1618777.323337 226.778429 318.357352 -0.005113 -0.005466
1742666.514471 52.447823 6.277533 -0.000043 0.017089
1321460.731012 336.418866 70.087490 0.019908 -0.010414
620834.287545 213.494359 553.393394 -0.009497 0.011325
1523195.320518 587.926529 118.921161 -0.013998 -0.000962
1731081.362688 162.796370 251.988709 0.008882 0.000654
656632.629529 425.149554 479.936223 0.014357 0.016140
325566.043298 584.182356 581.433310 -0.013073 -0.010835
1792559.657149 667.079971 389.810457 -0.019476 0.013263
1778465.217808 258.870394 59.129018 0.012456 0.003450
1763427.173609 458.445927 192.649409 -0.016852 0.008960
1593951.392730 756.341021 556.016232 -0.011321 0.006694
886016.743670 436.191937 119.306654 -0.010292 -0.003831
204796.643092 324.455873 80.690209 -0.017142 0.003142
727276.621725 774.174938 247.669839 -0.019481 0.019230
488690.041233 721.986846 182.697193 -0.006284 0.008561
1781116.410057 179.647110 172.253216 -0.011532 -0.007820
20635.784613 6.906246 149.957404 0.017481 -0.010978
1834876.302553 303.958093 462.495064 -0.015347 0.004915
350019.654422 174.938725 17.051323 -0.007620 -0.008392
1214501.650638 538.449655 154.799635 -0.019202 0.007458
477760.385944 211.446108 353.344994 0.001736 0.004287
605806.972182 347.128341 499.079130 0.003601 0.005819
272576.070518 480.262072 392.454798 -0.004551 0.001495
1759240.741729 242.973411 550.384073 0.006015 -0.003205
1080301.612187 660.355165 383.180827 0.002747 -0.014603
1857771.559552 140.653219 484.792629 -0.012523 -0.012169
988850.145130 340.548831 276.113006 -0.016668 0.018762
134591.829094 309.013945 241.831572 0.015965 0.019048
96963.198901 28.306831 345.943076 0.008113 -0.003136
227820.812831 465.705171 435.165817 -0.018751 -0.010696
290631.014058 457.131685 34.795096 0.011367 -0.014406
385931.693197 570.267627 189.540709 -0.019964 0.015990
1023297.854244 396.386601 195.298699 0.018868 0.003156
589125.026292 31.265734 579.019709 0.007905 0.017521
1882412.602139 596.818510 584.088679 0.000710 -0.002059
790218.714061 505.324562 18.480769 -0.015183 0.006519
526777.357108 212.577960 140.544021 -0.007141 -0.018009
748590.766801 411.541018 457.589094 0.007604 0.000615
1324791.236466 161.472090 6.468377 0.019516 -0.013057
1179151.767483 225.959949 127.607732 0.002182 0.019201
301466.356172 396.560462 435.555912 -0.015028 -0.019461
349183.755158 415.437371 387.155476 -0.011784 0.005592
616335.581344 375.008797 543.329969 0.001701 0.011604
1910511.639859 733.440620 182.768570 0.008715 0.004277
1640005.631205 304.269548 485.201262 0.013236 -0.005277
1964468.728734 336.299872 390.418406 -0.012206 0.018998
1261209.360911 276.442943 282.414535 -0.005736 -0.001206
968463.258337 424.924993 593.497632 -0.014821 0.009460
1257770.379660 350.112331 123.239967 0.001370 0.019208
1991034.577596 391.696793 538.106413 -0.007996 -0.011700
1007596.648767 96.076117 352.749511 -0.007424 0.018029
1912045.142572 235.788113 222.817381 0.004266 -0.000417
692628.538559 189.829099 501.087256 0.012340 0.003608
609848.141023 240.973625 75.028223 -0.008237 -0.002771
1723251.459991 738.306185 521.003794 -0.017324 -0.001707
1696924.347289 49.996704 568.167809 0.009815 -0.005501
309029.791648 199.343933 289.625022 0.009691 0.002457
867302.640745 558.734406 513.798303 0.012199 -0.007800
691843.061099 121.033206 325.409743 -0.012765 0.018728
272265.500516 388.758343 161.775372 -0.009552 0.011201
1400582.436193 98.259793 421.746386 0.002760 -0.012405
320566.674844 333.642401 151.307294 -0.015710 -0.013502
1229627.376064 209.374760 246.914826 -0.016096 -0.019836
1946485.269790 424.961503 421.486812 0.012470 -0.008107
15066.369444 140.425289 292.491372 0.001993 -0.005738
911695.870064 548.774352 505.575299 0.009019 0.017885
1245159.992597 340.559583 42.016223 -0.006957 0.019797
519428.529087 388.659765 246.883536 0.000471 0.003731
1147820.552414 101.454670 512.878460 0.019420 -0.011030
1717933.562453 767.011038 453.289291 0.002461 0.011530
183230.377819 455.213237 578.295398 0.003165 -0.015250
640928.558372 27.945095 482.878717 -0.013478 0.010409
1503776.668340 628.509648 111.635407 0.012872 -0.015553
360957.489517 65.249568 358.186077 0.003679 0.003739
380073.533570 132.633995 432.121653 -0.018206 -0.013950
1889061.825298 723.094935 66.066929 0.008000 -0.001385
1796955.322752 633.300499 20.583181 0.014494 -0.005172
306282.549308 146.306256 243.391841 0.018318 -0.006167
332156.324914 567.814765 78.870373 -0.005913 0.001268
485168.456326 426.174542 367.868479 0.013547 -0.015011
413343.113108 23.707070 174.236005 0.017079 -0.017021
883643.182406 697.173485 586.990284 0.002077 0.002854
887249.075289 360.330943 217.788326 -0.000883 -0.007486
1467432.667253 504.838938 297.373565 -0.014423 0.003560
1682910.725327 244.422777 179.280342 0.018919 0.006307
1660796.624450 172.382762 114.166842 -0.002256 -0.017797
629926.086697 520.204995 50.775923 0.004215 0.003088
318150.466456 37.761968 269.189913 -0.014458 0.003966
40123.955365 464.793291 29.718289 -0.004680 -0.017635
724761.667999 93.465043 414.005314 0.014320 -0.009756
558074.092752 559.563147 337.009202 0.003112 0.006893
438651.350531 326.560035 532.732057 -0.003643 0.014095
1885724.248311 579.664949 301.199778 -0.018901 -0.006799
158400.153815 149.243955 226.367530 0.001115 -0.007039
1952982.963972 438.271707 543.004039 -0.018956 0.017241
1927788.328346 310.793012 28.630041 0.006160 -0.010139
607879.136041 746.417947 567.545144 0.014624 0.000433
1236504.919471 67.936458 551.400826 0.000244 -0.000219
1541570.438790 359.134620 131.536868 -0.009089 -0.000945
1098586.873663 281.650252 397.820263 0.017063 0.015193
1973812.054831 722.511076 256.686311 0.015673 0.017181
717421.361579 684.581797 190.595182 -0.003741 0.000388
1128238.588166 568.326787 265.602668 0.000401 0.003041
1906900.824936 102.658417 396.565603 0.014899 0.005376
311031.282093 514.578354 50.024024 -0.005007 0.016644
1119457.958787 739.206332 160.870460 -0.011067 0.014022
295815.608602 167.693925 452.202200 0.003025 -0.015944
1365835.790227 747.440950 574.299423 -0.019978 -0.006371
933742.419320 451.794497 30.700884 0.016383 -0.017008
1254474.420685 690.364311 121.821882 -0.008474 0.009417
1674721.783807 354.979456 227.233083 0.016827 0.012737
589441.845468 384.323666 445.496938 0.002514 0.008123
1186208.380939 568.537723 547.604322 -0.006127 -0.008546
28320.921598 23.849596 132.375929 0.018855 -0.018786
1123059.363627 350.588900 357.000518 0.004503 -0.006088
1339490.994503 192.037672 126.442835 0.014910 0.001128
1892333.765464 568.067621 583.113672 -0.007017 0.005237
1580513.963280 495.650304 66.672079 0.001305 -0.012704
1628540.167412 100.680676 535.816601 0.009079 -0.001095
358744.990248 592.901172 301.470747 -0.003999 0.008499
1065496.480589 769.247207 90.434625 -0.014891 0.002973
996930.964755 638.034998 488.639126 0.008368 0.006811
685065.261407 524.275030 228.267065 -0.007438 0.019205
22284.613001 83.663940 359.870850 -0.015086 0.005457
1564209.169505 749.283122 457.916583 0.007003 0.006543
471659.941818 683.630004 242.796187 0.009530 -0.009815
234378.384535 216.774401 129.702070 -0.009281 -0.004048
1581110.075852 613.103792 117.770338 0.004197 -0.000976
1733102.233956 757.943168 78.536620 -0.010125 -0.009525
222272.466972 206.469871 219.859800 0.008437 -0.004784
7593.072023 394.428514 190.143241 0.010681 -0.013267
1961038.188991 2.224896 13.612697 -0.004590 0.009643
554464.627316 401.925464 7.248535 -0.000263 0.010815
821613.773155 227.189045 322.043051 0.004268 0.015554
24485.756655 378.882587 501.836566 -0.014272 0.008822
196372.594776 203.445700 587.221087 -0.001415 0.018604
718005.964867 374.764642 274.903476 0.007020 -0.010505
1252709.545778 525.198394 142.872976 0.005959 -0.018331
1958473.456073 741.036134 326.456093 0.019649 -0.003214
628831.249023 321.698712 422.130381 0.014044 -0.019633
1185057.482303 690.661288 289.646108 -0.002846 -0.019738
406775.272641 421.629053 156.539819 -0.012730 0.019656
452064.211691 432.832353 276.061447 0.007369 -0.011323
1391094.198167 248.522364 524.119738 0.017342 0.018380
1830316.959801 730.378768 531.543827 -0.001629 0.016168
610994.441719 618.897465 183.812589 -0.019637 0.004991
631021.334152 481.352157 292.819839 0.011926 -0.018763
989235.750860 1.400590 334.539929 0.010220 -0.012651
1098658.789461 785.130424 434.868352 -0.019623 0.006629
1883467.686308 564.049206 585.804775 0.012618 0.005543
1871849.530317 584.312418 331.016678 0.012871 -0.012417
911993.535660 101.836306 577.943669 0.010498 -0.014547
1176139.691461 62.233101 442.862655 -0.016952 0.015045
1537174.407177 456.619738 526.720320 -0.006951 -0.006949
123261.179832 700.454081 184.660505 0.011470 0.015378
1946848.674653 582.537839 354.024617 0.017989 0.001731
457599.283409 708.561438 164.218487 0.011221 0.008297
926562.791190 189.225484 500.867317 -0.002678 0.020068
1942178.605097 11.738756 45.988996 0.008367 -0.016367
1905775.863633 382.208458 397.001845 0.013234 0.012157
1975712.466974 713.911166 407.692212 -0.008185 0.007153
1128937.655654 215.156564 244.123278 -0.013824 -0.011249
1900458.380534 306.615751 62.607236 -0.011045 -0.013445
1623668.112617 549.754045 240.194929 0.005861 -0.015451
798515.523224 494.095845 77.024822 -0.000962 -0.006930
438456.544857 343.123582 482.663688 0.015227 -0.009627
1216805.763178 694.944502 91.201081 -0.008486 -0.013427
1661706.700764 681.839224 259.906200 -0.010489 -0.019726
1303971.794110 150.423967 234.073128 0.010257 -0.003524
1107963.914568 454.618375 59.413684 0.018174 -0.011409
425643.800956 282.885614 499.456375 -0.006392 0.013212
318262.858465 448.406164 155.068143 0.018545 -0.002344
1036196.117772 457.625860 186.039166 0.006808 0.014407
948553.069005 400.844152 427.345050 0.016308 0.009542
1438074.149861 447.576988 556.048123 -0.015633 -0.007376
677338.477540 530.517995 530.484027 -0.002491 0.004700
197747.041563 520.488574 582.736421 0.017248 0.019670
1601492.672973 72.261777 331.298975 -0.017632 -0.017839
1987075.958395 461.821761 375.576492 -0.007856 -0.010099
971748.938305 622.229239 449.093947 -0.012077 0.007414
974474.447302 733.684074 146.878211 -0.003440 -0.018946
1121549.802423 602.140845 413.636403 -0.002204 -0.012384
613932.794246 434.994661 504.585208 -0.008874 -0.001000
1665525.531241 63.078570 339.204222 -0.004593 -0.014481
1238773.710671 302.805000 429.236433 -0.010184 0.007284
1925637.924078 585.029987 275.984065 0.008451 0.017175
290519.337305 158.802824 507.884279 -0.004393 0.004501
1745488.432117 760.731449 219.117645 0.002485 -0.004170
1111265.337612 695.313200 563.710134 -0.004144 -0.014095
829182.160473 183.545594 135.689711 0.019202 0.004575
728391.627189 479.460573 595.778878 -0.016822 0.013783
1349985.243450 33.869081 345.639779 -0.014599 0.010148
1010733.056353 224.111839 571.321791 -0.005926 0.006810
1129411.861826 179.694334 372.745175 0.017198 0.011471
33999.050983 388.484602 393.581218 0.018307 0.015288
1606354.705806 296.885941 66.908593 -0.018825 -0.005954
1451822.744427 314.824476 570.314480 0.008754 -0.001073
1590584.168020 315.038916 309.269916 -0.005147 0.001148
538209.161040 701.321074 485.295654 -0.011149 -0.010860
958317.440449 628.751015 271.864796 -0.015986 0.008637
479655.517489 93.921442 120.833104 0.015831 -0.017041
167238.956395 559.101359 267.076148 -0.012192 0.009129
1592486.357127 736.878609 73.049087 0.009869 0.005598
1189583.299304 433.613758 20.261954 -0.015587 0.016538
1124831.962923 303.460938 474.049376 -0.005152 0.004024
37146.621401 680.352461 232.008072 -0.001134 0.018033
205026.889315 569.161084 40.902420 -0.007844 0.004290
284161.461650 310.079650 183.681981 0.003487 0.003312
68690.410847 306.698822 302.254004 -0.013756 -0.014792
287411.349028 600.659696 403.384323 -0.012904 0.014445
1171263.018237 591.848822 144.227841 -0.004973 -0.015553
1682127.158941 315.390916 576.967923 -0.010892 0.014629
1824708.168313 264.194212 346.448494 0.019220 0.005366
369206.509725 98.069889 13.066607 -0.000371 0.008392
1208981.916871 420.020183 55.921899 -0.015667 0.007247
446720.970071 201.647420 259.197142 0.015823 -0.002824
586212.983628 384.996627 101.582745 0.001342 0.014279
560717.814863 299.664682 150.736186 -0.010325 0.004095
234257.601311 123.432985 559.446632 0.007782 -0.014610
1133248.557864 703.308337 154.406128 0.003535 -0.005204
1934248.125150 154.245706 536.935160 -0.017587 -0.007953
1152133.833222 226.880200 331.876250 -0.019678 -0.012838
1965200.129880 240.910688 396.338512 -0.013921 0.013388
1034901.121182 345.791071 125.620334 0.010753 0.006960
1623246.405098 708.655339 497.040927 0.009763 0.003212
1926329.093951 248.546622 275.700018 -0.011179 0.015963
1658576.383096 150.143666 55.142818 0.008969 -0.010081
786221.519479 240.265491 318.947824 0.017848 -0.007668
1421758.733421 743.098887 365.679104 -0.005126 -0.016802
888519.625593 711.087353 307.781174 0.006129 0.006293
374128.679919 372.131828 325.947612 -0.019382 -0.011626
247207.860577 782.902050 311.990193 0.003319 -0.012035
838233.393076 329.864043 232.044918 0.000465 -0.014526
1269501.125100 723.305907 262.124946 -0.013385 0.014069
1490342.234955 701.778226 467.586018 -0.005814 -0.010055
1720173.599068 639.158143 82.478283 -0.005082 -0.001895
1589947.016719 448.060359 550.678062 -0.006470 0.003026
254199.274003 369.509775 332.455896 0.005887 -0.018204
1506623.924480 52.963926 274.350705 -0.014396 0.003092
1187558.641279 619.844674 288.930998 -0.018777 0.017649
663885.182079 620.578542 491.042351 -0.015548 -0.014781
134186.233456 777.075323 557.646376 -0.011820 -0.006224
763995.101100 799.611272 542.687237 -0.008011 -0.006489
960104.740672 341.461120 479.763398 -0.018629 -0.017035
1689167.128731 630.004977 84.197328 -0.007925 0.017107
1435140.350571 716.452706 421.542408 -0.012038 0.017048
1287450.956780 424.793045 421.198191 -0.000436 0.008041
1664884.491668 423.450006 368.222058 0.010485 0.009353
1916152.068375 115.134707 440.024840 0.014495 -0.002255
142374.806172 274.141715 522.311891 0.014834 -0.004926
1889104.925044 572.315869 98.582345 -0.016611 -0.019308
184043.514628 641.934916 547.673580 0.011781 -0.019941
1678137.485719 350.604035 319.495899 0.001640 0.016020
349432.717240 298.812063 257.796953 0.011534 -0.014588
327130.583267 597.204782 167.550481 0.015877 0.004362
1445781.852792 774.518022 571.035607 0.003736 0.013558
657045.848974 430.385552 332.676628 -0.000284 0.004912
1143416.638087 467.938798 255.096297 -0.000617 -0.004822
853229.746620 258.960291 490.654886 0.018362 0.014585
1436276.935710 106.974990 142.939137 -0.014083 0.016891
747046.145027 249.153232 401.133355 0.006110 -0.011675
555282.349025 300.492149 105.949967 -0.010827 0.018763
31011.744417 446.275646 304.193487 0.002798 -0.017971
259713.421697 113.329822 381.411122 0.002202 0.005050
30230.289339 785.352742 569.968978 0.013311 0.017631
1629124.594680 440.720355 44.692766 -0.017891 0.007952
1993199.337271 341.015869 6.100926 0.006608 -0.016837
437214.899080 754.264249 272.761209 -0.004198 -0.013114
847463.854052 328.538711 438.041241 0.017231 0.019223
1561464.248021 48.511396 73.346111 -0.003343 0.004626
1496915.452879 345.228847 358.379615 0.007939 -0.009427
1076064.875850 410.329328 489.175153 0.004500 0.002623
1028186.607653 487.273069 595.103734 0.000970 -0.009032
141764.248787 594.351148 130.245218 0.001020 -0.014477
778578.041484 759.378231 329.240692 -0.015232 0.015202
1058486.954802 720.025212 564.408452 0.006045 -0.007325
1112790.978101 319.908034 448.715554 -0.013851 -0.016070
24501.685065 553.443048 366.677643 0.013100 -0.007831
353571.678676 273.268901 548.040087 -0.013254 0.014636
375264.103699 191.625646 365.359272 -0.003809 0.010604
1493884.026769 635.223685 428.648150 -0.008177 0.016533
1188817.119779 659.890992 488.007026 0.001405 -0.000945
259519.063057 73.247195 525.728394 0.015110 -0.010189
1949033.547169 711.954980 562.227362 0.003430 0.008699
482529.103981 609.937563 35.496013 -0.013816 0.017246
1850091.109914 273.794096 102.424267 0.001360 0.009879
1871495.037280 224.716363 324.641790 0.006015 0.003049
908785.677938 195.581002 240.838578 -0.009289 0.011187
1755362.652128 318.025162 522.660372 0.010157 -0.008993
232765.271437 582.719449 99.052684 -0.017881 -0.007425
1765166.354256 235.768705 45.950981 0.017667 -0.002027
15434.920795 693.345484 474.892501 -0.012866 -0.003976
1077013.659792 91.266149 408.945173 -0.016818 0.010571
516053.778360 427.180948 5.268075 0.006376 0.012071
1576709.125925 429.664324 119.500059 0.006382 -0.008359
948767.654108 620.712160 11.701287 0.005581 0.013173
667159.362075 417.658905 74.351807 -0.003593 -0.001449
1146380.339352 334.299236 198.296705 -0.005408 0.003852
1462269.868451 722.551902 426.291026 -0.003499 0.019307
949273.004639 536.554492 310.016878 -0.000665 -0.006799
636841.273232 217.380254 520.323056 0.000704 0.017248
316267.470045 793.572805 424.265172 -0.012899 0.005263
1072709.865436 408.945855 92.194173 0.006411 0.016855
1234697.917120 186.819154 203.545021 0.017914 0.003928
1871003.135047 543.184394 300.779630 0.005837 -0.016335
968257.898916 96.389490 457.405758 -0.019955 0.004162
184803.100389 255.460954 525.415079 0.018376 0.013475
1613704.762242 94.138786 497.318363 0.000558 -0.008189
920804.219749 40.246916 483.871214 0.004581 0.008419
1455508.939668 185.031519 566.396954 -0.017320 -0.012833
1084419.887087 1.942165 514.893526 -0.018255 0.005935
1899527.167855 422.182793 461.365736 0.008482 0.001141
745706.753221 643.569227 508.720410 -0.010065 0.010560
1369434.811813 44.276496 529.027473 0.000546 0.002772
353913.564400 779.258911 371.755859 0.019332 0.003522
660308.989072 568.882301 491.635995 -0.009033 0.011124
1997036.600484 653.162319 468.389837 0.014266 0.014400
857968.969670 645.102517 232.614462 -0.012084 0.000740
1832483.595159 456.646229 193.827827 0.010616 0.012739
174050.590104 359.072376 524.811205 0.018750 0.018495
887791.815627 116.505172 561.813297 -0.017459 -0.014839
1048845.100705 314.888701 504.129199 -0.006249 0.006712
1236598.032171 273.822324 290.515459 -0.004043 -0.012045
688449.854352 662.322917 3.167592 0.009275 -0.018966
1047717.716101 518.556732 357.936661 0.013877 -0.003509
831685.772553 747.083871 516.642187 -0.008386 0.016105
1646809.537731 587.505281 29.002460 0.010392 0.011915
354697.854423 227.347411 114.885295 -0.019297 0.005122
1718570.137265 508.654347 582.137660 -0.006261 -0.018613
338487.908402 550.169199 517.554793 -0.013015 -0.003216
1776805.868268 558.764584 40.694887 -0.000602 0.001814
960078.654327 720.641507 287.485671 -0.006383 -0.012361
763596.911339 131.553650 555.416200 -0.002794 0.016973
1446903.674606 485.989575 125.118798 0.016618 0.005015
1673049.761761 619.382899 156.450514 0.012270 -0.015290
591079.477496 780.825184 483.247302 -0.013676 -0.013974
450261.526019 37.217667 509.480067 -0.008280 0.001261
788880.985598 618.425797 259.370562 0.014945 -0.015438
1247242.441982 204.349373 167.107927 0.001973 0.007421
405506.701397 218.150948 175.744310 -0.003548 -0.012488
1835863.754077 198.201082 577.036478 -0.012851 -0.017817
159031.381905 379.463326 18.426753 0.015400 0.005299
362722.217274 88.046561 407.375076 -0.018765 -0.003870
420997.232395 339.957666 105.610938 0.005723 -0.008042
580167.091722 213.178922 332.426070 0.002746 0.012626
479025.265425 617.059586 53.017019 0.001298 -0.012695
552036.800679 360.296067 258.237343 -0.010486 0.005160
969986.005207 253.867405 62.028463 0.000638 -0.011910
1471710.388303 557.627324 187.479675 -0.003406 0.009108
1430984.936390 500.299484 91.456217 0.015661 -0.009272
902052.609670 145.253775 320.806299 -0.019798 0.010007
700700.571156 195.619915 312.934890 -0.002450 0.011079
1408199.004553 571.789811 136.484983 -0.014620 0.018105
1713095.736556 495.617925 161.923133 0.018400 -0.014595
944491.339356 556.692091 499.279899 0.011386 -0.015573
1119457.834922 400.154701 441.582399 0.008487 -0.004334
8319.607940 130.578988 343.970556 0.001553 -0.013271
647061.014849 711.350898 247.646108 0.013802 -0.006880
379545.065751 439.307394 25.631979 -0.003315 0.007343
1990576.603445 218.956333 181.826332 -0.009391 -0.010654
876473.971119 589.949195 557.720446 -0.009183 0.000886
80381.552726 664.155119 13.388569 0.011046 0.001694
828036.629980 624.317267 423.326478 0.019496 -0.007232
1747623.103553 248.688305 124.937061 -0.008537 -0.013762
1072386.123739 381.091492 423.082282 0.003159 0.015741
777386.485961 459.356001 100.384722 0.007669 0.013577
801906.589792 103.996993 346.103029 -0.006783 -0.003980
197987.358178 296.503575 138.331998 -0.015149 -0.014126
1545926.498969 428.253621 556.317248 -0.000830 0.000932
492654.834172 281.873858 500.149638 -0.001779 0.005531
1978982.283724 792.661450 69.177682 0.007781 0.002790
17631.095842 66.576262 86.341989 -0.012957 0.011001
1966499.848276 461.624042 543.071687 0.002495 0.016203
611006.784537 527.281693 166.935485 0.001445 0.011215
850069.038966 247.246798 189.458582 -0.005912 0.011504
1676786.882652 478.859360 83.933333 0.006879 -0.017873
1557780.060711 529.193823 26.366984 0.015767 -0.005757
1227310.625476 722.417110 263.521743 0.010335 -0.016894
428616.731627 592.575548 393.630706 -0.015226 -0.007965
1127178.874392 339.925915 576.024029 0.013670 0.018437
1480731.590409 213.401800 162.044736 -0.017757 0.004763
115335.758829 715.553406 130.557431 -0.012095 0.002657
541498.807511 781.196594 136.761697 -0.007413 0.014828
1167776.423119 742.652576 464.227860 -0.019073 0.007433
1705487.274428 189.974053 255.977724 0.000351 -0.005726
1455042.508177 57.950615 469.057357 0.007501 0.016568
1485351.840726 342.236560 108.593523 -0.019494 -0.000643
1600046.444498 56.273528 227.027469 -0.019294 -0.009278
1889695.885540 230.655006 146.736882 -0.013090 0.004124
230475.999522 605.327799 318.895264 0.015553 0.011190
434670.210087 593.345886 10.319030 0.005759 -0.009978
748135.628527 297.174101 193.702470 -0.013761 -0.017643
474188.291689 718.744298 292.149496 -0.003279 0.016431
1941577.332067 174.472919 588.917455 -0.006031 -0.010578
499196.726130 235.241522 314.442007 -0.000236 -0.001327
254300.674542 487.520284 134.034524 0.006345 -0.000070
6325.354803 700.700705 143.982811 -0.019184 0.000799
980919.682878 315.604727 534.862271 0.012536 0.002006
1900851.625903 40.363255 269.200741 -0.002515 -0.001259
719689.197242 326.436842 412.018498 -0.006343 0.010291
1844748.197982 472.806157 30.753764 -0.002144 -0.016592
1036199.990211 458.902816 416.697830 0.009658 -0.010715
385683.919483 595.716646 64.903742 -0.002688 0.010604
1256102.471266 738.617833 95.736465 0.000770 0.009499
1419511.694191 375.892368 472.298211 -0.013660 0.016284
511292.832210 414.660874 189.182781 0.017692 0.014389
145034.134456 691.705802 270.403878 -0.015047 -0.007555
1071721.370831 513.525710 530.824611 -0.010786 -0.004664
233847.819378 338.567059 76.884512 -0.011000 0.014239
1786277.592083 682.442049 467.580887 -0.017894 -0.005096
1031918.257955 609.915395 505.535624 -0.007878 0.016833
1499349.890975 446.922100 263.471997 -0.017398 0.000043
597617.807145 109.975371 219.387996 0.009983 -0.009548
1353622.215499 228.304069 541.932327 0.002462 0.000631
573296.933702 542.760857 563.446901 -0.003410 0.016140
1590131.532210 246.304309 453.959785 0.002978 -0.005577
258416.177825 72.322301 73.760503 0.018868 -0.004264
87595.200207 577.098768 571.292836 -0.000684 0.011452
906233.425674 625.411479 554.245386 0.012752 0.001249
370032.188655 396.450667 489.924438 -0.016470 -0.017716
664767.085884 299.884272 441.394226 -0.009143 0.011584
1278253.811075 53.160716 58.505532 -0.004167 0.005633
916040.443311 419.973167 438.718149 0.003238 -0.000136
249204.321880 499.774773 130.782287 -0.016932 -0.015694
8661.484350 423.903303 533.633184 0.017125 -0.006055
841302.204338 90.442284 506.516608 -0.010507 -0.011950
1802783.200425 455.729699 345.753080 0.005480 0.013642
731632.451868 220.900108 544.520393 -0.001464 0.006873
1096714.972098 737.037591 118.101221 -0.008818 0.000080
1386984.768969 323.364937 76.236313 0.016462 -0.000764
469499.863903 732.648935 6.450741 -0.015032 0.013761
718651.906922 435.822715 574.231854 -0.011857 0.011279
316653.122342 83.989936 211.056106 0.009422 0.009645
385530.231700 80.236826 10.860971 -0.015989 0.002548
1379939.433830 518.940307 291.022867 0.015468 0.017131
1974529.288697 464.200905 199.403995 -0.015432 -0.000332
1626419.535664 279.293409 244.604457 0.012958 -0.001070
503204.831157 146.558021 10.821912 -0.011653 -0.004526
1600260.999799 293.516568 295.017654 -0.013926 -0.015942
467442.890847 275.670236 121.079779 -0.009927 -0.002204
1530910.291491 753.402316 56.142409 -0.009985 0.013146
43405.273949 190.137933 245.316603 -0.005835 -0.005917
1801413.789299 133.784684 420.704550 -0.007666 0.019648
348673.859774 447.960784 104.660997 -0.012303 0.010745
1122384.702378 793.974906 81.287402 -0.017884 -0.014226
474000.488629 229.332764 293.398635 -0.002447 0.001541
1867761.544822 163.365947 288.156985 -0.018901 -0.001814
617712.498930 39.302249 415.418027 0.008713 -0.003872
88793.583256 494.781563 342.280399 0.009826 0.017064
1123119.018564 735.886405 292.055351 0.009434 -0.015511
510837.786138 237.704920 62.831660 -0.004360 -0.005995
498234.962345 502.386463 382.020194 0.009525 -0.017330
350510.791107 537.606725 162.635283 0.006223 0.007974
1451432.125387 771.496573 449.111922 -0.003283 0.007289
303273.376219 370.014482 180.313510 0.008882 -0.011680
454803.713809 226.896986 76.642840 0.008571 -0.019217
480071.545802 775.698247 190.001683 -0.006212 -0.005575
1333575.176696 475.098482 593.114242 -0.007853 -0.006720
110627.538576 383.033181 2.362403 -0.006950 -0.014620
1406769.050940 41.640964 59.227309 -0.001922 -0.001193
1561676.394922 482.769763 559.569397 -0.016745 -0.006979
281255.947557 247.025109 365.440889 -0.009261 -0.019078
1257382.930842 406.825043 595.637347 0.017813 0.014130
706537.016996 489.721459 268.331913 -0.006328 0.016631
1558318.719993 317.733192 236.745119 0.011327 0.008939
1057752.200895 389.243650 465.360143 0.005104 0.017534
491364.625511 326.714294 325.155169 -0.012867 -0.000407
1734950.389590 255.160720 479.196754 -0.000934 0.003496
1643357.573842 84.278500 57.481725 0.012574 -0.017972
1898263.090243 134.086139 397.719558 -0.004149 0.000379
1157183.811607 140.400863 543.986780 0.018926 0.018343
1260090.642264 401.597131 267.047962 -0.003777 -0.014817
767107.214205 521.047124 322.850595 0.017017 0.013183
55740.578126 634.395706 89.100555 0.013058 -0.009223
1471867.368311 518.588773 224.927715 0.013248 -0.001517
851158.514084 624.712371 378.070015 -0.016462 -0.012912
279214.015361 533.585176 211.615072 -0.018155 0.005608
622537.959657 541.003700 85.265009 0.010257 -0.016727
543551.074594 111.998724 439.793397 0.012423 -0.017381
1125283.938425 670.162344 515.054233 0.008445 0.006565
255944.995329 357.690853 187.414014 0.000114 -0.008842
1549879.616848 742.740765 35.870369 -0.003796 -0.019323
474171.187949 435.780422 410.358599 0.003588 0.003637
648167.413030 720.816038 160.285582 -0.001350 0.006298
697835.028496 590.387386 478.440541 -0.016721 0.001914
1725670.433475 515.715133 231.297865 0.008829 -0.005730
99429.388577 679.351114 481.732085 -0.005516 -0.005920
163663.104253 109.604247 168.303815 -0.013221 0.001223
594763.153510 303.068237 52.166093 0.019254 0.018745
1355525.087265 244.347911 521.760159 0.017804 0.010870
1053977.892294 235.021378 305.792823 -0.007024 -0.004966
115031.983757 149.768528 12.273457 -0.002283 0.016336
752375.869431 394.169377 454.627231 -0.012831 0.014194
219437.964363 208.733384 595.132419 -0.004391 -0.003898
1068114.026016 550.092480 468.856142 0.004837 0.006766
1499866.051366 238.962230 584.544213 0.004776 -0.010259
1491842.997955 117.159921 322.417036 -0.009772 -0.001163
1826279.228472 250.530905 394.871678 0.017338 0.010246
1133058.067007 247.757927 149.337257 -0.007033 -0.000447
207507.431604 347.084346 449.878797 -0.016174 0.012964
304737.184339 503.812245 307.010869 0.017351 -0.009977
361247.467977 546.928398 329.578100 -0.013804 -0.007873
1585793.637478 720.644900 269.769684 -0.006788 -0.013749
1841064.114050 194.729732 281.689738 0.003148 -0.012918
451362.950938 116.109438 291.988035 -0.001016 -0.001227
1950936.490647 462.687287 541.953597 0.008914 0.007056
1454702.783122 702.041748 182.251231 -0.010439 0.012456
1108684.254395 335.721839 297.039260 -0.015853 0.002984
1596490.624173 717.229406 285.232387 -0.010255 -0.010945
1263706.185512 134.720493 282.163387 -0.015943 0.009882
1294332.516982 261.620121 535.348034 -0.014649 0.012064
723046.520130 87.406444 228.019844 -0.009409 0.013378
107937.715067 793.668652 427.224819 -0.005696 -0.010758
1046872.077066 729.564882 390.480695 -0.019268 -0.019380
450965.188654 653.407102 547.308982 0.008035 -0.017415
278162.196408 266.223603 139.853214 0.004373 -0.002633
1960316.196066 205.219831 456.723113 0.014894 -0.004389
1125740.257616 187.146346 299.750480 0.017715 -0.000056
668170.334151 797.411809 294.426707 -0.018156 -0.005822
1443825.863043 455.672121 159.910693 -0.005089 0.003526
564375.188464 478.589810 242.878755 -0.012222 -0.008032
938961.728913 266.834960 379.214369 0.008101 0.017712
132214.712972 546.221741 119.593695 0.013110 0.002205
1179224.623916 312.120900 473.369141 -0.016436 -0.006677
575213.267736 338.652006 197.918499 0.011124 -0.001220
1368718.602401 400.246115 23.469448 0.018035 0.014924
1254302.726711 186.395926 282.784293 -0.018715 -0.002901
1541011.519516 401.160357 456.576986 -0.003903 -0.011841
1407684.757098 374.891790 532.048661 0.016128 -0.008165
883750.411162 394.189341 411.665879 -0.010755 0.003281
38293.802197 414.751156 3.128969 -0.006039 -0.008125
949396.727117 26.701493 478.277266 0.000554 0.019374
1340193.529306 112.690725 130.342222 -0.014340 -0.013083
1289556.392138 729.527975 404.591965 -0.003772 -0.007425
1756783.113702 87.728712 469.721808 0.010603 -0.019504
157687.638028 165.662864 303.326758 0.010600 -0.002485
175039.783202 627.231142 573.777549 -0.016287 -0.014675
506304.289450 453.929501 99.847228 -0.017988 -0.016749
301433.914481 576.227952 133.310389 -0.005286 0.014474
790027.673724 10.186277 464.174639 -0.017223 -0.003257
176035.711624 758.239264 316.940533 0.014836 0.008518
1081972.172988 759.803811 552.004659 -0.018146 0.008596
715741.816310 107.230641 299.276089 -0.007429 -0.010927
1263880.632475 453.930307 476.587075 0.011936 0.004703
1751026.801649 759.270330 202.711705 -0.016099 -0.007313
399196.095951 394.168115 197.961560 0.018939 0.002473
1496994.359185 48.981299 305.904334 -0.008930 0.017288
445396.929255 654.112819 529.251017 -0.014294 0.014567
1193553.106484 400.395815 599.000809 -0.016171 0.012587
450224.472419 581.997178 229.289739 -0.019225 0.001039
1999453.321099 715.919672 285.112186 -0.006348 0.019724
1584501.028799 429.729254 291.128372 -0.015113 0.000417
94458.571679 696.544462 342.983517 0.002279 -0.014105
1007827.074736 623.748791 579.073266 -0.004562 0.016892
1658558.308919 786.205017 253.708560 0.013101 -0.016869
475365.567242 42.152214 483.489863 0.004756 -0.017110
663714.367274 495.673182 580.243663 0.012274 0.018278
1919117.403179 479.367789 296.643159 -0.002206 0.008853
9624.167350 393.607525 355.196998 0.003060 -0.018040
1478876.057770 64.356181 497.217384 0.008153 -0.001350
1502145.321808 426.986617 269.434027 -0.013039 -0.005546
1054818.871922 329.320170 248.362494 -0.006668 -0.018740
972186.690649 532.116389 390.629254 -0.001878 -0.001116
1216433.286302 330.083812 42.834018 -0.015895 0.014298
1585452.240699 85.908050 209.671581 -0.004607 0.007339
796849.675848 99.358632 458.627567 -0.010929 0.013143
461377.134761 782.575942 217.464411 0.007188 -0.013912
1447663.852688 165.706861 338.317396 -0.014485 0.001618
1190708.408687 499.125605 123.332687 -0.010145 -0.016925
1355477.244293 683.722994 293.853322 0.009965 0.018287
694211.989964 433.457106 38.806429 0.007864 0.017066
1497031.391364 75.964636 30.475997 0.000514 -0.007115
1759090.904966 594.800422 180.159839 -0.010319 -0.003069
904928.793621 772.652547 378.247419 -0.019349 -0.015852
341892.055395 489.327820 436.626869 -0.004938 0.014325
1609370.418642 43.425497 427.652498 -0.008222 0.012135
1339833.364515 513.201618 207.090244 0.009384 -0.006475
543533.833951 386.416619 259.821945 -0.007097 0.019832
1510075.678821 161.664766 443.644238 -0.017787 -0.002233
325429.097901 406.252632 246.031568 0.011727 0.000965
1027532.088117 771.284087 81.450175 -0.010347 -0.006370
1987715.010526 36.904319 236.990844 0.008264 -0.006380
396776.620483 301.188249 589.131613 0.001743 -0.015562
639902.701899 652.289233 356.394425 0.010118 -0.014484
1179865.857204 406.341263 204.038371 -0.006829 0.002531
1568458.621189 393.621568 42.606032 -0.012229 -0.008589
1190290.628555 566.457335 149.676446 0.009237 0.017979
1180185.991889 579.869022 597.335719 0.019403 -0.002750
672088.553511 146.775753 484.714849 -0.007288 0.009082
1837656.663655 510.356030 325.421938 0.000515 -0.004366
1360614.323691 82.201874 539.273240 -0.019187 -0.002716
924125.776125 643.675449 554.580679 0.001323 0.019953
418950.309241 102.597979 424.181807 -0.001657 0.014359
1312754.557148 39.180440 350.326602 0.006077 -0.018641
30587.249450 790.424429 130.512654 0.012922 -0.007760
1889215.610870 593.553909 566.333206 -0.000522 -0.009809
669560.509114 133.816359 214.548258 -0.010656 -0.012493
1579576.984783 556.534551 595.326301 0.008562 -0.010854
1982244.182370 738.807265 214.190063 0.007922 -0.004706
432350.935616 283.558194 258.737309 0.012003 -0.019747
930735.730068 652.354129 596.624234 0.007316 0.005540
600671.720971 501.997693 228.251465 -0.010225 -0.015420
1270601.892504 463.282043 169.124751 0.019716 0.012506
938976.299455 626.171970 304.959419 -0.001532 -0.000132
1474031.937064 362.252372 252.095882 -0.016240 -0.013963
1605130.416157 248.129475 303.149136 -0.010647 -0.015586
1023340.410098 559.392903 555.433751 0.000242 -0.004715
1128556.229700 645.128636 5.769823 0.017786 -0.017973
248420.950141 464.038575 377.805974 -0.003782 0.002897
884577.235619 700.461781 213.410479 0.018021 -0.006516
1704879.713107 550.034958 474.104354 -0.009094 0.011257
1882055.445519 60.171172 55.051291 -0.002149 -0.007634
404206.608610 766.371251 4.996563 -0.014887 -0.001437
780987.060993 553.688933 162.245929 -0.003997 0.005478
642018.800900 419.556448 130.205687 0.018028 0.017217
1579863.075903 314.336657 483.555475 -0.014178 -0.006262
286431.929230 798.506469 18.631370 0.017334 -0.009167
1625355.291937 699.536866 207.557066 0.016179 -0.007168
1310099.705732 85.266349 167.206386 0.006539 -0.010621
1485499.756171 43.054922 555.914510 -0.019472 -0.001837
1126826.147142 267.344657 587.049391 0.011214 -0.008610
1817754.082297 456.249019 406.691562 0.008593 0.008638
42605.713030 686.392275 428.432958 -0.017879 0.011644
1969490.396776 692.039235 399.482711 -0.006771 0.010782
1972945.507603 788.579192 525.669920 -0.009394 0.005965
221002.463354 6.309568 421.761436 -0.018516 -0.019157
314139.836614 480.321864 213.125155 -0.014579 -0.004769
1280098.799281 35.500087 570.676065 -0.007284 0.010366
1334025.561499 271.298402 370.350589 -0.004761 -0.004337
817314.073824 292.572688 153.977546 -0.017021 0.007860
52254.755074 48.751535 409.315852 0.016090 -0.006954
662711.798522 10.132728 200.372591 -0.018624 -0.018009
710212.109941 153.170215 390.103457 0.008413 -0.006922
61999.699130 280.352389 222.828631 0.019285 0.006731
261157.692532 519.302201 4.367895 0.009913 -0.018793
797766.605764 125.218120 237.506055 0.006220 -0.010764
184709.901076 545.313142 175.096551 0.010984 0.003349
1235796.007903 84.788381 357.895875 0.018079 -0.014389
1292608.929469 245.604557 198.996182 -0.008139 -0.019307
1317389.029692 261.958574 220.629773 -0.018797 -0.007615
71927.786838 128.458565 575.251684 -0.018267 0.016336
1977614.946653 353.750375 38.948931 -0.004616 -0.016089
591803.305127 381.647274 467.551336 0.003509 -0.009935
726241.200569 164.534988 214.500871 0.018388 -0.013698
995710.504705 484.811742 278.779068 0.013180 0.016100
963862.695249 390.662804 137.992171 0.013988 0.000733
1079147.418532 708.513282 407.418897 -0.000063 0.017163
1174876.041326 389.669781 222.732630 0.006097 0.014870
937689.950195 758.630785 209.290250 -0.010076 0.001437
1200871.358253 489.049521 444.995778 0.018318 0.002836
1798372.363578 364.664467 106.121687 -0.005451 -0.008581
158766.744732 676.530074 464.254199 -0.007621 0.007818
584123.108808 679.197827 348.588439 0.018839 -0.006112
1019930.488905 446.806646 500.535469 0.015245 -0.011565
1412068.961846 279.935264 95.528307 -0.017807 0.003928
1390465.348675 524.219197 125.630495 -0.002525 0.004533
1560588.704217 268.897383 41.491024 0.018288 0.007995
709118.110458 29.229591 327.289193 -0.014867 -0.006170
481739.437432 336.307932 116.923544 0.012870 -0.004344
1084185.081108 265.460194 569.873162 -0.004946 -0.011483
321427.933090 65.901813 337.729010 -0.007223 -0.014500
322096.383349 12.103547 475.511105 -0.005181 -0.001920
811598.476400 120.564559 472.818468 -0.001002 -0.015684
975828.599639 663.538071 86.736434 -0.018663 0.018312
980873.326296 219.450091 226.827328 0.007414 -0.016153
1538962.265262 181.956163 256.813047 0.008777 0.004153
1281944.833362 703.995234 411.680635 -0.011838 -0.012007
1646853.441208 291.979019 129.074313 0.004639 0.009416
1334224.681991 17.397406 531.649465 -0.001789 -0.000134
1987979.200663 754.461323 195.735160 -0.014461 0.019066
567825.405192 503.146828 150.480926 0.006489 -0.007427
693992.653253 345.229112 324.962540 0.011007 -0.013970
290886.182473 332.810824 18.520420 0.013265 0.004798
461579.700216 524.036370 590.885564 -0.002166 -0.009163
1440439.939238 90.401040 175.660628 0.004254 0.002727
1578856.275221 480.197361 306.811080 -0.015377 0.009547
975708.803616 319.615035 220.568744 0.009548 -0.017537
1363849.989774 68.519071 295.844231 -0.011056 0.014428
1287670.666020 295.238938 165.965855 0.006988 -0.011974
1793086.186886 724.415170 513.408795 0.015255 -0.005946
253419.465503 481.279332 278.575170 -0.003208 -0.011682
65064.939701 167.119976 484.905794 0.001754 -0.007021
1093948.624606 25.400132 434.403414 0.016589 0.010815
1570950.974510 477.245739 513.671339 -0.008864 0.012810
1433502.711092 737.908818 113.526971 0.019733 0.003885
779698.448619 711.937165 301.516474 -0.010181 0.010857
1707668.152502 297.793785 223.797430 -0.007275 0.011672
1161722.038482 280.553367 0.412797 -0.004435 0.015784
650195.260835 748.788638 555.784632 -0.018033 0.014028
1393276.303724 667.633684 268.332136 0.002109 -0.015479
534900.189626 215.561861 21.190303 -0.001733 -0.009483
1264731.390059 677.161570 91.651888 -0.014606 -0.016317
1848317.172308 790.927908 278.569734 -0.008118 -0.007727
512088.236637 702.351933 394.514666 -0.009735 -0.009315
1104225.446984 465.411544 121.856729 -0.000865 0.005234
107543.810321 140.002367 279.239621 0.000039 0.009111
1156781.673039 614.813851 598.273661 0.004549 -0.010997
520065.349769 196.880809 42.975967 -0.003484 -0.004761
327390.441823 269.619621 221.800088 0.005118 0.005365
1353004.063178 707.226532 307.217392 -0.006629 -0.014374
1558240.596931 708.986984 433.480670 0.019288 -0.005421
706633.334377 28.803164 323.729795 0.012751 0.001490
534505.464385 317.634055 183.267352 -0.009425 -0.019565
1061346.780072 419.571270 154.198384 0.004098 0.017498
1275778.349152 612.764338 164.576982 -0.019699 -0.004241
1816858.008419 547.221773 166.799572 -0.003179 -0.019277
837596.447597 159.674110 542.535502 -0.014352 -0.012731
537634.699856 395.712789 130.659436 0.012334 -0.007467
1509630.032587 60.448779 426.197410 -0.017881 -0.006529
1442342.147903 472.855022 518.661692 0.019126 -0.012271
1603574.954720 492.749978 575.618687 -0.016954 0.004942
706735.606634 787.635179 184.526566 0.005255 -0.003797
651319.147391 40.167785 362.777874 -0.010801 -0.012341
1573016.600485 398.955391 411.661823 -0.019834 -0.007713
1998835.487291 607.314991 229.667452 0.008390 0.012778
1445522.677826 344.763140 246.272641 0.003489 -0.003639
1207599.107738 311.233012 15.014908 0.002526 -0.001391
1297106.122271 733.253258 269.801377 0.018238 0.001917
1709409.523620 225.413732 358.919817 -0.001624 0.000467
1579454.636005 196.711218 6.252993 -0.000965 -0.009991
635151.660366 380.242118 5.558559 0.008013 -0.012596
1657542.871152 338.427500 369.550125 -0.010429 -0.019588
50074.195513 674.388962 239.598327 -0.017997 -0.003751
1728956.987955 558.878701 193.632616 -0.007436 0.006184
1741304.677791 135.072703 561.915216 -0.001247 0.005125
896425.988943 206.858052 524.494419 -0.001652 0.009376
248631.410417 620.965203 125.828125 -0.014657 -0.000938
789536.960791 769.874508 539.743412 -0.019572 -0.011934
1819863.026878 28.622056 26.769473 -0.007628 -0.016564
901731.744829 139.030470 470.691846 0.010943 -0.000483
878442.611954 515.359863 394.007023 -0.004971 -0.015479
569936.175165 659.118903 222.964651 -0.013637 -0.008695
212161.644461 226.705539 35.310394 -0.007368 -0.003314
1070836.321949 568.447060 227.682357 -0.002600 0.008853
1162154.364009 275.987568 454.292772 0.005031 0.006169
1685995.778854 61.311939 496.834550 0.005126 0.014010
631794.399876 53.411110 296.635495 0.018907 -0.002301
