120102.793966 630.406003 121.614294 -0.006101 -0.005544
269277.329682 300.027540 156.213546 -0.018278 0.015151
1260731.205931 302.251585 191.715352 0.013068 -0.002961
973263.179405 632.904890 572.919617 0.008502 -0.005936
1683880.506867 289.214936 229.278897 -0.016823 -0.013039
1760997.696668 175.408910 580.427153 0.011720 -0.019820
354965.669268 681.969594 474.602332 -0.004791 -0.012039
306862.422408 412.009238 346.439579 -0.003481 0.002356
913598.742761 34.949101 562.597934 0.011145 0.014844
723511.401901 210.228383 397.783091 -0.007308 0.019059
27418.055584 127.004020 203.148905 -0.004126 -0.010460
1026719.971107 221.753572 272.964818 -0.000715 -0.017199
919235.655535 527.252641 552.801254 -0.009944 -0.018413
247720.705461 324.226149 333.708502 0.008060 0.012678
229642.751734 125.583565 517.152255 -0.017956 0.017175
1463437.116455 330.408225 118.927226 -0.004254 0.009177
349002.480669 325.714099 534.015780 0.001189 0.011437
253345.397419 21.861198 48.649397 0.003297 0.000363
301882.374241 33.226483 100.956573 -0.017035 -0.008248
417897.793659 158.346080 419.881519 0.010565 0.015940
1032678.423930 703.067193 34.537985 -0.004921 0.017250
1981626.739717 86.528066 206.282477 -0.012549 0.000438
148080.320166 291.078041 546.189415 0.018533 0.015043
1426235.401736 72.428598 542.595412 0.011799 0.006903
826207.458426 756.226489 428.287407 0.003249 -0.019250
17939.873048 633.039947 129.714904 0.008268 0.002238
229060.592236 178.684329 260.698047 -0.013007 0.003909
729567.630556 129.728202 425.696875 0.008428 -0.006069
424191.899795 625.468631 428.218414 -0.015128 0.009748
1179453.697605 667.590042 501.692499 -0.000332 0.005136
1017047.714916 724.895718 344.257553 -0.011063 -0.000461
1184883.571782 186.599537 168.414888 0.012308 0.017667
1669257.284919 738.030303 97.922420 -0.009259 -0.016831
1530870.404807 506.868633 153.137606 -0.001067 -0.006370
1211583.405366 549.653044 75.397188 -0.007254 0.012390
1741377.547263 727.177157 385.836994 0.008292 -0.003789
544004.606336 172.579610 185.188632 0.013864 -0.002453
1594854.852927 349.897871 402.355821 -0.016924 -0.010145
1223177.906695 729.685426 101.309776 0.010946 -0.013108
527324.168257 433.114132 487.630879 0.000765 -0.019352
312490.830343 99.716471 422.378264 -0.009635 -0.002760
1025907.483430 120.839728 212.077820 -0.013733 0.014350
1509229.653286 341.901492 43.580148 -0.017985 -0.009397
1023852.793045 688.167281 428.105129 -0.012674 0.017497
1918069.081343 635.232871 509.705767 -0.014818 0.002803
59433.087734 314.504656 67.916527 0.013717 0.016465
257531.464220 800.543374 21.761694 0.013275 -0.008790
961609.428265 277.227239 259.692210 0.013371 0.000061
582120.371322 470.101548 558.492773 -0.005430 0.006000
408974.288222 701.683051 306.593192 0.016814 -0.017661
899929.745542 700.340637 511.743578 -0.008030 -0.019842
849952.291162 263.260378 237.683158 0.001507 -0.013091
617567.269419 532.397843 103.649689 -0.006174 -0.000021
907629.657959 661.798337 506.997132 0.015494 0.006324
693382.430213 141.787658 148.659055 -0.008907 0.001677
1797970.130014 385.126107 250.788794 -0.003524 -0.004086
955435.349120 688.638531 163.980693 -0.006712 -0.013571
557659.864685 605.849120 293.316533 0.007017 -0.008250
1324351.926951 788.263131 575.609108 0.013349 -0.006819
917046.023028 230.672029 93.521741 -0.007870 -0.012911
1632997.046985 519.106154 212.537654 -0.017490 0.017123
1790149.784549 770.203057 244.875299 -0.007410 -0.004957
1613713.184192 632.154981 140.654895 -0.016795 -0.015065
791753.703166 288.561519 527.227619 0.015413 -0.018590
347958.385175 437.381272 12.061090 -0.014655 -0.004622
701432.257286 473.864447 403.335452 0.000321 0.015831
1693039.169392 258.681751 326.921923 -0.012032 -0.004481
944105.254926 76.351435 210.599605 0.015341 -0.003686
1451122.988691 550.654318 119.866236 0.018420 0.010770
644142.737912 285.025669 76.601790 -0.011893 -0.010299
328294.663843 300.317418 473.816921 -0.012170 0.000423
344141.964030 428.787927 60.533544 0.013709 -0.018295
1995072.262359 551.859342 220.668832 0.001692 0.015581
1509670.835691 11.167076 591.033190 -0.015727 0.015786
783939.521193 665.464735 350.074288 0.003535 0.011733
702233.533702 730.434371 89.105468 -0.000812 -0.015213
783487.379916 514.388778 295.235738 -0.012699 0.013074
1976.599918 282.136243 217.596694 -0.015854 -0.012084
812477.567611 80.975952 532.097888 0.010929 0.005798
1551513.418346 422.659505 395.101274 0.010377 0.005365
1106838.468046 120.768620 279.713550 -0.014518 0.009724
516376.429478 389.600699 394.246264 -0.003925 0.018702
1541877.001311 639.198364 366.978788 -0.009510 0.019229
877046.727052 210.969077 200.407275 0.012096 -0.005350
1062152.807164 166.464450 280.916471 -0.003290 0.019312
220503.739184 155.055803 306.141329 0.010772 0.018108
285758.867062 257.622391 62.749673 0.004288 -0.002008
1694852.848395 693.283034 566.673899 0.000241 -0.009220
1823523.613542 219.370881 44.351607 0.000919 0.001473
109429.840049 768.301899 480.048684 -0.004459 0.010488
331166.874772 736.351640 582.251757 0.005306 -0.006545
1904142.131984 594.107449 318.588645 -0.001583 0.000436
967910.745632 483.305156 499.275684 0.003520 -0.011505
581591.096978 348.438237 48.088087 -0.010652 0.017497
706572.319710 117.987711 128.371495 -0.003004 0.006862
1499518.371885 385.537073 378.801056 0.001970 0.014862
785875.055374 571.543076 474.398493 -0.005465 -0.006112
257524.722376 252.961062 54.386808 0.006460 0.011194
1201976.699383 114.827337 228.916808 -0.002620 0.009278
1186503.038363 580.036299 101.807232 0.006828 0.018393
215485.423904 20.099009 64.845143 -0.007120 -0.001907
1555844.913030 56.640347 560.845459 -0.003697 0.004792
1610655.802121 641.103332 200.344588 0.003838 -0.013393
1363983.919548 580.582070 288.325697 0.010878 -0.004604
515601.680854 298.519653 317.633794 0.005556 0.012251
521772.659627 185.442237 319.536224 -0.002815 0.016124
984056.433190 429.794746 558.354851 0.003515 0.013657
764465.851134 302.224613 558.030882 -0.007322 0.011439
1098768.237559 98.192104 352.909407 0.014634 0.008839
1505133.839094 452.519935 265.867965 -0.010743 -0.006513
1656881.889169 392.747236 425.958058 -0.005642 -0.014820
1035409.796534 493.567260 216.379400 -0.018008 -0.018104
532033.862794 432.455748 349.958863 -0.012178 -0.014336
885049.308131 462.101210 312.394172 -0.005107 0.015767
611963.250959 737.586985 10.407486 0.015703 0.012225
1469794.933437 516.387279 223.580036 -0.012444 0.015599
1419313.830053 5.386437 222.245218 -0.003143 -0.005436
1001399.715897 751.234618 589.858682 0.014482 0.019445
57920.523946 103.053207 316.907708 0.004562 -0.007023
1340168.589419 44.074805 541.157830 -0.012381 -0.002906
1593328.125585 397.030603 209.039928 0.012545 -0.004447
308175.125303 438.499193 21.577819 0.000931 0.009126
1829796.170737 187.910731 440.308645 -0.008568 0.006237
194622.977727 628.413455 356.779563 -0.016824 0.005969
1163384.351490 85.800618 466.886737 -0.015299 0.009202
203536.384834 623.536150 466.952655 -0.019844 0.018799
408990.508136 640.540509 279.636695 0.002405 0.004632
1709918.606891 566.469857 96.650473 0.015754 -0.010617
1776676.395804 644.357873 280.299099 0.004786 -0.016388
248411.979642 575.615391 526.841440 0.008748 0.011925
1052401.075630 239.778342 543.571432 -0.007835 -0.003538
1254879.329007 324.243355 114.398913 -0.003738 -0.003569
322021.593490 487.279127 125.390204 0.001272 -0.015025
1647379.426121 386.168897 521.424906 0.019419 -0.005113
204691.412954 699.185646 106.325189 0.002793 -0.000170
536197.156895 555.286300 128.660597 -0.014199 -0.003474
25648.950611 537.927722 428.810421 0.016670 0.018944
247729.502734 436.864386 229.206963 -0.007400 0.018032
1580350.309415 379.810152 335.216321 -0.020007 -0.015902
1443766.372951 659.204488 351.063836 0.003679 0.012389
1912564.341869 554.295319 409.508136 -0.014673 -0.009431
357511.299829 321.103292 575.524629 -0.004418 0.001841
744693.135258 324.323338 130.819672 -0.016548 -0.007019
387589.365424 167.803017 523.077400 0.002987 0.000953
1645202.005117 291.608588 -0.123272 -0.004714 -0.005362
205411.871060 83.716510 113.539380 0.007507 0.007843
1996032.971887 514.903172 233.931503 0.007536 0.010395
1306804.762830 688.127212 106.608887 0.004501 -0.009857
1450619.077985 788.589558 395.061037 0.017718 -0.017182
1969754.747101 110.658177 168.452002 0.013632 0.008611
1609086.544071 543.865445 45.448538 0.012193 -0.017514
883645.576836 726.151496 99.661633 0.005684 0.003640
1722771.757153 502.421815 142.267122 -0.009970 -0.007557
28763.775727 722.658368 101.807217 -0.011983 0.000503
845989.907554 733.752158 301.345053 -0.016745 0.014418
1143645.596292 54.559522 600.381394 0.014090 0.016926
1423342.375748 525.697886 361.912876 0.011487 -0.001572
1329764.171191 184.891050 221.780506 0.013246 0.014447
1926056.274178 553.203768 294.421929 -0.012003 0.017723
1598411.507718 172.799035 507.810395 0.018772 -0.003699
726058.746095 314.067981 195.450429 0.014553 -0.001022
375371.614646 348.372543 324.802707 -0.012646 -0.008628
932014.105344 718.366358 567.077996 -0.017156 0.007135
811741.037672 587.796330 550.839662 0.010982 0.002636
1557690.799962 589.659211 154.936949 -0.009263 0.017509
399385.155365 53.294713 91.187484 -0.018134 -0.018556
1122038.441301 328.093024 256.567305 0.015485 -0.009111
1805346.826001 59.657334 425.554186 0.004702 0.002090
1995636.369100 729.205159 97.107066 0.017697 0.019431
1695958.700821 279.092137 427.834570 0.010647 -0.015090
558004.577904 435.829314 516.745141 0.001459 0.012505
1597187.265566 589.322517 528.821090 0.018085 0.011277
1833981.536251 410.032550 114.645127 -0.006181 -0.003991
929917.220459 197.780375 284.845638 -0.013190 0.007562
1471826.909795 138.646006 361.224489 0.015870 -0.015403
1165988.196230 595.203490 277.977449 -0.008183 0.000420
1172216.120722 460.777674 32.366301 -0.002198 -0.015478
1736107.381869 196.479234 508.211294 0.009949 -0.012172
1259741.624473 533.040739 425.070281 0.012848 -0.019576
218963.730251 229.079308 155.192240 0.003362 -0.001610
1902503.935575 255.783076 379.546608 0.002182 -0.011337
1496596.111682 109.397347 576.180188 -0.011559 -0.002659
941537.357374 638.181797 5.882712 0.001068 -0.010191
245239.558744 315.828434 292.971263 0.018816 -0.014290
1372376.816986 480.099718 484.743536 -0.004175 -0.003135
1637971.852737 403.670552 423.969809 -0.017016 -0.016344
337179.376901 23.695303 245.402864 0.012137 0.003349
1249672.392965 440.330384 432.836170 0.003379 0.010445
310196.676436 44.321248 335.821394 -0.013361 0.003296
1607296.809371 230.237321 585.010596 -0.008235 -0.009706
236307.595035 783.975128 515.210557 0.017036 -0.004964
561161.337682 597.005113 528.844220 0.019448 0.012913
1939371.158341 125.324893 511.955550 -0.004855 0.018363
870700.636353 2.076676 305.596228 -0.013724 0.003550
541779.813609 249.444886 386.783257 0.013261 -0.000887
453110.709066 506.725565 459.666955 -0.011928 0.017065
47266.968548 256.935576 543.197720 0.015294 -0.010190
562186.379247 130.036765 594.580840 -0.013528 -0.013979
1629854.769274 105.317329 185.090418 0.006686 0.000384
534606.907766 82.280501 307.444155 0.011063 -0.009663
203362.833803 38.225339 342.287120 0.009822 0.015213
92345.910190 778.858682 306.466312 0.012421 -0.012993
877177.283576 667.548931 297.689989 -0.006206 0.008680
1484435.888699 500.946602 528.859672 0.009363 0.011483
64404.659935 438.992582 550.710661 -0.006320 -0.011443
856791.879449 487.092875 190.781858 0.017639 -0.004616
1153201.109335 33.933977 259.453825 -0.014231 0.011658
618554.387530 154.299987 456.664524 0.012846 -0.019883
1875266.974734 207.513345 503.026089 -0.002703 0.004178
1111007.126566 140.222800 138.577850 -0.002545 0.016420
34336.430968 375.404493 275.432929 0.017152 0.004301
1349224.196444 292.160487 249.868863 0.019696 -0.007782
1602661.077679 455.161656 209.630387 -0.010649 0.008558
276647.354605 434.452969 544.431191 0.016392 -0.005551
1822198.850020 671.143433 373.251212 0.009942 -0.009121
453696.245539 243.686121 268.607444 -0.001696 0.009697
713133.517985 379.604509 125.374428 0.012603 -0.003602
36437.158490 391.720402 464.284014 -0.002890 -0.000576
159010.190591 189.105220 31.261842 -0.002847 -0.001199
1535456.720523 453.588524 6.983913 0.007007 -0.001250
749811.288319 470.084359 183.232231 0.019853 -0.006530
1154889.427663 178.791455 384.581314 -0.018997 0.007214
762647.938338 304.973380 92.512213 0.003625 -0.012137
1129345.827331 486.731073 410.852843 -0.006532 -0.018317
337378.635228 333.965729 168.849543 -0.011171 0.013865
1499918.929068 791.308656 248.045222 0.010354 0.006639
1760744.261444 108.760003 149.809268 -0.012555 -0.014674
1172923.453698 610.472803 215.672286 -0.010955 0.011545
79642.974809 486.109821 100.995253 -0.012201 -0.012033
730713.756164 606.873433 483.863010 -0.017944 -0.016077
1702955.846536 175.436257 309.539637 -0.014690 -0.002385
724785.897287 705.977952 257.950881 0.011051 0.005766
187236.443249 524.324048 468.671422 -0.006230 0.013669
1828784.213322 744.231313 362.796724 -0.009387 -0.013238
787390.226865 250.406739 459.587279 0.002479 0.000238
1929498.061505 742.999042 161.122027 0.010640 0.019219
730520.102536 499.632668 120.188280 0.015183 0.010613
1281053.293162 194.267640 381.783717 -0.017203 -0.019252
562426.321470 130.219379 404.885659 -0.017503 0.000267
1033437.869061 780.015030 262.826777 -0.015120 -0.010089
1192859.900739 412.570088 336.350073 -0.005499 -0.016832
138898.690296 261.444475 3.565573 -0.006510 -0.015990
1973181.982512 561.035332 434.046907 -0.012565 0.003319
957790.512106 660.750149 496.832692 -0.015323 0.015869
1692076.045876 318.215653 36.200140 0.000830 -0.001625
1136829.509929 29.234280 260.393882 -0.019527 -0.013629
1367539.427880 482.444152 406.266950 -0.010179 0.018674
1509350.044424 252.387710 176.112330 0.010400 0.006115
785056.476847 598.011332 212.849820 -0.015366 0.017395
1873643.585422 476.118264 457.075690 0.010546 0.008431
1315983.134935 488.224459 64.706159 0.008803 -0.014717
1135951.929323 228.667837 100.585999 -0.019853 -0.008259
656102.584980 548.519452 539.250990 -0.019843 0.017279
1727078.126616 606.290089 148.303811 -0.013756 0.000838
1797488.349396 438.933118 161.415186 -0.009884 0.006605
406141.346510 152.063912 156.437755 0.018576 0.018124
1941231.998588 497.135515 337.392529 -0.016815 -0.006385
1386830.762674 518.544690 376.785939 0.014459 0.005999
1843128.023596 152.260872 201.698855 0.012786 -0.012238
538331.757550 546.167620 571.831948 0.000657 0.013535
944807.663069 332.409560 233.366770 0.009360 0.006561
106756.882792 754.932084 514.547510 -0.007553 0.016347
1618777.323337 226.581879 318.151143 -0.005087 -0.005246
1742666.514471 52.446308 6.936497 -0.000035 0.017113
1321460.731012 337.185632 69.686645 0.019889 -0.010391
620834.287545 213.128924 553.829214 -0.009471 0.011295
1523195.320518 587.386790 118.884503 -0.014016 -0.000941
1731081.362688 163.139256 252.014051 0.008915 0.000661
656632.629529 425.702726 480.557822 0.014354 0.016123
325566.043298 583.678488 581.015351 -0.013079 -0.010858
1792559.657149 666.329181 390.320724 -0.019491 0.013221
1778465.217808 259.348817 59.263638 0.012375 0.003536
1763427.173609 457.778572 193.011394 -0.017828 0.010051
1593951.392730 755.905040 556.272565 -0.011307 0.006609
886016.743670 435.793379 119.159390 -0.010398 -0.003813
204796.643092 323.794923 80.808151 -0.017155 0.002979
727276.621725 773.421062 248.408497 -0.019640 0.019105
488690.041233 721.745050 183.027127 -0.006267 0.008564
1781116.410057 179.203918 171.951783 -0.011471 -0.007824
20635.784613 7.580244 149.534548 0.017502 -0.010969
1834876.302553 303.367018 462.685119 -0.015331 0.004949
350019.654422 174.645246 16.728199 -0.007612 -0.008380
1214501.650638 537.709747 155.087761 -0.019201 0.007496
477760.385944 211.513597 353.509970 0.001767 0.004276
605806.972182 347.266982 499.302843 0.003595 0.005793
272576.070518 480.086399 392.512922 -0.004567 0.001522
1759240.741729 243.204646 550.259082 0.005986 -0.003282
1080301.612187 660.461871 382.618346 0.002790 -0.014591
1857771.559552 140.171561 484.323394 -0.012477 -0.012185
988850.145130 339.906500 276.835787 -0.016671 0.018752
134591.829094 309.629677 242.565111 0.015993 0.019024
96963.198901 28.623044 345.822093 0.008307 -0.003141
227820.812831 464.982382 434.753346 -0.018763 -0.010712
290631.014058 457.572030 34.238162 0.011494 -0.014507
385931.693197 569.497156 190.156983 -0.020027 0.015996
1023297.854244 397.112940 195.422383 0.018831 0.003264
589125.026292 31.571220 579.693508 0.007950 0.017451
1882412.602139 596.845416 584.008586 0.000686 -0.002098
790218.714061 504.739442 18.732645 -0.015186 0.006554
526777.357108 212.303386 139.850509 -0.007110 -0.017987
748590.766801 411.833773 457.612352 0.007591 0.000592
1324791.236466 162.224284 5.965721 0.019525 -0.013032
1179151.767483 226.044313 128.348156 0.002196 0.019229
301466.356172 395.982264 434.805121 -0.014982 -0.019510
349183.755158 414.983677 387.371579 -0.011764 0.005623
616335.581344 375.074751 543.775944 0.001723 0.011544
1910511.639859 733.776079 182.933457 0.008697 0.004282
1640005.631205 304.780526 484.996686 0.013286 -0.005342
1964468.728734 335.829860 391.150397 -0.012189 0.018995
1261209.360911 276.221688 282.368778 -0.005748 -0.001168
968463.258337 424.353784 593.861451 -0.014826 0.009423
1257770.379660 350.163125 123.981259 0.001263 0.019269
1991034.577596 391.388503 537.654868 -0.008005 -0.011736
1007596.648767 95.806740 353.441604 -0.006675 0.017898
1912045.142572 235.952533 222.801401 0.004268 -0.000412
692628.538559 190.227062 501.219352 0.008973 0.003663
609848.141023 240.656543 74.921494 -0.008221 -0.002768
1723251.459991 737.638091 520.937957 -0.017352 -0.001710
1696924.347289 50.375211 567.954373 0.009831 -0.005577
309029.791648 199.716207 289.717178 0.009630 0.002328
867302.640745 559.204050 513.497313 0.012177 -0.007822
691843.061099 120.539380 326.129511 -0.012861 0.018631
272265.500516 388.390385 162.207090 -0.009546 0.011206
1400582.436193 98.370817 421.270248 0.003002 -0.012293
320566.674844 333.037030 150.786956 -0.015710 -0.013505
1229627.376064 208.755490 246.150092 -0.016045 -0.019855
1946485.269790 425.012278 421.393849 0.006071 0.006958
15066.369444 140.502421 292.269834 0.002010 -0.005760
911695.870064 549.122368 506.264265 0.009044 0.017875
1245159.992597 340.301396 42.787510 -0.006328 0.020270
519428.529087 388.675708 247.029879 0.000354 0.003864
1147820.552414 102.202947 512.453005 0.019418 -0.011051
1717933.562453 767.106510 453.732105 0.002494 0.011453
183230.377819 455.335236 577.706798 0.003167 -0.015300
640928.558372 27.426224 483.277602 -0.013452 0.010289
1503776.668340 629.005095 111.036564 0.012843 -0.015529
360957.489517 65.391833 358.329714 0.003705 0.003717
380073.533570 131.932036 431.582688 -0.018227 -0.014027
1889061.825298 723.403439 66.014395 0.008013 -0.001342
1796955.322752 633.858799 20.383954 0.014483 -0.005169
306282.549308 147.012943 243.153753 0.018360 -0.006190
332156.324914 567.586612 78.920190 -0.005929 0.001318
485168.456326 426.686604 367.292408 0.013058 -0.014870
413343.113108 24.365613 173.580374 0.017101 -0.017008
883643.182406 697.253459 587.099378 0.002074 0.002808
887249.075289 360.296517 217.500718 -0.000903 -0.007442
1467432.667253 504.283450 297.510743 -0.014408 0.003561
1682910.725327 245.152812 179.523577 0.018972 0.006317
1660796.624450 172.296253 113.481591 -0.002234 -0.017769
629926.086697 520.366921 50.895356 0.004189 0.003111
318150.466456 37.217702 269.341861 -0.013824 0.003915
40123.955365 464.611874 29.041038 -0.004736 -0.017516
724761.667999 94.016924 413.628487 0.014320 -0.009800
558074.092752 559.682993 337.274487 0.003108 0.006876
438651.350531 326.409526 533.283636 -0.004195 0.014569
1885724.248311 578.936623 300.937263 -0.018901 -0.006826
158400.153815 149.287445 226.097349 0.001142 -0.006984
1952982.963972 437.541343 543.669059 -0.018959 0.017277
1927788.328346 311.031156 28.240293 0.006200 -0.010090
607879.136041 746.981541 567.562420 0.014625 0.000464
1236504.919471 67.946069 551.391428 0.000255 -0.000269
1541570.438790 358.783803 131.500020 -0.009120 -0.000968
1098586.873663 282.307597 398.405544 0.017055 0.015185
1973812.054831 723.114619 257.352823 0.015648 0.017421
717421.361579 684.437827 190.610254 -0.003732 0.000395
1128238.588166 568.342174 265.720112 0.000398 0.003055
1906900.824936 103.232748 396.773127 0.014911 0.005395
311031.282093 514.386172 50.666036 -0.004968 0.016677
1119457.958787 738.786317 161.410157 -0.010757 0.013997
295815.608602 167.810121 451.587178 0.003006 -0.015977
1365835.790227 746.670818 574.052694 -0.019993 -0.006436
933742.419320 452.426388 30.046393 0.016415 -0.016961
1254474.420685 690.037686 122.184586 -0.008479 0.009409
1674721.783807 355.627789 227.723962 0.016823 0.012741
589441.845468 384.421475 445.809687 0.002562 0.008109
1186208.380939 568.301440 547.275035 -0.006137 -0.008544
28320.921598 24.576562 131.652150 0.018876 -0.018780
1123059.363627 350.759945 356.766666 0.004373 -0.006050
1339490.994503 192.612393 126.486919 0.014919 0.001160
1892333.765464 567.793708 583.317606 -0.007206 0.005358
1580513.963280 495.699342 66.183286 0.001240 -0.012666
1628540.167412 101.030451 535.774020 0.009076 -0.001115
358744.990248 592.746334 301.798099 -0.004037 0.008491
1065496.480589 768.672658 90.548543 -0.014929 0.002940
996930.964755 638.357542 488.901643 0.008373 0.006815
685065.261407 523.984393 229.006002 -0.007649 0.019146
22284.613001 83.088118 360.073496 -0.014826 0.005119
1564209.169505 749.552370 458.168819 0.006972 0.006548
471659.941818 683.997133 242.418453 0.009525 -0.009790
234378.384535 216.417710 129.546662 -0.009233 -0.004018
1581110.075852 613.265385 117.733192 0.004190 -0.000952
1733102.233956 757.552600 78.170084 -0.010147 -0.009499
222272.466972 206.795291 219.675769 0.008453 -0.004768
7593.072023 394.840866 189.634253 0.010720 -0.013154
1961038.188991 2.048441 13.984616 -0.004568 0.009661
554464.627316 401.915326 7.666169 -0.000263 0.010861
821613.773155 227.347833 322.643008 0.003957 0.015611
24485.756655 378.332798 502.176248 -0.014263 0.008809
196372.594776 203.391031 587.936813 -0.001422 0.018545
718005.964867 375.035533 274.506558 0.007051 -0.010221
1252709.545778 525.427786 142.166922 0.005947 -0.018315
1958473.456073 741.792808 326.332071 0.019624 -0.003223
628831.249023 322.240031 421.373655 0.014052 -0.019644
1185057.482303 690.551088 288.885967 -0.002872 -0.019714
406775.272641 421.135366 157.292851 -0.012893 0.019413
452064.211691 433.115912 275.624517 0.007349 -0.011354
1391094.198167 249.188392 524.826650 0.017228 0.018310
1830316.959801 730.315970 532.166124 -0.001630 0.016131
610994.441719 618.140299 184.004770 -0.019662 0.004984
631021.334152 481.809869 292.100726 0.011838 -0.018577
989235.750860 1.795093 334.052388 0.010256 -0.012654
1098658.789461 784.373546 435.123780 -0.019661 0.006629
1883467.686308 564.538753 586.015624 0.012797 0.005391
1871849.530317 584.808357 330.537738 0.012870 -0.012442
911993.535660 102.242240 577.382188 0.010574 -0.014595
1176139.691461 61.580279 443.441917 -0.016931 0.015020
1537174.407177 456.352135 526.452913 -0.006938 -0.006930
123261.179832 700.900314 185.245081 0.011675 0.014938
1946848.674653 583.230869 354.090928 0.017981 0.001711
457599.283409 708.993640 164.538182 0.011212 0.008296
926562.791190 189.181548 501.646862 -0.000092 0.020083
1942178.605097 12.061809 45.358424 0.008400 -0.016362
1905775.863633 382.719147 397.470318 0.013273 0.012158
1975712.466974 713.593264 407.968148 -0.008317 0.007170
1128937.655654 214.622495 243.690503 -0.013896 -0.011214
1900458.380534 306.189794 62.089577 -0.011063 -0.013424
1623668.112617 549.979622 239.599194 0.005848 -0.015470
798515.523224 494.058486 76.757580 -0.000977 -0.006940
438456.544857 343.708203 482.289494 0.015120 -0.009778
1216805.763178 694.617304 90.684285 -0.008496 -0.013396
1661706.700764 681.434929 259.146396 -0.010495 -0.019710
1303971.794110 150.819561 233.937497 0.010276 -0.003516
1107963.914568 455.318608 58.974169 0.018169 -0.011402
425643.800956 282.622733 499.975404 -0.007374 0.013762
318262.858465 449.121185 154.979143 0.018567 -0.002275
1036196.117772 457.888750 186.598051 0.006834 0.014603
948553.069005 401.474372 427.709539 0.016395 0.009365
1438074.149861 446.974798 555.760010 -0.015621 -0.007581
677338.477540 530.421817 530.665011 -0.002501 0.004693
197747.041563 521.152651 583.494018 0.017221 0.019652
1601492.672973 71.582155 330.612126 -0.017642 -0.017810
1987075.958395 461.519698 375.188223 -0.007824 -0.010055
971748.938305 621.763890 449.379436 -0.012076 0.007404
974474.447302 733.551293 146.148782 -0.003452 -0.018914
1121549.802423 602.055842 413.158975 -0.002208 -0.012396
613932.794246 434.653075 504.546456 -0.008855 -0.001011
1665525.531241 62.903681 338.645178 -0.004483 -0.014536
1238773.710671 302.412629 429.517306 -0.010181 0.007294
1925637.924078 585.355713 276.646463 0.008455 0.017205
290519.337305 158.634061 508.057554 -0.004367 0.004493
1745488.432117 760.826458 218.956284 0.002446 -0.004205
1111265.337612 695.151102 563.171322 -0.004266 -0.013870
829182.160473 184.286117 135.866112 0.019234 0.004580
728391.627189 478.811208 596.307641 -0.016880 0.013659
1349985.243450 33.308288 346.031194 -0.014507 0.010166
1010733.056353 223.883720 571.583893 -0.005913 0.006793
1129411.861826 180.357452 373.187533 0.017219 0.011488
33999.050983 389.219869 394.171850 0.020807 0.015522
1606354.705806 296.161464 66.679235 -0.018778 -0.005950
1451822.744427 315.162029 570.274468 0.008764 -0.001006
1590584.168020 314.840570 309.313988 -0.005147 0.001140
538209.161040 700.891239 484.877110 -0.011160 -0.010864
958317.440449 628.134891 272.197867 -0.015992 0.008650
479655.517489 94.532010 120.176943 0.015859 -0.017015
167238.956395 558.632085 267.427953 -0.012165 0.009131
1592486.357127 737.258500 73.265524 0.009848 0.005636
1189583.299304 433.014196 20.900076 -0.015533 0.016582
1124831.962923 303.261518 474.204098 -0.005194 0.004006
37146.621401 680.308709 232.703367 -0.001136 0.018055
205026.889315 568.857869 41.068191 -0.007894 0.004314
284161.461650 310.214145 183.810373 0.003494 0.003351
68690.410847 306.168957 301.684138 -0.013746 -0.014786
287411.349028 600.162399 403.941285 -0.012907 0.014464
1171263.018237 591.657034 143.629411 -0.004981 -0.015509
1682127.158941 314.971546 577.529423 -0.010873 0.014516
1824708.168313 264.934666 346.655096 0.019212 0.005358
369206.509725 98.055579 13.390373 -0.000372 0.008413
1208981.916871 419.416796 56.201523 -0.015651 0.007266
446720.970071 202.256745 259.088104 0.015803 -0.002836
586212.983628 385.048209 102.133461 0.001336 0.014304
560717.814863 299.266312 150.894959 -0.010351 0.004146
234257.601311 123.733273 558.883377 0.007806 -0.014625
1133248.557864 703.444520 154.206075 0.003533 -0.005179
1934248.125150 153.568409 536.628965 -0.017567 -0.007939
1152133.833222 226.121694 331.378762 -0.019689 -0.012988
1965200.129880 240.375880 396.853951 -0.013839 0.013365
1034901.121182 346.207734 125.887024 0.010879 0.006881
1623246.405098 709.031179 497.164595 0.009745 0.003207
1926329.093951 248.115803 276.315078 -0.011182 0.015960
1658576.383096 150.489530 54.754657 0.008982 -0.010066
786221.519479 240.952047 318.651793 0.017787 -0.007696
1421758.733421 742.907164 365.021396 -0.004818 -0.017351
888519.625593 711.319443 308.021157 0.005927 0.006159
374128.679919 371.384921 325.500225 -0.019384 -0.011594
247207.860577 783.029274 311.526164 0.003284 -0.012049
838233.393076 329.887395 231.488930 0.000718 -0.014337
1269501.125100 722.762741 262.747423 -0.009515 0.032362
1490342.234955 701.553707 467.198498 -0.005840 -0.010058
1720173.599068 638.961187 82.405970 -0.005140 -0.001857
1589947.016719 447.810680 550.796070 -0.006491 0.003102
254199.274003 369.737073 331.754207 0.005911 -0.018215
1506623.924480 52.408992 274.469768 -0.014406 0.003087
1187558.641279 619.120840 289.611020 -0.018792 0.017646
663885.182079 619.979397 490.472750 -0.015549 -0.014783
134186.233456 776.619002 557.406553 -0.011864 -0.006224
763995.101100 799.301857 542.436890 -0.008048 -0.006505
960104.740672 340.744063 479.108104 -0.018590 -0.016984
1689167.128731 629.700358 84.856896 -0.007886 0.017126
1435140.350571 715.988906 422.199285 -0.012035 0.017046
1287450.956780 425.425117 421.176349 0.009194 -0.014733
1664884.491668 423.856921 368.581920 0.010627 0.009319
1916152.068375 115.690785 439.937328 0.014370 -0.002291
142374.806172 274.713261 522.121880 0.014831 -0.004936
1889104.925044 571.674341 97.838704 -0.016697 -0.019291
184043.514628 642.388899 546.905620 0.011781 -0.019921
1678137.485719 350.666528 320.114215 0.001601 0.016074
349432.717240 299.255953 257.234172 0.011505 -0.014622
327130.583267 597.816383 167.718539 0.015866 0.004361
1445781.852792 774.661586 571.557603 0.003716 0.013534
657045.848974 430.374536 332.866116 -0.000288 0.004922
1143416.638087 467.914941 254.910650 -0.000621 -0.004814
853229.746620 259.667825 491.216222 0.018361 0.014550
1436276.935710 106.433370 143.591659 -0.014027 0.016982
747046.145027 249.388584 400.680155 0.006109 -0.011850
555282.349025 300.075056 106.673095 -0.010821 0.018769
31011.744417 446.383632 303.500844 0.002806 -0.017979
259713.421697 113.414858 381.606000 0.002212 0.005065
30230.289339 785.865182 570.649612 0.013290 0.017699
1629124.594680 440.030781 44.999185 -0.017900 0.007951
1993199.337271 341.270375 5.453020 0.006602 -0.016791
437214.899080 754.101671 272.255755 -0.004240 -0.013120
847463.854052 329.202416 438.781980 0.017217 0.019223
1561464.248021 48.382947 73.523851 -0.003324 0.004600
1496915.452879 345.536391 358.016255 0.008025 -0.009432
1076064.875850 410.502805 489.275697 0.004504 0.002595
1028186.607653 487.309650 594.754689 0.000929 -0.009084
141764.248787 594.389950 129.687760 0.000994 -0.014457
778578.041484 758.790412 329.826293 -0.015278 0.015192
1058486.954802 720.254186 564.130552 0.005844 -0.007126
1112790.978101 319.374199 448.096191 -0.013856 -0.016077
24501.685065 553.947601 366.375697 0.013087 -0.007841
353571.678676 272.757909 548.603519 -0.013268 0.014607
375264.103699 191.478921 365.768094 -0.003806 0.010616
1493884.026769 634.907982 429.285013 -0.008208 0.016522
1188817.119779 659.945072 487.971267 0.001402 -0.000912
259519.063057 73.830142 525.336217 0.015146 -0.010166
1949033.547169 712.087986 562.562783 0.003475 0.008710
482529.103981 609.405000 36.160945 -0.013825 0.017266
1850091.109914 273.847270 102.804659 0.001400 0.009863
1871495.037280 224.951653 324.755920 0.006203 0.002875
908785.677938 195.223356 241.270332 -0.009273 0.011222
1755362.652128 318.416563 522.313725 0.010157 -0.008999
232765.271437 582.025690 98.770231 -0.018116 -0.007226
1765166.354256 236.449658 45.873474 0.017676 -0.001995
15434.920795 692.849402 474.738723 -0.012883 -0.004006
1077013.659792 90.618291 409.353211 -0.016803 0.010606
516053.778360 427.426887 5.734252 0.006389 0.012125
1576709.125925 429.911152 119.178286 0.006431 -0.008342
948767.654108 620.927511 12.209543 0.005596 0.013207
667159.362075 417.520528 74.296220 -0.003589 -0.001436
1146380.339352 334.092012 198.445323 -0.005351 0.003862
1462269.868451 722.415330 427.033848 -0.003589 0.019249
949273.004639 536.529038 309.754125 -0.000657 -0.006838
636841.273232 217.407135 520.987532 0.000691 0.017240
316267.470045 793.074983 424.468801 -0.012938 0.005309
1072709.865436 409.192980 92.844147 0.006415 0.016881
1234697.917120 187.509722 203.696675 0.017928 0.003944
1871003.135047 543.409414 300.150034 0.005844 -0.016343
968257.898916 95.623723 457.567819 -0.019799 0.004248
184803.100389 256.167431 525.934199 0.018292 0.013469
1613704.762242 94.160353 497.003096 0.000561 -0.008174
920804.219749 40.429163 484.193603 0.004855 0.008302
1455508.939668 184.364303 565.902443 -0.017310 -0.012833
1084419.887087 1.239429 515.122170 -0.018219 0.005932
1899527.167855 422.509052 461.409183 0.008452 0.001114
745706.753221 643.180059 509.127013 -0.010134 0.010543
1369434.811813 44.298095 529.134662 0.000575 0.002791
353913.564400 780.002840 371.891921 0.019280 0.003540
660308.989072 568.533812 492.064525 -0.009055 0.011118
1997036.600484 653.712027 468.944876 0.014265 0.014408
857968.969670 644.636699 232.643047 -0.012094 0.000743
1832483.595159 457.074795 194.302538 0.011671 0.011686
174050.590104 359.795231 525.523573 0.018768 0.018479
887791.815627 115.832940 561.241120 -0.017432 -0.014858
1048845.100705 314.647851 504.387349 -0.006251 0.006687
1236598.032171 273.666819 290.050426 -0.004027 -0.012092
688449.854352 662.679841 2.437285 0.009250 -0.018938
1047717.716101 519.092200 357.801969 0.013916 -0.003481
831685.772553 746.759373 517.263151 -0.008456 0.016124
1646809.537731 587.905599 29.462082 0.010385 0.011941
354697.854423 226.604205 115.083211 -0.019277 0.005150
1718570.137265 508.412614 581.419805 -0.006286 -0.018645
338487.908402 549.668024 517.430234 -0.012998 -0.003249
1776805.868268 558.741064 40.765433 -0.000619 0.001847
960078.654327 720.387640 287.005917 -0.006800 -0.012535
763596.911339 131.446824 556.071111 -0.002750 0.017019
1446903.674606 486.641961 125.318478 0.017485 0.005368
1673049.761761 619.854641 155.861543 0.012216 -0.015279
591079.477496 780.297580 482.708620 -0.013708 -0.013985
450261.526019 36.899295 509.528541 -0.008245 0.001255
788880.985598 619.001498 258.775957 0.014936 -0.015424
1247242.441982 204.426294 167.393981 0.002020 0.007425
405506.701397 218.014574 175.265465 -0.003531 -0.012366
1835863.754077 197.705790 576.349340 -0.012857 -0.017847
159031.381905 380.056817 18.631422 0.015404 0.005324
362722.217274 87.327963 407.228348 -0.018539 -0.003746
420997.232395 340.180972 105.306599 0.005859 -0.007743
580167.091722 213.285910 332.911962 0.002807 0.012593
479025.265425 617.109402 52.528223 0.001287 -0.012675
552036.800679 359.892352 258.434380 -0.010469 0.005069
969986.005207 253.895319 61.568702 0.000810 -0.011949
1471710.388303 557.496302 187.832736 -0.003394 0.009218
1430984.936390 500.902647 91.099158 0.015645 -0.009260
902052.609670 144.491235 321.191808 -0.019780 0.010002
700700.571156 195.525501 313.361443 -0.002450 0.011060
1408199.004553 571.226658 137.182827 -0.014609 0.018116
1713095.736556 496.327327 161.360403 0.018420 -0.014613
944491.339356 557.130578 498.679944 0.011373 -0.015567
1119457.834922 400.481674 441.414699 0.008483 -0.004370
8319.607940 130.639023 343.459149 0.001563 -0.013273
647061.014849 711.882951 247.382124 0.013812 -0.006822
379545.065751 439.179162 25.914397 -0.003341 0.007315
1990576.603445 218.594609 181.415310 -0.009384 -0.010680
876473.971119 589.595224 557.754630 -0.009188 0.000888
80381.552726 664.580277 13.453958 0.011021 0.001700
828036.629980 625.069052 423.048791 0.019521 -0.007181
1747623.103553 248.359424 124.407168 -0.008533 -0.013741
1072386.123739 381.214523 423.688728 0.003227 0.015735
777386.485961 459.650802 100.908240 0.007635 0.013595
801906.589792 103.735077 345.950393 -0.006811 -0.003942
197987.358178 295.919633 137.787391 -0.015160 -0.014142
1545926.498969 428.229163 556.359877 -0.000467 0.001258
492654.834172 281.819931 500.353488 -0.000915 0.005019
1978982.283724 792.960651 69.285885 0.007748 0.002827
17631.095842 66.077028 86.765785 -0.012955 0.010995
1966499.848276 461.743525 543.670079 0.003619 0.014937
611006.784537 527.337663 167.367453 0.001460 0.011205
850069.038966 247.018796 189.901760 -0.005922 0.011500
1676786.882652 479.124708 83.244891 0.006893 -0.017859
1557780.060711 529.801293 26.145847 0.015763 -0.005720
1227310.625476 722.841985 262.786130 0.006247 -0.035906
428616.731627 591.988811 393.323789 -0.015228 -0.007965
1127178.874392 340.452413 576.733927 0.013657 0.018408
1480731.590409 212.717516 162.229013 -0.017760 0.004802
115335.758829 715.087257 130.659892 -0.012099 0.002661
541498.807511 780.910326 137.333195 -0.007445 0.014834
1167776.423119 741.917939 464.513426 -0.019058 0.007390
1705487.274428 189.986833 255.757361 0.000312 -0.005711
1455042.508177 58.240177 469.695801 0.007528 0.016569
1485351.840726 341.484278 108.568453 -0.019549 -0.000662
1600046.444498 55.530448 226.670150 -0.019274 -0.009267
1889695.885540 230.150756 146.896247 -0.013081 0.004147
230475.999522 605.926032 319.326144 0.015497 0.011174
434670.210087 593.567728 9.935271 0.005755 -0.009940
748135.628527 296.646283 193.022120 -0.013639 -0.017665
474188.291689 718.617147 292.778219 -0.003324 0.016209
1941577.332067 174.240932 588.507719 -0.006009 -0.010687
499196.726130 235.231945 314.391477 -0.000261 -0.001297
254300.674542 487.765246 134.031026 0.006369 -0.000111
6325.354803 699.961506 144.014257 -0.019182 0.000833
980919.682878 316.088151 534.938611 0.012555 0.001956
1900851.625903 40.264647 269.151930 -0.002597 -0.001273
719689.197242 326.192512 412.415132 -0.006339 0.010296
1844748.197982 472.722768 30.115085 -0.002184 -0.016557
1036199.990211 459.274561 416.283966 0.009636 -0.010767
385683.919483 595.612849 65.312832 -0.002699 0.010629
1256102.471266 738.643300 96.116045 0.000499 0.010298
1419511.694191 375.366802 472.924879 -0.013619 0.016242
511292.832210 415.342511 189.737589 0.017687 0.014407
145034.134456 691.125955 270.112790 -0.015049 -0.007553
1071721.370831 513.109613 530.644655 -0.010812 -0.004677
233847.819378 338.142439 77.432308 -0.011037 0.014194
1786277.592083 681.752235 467.384740 -0.017909 -0.005085
1031918.257955 609.611869 506.184006 -0.007876 0.016820
1499349.890975 446.253214 263.474398 -0.017319 0.000081
597617.807145 110.360706 219.020377 0.010017 -0.009533
1353622.215499 228.399077 541.956593 0.002470 0.000629
573296.933702 542.629696 564.068735 -0.003398 0.016135
1590131.532210 246.419765 453.745488 0.003014 -0.005546
258416.177825 73.049329 73.595999 0.018867 -0.004274
87595.200207 577.072353 571.734095 -0.000688 0.011451
906233.425674 625.902727 554.293340 0.012745 0.001240
370032.188655 395.816331 489.241213 -0.016454 -0.017745
664767.085884 299.532191 441.840365 -0.009131 0.011572
1278253.811075 53.001146 58.722372 -0.004117 0.005621
916040.443311 420.097529 438.712322 0.003217 -0.000167
249204.321880 499.122031 130.177120 -0.016947 -0.015717
8661.484350 424.563824 533.399921 0.017158 -0.006052
841302.204338 90.038125 506.055422 -0.010470 -0.011987
1802783.200425 455.940789 346.278780 0.005476 0.013643
731632.451868 220.844915 544.784665 -0.001401 0.006843
1096714.972098 736.698112 118.100662 -0.008797 -0.000105
1386984.768969 323.999475 76.207410 0.016471 -0.000736
469499.863903 732.070249 6.982029 -0.015005 0.013813
718651.906922 435.365951 574.665368 -0.011850 0.011221
316653.122342 84.366449 211.415326 0.010134 0.008943
385530.231700 79.620741 10.959692 -0.015987 0.002576
1379939.433830 519.535177 291.683971 0.015409 0.017179
1974529.288697 463.604459 199.389718 -0.015527 -0.000411
1626419.535664 279.793218 244.563394 0.012984 -0.001062
503204.831157 146.109826 10.647985 -0.011611 -0.004501
1600260.999799 292.979792 294.403212 -0.013934 -0.015949
467442.890847 275.288001 120.994915 -0.009913 -0.002201
1530910.291491 753.017084 56.649664 -0.010010 0.013183
43405.273949 189.914002 245.089241 -0.005785 -0.005884
1801413.789299 133.488680 421.462276 -0.007699 0.019683
348673.859774 447.487176 105.075227 -0.012280 0.010755
1122384.702378 793.284966 80.738761 -0.017925 -0.014250
474000.488629 229.238806 293.458424 -0.002430 0.001563
1867761.544822 162.638538 288.086442 -0.018852 -0.001847
617712.498930 39.638902 415.269483 0.008760 -0.003838
88793.583256 495.161715 342.935036 0.009898 0.016913
1123119.018564 736.248549 291.457638 0.009363 -0.015513
510837.786138 237.537540 62.600879 -0.004328 -0.005983
498234.962345 502.753641 381.352304 0.009533 -0.017335
350510.791107 537.847148 162.942111 0.006256 0.007951
1451432.125387 771.367807 449.394161 -0.003399 0.007361
303273.376219 370.356738 179.863726 0.008882 -0.011665
454803.713809 227.227913 75.902694 0.008605 -0.019199
480071.545802 775.458047 189.787232 -0.006255 -0.005556
1333575.176696 474.797432 592.855246 -0.007775 -0.006722
110627.538576 382.764293 1.801199 -0.007006 -0.014505
1406769.050940 41.567966 59.181588 -0.001867 -0.001180
1561676.394922 482.124128 559.300054 -0.016766 -0.007000
281255.947557 246.668527 364.705908 -0.009246 -0.019070
1257382.930842 407.510819 596.181635 0.017783 0.014118
706537.016996 489.477334 268.973207 -0.006343 0.016655
1558318.719993 318.170092 237.089533 0.011349 0.008938
1057752.200895 389.440480 466.034979 0.005111 0.017491
491364.625511 326.218617 325.139380 -0.012860 -0.000413
1734950.389590 255.124953 479.331391 -0.000922 0.003492
1643357.573842 84.762880 56.789391 0.012567 -0.017962
1898263.090243 133.926213 397.734725 -0.004152 0.000408
1157183.811607 141.130506 544.693387 0.018944 0.018331
1260090.642264 401.451455 266.476787 -0.003784 -0.014829
767107.214205 521.702017 323.358415 0.016975 0.013174
55740.578126 634.898021 88.743235 0.013011 -0.009322
1471867.368311 519.090984 224.864950 0.012816 -0.001699
851158.514084 624.078162 377.572231 -0.016455 -0.012924
279214.015361 532.884745 211.831688 -0.018199 0.005635
622537.959657 541.399134 84.620809 0.010268 -0.016709
543551.074594 112.486800 439.124591 0.012899 -0.017319
1125283.938425 670.487193 515.306260 0.008415 0.006516
255944.995329 357.695205 187.073588 0.000112 -0.008827
1549879.616848 742.594235 35.126418 -0.003809 -0.019290
474171.187949 435.918152 410.499142 0.003560 0.003658
648167.413030 720.763890 160.528546 -0.001357 0.006312
697835.028496 589.742895 478.514246 -0.016729 0.001912
1725670.433475 516.050442 231.086798 0.008603 -0.005268
99429.388577 679.138377 481.503276 -0.005526 -0.005956
163663.104253 109.258654 168.320156 -0.006694 0.000354
594763.153510 303.810669 52.889725 0.019280 0.018815
1355525.087265 245.036567 522.180581 0.017937 0.010951
1053977.892294 234.750942 305.602236 -0.007012 -0.004926
115031.983757 149.679522 12.902356 -0.002332 0.016306
752375.869431 393.676415 455.174121 -0.012755 0.014190
219437.964363 208.564189 594.981184 -0.004391 -0.003951
1068114.026016 550.278715 469.119758 0.004827 0.006915
1499866.051366 239.145180 584.148213 0.004721 -0.010294
1491842.997955 116.784694 322.373108 -0.009706 -0.001117
1826279.228472 251.198113 395.266582 0.017292 0.010253
1133058.067007 247.486688 149.320292 -0.007045 -0.000434
207507.431604 346.461093 450.378176 -0.016175 0.012955
304737.184339 504.480915 306.625557 0.017354 -0.010023
361247.467977 546.396326 329.274384 -0.013812 -0.007890
1585793.637478 720.383974 269.237884 -0.006753 -0.013855
1841064.114050 194.851993 281.193682 0.003196 -0.012827
451362.950938 116.070718 291.940720 -0.000994 -0.001229
1950936.490647 463.006209 542.251035 0.007728 0.008300
1454702.783122 701.639046 182.732049 -0.010461 0.012502
1108684.254395 335.110867 297.154231 -0.015858 0.002983
1596490.624173 716.780406 284.823209 -0.012813 -0.009943
1263706.185512 134.106499 282.544149 -0.015925 0.009881
1294332.516982 261.055212 535.812467 -0.014672 0.012041
723046.520130 87.044279 228.534882 -0.009389 0.013353
107937.715067 793.448067 426.808424 -0.005755 -0.010863
1046872.077066 728.820115 389.731182 -0.019390 -0.019537
450965.188654 653.716201 546.637637 0.008009 -0.017430
278162.196408 266.392100 139.751908 0.004373 -0.002625
1960316.196066 205.793790 456.553829 0.014896 -0.004398
1125740.257616 187.829132 299.748036 0.017724 -0.000072
668170.334151 796.711443 294.201958 -0.018195 -0.005843
1443825.863043 455.475960 160.047179 -0.005093 0.003557
564375.188464 478.118840 242.569327 -0.012222 -0.008028
938961.728913 267.146460 379.896388 0.008066 0.017687
132214.712972 546.731894 119.679095 0.013364 0.002232
1179224.623916 311.486434 473.112313 -0.016495 -0.006653
575213.267736 339.077822 197.872083 0.010984 -0.001189
1368718.602401 400.941077 24.045099 0.018036 0.014954
1254302.726711 185.676345 282.672482 -0.018635 -0.002903
1541011.519516 401.009550 456.120017 -0.003924 -0.011876
1407684.757098 375.513863 531.733662 0.016159 -0.008184
883750.411162 393.778684 411.792796 -0.010555 0.003304
38293.802197 414.518532 2.816741 -0.006035 -0.008080
949396.727117 26.724001 479.025234 0.000614 0.019451
1340193.529306 112.139245 129.838677 -0.014283 -0.013052
1289556.392138 729.381465 404.305619 -0.003832 -0.007437
1756783.113702 88.135061 468.965393 0.010465 -0.019753
157687.638028 166.072230 303.230764 0.010647 -0.002497
175039.783202 626.604098 573.212380 -0.016259 -0.014659
506304.289450 453.237335 99.202629 -0.017941 -0.016707
301433.914481 576.022407 133.869768 -0.005380 0.014557
790027.673724 9.523369 464.049275 -0.017184 -0.003250
176035.711624 758.810119 317.268900 0.014793 0.008526
1081972.172988 759.102126 552.337959 -0.018274 0.008705
715741.816310 106.944918 298.855053 -0.007400 -0.010926
1263880.632475 454.390128 476.768157 0.011930 0.004696
1751026.801649 758.648433 202.430226 -0.016181 -0.007299
399196.095951 394.901094 198.054547 0.019105 0.002353
1496994.359185 48.637864 306.570322 -0.008895 0.017279
445396.929255 653.561847 529.811802 -0.014303 0.014539
1193553.106484 399.773813 599.484762 -0.016114 0.012533
450224.472419 581.255882 229.329711 -0.019250 0.001036
1999453.321099 715.721541 285.864210 -0.004121 0.019026
1584501.028799 429.147039 291.144085 -0.015106 0.000399
94458.571679 696.631999 342.439909 0.002264 -0.014109
1007827.074736 623.572994 579.723334 -0.004563 0.016849
1658558.308919 786.709499 253.057710 0.013085 -0.016913
475365.567242 42.325640 482.834045 0.004290 -0.016906
663714.367274 496.144990 580.945630 0.012217 0.018162
1919117.403179 479.283653 296.983552 -0.002164 0.008820
9624.167350 393.725477 354.501915 0.003062 -0.018037
1478876.057770 64.662064 497.164610 0.007727 -0.001375
1502145.321808 426.484557 269.220554 -0.013019 -0.005534
1054818.871922 329.063197 247.640455 -0.006669 -0.018736
972186.690649 532.043610 390.586015 -0.001900 -0.001128
1216433.286302 329.471954 43.385218 -0.015863 0.014310
1585452.240699 85.730237 209.949403 -0.004634 0.007096
796849.675848 98.933501 459.132448 -0.011127 0.013064
461377.134761 782.851919 216.928528 0.007136 -0.013902
1447663.852688 165.148986 338.379529 -0.014470 0.001607
1190708.408687 498.734572 122.677968 -0.010136 -0.017074
1355477.244293 684.107723 294.557344 0.010002 0.018253
694211.989964 433.761060 39.464886 0.007913 0.017111
1497031.391364 75.984472 30.202223 0.000516 -0.007094
1759090.904966 594.402574 180.041369 -0.010330 -0.003080
904928.793621 771.906483 377.636469 -0.019374 -0.015858
341892.055395 489.137178 437.179545 -0.004955 0.014361
1609370.418642 43.109676 428.120001 -0.008170 0.012130
1339833.364515 513.564181 206.842345 0.009433 -0.006390
543533.833951 386.143040 260.584997 -0.007102 0.019775
1510075.678821 160.979464 443.558258 -0.017782 -0.002230
325429.097901 406.704198 246.068896 0.011711 0.000973
1027532.088117 770.884342 81.205403 -0.010401 -0.006335
1987715.010526 37.223302 236.745347 0.008292 -0.006362
396776.620483 301.255654 588.531073 0.001756 -0.015607
639902.701899 652.679804 355.835880 0.010156 -0.014506
1179865.857204 406.077305 204.136077 -0.006872 0.002540
1568458.621189 393.150443 42.275360 -0.012224 -0.008574
1190290.628555 566.813171 150.369211 0.009232 0.017977
1180185.991889 580.616306 597.228578 0.019383 -0.002811
672088.553511 146.492555 485.064457 -0.007409 0.009061
1837656.663655 510.375878 325.253494 0.000515 -0.004376
1360614.323691 81.462006 539.167734 -0.019214 -0.002760
924125.776125 643.726111 555.348987 0.001306 0.019925
418950.309241 102.531016 424.732706 -0.001808 0.014234
1312754.557148 39.414162 349.607241 0.006053 -0.018694
30587.249450 790.921626 130.213839 0.012884 -0.007749
1889215.610870 593.533274 565.954608 -0.000549 -0.009841
669560.509114 133.405823 214.067005 -0.010652 -0.012485
1579576.984783 556.865159 594.906641 0.008598 -0.010927
1982244.182370 739.112561 214.008641 0.007924 -0.004710
432350.935616 284.020087 257.975820 0.011971 -0.019775
930735.730068 652.635778 596.837121 0.007302 0.005510
600671.720971 501.604980 227.657023 -0.010159 -0.015433
1270601.892504 464.041456 169.607017 0.019700 0.012525
938976.299455 626.112576 304.953945 -0.001551 -0.000152
1474031.937064 361.626249 251.558261 -0.016257 -0.013942
1605130.416157 247.718774 302.548757 -0.010670 -0.015575
1023340.410098 559.402437 555.251658 0.000253 -0.004736
1128556.229700 645.812855 5.077964 0.017728 -0.017936
248420.950141 463.886441 377.911114 -0.004096 0.002572
884577.235619 701.155704 213.157231 0.017996 -0.006628
1704879.713107 549.684628 474.536240 -0.009088 0.011160
1882055.445519 60.087533 54.757899 -0.002191 -0.007594
404206.608610 765.797282 4.941597 -0.014903 -0.001415
780987.060993 553.533401 162.457889 -0.004078 0.005523
642018.800900 420.251321 130.868964 0.018038 0.017209
1579863.075903 313.789192 483.313293 -0.014239 -0.006307
286431.929230 799.174419 18.279285 0.017334 -0.009107
1625355.291937 700.160364 207.282092 0.016183 -0.007104
1310099.705732 85.519466 166.798044 0.006598 -0.010574
1485499.756171 42.305231 555.843884 -0.019439 -0.001828
1126826.147142 267.776640 586.716835 0.011207 -0.008651
1817754.082297 456.580137 407.024818 0.008593 0.008659
42605.713030 685.711023 428.878302 -0.017482 0.011480
1969490.396776 691.778740 399.898280 -0.006750 0.010788
1972945.507603 788.216594 525.899715 -0.009425 0.005962
221002.463354 5.596755 421.023319 -0.018481 -0.019154
314139.836614 479.760169 212.941218 -0.014575 -0.004778
1280098.799281 35.220212 571.074405 -0.007242 0.010309
1334025.561499 271.114385 370.183881 -0.004790 -0.004315
817314.073824 291.917580 154.280743 -0.016981 0.007877
52254.755074 49.372071 409.048566 0.016117 -0.006918
662711.798522 9.415559 199.678963 -0.018599 -0.017992
710212.109941 153.494416 389.836763 0.008414 -0.006921
61999.699130 281.096116 223.088737 0.019318 0.006770
261157.692532 519.684082 3.644502 0.009907 -0.018753
797766.605764 125.458048 237.090996 0.006233 -0.010779
184709.901076 545.736664 175.224527 0.010997 0.003294
1235796.007903 85.485807 357.341153 0.018120 -0.014404
1292608.929469 245.291049 198.251737 -0.008132 -0.019333
1317389.029692 261.234627 220.336643 -0.018779 -0.007599
71927.786838 127.754722 575.880112 -0.018264 0.016282
1977614.946653 353.571384 38.329922 -0.004673 -0.016039
591803.305127 381.782905 467.168450 0.003533 -0.009938
726241.200569 165.243791 213.973167 0.018401 -0.013691
995710.504705 485.318770 279.399538 0.013139 0.016103
963862.695249 391.201982 138.020149 0.013997 0.000720
1079147.418532 708.512815 408.081427 0.000040 0.017221
1174876.041326 389.904807 223.305492 0.006101 0.014863
937689.950195 758.242053 209.344266 -0.010101 0.001368
1200871.358253 489.754965 445.104784 0.018296 0.002821
1798372.363578 364.454143 105.791587 -0.005465 -0.008552
158766.744732 676.238020 464.556546 -0.007535 0.007876
584123.108808 679.923193 348.353056 0.018810 -0.006105
1019930.488905 447.393921 500.089732 0.015237 -0.011570
1412068.961846 279.248685 95.680685 -0.017828 0.003982
1390465.348675 524.121697 125.805799 -0.002535 0.004566
1560588.704217 269.602201 41.799905 0.018294 0.008036
709118.110458 28.657376 327.048804 -0.014824 -0.006311
481739.437432 336.802637 116.756461 0.012810 -0.004330
1084185.081108 265.269473 569.430219 -0.004953 -0.011507
321427.933090 65.617161 337.173493 -0.007554 -0.014330
322096.383349 11.904821 475.436881 -0.005134 -0.001932
811598.476400 120.526165 472.213930 -0.000990 -0.015693
975828.599639 662.818915 87.442563 -0.018663 0.018337
980873.326296 219.736036 226.205163 0.007427 -0.016140
1538962.265262 182.295670 256.973472 0.008846 0.004172
1281944.833362 703.540849 411.216671 -0.011743 -0.012073
1646853.441208 292.157905 129.437389 0.004646 0.009429
1334224.681991 17.329171 531.644126 -0.001752 -0.000143
1987979.200663 753.904298 196.471387 -0.014448 0.019148
567825.405192 503.399278 150.195962 0.006614 -0.007360
693992.653253 345.655996 324.423271 0.011162 -0.014019
290886.182473 333.321987 18.706026 0.013265 0.004836
461579.700216 523.952608 590.531598 -0.002182 -0.009209
1440439.939238 90.565528 175.765540 0.004284 0.002718
1578856.275221 479.604884 307.177827 -0.015374 0.009488
975708.803616 319.982987 219.893608 0.009550 -0.017504
1363849.989774 68.093125 296.400356 -0.011052 0.014436
1287670.666020 295.508312 165.504288 0.006993 -0.011983
1793086.186886 725.002982 513.179810 0.015254 -0.005939
253419.465503 481.159230 278.125752 -0.003038 -0.011640
65064.939701 167.187578 484.635256 0.001755 -0.007021
1093948.624606 26.040262 434.820077 0.016635 0.010811
1570950.974510 476.902720 514.166188 -0.008945 0.012881
1433502.711092 738.667832 113.678105 0.019658 0.003956
779698.448619 711.543883 301.935826 -0.010234 0.010912
1707668.152502 297.512973 224.247966 -0.007301 0.011712
1161722.038482 280.383339 1.021649 -0.004390 0.015816
650195.260835 748.094995 556.325104 -0.017969 0.014024
1393276.303724 667.715081 267.735738 0.002116 -0.015476
534900.189626 215.495271 20.825514 -0.001723 -0.009450
1264731.390059 676.598671 91.023584 -0.014610 -0.016294
1848317.172308 790.614372 278.271706 -0.008155 -0.007742
512088.236637 701.976426 394.156674 -0.009755 -0.009265
1104225.446984 465.378412 122.058703 -0.000855 0.005249
107543.810321 140.002940 279.591553 -0.000007 0.009153
1156781.673039 614.988801 597.849089 0.004532 -0.011040
520065.349769 196.747008 42.792826 -0.003460 -0.004745
327390.441823 269.816166 222.007090 0.005086 0.005379
1353004.063178 706.973523 306.662774 -0.006511 -0.014412
1558240.596931 709.730326 433.270805 0.019294 -0.005472
706633.334377 29.295257 323.790274 0.012782 0.001653
534505.464385 317.270426 182.514012 -0.009449 -0.019535
1061346.780072 419.730860 154.874553 0.004185 0.017603
1275778.349152 612.005020 164.412909 -0.019712 -0.004273
1816858.008419 547.099372 166.056463 -0.003173 -0.019293
837596.447597 159.119948 542.043470 -0.014411 -0.012806
537634.699856 396.187813 130.372212 0.012322 -0.007441
1509630.032587 59.619471 425.816816 -0.025827 -0.020272
1442342.147903 473.592988 518.187350 0.019182 -0.012357
1603574.954720 492.097106 575.809484 -0.016932 0.004958
706735.606634 787.836811 184.380561 0.005210 -0.003781
651319.147391 39.752083 362.301537 -0.010775 -0.012382
1573016.600485 398.189223 411.365461 -0.019935 -0.007667
1998835.487291 607.638019 230.159580 0.008376 0.012765
1445522.677826 344.897364 246.132314 0.003478 -0.003645
1207599.107738 311.330528 14.962589 0.002535 -0.001325
1297106.122271 733.954055 269.875025 0.018136 0.001905
1709409.523620 225.351330 358.937520 -0.001615 0.000451
1579454.636005 196.674221 5.868542 -0.000955 -0.009964
635151.660366 380.551130 5.073674 0.008026 -0.012571
1657542.871152 338.026096 368.795001 -0.010405 -0.019604
50074.195513 673.695616 239.454150 -0.017990 -0.003732
1728956.987955 558.591624 193.869102 -0.007463 0.006090
1741304.677791 135.024308 562.111441 -0.001265 0.005059
896425.988943 206.794701 524.855089 -0.001636 0.009344
248631.410417 620.399810 125.791869 -0.014689 -0.000944
789536.960791 769.119705 539.283613 -0.019604 -0.011931
1819863.026878 28.328339 26.131581 -0.007617 -0.016544
901731.744829 139.452271 470.673547 0.010949 -0.000466
878442.611954 515.168215 393.410136 -0.004976 -0.015501
569936.175165 658.593099 222.629791 -0.013653 -0.008685
212161.644461 226.421759 35.183975 -0.007361 -0.003247
1070836.321949 568.346379 228.023442 -0.002626 0.008850
1162154.364009 276.181662 454.530360 0.005043 0.006162
1685995.778854 61.517512 497.374689 0.005541 0.014012
631794.399876 54.140039 296.547314 0.018927 -0.002277
