120102.793966 630.396116 121.605311 -0.006103 -0.005545
269277.329682 299.997923 156.238094 -0.018280 0.015150
1260731.205931 302.272758 191.710556 0.013066 -0.002960
973263.179405 632.918665 572.909998 0.008500 -0.005937
1683880.506867 289.187679 229.257769 -0.016821 -0.013039
1760997.696668 175.427900 580.395040 0.011720 -0.019818
354965.669268 681.961830 474.582823 -0.004792 -0.012043
306862.422408 412.003599 346.443395 -0.003480 0.002355
913598.742761 34.967161 562.621986 0.011148 0.014844
723511.401901 210.216543 397.813973 -0.007307 0.019059
27418.055584 126.997336 203.131957 -0.004125 -0.010459
1026719.971107 221.752412 272.936951 -0.000715 -0.017199
919235.655535 527.236529 552.771418 -0.009944 -0.018414
247720.705461 324.239209 333.729043 0.008060 0.012677
229642.751734 125.554470 517.180077 -0.017956 0.017167
1463437.116455 330.401332 118.942093 -0.004254 0.009175
349002.480669 325.716051 534.034283 0.001220 0.011401
253345.397419 21.866539 48.649985 0.003296 0.000362
301882.374241 33.198882 100.943209 -0.017034 -0.008248
417897.793659 158.363198 419.907346 0.010565 0.015940
1032678.423930 703.059219 34.565937 -0.004921 0.017251
1981626.739717 86.507731 206.283197 -0.012552 0.000451
148080.320166 291.108071 546.213788 0.018533 0.015042
1426235.401736 72.447717 542.606596 0.011800 0.006902
826207.458426 756.231752 428.256215 0.003248 -0.019250
17939.873048 633.053343 129.718531 0.008267 0.002239
229060.592236 178.663259 260.704377 -0.013001 0.003905
729567.630556 129.741861 425.687037 0.008432 -0.006073
424191.899795 625.444120 428.234206 -0.015126 0.009745
1179453.697605 667.589501 501.700821 -0.000335 0.005135
1017047.714916 724.877792 344.256806 -0.011064 -0.000461
1184883.571782 186.619479 168.443515 0.012307 0.017669
1669257.284919 738.015306 97.895120 -0.009253 -0.016866
1530870.404807 506.866902 153.127283 -0.001070 -0.006372
1211583.405366 549.641289 75.417264 -0.007254 0.012391
1741377.547263 727.190594 385.830861 0.008293 -0.003782
544004.606336 172.602075 185.184657 0.013865 -0.002454
1594854.852927 349.870450 402.339382 -0.016924 -0.010146
1223177.906695 729.703159 101.288525 0.010942 -0.013123
527324.168257 433.115372 487.599522 0.000765 -0.019353
312490.830343 99.700831 422.373767 -0.009670 -0.002791
1025907.483430 120.817477 212.101073 -0.013732 0.014351
1509229.653286 341.872319 43.564908 -0.018023 -0.009415
1023852.793045 688.146746 428.133480 -0.012674 0.017497
1918069.081343 635.208863 509.710307 -0.014816 0.002802
59433.087734 314.526881 67.943206 0.013716 0.016465
257531.464220 800.564883 21.747450 0.013274 -0.008792
961609.428265 277.248905 259.692308 0.013372 0.000060
582120.371322 470.092749 558.502493 -0.005430 0.005998
408974.288222 701.710301 306.564575 0.016821 -0.017662
899929.745542 700.327626 511.711427 -0.008030 -0.019843
849952.291162 263.262821 237.661946 0.001508 -0.013091
617567.269419 532.387839 103.649656 -0.006174 -0.000020
907629.657959 661.823443 507.007377 0.015495 0.006321
693382.430213 141.773226 148.661771 -0.008907 0.001676
1797970.130014 385.120398 250.782172 -0.003523 -0.004087
955435.349120 688.627656 163.958704 -0.006711 -0.013570
557659.864685 605.860489 293.303165 0.007016 -0.008251
1324351.926951 788.284759 575.598057 0.013347 -0.006820
917046.023028 230.659276 93.500823 -0.007870 -0.012908
1632997.046985 519.077812 212.565400 -0.017492 0.017125
1790149.784549 770.191051 244.867270 -0.007408 -0.004954
1613713.184192 632.127766 140.630486 -0.016797 -0.015064
791753.703166 288.586492 527.197497 0.015413 -0.018591
347958.385175 437.357526 12.053604 -0.014655 -0.004618
701432.257286 473.864968 403.361103 0.000322 0.015831
1693039.169392 258.662256 326.914663 -0.012032 -0.004481
944105.254926 76.376296 210.593633 0.015346 -0.003686
1451122.988691 550.684164 119.883687 0.018420 0.010771
644142.737912 285.006399 76.585102 -0.011892 -0.010299
328294.663843 300.297712 473.817607 -0.012154 0.000424
344141.964030 428.810140 60.503901 0.013708 -0.018295
1995072.262359 551.862082 220.694078 0.001691 0.015581
1509670.835691 11.141594 591.058768 -0.015726 0.015785
783939.521193 665.470459 350.093300 0.003531 0.011734
702233.533702 730.433057 89.080823 -0.000811 -0.015207
783487.379916 514.368203 295.256921 -0.012697 0.013073
1976.599918 282.110556 217.577116 -0.015853 -0.012082
812477.567611 80.993661 532.107286 0.010929 0.005801
1551513.418346 422.676318 395.109967 0.010376 0.005365
1106838.468046 120.745097 279.729306 -0.014517 0.009725
516376.429478 389.594318 394.276565 -0.003953 0.018698
1541877.001311 639.182955 367.009946 -0.009510 0.019229
877046.727052 210.988676 200.398606 0.012096 -0.005350
1062152.807164 166.459120 280.947764 -0.003290 0.019314
220503.739184 155.073258 306.170669 0.010773 0.018107
285758.867062 257.629339 62.746408 0.004288 -0.002021
1694852.848395 693.283428 566.658954 0.000245 -0.009227
1823523.613542 219.372372 44.353994 0.000921 0.001474
109429.840049 768.294674 480.065677 -0.004460 0.010487
331166.874772 736.360237 582.241150 0.005306 -0.006547
1904142.131984 594.104884 318.589352 -0.001584 0.000436
967910.745632 483.310859 499.257043 0.003519 -0.011505
581591.096978 348.420975 48.116435 -0.010656 0.017494
706572.319710 117.982841 128.382616 -0.003008 0.006864
1499518.371885 385.540265 378.825138 0.001970 0.014863
785875.055374 571.534219 474.388591 -0.005466 -0.006112
257524.722376 252.971532 54.404949 0.006463 0.011199
1201976.699383 114.823093 228.931842 -0.002619 0.009278
1186503.038363 580.047362 101.837033 0.006826 0.018391
215485.423904 20.087474 64.842053 -0.007119 -0.001907
1555844.913030 56.634356 560.853224 -0.003698 0.004792
1610655.802121 641.109549 200.322888 0.003837 -0.013393
1363983.919548 580.599696 288.318237 0.010878 -0.004604
515601.680854 298.528656 317.653644 0.005556 0.012250
521772.659627 185.437677 319.562348 -0.002814 0.016122
984056.433190 429.800430 558.376961 0.003501 0.013635
764465.851134 302.212749 558.049416 -0.007322 0.011438
1098768.237559 98.215801 352.923732 0.014617 0.008843
1505133.839094 452.502526 265.857412 -0.010746 -0.006514
1656881.889169 392.738097 425.934045 -0.005639 -0.014821
1035409.796534 493.538083 216.350067 -0.018007 -0.018103
532033.862794 432.436017 349.935634 -0.012178 -0.014336
885049.308131 462.092936 312.419719 -0.005106 0.015767
611963.250959 737.612429 10.427295 0.015702 0.012225
1469794.933437 516.367128 223.605320 -0.012428 0.015611
1419313.830053 5.381345 222.236411 -0.003142 -0.005435
1001399.715897 751.258083 589.890188 0.014481 0.019443
57920.523946 103.060600 316.896330 0.004563 -0.007022
1340168.589419 44.054745 541.153122 -0.012380 -0.002906
1593328.125585 397.050930 209.032721 0.012545 -0.004448
308175.125303 438.500700 21.592610 0.000928 0.009129
1829796.170737 187.896847 440.318751 -0.008568 0.006237
194622.977727 628.386195 356.789235 -0.016823 0.005969
1163384.351490 85.775841 466.901658 -0.015284 0.009215
203536.384834 623.503996 466.983115 -0.019844 0.018799
408990.508136 640.544415 279.644203 0.002416 0.004634
1709918.606891 566.495389 96.633273 0.015761 -0.010614
1776676.395804 644.365625 280.272544 0.004783 -0.016389
248411.979642 575.629565 526.860762 0.008748 0.011925
1052401.075630 239.765647 543.565701 -0.007834 -0.003536
1254879.329007 324.237301 114.393131 -0.003735 -0.003567
322021.593490 487.280875 125.365828 0.000879 -0.015060
1647379.426121 386.200363 521.416622 0.019419 -0.005112
204691.412954 699.190170 106.324914 0.002792 -0.000170
536197.156895 555.263293 128.654968 -0.014200 -0.003474
25648.950611 537.954730 428.841115 0.016667 0.018942
247729.502734 436.852395 229.236180 -0.007400 0.018032
1580350.309415 379.777734 335.190555 -0.020008 -0.015902
1443766.372951 659.210450 351.083910 0.003680 0.012389
1912564.341869 554.271544 409.492855 -0.014673 -0.009431
357511.299829 321.096128 575.527611 -0.004424 0.001840
744693.135258 324.296526 130.808298 -0.016547 -0.007020
387589.365424 167.807857 523.078944 0.002987 0.000952
1645202.005117 291.600949 -0.131959 -0.004715 -0.005361
205411.871060 83.728675 113.552088 0.007508 0.007844
1996032.971887 514.915390 233.948328 0.007545 0.010373
1306804.762830 688.134506 106.592916 0.004501 -0.009856
1450619.077985 788.618265 395.033197 0.017716 -0.017182
1969754.747101 110.680259 168.465954 0.013624 0.008610
1609086.544071 543.885201 45.420161 0.012193 -0.017513
883645.576836 726.160721 99.667527 0.005704 0.003635
1722771.757153 502.405660 142.254879 -0.009970 -0.007555
28763.775727 722.638961 101.808029 -0.011972 0.000498
845989.907554 733.725025 301.368412 -0.016747 0.014415
1143645.596292 54.582352 600.408818 0.014090 0.016925
1423342.375748 525.716497 361.910328 0.011485 -0.001573
1329764.171191 184.912514 221.803916 0.013247 0.014448
1926056.274178 553.184318 294.450646 -0.012004 0.017724
1598411.507718 172.829452 507.804402 0.018773 -0.003699
726058.746095 314.091560 195.448774 0.014552 -0.001021
375371.614646 348.352047 324.788721 -0.012653 -0.008636
932014.105344 718.338562 567.089548 -0.017154 0.007124
811741.037672 587.814124 550.843934 0.010982 0.002638
1557690.799962 589.644202 154.965318 -0.009263 0.017508
399385.155365 53.265331 91.157417 -0.018134 -0.018557
1122038.441301 328.118116 256.552540 0.015486 -0.009113
1805346.826001 59.664552 425.559523 0.004097 0.004561
1995636.369100 729.233832 97.138558 0.017696 0.019442
1695958.700821 279.109389 427.810120 0.010648 -0.015090
558004.577904 435.831678 516.765402 0.001460 0.012504
1597187.265566 589.351821 528.839363 0.018086 0.011277
1833981.536251 410.022536 114.638662 -0.006180 -0.003990
929917.220459 197.758998 284.857886 -0.013196 0.007556
1471826.909795 138.671720 361.199532 0.015870 -0.015403
1165988.196230 595.190229 277.978129 -0.008185 0.000420
1172216.120722 460.774111 32.341223 -0.002200 -0.015476
1736107.381869 196.495355 508.191570 0.009949 -0.012174
1259741.624473 533.061558 425.038561 0.012848 -0.019577
218963.730251 229.084756 155.189630 0.003363 -0.001612
1902503.935575 255.786611 379.528238 0.002182 -0.011336
1496596.111682 109.378617 576.175878 -0.011560 -0.002661
941537.357374 638.183528 5.866201 0.001069 -0.010189
245239.558744 315.858923 292.948109 0.018816 -0.014289
1372376.816986 480.092953 484.738457 -0.004175 -0.003135
1637971.852737 403.642977 423.943331 -0.017020 -0.016339
337179.376901 23.714970 245.408291 0.012139 0.003350
1249672.392965 440.335858 432.853094 0.003377 0.010444
310196.676436 44.299600 335.826735 -0.013360 0.003297
1607296.809371 230.223979 584.994867 -0.008233 -0.009708
236307.595035 784.002731 515.202515 0.017036 -0.004963
561161.337682 597.036622 528.865143 0.019445 0.012913
1939371.158341 125.317026 511.985304 -0.004855 0.018363
870700.636353 2.054440 305.601980 -0.013722 0.003550
541779.813609 249.466375 386.781821 0.013263 -0.000885
453110.709066 506.706237 459.694605 -0.011929 0.017065
47266.968548 256.960357 543.181207 0.015294 -0.010193
562186.379247 130.014845 594.558189 -0.013528 -0.013980
1629854.769274 105.328163 185.091041 0.006686 0.000384
534606.907766 82.298427 307.428497 0.011063 -0.009663
203362.833803 38.241252 342.311773 0.009820 0.015217
92345.910190 778.878808 306.445258 0.012420 -0.012993
877177.283576 667.538876 297.704053 -0.006205 0.008680
1484435.888699 500.961772 528.878278 0.009362 0.011483
64404.659935 438.982343 550.692117 -0.006318 -0.011446
856791.879449 487.121456 190.774379 0.017639 -0.004616
1153201.109335 33.910916 259.472716 -0.014234 0.011660
618554.387530 154.320801 456.632306 0.012846 -0.019884
1875266.974734 207.508964 503.032858 -0.002705 0.004178
1111007.126566 140.218677 138.604458 -0.002544 0.016422
34336.430968 375.432262 275.439840 0.017124 0.004230
1349224.196444 292.192399 249.856254 0.019695 -0.007782
1602661.077679 455.144403 209.644252 -0.010647 0.008556
276647.354605 434.479547 544.422194 0.016415 -0.005555
1822198.850020 671.159542 373.236433 0.009941 -0.009120
453696.245539 243.683374 268.623157 -0.001694 0.009699
713133.517985 379.624929 125.368592 0.012603 -0.003601
36437.158490 391.715711 464.283086 -0.002900 -0.000570
159010.190591 189.100608 31.259899 -0.002846 -0.001199
1535456.720523 453.599878 6.981889 0.007007 -0.001248
749811.288319 470.116525 183.221652 0.019851 -0.006528
1154889.427663 178.760674 384.593002 -0.018996 0.007213
762647.938338 304.979255 92.492547 0.003625 -0.012137
1129345.827331 486.720486 410.823161 -0.006536 -0.018321
337378.635228 333.947628 168.872008 -0.011171 0.013865
1499918.929068 791.325429 248.055982 0.010349 0.006642
1760744.261444 108.739660 149.785490 -0.012555 -0.014676
1172923.453698 610.455051 215.690994 -0.010956 0.011546
79642.974809 486.090052 100.975756 -0.012200 -0.012032
730713.756164 606.844357 483.836959 -0.017944 -0.016077
1702955.846536 175.412455 309.535772 -0.014689 -0.002386
724785.897287 705.995859 257.960225 0.011053 0.005767
187236.443249 524.313954 468.693569 -0.006230 0.013668
1828784.213322 744.216093 362.775290 -0.009400 -0.013219
787390.226865 250.410755 459.587662 0.002478 0.000235
1929498.061505 743.016276 161.153168 0.010632 0.019220
730520.102536 499.657263 120.205492 0.015176 0.010633
1281053.293162 194.239766 381.752523 -0.017203 -0.019252
562426.321470 130.191020 404.886090 -0.017502 0.000265
1033437.869061 779.990530 262.810428 -0.015121 -0.010091
1192859.900739 412.561179 336.322800 -0.005498 -0.016832
138898.690296 261.433927 3.539665 -0.006509 -0.015989
1973181.982512 561.014972 434.052283 -0.012566 0.003318
957790.512106 660.725321 496.858406 -0.015322 0.015869
1692076.045876 318.216998 36.197507 0.000830 -0.001624
1136829.509929 29.202647 260.371799 -0.019519 -0.013629
1367539.427880 482.427658 406.297208 -0.010179 0.018675
1509350.044424 252.404559 176.122241 0.010397 0.006117
785056.476847 597.986433 212.878006 -0.015366 0.017396
1873643.585422 476.135351 457.089350 0.010545 0.008430
1315983.134935 488.238725 64.682315 0.008806 -0.014714
1135951.929323 228.635670 100.572616 -0.019852 -0.008260
656102.584980 548.487300 539.278988 -0.019843 0.017279
1727078.126616 606.267799 148.305169 -0.013757 0.000839
1797488.349396 438.917104 161.425889 -0.009883 0.006606
406141.346510 152.094012 156.467122 0.018577 0.018124
1941231.998588 497.108270 337.382183 -0.016814 -0.006386
1386830.762674 518.568118 376.795658 0.014459 0.005998
1843128.023596 152.281590 201.679026 0.012787 -0.012237
538331.757550 546.168685 571.853878 0.000657 0.013533
944807.663069 332.424719 233.377397 0.009352 0.006556
106756.882792 754.919844 514.573998 -0.007555 0.016348
1618777.323337 226.573637 318.142650 -0.005086 -0.005238
1742666.514471 52.446252 6.964227 -0.000035 0.017114
1321460.731012 337.217858 69.669809 0.019888 -0.010390
620834.287545 213.113579 553.847515 -0.009470 0.011294
1523195.320518 587.364078 118.882978 -0.014017 -0.000940
1731081.362688 163.153701 252.015122 0.008916 0.000661
656632.629529 425.725985 480.583945 0.014354 0.016122
325566.043298 583.657295 580.997757 -0.013080 -0.010859
1792559.657149 666.297598 390.342145 -0.019492 0.013220
1778465.217808 259.368865 59.269370 0.012371 0.003539
1763427.173609 457.749653 193.027746 -0.017868 0.010133
1593951.392730 755.886720 556.283271 -0.011306 0.006606
886016.743670 435.776528 119.153212 -0.010403 -0.003812
204796.643092 323.767128 80.812972 -0.017154 0.002972
727276.621725 773.389235 248.439448 -0.019645 0.019099
488690.041233 721.734897 183.041003 -0.006266 0.008564
1781116.410057 179.185334 171.939106 -0.011468 -0.007824
20635.784613 7.608602 149.516774 0.017502 -0.010969
1834876.302553 303.342177 462.693139 -0.015330 0.004951
350019.654422 174.632912 16.714622 -0.007612 -0.008379
1214501.650638 537.678636 155.099909 -0.019201 0.007498
477760.385944 211.516461 353.516899 0.001769 0.004276
605806.972182 347.272807 499.312229 0.003595 0.005792
272576.070518 480.078998 392.515389 -0.004568 0.001523
1759240.741729 243.214344 550.253762 0.005985 -0.003285
1080301.612187 660.466393 382.594705 0.002792 -0.014590
1857771.559552 140.151346 484.303649 -0.012475 -0.012186
988850.145130 339.879487 276.866171 -0.016671 0.018752
134591.829094 309.655592 242.595935 0.015995 0.019023
96963.198901 28.636511 345.817003 0.008316 -0.003141
227820.812831 464.951979 434.735988 -0.018764 -0.010713
290631.014058 457.590658 34.214653 0.011500 -0.014512
385931.693197 569.464704 190.182902 -0.020030 0.015996
1023297.854244 397.143450 195.427675 0.018829 0.003268
589125.026292 31.584103 579.721781 0.007952 0.017448
1882412.602139 596.846527 584.005186 0.000685 -0.002100
790218.714061 504.714835 18.743265 -0.015187 0.006555
526777.357108 212.291865 139.821366 -0.007109 -0.017986
748590.766801 411.846072 457.613311 0.007591 0.000591
1324791.236466 162.255921 5.944605 0.019526 -0.013031
1179151.767483 226.047872 128.379314 0.002197 0.019230
301466.356172 395.957990 434.773507 -0.014980 -0.019512
349183.755158 414.964616 387.380692 -0.011763 0.005625
616335.581344 375.077543 543.794646 0.001724 0.011541
1910511.639859 733.790170 182.940395 0.008696 0.004282
1640005.631205 304.802055 484.988028 0.013288 -0.005345
1964468.728734 335.810110 391.181174 -0.012189 0.018995
1261209.360911 276.212375 282.366887 -0.005748 -0.001166
968463.258337 424.329761 593.876717 -0.014826 0.009421
1257770.379660 350.165167 124.012483 0.001258 0.019271
1991034.577596 391.375531 537.635850 -0.008006 -0.011738
1007596.648767 95.795940 353.470601 -0.006656 0.017894
1912045.142572 235.959449 222.800734 0.004268 -0.000412
692628.538559 190.241544 501.225313 0.008904 0.003694
609848.141023 240.643223 74.917010 -0.008220 -0.002768
1723251.459991 737.609974 520.935187 -0.017353 -0.001710
1696924.347289 50.391142 567.945334 0.009832 -0.005580
309029.791648 199.731808 289.720946 0.009627 0.002323
867302.640745 559.223779 513.484638 0.012176 -0.007823
691843.061099 120.518538 326.159695 -0.012864 0.018627
272265.500516 388.374917 162.225247 -0.009546 0.011206
1400582.436193 98.375689 421.250336 0.003012 -0.012286
320566.674844 333.011574 150.765073 -0.015710 -0.013505
1229627.376064 208.729493 246.117920 -0.016043 -0.019856
1946485.269790 425.022559 421.404880 0.006608 0.006657
15066.369444 140.505678 292.260500 0.002010 -0.005761
911695.870064 549.137022 506.293227 0.009045 0.017874
1245159.992597 340.291181 42.820374 -0.006281 0.020294
519428.529087 388.676278 247.036145 0.000349 0.003870
1147820.552414 102.234410 512.435097 0.019418 -0.011052
1717933.562453 767.110552 453.750660 0.002495 0.011449
183230.377819 455.340368 577.682006 0.003167 -0.015302
640928.558372 27.404428 483.294269 -0.013451 0.010284
1503776.668340 629.025904 111.011403 0.012842 -0.015528
360957.489517 65.397837 358.335736 0.003706 0.003716
380073.533570 131.902503 431.559957 -0.018228 -0.014031
1889061.825298 723.416423 66.012222 0.008013 -0.001340
1796955.322752 633.882265 20.375579 0.014483 -0.005169
306282.549308 147.042695 243.143722 0.018362 -0.006191
332156.324914 567.577005 78.922327 -0.005929 0.001320
485168.456326 426.707749 367.268320 0.013041 -0.014862
413343.113108 24.393324 173.552816 0.017102 -0.017008
883643.182406 697.256819 587.103926 0.002073 0.002806
887249.075289 360.295053 217.488661 -0.000904 -0.007440
1467432.667253 504.260105 297.516513 -0.014407 0.003561
1682910.725327 245.183554 179.533812 0.018974 0.006317
1660796.624450 172.292634 113.452800 -0.002233 -0.017768
629926.086697 520.373708 50.900398 0.004188 0.003112
318150.466456 37.195322 269.348202 -0.013801 0.003912
40123.955365 464.604198 29.012661 -0.004738 -0.017511
724761.667999 94.040127 413.612607 0.014320 -0.009801
558074.092752 559.688029 337.285628 0.003108 0.006875
438651.350531 326.402706 533.307263 -0.004223 0.014594
1885724.248311 578.905998 300.926201 -0.018901 -0.006827
158400.153815 149.289297 226.086034 0.001144 -0.006982
1952982.963972 437.510623 543.697055 -0.018960 0.017279
1927788.328346 311.041203 28.223945 0.006201 -0.010088
607879.136041 747.005239 567.563173 0.014625 0.000465
1236504.919471 67.946484 551.390991 0.000256 -0.000271
1541570.438790 358.769024 131.498450 -0.009121 -0.000969
1098586.873663 282.335230 398.430148 0.017054 0.015184
1973812.054831 723.139972 257.381059 0.015646 0.017432
717421.361579 684.431781 190.610894 -0.003731 0.000395
1128238.588166 568.342818 265.725062 0.000398 0.003055
1906900.824936 103.256908 396.781870 0.014911 0.005396
311031.282093 514.378123 50.693059 -0.004967 0.016678
1119457.958787 738.768896 161.432836 -0.010746 0.013996
295815.608602 167.814990 451.561289 0.003005 -0.015978
1365835.790227 746.638424 574.042262 -0.019993 -0.006439
933742.419320 452.452986 30.018913 0.016417 -0.016959
1254474.420685 690.023948 122.199831 -0.008479 0.009408
1674721.783807 355.655048 227.744606 0.016823 0.012741
589441.845468 384.425628 445.822826 0.002564 0.008109
1186208.380939 568.291496 547.261191 -0.006137 -0.008544
28320.921598 24.607148 131.621721 0.018877 -0.018779
1123059.363627 350.767027 356.756864 0.004368 -0.006049
1339490.994503 192.636568 126.488799 0.014920 0.001161
1892333.765464 567.782024 583.326292 -0.007215 0.005364
1580513.963280 495.701348 66.162765 0.001237 -0.012665
1628540.167412 101.045157 535.772212 0.009076 -0.001116
358744.990248 592.739792 301.811857 -0.004038 0.008491
1065496.480589 768.648467 90.553306 -0.014931 0.002939
996930.964755 638.371109 488.912685 0.008373 0.006815
685065.261407 523.971993 229.037021 -0.007658 0.019143
22284.613001 83.064102 360.081784 -0.014818 0.005111
1564209.169505 749.563666 458.179429 0.006971 0.006548
471659.941818 684.012566 242.402591 0.009525 -0.009789
234378.384535 216.402752 129.540153 -0.009231 -0.004016
1581110.075852 613.272174 117.731650 0.004190 -0.000951
1733102.233956 757.536157 78.154694 -0.010148 -0.009498
222272.466972 206.808988 219.668045 0.008454 -0.004767
7593.072023 394.858238 189.612942 0.010722 -0.013150
1961038.188991 2.041039 14.000270 -0.004568 0.009662
554464.627316 401.914900 7.683769 -0.000263 0.010863
821613.773155 227.354231 322.668307 0.003941 0.015616
24485.756655 378.309687 502.190520 -0.014263 0.008808
196372.594776 203.388728 587.966859 -0.001422 0.018542
718005.964867 375.046959 274.489998 0.007053 -0.010219
1252709.545778 525.437421 142.137246 0.005946 -0.018314
1958473.456073 741.824604 326.326849 0.019623 -0.003223
628831.249023 322.262800 421.341826 0.014053 -0.019644
1185057.482303 690.546434 288.854025 -0.002872 -0.019713
406775.272641 421.114471 157.324296 -0.012899 0.019400
452064.211691 433.127819 275.606118 0.007348 -0.011356
1391094.198167 249.216303 524.856316 0.017224 0.018307
1830316.959801 730.313329 532.192261 -0.001630 0.016130
610994.441719 618.108439 184.012846 -0.019663 0.004984
631021.334152 481.829049 292.070631 0.011836 -0.018571
989235.750860 1.811712 334.031884 0.010258 -0.012654
1098658.789461 784.341688 435.134521 -0.019662 0.006629
1883467.686308 564.559495 586.024353 0.012805 0.005383
1871849.530317 584.829211 330.517578 0.012870 -0.012443
911993.535660 102.259377 577.358537 0.010578 -0.014597
1176139.691461 61.552846 443.466253 -0.016930 0.015019
1537174.407177 456.340893 526.441684 -0.006938 -0.006930
123261.179832 700.919236 185.269267 0.011681 0.014916
1946848.674653 583.260003 354.093699 0.017980 0.001710
457599.283409 709.011806 164.551623 0.011211 0.008296
926562.791190 189.181444 501.679386 -0.000037 0.020062
1942178.605097 12.075421 45.331913 0.008401 -0.016361
1905775.863633 382.740655 397.490017 0.013275 0.012158
1975712.466974 713.579783 407.979766 -0.008323 0.007171
1128937.655654 214.599977 243.672334 -0.013899 -0.011213
1900458.380534 306.171868 62.067826 -0.011063 -0.013423
1623668.112617 549.989096 239.574128 0.005847 -0.015470
798515.523224 494.056902 76.746335 -0.000978 -0.006940
438456.544857 343.732700 482.273646 0.015116 -0.009783
1216805.763178 694.603537 90.662580 -0.008497 -0.013394
1661706.700764 681.417925 259.114460 -0.010495 -0.019709
1303971.794110 150.836212 233.931801 0.010277 -0.003515
1107963.914568 455.348048 58.955694 0.018169 -0.011402
425643.800956 282.610735 499.997727 -0.007435 0.013791
318262.858465 449.151271 154.975459 0.018569 -0.002272
1036196.117772 457.899824 186.621721 0.006835 0.014612
948553.069005 401.500940 427.724706 0.016398 0.009356
1438074.149861 446.949488 555.747720 -0.015620 -0.007590
677338.477540 530.417765 530.672615 -0.002501 0.004693
197747.041563 521.180553 583.525860 0.017220 0.019651
1601492.672973 71.553570 330.583268 -0.017642 -0.017809
1987075.958395 461.507021 375.171933 -0.007823 -0.010053
971748.938305 621.744323 449.391433 -0.012076 0.007404
974474.447302 733.545699 146.118137 -0.003453 -0.018913
1121549.802423 602.052265 413.138888 -0.002208 -0.012397
613932.794246 434.638727 504.544816 -0.008855 -0.001012
1665525.531241 62.896421 338.621623 -0.004478 -0.014539
1238773.710671 302.396133 429.529125 -0.010181 0.007294
1925637.924078 585.369413 276.674342 0.008455 0.017206
290519.337305 158.626987 508.064833 -0.004366 0.004492
1745488.432117 760.830419 218.949470 0.002444 -0.004207
1111265.337612 695.144186 563.148855 -0.004271 -0.013861
829182.160473 184.317283 135.873534 0.019235 0.004581
728391.627189 478.783855 596.329768 -0.016883 0.013653
1349985.243450 33.284785 346.047667 -0.014503 0.010167
1010733.056353 223.874139 571.594900 -0.005913 0.006793
1129411.861826 180.385354 373.206149 0.017220 0.011489
33999.050983 389.253892 394.197067 0.021201 0.015608
1606354.705806 296.131039 66.669594 -0.018776 -0.005950
1451822.744427 315.176230 570.272840 0.008764 -0.001004
1590584.168020 314.832230 309.315834 -0.005147 0.001139
538209.161040 700.873155 484.859506 -0.011161 -0.010864
958317.440449 628.108978 272.211883 -0.015993 0.008650
479655.517489 94.557707 120.149374 0.015860 -0.017014
167238.956395 558.612375 267.442748 -0.012164 0.009131
1592486.357127 737.274456 73.274657 0.009847 0.005637
1189583.299304 432.989030 20.926945 -0.015531 0.016583
1124831.962923 303.253102 474.210589 -0.005195 0.004005
37146.621401 680.306868 232.732623 -0.001136 0.018056
205026.889315 568.845076 41.075182 -0.007896 0.004315
284161.461650 310.219807 183.815804 0.003494 0.003353
68690.410847 306.146686 301.660181 -0.013745 -0.014785
287411.349028 600.141487 403.964721 -0.012907 0.014465
1171263.018237 591.648962 143.604284 -0.004982 -0.015507
1682127.158941 314.953929 577.552940 -0.010873 0.014512
1824708.168313 264.965795 346.663777 0.019211 0.005357
369206.509725 98.054977 13.404005 -0.000372 0.008414
1208981.916871 419.391437 56.213297 -0.015650 0.007267
446720.970071 202.282350 259.083509 0.015802 -0.002836
586212.983628 385.050373 102.156640 0.001335 0.014305
560717.814863 299.249539 150.901678 -0.010352 0.004148
234257.601311 123.745923 558.859680 0.007808 -0.014626
1133248.557864 703.450245 154.197684 0.003533 -0.005178
1934248.125150 153.539946 536.616101 -0.017566 -0.007939
1152133.833222 226.089791 331.357711 -0.019689 -0.012995
1965200.129880 240.353459 396.875606 -0.013836 0.013364
1034901.121182 346.225367 125.898170 0.010885 0.006877
1623246.405098 709.046968 497.169790 0.009744 0.003207
1926329.093951 248.097686 276.340939 -0.011182 0.015960
1658576.383096 150.504084 54.738348 0.008982 -0.010065
786221.519479 240.980866 318.639322 0.017785 -0.007697
1421758.733421 742.899368 364.993262 -0.004804 -0.017376
888519.625593 711.329041 308.031132 0.005920 0.006153
374128.679919 371.353512 325.481440 -0.019384 -0.011593
247207.860577 783.034593 311.506640 0.003282 -0.012050
838233.393076 329.888564 231.465705 0.000725 -0.014330
1269501.125100 722.760780 262.801360 0.006100 0.031125
1490342.234955 701.544244 467.182201 -0.005841 -0.010058
1720173.599068 638.952858 82.402962 -0.005142 -0.001856
1589947.016719 447.800161 550.801100 -0.006492 0.003106
254199.274003 369.746652 331.724692 0.005912 -0.018216
1506623.924480 52.385649 274.474770 -0.014407 0.003087
1187558.641279 619.090390 289.639613 -0.018793 0.017646
663885.182079 619.954202 490.448798 -0.015549 -0.014783
134186.233456 776.599778 557.396467 -0.011866 -0.006224
763995.101100 799.288815 542.426350 -0.008050 -0.006506
960104.740672 340.713943 479.080585 -0.018589 -0.016983
1689167.128731 629.687581 84.884646 -0.007885 0.017127
1435140.350571 715.969405 422.226905 -0.012035 0.017046
1287450.956780 425.439342 421.152845 0.008380 -0.014278
1664884.491668 423.874143 368.597018 0.010632 0.009317
1916152.068375 115.714066 439.933615 0.014365 -0.002293
142374.806172 274.737291 522.113882 0.014831 -0.004936
1889104.925044 571.647282 97.807447 -0.016703 -0.019291
184043.514628 642.407988 546.873343 0.011781 -0.019920
1678137.485719 350.669121 320.140261 0.001599 0.016076
349432.717240 299.274594 257.210478 0.011504 -0.014624
327130.583267 597.842091 167.725605 0.015866 0.004361
1445781.852792 774.667606 571.579532 0.003715 0.013533
657045.848974 430.374070 332.874092 -0.000288 0.004923
1143416.638087 467.913935 254.902850 -0.000621 -0.004814
853229.746620 259.697575 491.239797 0.018361 0.014549
1436276.935710 106.410645 143.619179 -0.014024 0.016986
747046.145027 249.398483 400.660948 0.006110 -0.011858
555282.349025 300.057522 106.703507 -0.010821 0.018769
31011.744417 446.388179 303.471712 0.002807 -0.017979
259713.421697 113.418441 381.614207 0.002212 0.005065
30230.289339 785.886715 570.678293 0.013289 0.017703
1629124.594680 440.001776 45.012068 -0.017901 0.007951
1993199.337271 341.281072 5.425814 0.006602 -0.016789
437214.899080 754.094799 272.234495 -0.004242 -0.013121
847463.854052 329.230313 438.813128 0.017216 0.019223
1561464.248021 48.377561 73.531303 -0.003323 0.004598
1496915.452879 345.549397 358.000971 0.008028 -0.009433
1076064.875850 410.510104 489.279901 0.004504 0.002594
1028186.607653 487.311155 594.739967 0.000928 -0.009087
141764.248787 594.391559 129.664336 0.000993 -0.014456
778578.041484 758.765655 329.850909 -0.015280 0.015192
1058486.954802 720.263649 564.119011 0.005837 -0.007120
1112790.978101 319.351747 448.070142 -0.013856 -0.016077
24501.685065 553.968805 366.362992 0.013087 -0.007842
353571.678676 272.736410 548.627187 -0.013268 0.014606
375264.103699 191.472754 365.785295 -0.003806 0.010616
1493884.026769 634.894680 429.311783 -0.008210 0.016521
1188817.119779 659.947343 487.969790 0.001401 -0.000911
259519.063057 73.854685 525.319745 0.015148 -0.010165
1949033.547169 712.093617 562.576896 0.003477 0.008711
482529.103981 609.382598 36.188921 -0.013826 0.017266
1850091.109914 273.849540 102.820640 0.001401 0.009863
1871495.037280 224.961710 324.760572 0.006211 0.002867
908785.677938 195.208331 241.288517 -0.009273 0.011224
1755362.652128 318.433020 522.299144 0.010157 -0.008999
232765.271437 581.996329 98.758531 -0.018125 -0.007216
1765166.354256 236.478299 45.870242 0.017676 -0.001994
15434.920795 692.828528 474.732231 -0.012883 -0.004007
1077013.659792 90.591066 409.370397 -0.016802 0.010607
516053.778360 427.437239 5.753900 0.006390 0.012127
1576709.125925 429.921575 119.164771 0.006433 -0.008341
948767.654108 620.936579 12.230944 0.005597 0.013208
667159.362075 417.514712 74.293893 -0.003589 -0.001436
1146380.339352 334.083344 198.451581 -0.005349 0.003862
1462269.868451 722.409511 427.065035 -0.003593 0.019246
949273.004639 536.527974 309.743044 -0.000656 -0.006839
636841.273232 217.408254 521.015465 0.000691 0.017240
316267.470045 793.054018 424.477406 -0.012939 0.005311
1072709.865436 409.203375 92.871500 0.006415 0.016882
1234697.917120 187.538772 203.703066 0.017929 0.003944
1871003.135047 543.418884 300.123553 0.005844 -0.016343
968257.898916 95.591647 457.574706 -0.019793 0.004252
184803.100389 256.197066 525.956024 0.018288 0.013469
1613704.762242 94.161263 496.989852 0.000562 -0.008174
920804.219749 40.437037 484.207051 0.004864 0.008297
1455508.939668 184.336255 565.881650 -0.017310 -0.012833
1084419.887087 1.209910 515.131781 -0.018218 0.005932
1899527.167855 422.522746 461.410988 0.008451 0.001113
745706.753221 643.163636 509.144095 -0.010137 0.010542
1369434.811813 44.299027 529.139185 0.000576 0.002792
353913.564400 780.034078 371.897656 0.019278 0.003540
660308.989072 568.519140 492.082540 -0.009056 0.011118
1997036.600484 653.735141 468.968222 0.014265 0.014408
857968.969670 644.617103 232.644252 -0.012094 0.000743
1832483.595159 457.093742 194.321410 0.011716 0.011608
174050.590104 359.825642 525.553514 0.018769 0.018478
887791.815627 115.804696 561.217044 -0.017431 -0.014859
1048845.100705 314.637721 504.398184 -0.006251 0.006686
1236598.032171 273.660294 290.030831 -0.004027 -0.012094
688449.854352 662.694828 2.406600 0.009249 -0.018937
1047717.716101 519.114749 357.796329 0.013917 -0.003480
831685.772553 746.745669 517.289277 -0.008459 0.016124
1646809.537731 587.922427 29.481431 0.010385 0.011942
354697.854423 226.572971 115.091556 -0.019276 0.005151
1718570.137265 508.402426 581.389593 -0.006288 -0.018647
338487.908402 549.646964 517.424967 -0.012997 -0.003251
1776805.868268 558.740061 40.768427 -0.000620 0.001848
960078.654327 720.376608 286.985601 -0.006818 -0.012541
763596.911339 131.442370 556.098689 -0.002748 0.017021
1446903.674606 486.670364 125.327184 0.017574 0.005377
1673049.761761 619.874432 155.836786 0.012213 -0.015279
591079.477496 780.275368 482.685959 -0.013709 -0.013986
450261.526019 36.885937 509.530575 -0.008243 0.001255
788880.985598 619.025698 258.750966 0.014935 -0.015423
1247242.441982 204.429570 167.406013 0.002022 0.007425
405506.701397 218.008852 175.245433 -0.003531 -0.012360
1835863.754077 197.684959 576.320421 -0.012857 -0.017848
159031.381905 380.081776 18.640051 0.015404 0.005326
362722.217274 87.297930 407.222283 -0.018531 -0.003741
420997.232395 340.190469 105.294065 0.005863 -0.007729
580167.091722 213.290460 332.932365 0.002809 0.012591
479025.265425 617.111488 52.507686 0.001287 -0.012674
552036.800679 359.875389 258.442591 -0.010469 0.005066
969986.005207 253.896637 61.549339 0.000817 -0.011951
1471710.388303 557.490803 187.847676 -0.003394 0.009223
1430984.936390 500.927996 91.084155 0.015644 -0.009259
902052.609670 144.459186 321.208014 -0.019779 0.010001
700700.571156 195.521530 313.379363 -0.002450 0.011059
1408199.004553 571.202987 137.212181 -0.014609 0.018116
1713095.736556 496.357174 161.336725 0.018421 -0.014614
944491.339356 557.149006 498.654722 0.011373 -0.015566
1119457.834922 400.495420 441.407618 0.008483 -0.004371
8319.607940 130.641557 343.437643 0.001564 -0.013273
647061.014849 711.905332 247.371073 0.013813 -0.006819
379545.065751 439.173747 25.926250 -0.003342 0.007314
1990576.603445 218.579404 181.398005 -0.009383 -0.010681
876473.971119 589.580338 557.756069 -0.009188 0.000888
80381.552726 664.598134 13.456712 0.011020 0.001700
828036.629980 625.100683 423.037157 0.019522 -0.007179
1747623.103553 248.345598 124.384904 -0.008533 -0.013740
1072386.123739 381.219754 423.714223 0.003230 0.015734
777386.485961 459.663172 100.930268 0.007634 0.013595
801906.589792 103.724040 345.944007 -0.006812 -0.003940
197987.358178 295.895069 137.764476 -0.015161 -0.014143
1545926.498969 428.228416 556.361925 -0.000455 0.001269
492654.834172 281.818492 500.361599 -0.000861 0.004993
1978982.283724 792.973204 69.290467 0.007747 0.002828
17631.095842 66.056037 86.783601 -0.012954 0.010995
1966499.848276 461.749419 543.694246 0.003656 0.014893
611006.784537 527.340029 167.385608 0.001460 0.011204
850069.038966 247.009200 189.920393 -0.005923 0.011500
1676786.882652 479.135878 83.215954 0.006894 -0.017859
1557780.060711 529.826834 26.136580 0.015762 -0.005719
1227310.625476 722.838187 262.726395 -0.009907 -0.034632
428616.731627 591.964137 393.310884 -0.015228 -0.007965
1127178.874392 340.474541 576.763753 0.013656 0.018407
1480731.590409 212.688740 162.236795 -0.017760 0.004803
115335.758829 715.067653 130.664203 -0.012099 0.002661
541498.807511 780.898262 137.357231 -0.007446 0.014834
1167776.423119 741.887060 464.525399 -0.019057 0.007389
1705487.274428 189.987337 255.748107 0.000310 -0.005711
1455042.508177 58.252375 469.722648 0.007529 0.016569
1485351.840726 341.452601 108.567380 -0.019551 -0.000663
1600046.444498 55.499219 226.655134 -0.019273 -0.009267
1889695.885540 230.129560 146.902968 -0.013081 0.004148
230475.999522 605.951141 319.344248 0.015495 0.011173
434670.210087 593.577053 9.919166 0.005755 -0.009939
748135.628527 296.624187 192.993498 -0.013634 -0.017665
474188.291689 718.611760 292.804476 -0.003326 0.016200
1941577.332067 174.231196 588.490399 -0.006008 -0.010691
499196.726130 235.231520 314.389377 -0.000262 -0.001296
254300.674542 487.775567 134.030844 0.006370 -0.000113
6325.354803 699.930425 144.015608 -0.019182 0.000834
980919.682878 316.108495 534.941779 0.012556 0.001954
1900851.625903 40.260436 269.149867 -0.002600 -0.001273
719689.197242 326.182242 412.431815 -0.006338 0.010296
1844748.197982 472.719229 30.088258 -0.002185 -0.016556
1036199.990211 459.290173 416.266519 0.009635 -0.010769
385683.919483 595.608475 65.330056 -0.002700 0.010630
1256102.471266 738.644091 96.132772 0.000477 0.010347
1419511.694191 375.344736 472.951195 -0.013618 0.016240
511292.832210 415.371169 189.760933 0.017687 0.014408
145034.134456 691.101571 270.100551 -0.015049 -0.007553
1071721.370831 513.092094 530.637077 -0.010813 -0.004677
233847.819378 338.124555 77.455306 -0.011038 0.014193
1786277.592083 681.723216 467.376502 -0.017910 -0.005084
1031918.257955 609.599107 506.211259 -0.007876 0.016819
1499349.890975 446.225154 263.474531 -0.017316 0.000082
597617.807145 110.376939 219.004931 0.010019 -0.009532
1353622.215499 228.403079 541.957612 0.002470 0.000629
573296.933702 542.624191 564.094878 -0.003397 0.016134
1590131.532210 246.424650 453.736502 0.003016 -0.005545
258416.177825 73.079900 73.589074 0.018867 -0.004274
87595.200207 577.071238 571.752650 -0.000688 0.011451
906233.425674 625.923378 554.295349 0.012745 0.001240
370032.188655 395.789670 489.212459 -0.016454 -0.017747
664767.085884 299.517397 441.859115 -0.009130 0.011572
1278253.811075 52.994477 58.731480 -0.004115 0.005620
916040.443311 420.102741 438.712051 0.003216 -0.000168
249204.321880 499.094571 130.151653 -0.016947 -0.015718
8661.484350 424.591627 533.390115 0.017160 -0.006052
841302.204338 90.021161 506.035997 -0.010468 -0.011989
1802783.200425 455.949662 346.300887 0.005476 0.013643
731632.451868 220.842646 544.795751 -0.001399 0.006842
1096714.972098 736.683860 118.100486 -0.008795 -0.000112
1386984.768969 324.026164 76.206218 0.016472 -0.000735
469499.863903 732.045937 7.004411 -0.015004 0.013815
718651.906922 435.346750 574.683548 -0.011850 0.011219
316653.122342 84.382895 211.429787 0.010165 0.008906
385530.231700 79.594837 10.963867 -0.015987 0.002578
1379939.433830 519.560142 291.711808 0.015406 0.017181
1974529.288697 463.579297 199.389048 -0.015532 -0.000415
1626419.535664 279.814257 244.561674 0.012985 -0.001061
503204.831157 146.091013 10.640693 -0.011610 -0.004500
1600260.999799 292.957215 294.377368 -0.013934 -0.015950
467442.890847 275.271940 120.991350 -0.009912 -0.002201
1530910.291491 753.000864 56.671025 -0.010011 0.013184
43405.273949 189.904630 245.079708 -0.005783 -0.005883
1801413.789299 133.476203 421.494170 -0.007701 0.019685
348673.859774 447.467279 105.092655 -0.012279 0.010756
1122384.702378 793.255921 80.715671 -0.017926 -0.014251
474000.488629 229.234869 293.460956 -0.002429 0.001563
1867761.544822 162.607993 288.083447 -0.018850 -0.001849
617712.498930 39.653098 415.263266 0.008762 -0.003836
88793.583256 495.177755 342.962437 0.009901 0.016907
1123119.018564 736.263717 291.432502 0.009360 -0.015513
510837.786138 237.530528 62.591186 -0.004326 -0.005982
498234.962345 502.769088 381.324215 0.009533 -0.017336
350510.791107 537.857286 162.954992 0.006258 0.007950
1451432.125387 771.362295 449.406090 -0.003404 0.007364
303273.376219 370.371130 179.844825 0.008883 -0.011665
454803.713809 227.241857 75.871587 0.008607 -0.019198
480071.545802 775.447910 189.778231 -0.006257 -0.005555
1333575.176696 474.784837 592.844355 -0.007772 -0.006721
110627.538576 382.752939 1.777700 -0.007008 -0.014500
1406769.050940 41.564942 59.179677 -0.001865 -0.001179
1561676.394922 482.096962 559.288710 -0.016767 -0.007001
281255.947557 246.653545 364.675010 -0.009246 -0.019069
1257382.930842 407.539632 596.204510 0.017782 0.014118
706537.016996 489.467057 269.000194 -0.006343 0.016656
1558318.719993 318.188482 237.104014 0.011350 0.008937
1057752.200895 389.448761 466.063318 0.005111 0.017489
491364.625511 326.197779 325.138711 -0.012860 -0.000413
1734950.389590 255.123460 479.337049 -0.000921 0.003492
1643357.573842 84.783242 56.760287 0.012567 -0.017962
1898263.090243 133.919485 397.735387 -0.004152 0.000409
1157183.811607 141.161202 544.723088 0.018945 0.018330
1260090.642264 401.445324 266.452760 -0.003784 -0.014829
767107.214205 521.729520 323.379760 0.016973 0.013173
55740.578126 634.919101 88.728126 0.013009 -0.009327
1471867.368311 519.111736 224.862195 0.012799 -0.001701
851158.514084 624.051500 377.551289 -0.016455 -0.012925
279214.015361 532.855255 211.840820 -0.018201 0.005636
622537.959657 541.415772 84.593735 0.010268 -0.016709
543551.074594 112.507716 439.096532 0.012918 -0.017315
1125283.938425 670.500828 515.316816 0.008414 0.006514
255944.995329 357.695386 187.059287 0.000112 -0.008826
1549879.616848 742.588063 35.095163 -0.003809 -0.019289
474171.187949 435.923919 410.505069 0.003559 0.003658
648167.413030 720.761691 160.538775 -0.001357 0.006313
697835.028496 589.715787 478.517343 -0.016730 0.001912
1725670.433475 516.064378 231.078273 0.008597 -0.005254
99429.388577 679.129423 481.493624 -0.005526 -0.005958
163663.104253 109.247894 168.320738 -0.006589 0.000365
594763.153510 303.841910 52.920214 0.019281 0.018819
1355525.087265 245.065636 522.198328 0.017943 0.010955
1053977.892294 234.739581 305.594256 -0.007012 -0.004924
115031.983757 149.675743 12.928777 -0.002333 0.016305
752375.869431 393.655751 455.197113 -0.012752 0.014189
219437.964363 208.557075 594.974780 -0.004391 -0.003953
1068114.026016 550.286535 469.130967 0.004826 0.006921
1499866.051366 239.152828 584.131532 0.004718 -0.010296
1491842.997955 116.768969 322.371299 -0.009704 -0.001115
1826279.228472 251.226130 395.283194 0.017290 0.010253
1133058.067007 247.475273 149.319589 -0.007045 -0.000433
207507.431604 346.434885 450.399166 -0.016175 0.012954
304737.184339 504.509034 306.609315 0.017354 -0.010025
361247.467977 546.373946 329.261598 -0.013812 -0.007891
1585793.637478 720.373034 269.215431 -0.006751 -0.013860
1841064.114050 194.857173 281.172902 0.003197 -0.012823
451362.950938 116.069108 291.938728 -0.000993 -0.001229
1950936.490647 463.018699 542.264518 0.007688 0.008343
1454702.783122 701.622095 182.752308 -0.010462 0.012504
1108684.254395 335.085173 297.159064 -0.015858 0.002983
1596490.624173 716.759592 284.807156 -0.012877 -0.009872
1263706.185512 134.080696 282.560159 -0.015924 0.009880
1294332.516982 261.031438 535.831975 -0.014673 0.012039
723046.520130 87.029067 228.556518 -0.009388 0.013352
107937.715067 793.438739 426.790819 -0.005758 -0.010868
1046872.077066 728.788693 389.699518 -0.019395 -0.019546
450965.188654 653.729177 546.609395 0.008008 -0.017431
278162.196408 266.399186 139.747656 0.004373 -0.002624
1960316.196066 205.817926 456.546704 0.014896 -0.004398
1125740.257616 187.857851 299.747919 0.017724 -0.000072
668170.334151 796.681960 294.192489 -0.018197 -0.005844
1443825.863043 455.467708 160.052944 -0.005093 0.003558
564375.188464 478.099037 242.556319 -0.012222 -0.008028
938961.728913 267.159528 379.925045 0.008065 0.017685
132214.712972 546.753556 119.682713 0.013374 0.002233
1179224.623916 311.459704 473.101534 -0.016498 -0.006652
575213.267736 339.095614 197.870158 0.010979 -0.001188
1368718.602401 400.970301 24.069331 0.018036 0.014955
1254302.726711 185.646153 282.667779 -0.018632 -0.002903
1541011.519516 401.003191 456.100773 -0.003925 -0.011878
1407684.757098 375.540047 531.720401 0.016161 -0.008185
883750.411162 393.761589 411.798149 -0.010546 0.003304
38293.802197 414.508754 2.803651 -0.006035 -0.008078
949396.727117 26.724998 479.056753 0.000616 0.019454
1340193.529306 112.116104 129.817530 -0.014281 -0.013050
1289556.392138 729.375254 404.293569 -0.003834 -0.007437
1756783.113702 88.152012 468.933380 0.010457 -0.019762
157687.638028 166.089483 303.226718 0.010649 -0.002497
175039.783202 626.577754 573.188628 -0.016258 -0.014659
506304.289450 453.208266 99.175561 -0.017939 -0.016705
301433.914481 576.013687 133.893358 -0.005384 0.014561
790027.673724 9.495528 464.044009 -0.017182 -0.003250
176035.711624 758.834086 317.282715 0.014791 0.008526
1081972.172988 759.072511 552.352068 -0.018280 0.008710
715741.816310 106.932928 298.837350 -0.007399 -0.010926
1263880.632475 454.409458 476.775766 0.011929 0.004696
1751026.801649 758.622212 202.418400 -0.016185 -0.007299
399196.095951 394.932055 198.058355 0.019112 0.002348
1496994.359185 48.623452 306.598319 -0.008894 0.017279
445396.929255 653.538671 529.835360 -0.014304 0.014538
1193553.106484 399.747705 599.505068 -0.016112 0.012531
450224.472419 581.224689 229.331389 -0.019252 0.001036
1999453.321099 715.714911 285.894994 -0.004062 0.018972
1584501.028799 429.122563 291.144731 -0.015106 0.000398
94458.571679 696.635667 342.417047 0.002264 -0.014109
1007827.074736 623.565600 579.750633 -0.004563 0.016847
1658558.308919 786.730701 253.030304 0.013085 -0.016915
475365.567242 42.332580 482.806660 0.004277 -0.016896
663714.367274 496.164783 580.975056 0.012215 0.018158
1919117.403179 479.280148 296.997842 -0.002162 0.008819
9624.167350 393.730438 354.472689 0.003062 -0.018037
1478876.057770 64.674569 497.162383 0.007709 -0.001374
1502145.321808 426.463463 269.211587 -0.013018 -0.005534
1054818.871922 329.052392 247.610096 -0.006669 -0.018736
972186.690649 532.040531 390.584186 -0.001901 -0.001129
1216433.286302 329.446253 43.408406 -0.015861 0.014311
1585452.240699 85.722727 209.960894 -0.004636 0.007088
796849.675848 98.915465 459.153613 -0.011135 0.013061
461377.134761 782.863480 216.906003 0.007134 -0.013901
1447663.852688 165.125541 338.382132 -0.014469 0.001606
1190708.408687 498.718151 122.650296 -0.010133 -0.017083
1355477.244293 684.123930 294.586919 0.010003 0.018252
694211.989964 433.773884 39.492613 0.007915 0.017113
1497031.391364 75.985308 30.190729 0.000516 -0.007093
1759090.904966 594.385836 180.036378 -0.010331 -0.003081
904928.793621 771.875090 377.610774 -0.019375 -0.015858
341892.055395 489.129148 437.202815 -0.004956 0.014363
1609370.418642 43.096440 428.139654 -0.008168 0.012129
1339833.364515 513.579467 206.831994 0.009435 -0.006387
543533.833951 386.131533 260.617037 -0.007102 0.019772
1510075.678821 160.950652 443.554645 -0.017782 -0.002230
325429.097901 406.723173 246.070472 0.011710 0.000973
1027532.088117 770.867487 81.195139 -0.010404 -0.006334
1987715.010526 37.236738 236.735039 0.008293 -0.006361
396776.620483 301.258499 588.505783 0.001756 -0.015609
639902.701899 652.696261 355.812375 0.010158 -0.014507
1179865.857204 406.066168 204.140194 -0.006874 0.002541
1568458.621189 393.130637 42.261468 -0.012224 -0.008573
1190290.628555 566.828129 150.398340 0.009232 0.017977
1180185.991889 580.647712 597.224022 0.019382 -0.002813
672088.553511 146.480546 485.079138 -0.007414 0.009060
1837656.663655 510.376713 325.246403 0.000515 -0.004377
1360614.323691 81.430872 539.163261 -0.019216 -0.002762
924125.776125 643.728227 555.381271 0.001305 0.019924
418950.309241 102.528081 424.755766 -0.001814 0.014229
1312754.557148 39.423968 349.576949 0.006051 -0.018697
30587.249450 790.942501 130.201283 0.012882 -0.007749
1889215.610870 593.532383 565.938661 -0.000551 -0.009843
669560.509114 133.388564 214.046776 -0.010652 -0.012485
1579576.984783 556.879091 594.888933 0.008599 -0.010930
1982244.182370 739.125401 214.001008 0.007925 -0.004711
432350.935616 284.039483 257.943776 0.011970 -0.019776
930735.730068 652.647610 596.846047 0.007302 0.005509
600671.720971 501.588523 227.632016 -0.010156 -0.015433
1270601.892504 464.073375 169.627313 0.019699 0.012526
938976.299455 626.110062 304.953698 -0.001552 -0.000153
1474031.937064 361.599908 251.535670 -0.016257 -0.013942
1605130.416157 247.701484 302.523522 -0.010671 -0.015574
1023340.410098 559.402848 555.243983 0.000254 -0.004737
1128556.229700 645.841578 5.048903 0.017726 -0.017935
248420.950141 463.879794 377.915272 -0.004107 0.002560
884577.235619 701.184862 213.146489 0.017994 -0.006632
1704879.713107 549.669904 474.554320 -0.009087 0.011156
1882055.445519 60.083981 54.745596 -0.002193 -0.007592
404206.608610 765.773133 4.939304 -0.014904 -0.001414
780987.060993 553.526791 162.466839 -0.004081 0.005525
642018.800900 420.280549 130.896849 0.018038 0.017209
1579863.075903 313.766118 483.303071 -0.014242 -0.006309
286431.929230 799.202506 18.264531 0.017334 -0.009104
1625355.291937 700.186585 207.270582 0.016183 -0.007102
1310099.705732 85.530159 166.780912 0.006600 -0.010572
1485499.756171 42.273735 555.840922 -0.019437 -0.001828
1126826.147142 267.794799 586.702816 0.011207 -0.008653
1817754.082297 456.594061 407.038849 0.008593 0.008660
42605.713030 685.682710 428.896899 -0.017466 0.011475
1969490.396776 691.767804 399.915759 -0.006749 0.010788
1972945.507603 788.201320 525.909375 -0.009427 0.005962
221002.463354 5.566812 420.992284 -0.018479 -0.019154
314139.836614 479.736553 212.933475 -0.014574 -0.004779
1280098.799281 35.208479 571.091107 -0.007240 0.010307
1334025.561499 271.106623 370.176889 -0.004791 -0.004315
817314.073824 291.890067 154.293507 -0.016979 0.007878
52254.755074 49.398186 409.037357 0.016118 -0.006917
662711.798522 9.385423 199.649810 -0.018598 -0.017992
710212.109941 153.508049 389.825549 0.008414 -0.006921
61999.699130 281.127419 223.099708 0.019320 0.006772
261157.692532 519.700134 3.614117 0.009907 -0.018752
797766.605764 125.468148 237.073531 0.006233 -0.010779
184709.901076 545.754483 175.229863 0.010997 0.003292
1235796.007903 85.515169 357.317813 0.018122 -0.014405
1292608.929469 245.277873 198.220410 -0.008132 -0.019334
1317389.029692 261.204201 220.324331 -0.018778 -0.007598
71927.786838 127.725128 575.906492 -0.018264 0.016280
1977614.946653 353.563810 38.303936 -0.004675 -0.016037
591803.305127 381.788631 467.152346 0.003535 -0.009939
726241.200569 165.273607 213.950983 0.018402 -0.013691
995710.504705 485.340058 279.425631 0.013137 0.016103
963862.695249 391.224662 138.021314 0.013997 0.000719
1079147.418532 708.512883 408.109333 0.000044 0.017223
1174876.041326 389.914694 223.329575 0.006101 0.014863
937689.950195 758.225686 209.346480 -0.010102 0.001365
1200871.358253 489.784609 445.109355 0.018295 0.002821
1798372.363578 364.445287 105.777731 -0.005466 -0.008551
158766.744732 676.225815 464.569309 -0.007530 0.007878
584123.108808 679.953669 348.343164 0.018808 -0.006105
1019930.488905 447.418609 500.070985 0.015237 -0.011570
1412068.961846 279.219797 95.687139 -0.017829 0.003985
1390465.348675 524.117589 125.813199 -0.002536 0.004567
1560588.704217 269.631843 41.812928 0.018294 0.008038
709118.110458 28.633359 327.038573 -0.014821 -0.006317
481739.437432 336.823392 116.749446 0.012808 -0.004329
1084185.081108 265.261448 569.411573 -0.004953 -0.011508
321427.933090 65.604909 337.150280 -0.007569 -0.014323
322096.383349 11.896503 475.433749 -0.005132 -0.001933
811598.476400 120.524561 472.188503 -0.000990 -0.015693
975828.599639 662.788675 87.472276 -0.018663 0.018338
980873.326296 219.748071 226.179012 0.007428 -0.016139
1538962.265262 182.310005 256.980232 0.008849 0.004172
1281944.833362 703.521825 411.197107 -0.011739 -0.012076
1646853.441208 292.165434 129.452668 0.004647 0.009430
1334224.681991 17.326333 531.643894 -0.001751 -0.000144
1987979.200663 753.880888 196.502415 -0.014447 0.019151
567825.405192 503.410000 150.184039 0.006620 -0.007357
693992.653253 345.674088 324.400555 0.011170 -0.014021
290886.182473 333.343481 18.713863 0.013265 0.004837
461579.700216 523.949072 590.516674 -0.002182 -0.009211
1440439.939238 90.572470 175.769945 0.004285 0.002718
1578856.275221 479.579974 307.193199 -0.015374 0.009486
975708.803616 319.998462 219.865247 0.009550 -0.017503
1363849.989774 68.075218 296.423748 -0.011051 0.014437
1287670.666020 295.519643 165.484871 0.006993 -0.011983
1793086.186886 725.027698 513.170187 0.015254 -0.005939
253419.465503 481.154312 278.106894 -0.003032 -0.011637
65064.939701 167.190422 484.623880 0.001755 -0.007021
1093948.624606 26.067218 434.837593 0.016637 0.010810
1570950.974510 476.888224 514.187063 -0.008949 0.012885
1433502.711092 738.699680 113.684518 0.019654 0.003959
779698.448619 711.527299 301.953508 -0.010236 0.010914
1707668.152502 297.501142 224.266944 -0.007302 0.011714
1161722.038482 280.376227 1.047278 -0.004388 0.015818
650195.260835 748.065881 556.347828 -0.017967 0.014024
1393276.303724 667.718510 267.710662 0.002116 -0.015476
534900.189626 215.492480 20.810202 -0.001722 -0.009449
1264731.390059 676.574997 90.997184 -0.014610 -0.016293
1848317.172308 790.601156 278.259162 -0.008157 -0.007742
512088.236637 701.960619 394.141663 -0.009756 -0.009263
1104225.446984 465.377027 122.067208 -0.000855 0.005250
107543.810321 140.002927 279.606385 -0.000009 0.009155
1156781.673039 614.996143 597.831199 0.004531 -0.011042
520065.349769 196.741402 42.785138 -0.003459 -0.004744
327390.441823 269.824406 222.015806 0.005084 0.005379
1353004.063178 706.962977 306.639421 -0.006507 -0.014413
1558240.596931 709.761589 433.261937 0.019294 -0.005474
706633.334377 29.315968 323.792958 0.012782 0.001660
534505.464385 317.255115 182.482361 -0.009450 -0.019533
1061346.780072 419.737643 154.903081 0.004188 0.017609
1275778.349152 611.973079 164.405984 -0.019713 -0.004275
1816858.008419 547.094231 166.025202 -0.003173 -0.019293
837596.447597 159.096596 542.022718 -0.014413 -0.012809
537634.699856 396.207778 130.360156 0.012321 -0.007440
1509630.032587 59.578105 425.781638 -0.025101 -0.023226
1442342.147903 473.624071 518.167324 0.019185 -0.012362
1603574.954720 492.069671 575.817517 -0.016931 0.004958
706735.606634 787.845252 184.374435 0.005208 -0.003780
651319.147391 39.734625 362.281472 -0.010774 -0.012384
1573016.600485 398.156918 411.353039 -0.019940 -0.007665
1998835.487291 607.651590 230.180264 0.008375 0.012765
1445522.677826 344.902999 246.126409 0.003477 -0.003645
1207599.107738 311.334636 14.960445 0.002535 -0.001322
1297106.122271 733.983438 269.878111 0.018132 0.001905
1709409.523620 225.348714 358.938251 -0.001614 0.000451
1579454.636005 196.672674 5.852398 -0.000955 -0.009962
635151.660366 380.564135 5.053305 0.008026 -0.012570
1657542.871152 338.009237 368.763235 -0.010404 -0.019605
50074.195513 673.666467 239.448104 -0.017990 -0.003731
1728956.987955 558.579530 193.878966 -0.007465 0.006086
1741304.677791 135.022258 562.119635 -0.001266 0.005056
896425.988943 206.792051 524.870229 -0.001635 0.009343
248631.410417 620.376009 125.790340 -0.014690 -0.000944
789536.960791 769.087939 539.264282 -0.019606 -0.011931
1819863.026878 28.315998 26.104775 -0.007616 -0.016543
901731.744829 139.470013 470.672792 0.010950 -0.000466
878442.611954 515.160153 393.385018 -0.004976 -0.015502
569936.175165 658.570976 222.615719 -0.013654 -0.008685
212161.644461 226.409832 35.178716 -0.007361 -0.003244
1070836.321949 568.342124 228.037782 -0.002627 0.008850
1162154.364009 276.189834 454.540344 0.005044 0.006162
1685995.778854 61.526504 497.397391 0.005558 0.014010
631794.399876 54.170708 296.543625 0.018928 -0.002276
